12986: 
17364: 17605,17378,17392
13089: 17529
5230: 
16228: 17619
13310: 17031,13450
10087: 16286,17406
13182: 13062,13717,6544,13392
13230: 13309,13006,12884
13760: 5161,13215
13197: 13319,13143,13211
13762: 17543
9340: 
13436: 13643,13807,13046
13250: 17129,12839,13346
16970: 13559
13718: 13336,13172,13061,4341
13746: 13219
13534: 13207,13396,16746,12969
13690: 13141,12946,13210,13673,17345
13336: 13718,4111
13511: 13485,13696,16862,13517
13466: 13126,13505,13214,13601,13731
17564: 4333,3438
13389: 7370,13799,13444,13169
13050: 17632,17529,13163
13736: 13644
8093: 8559,13451,13054,13480
16841: 
13297: 13237,13192,13614,13775,17034
16107: 
8679: 
17195: 
13446: 17052,13457,13787
13643: 13436,13807,17256,13390,6071,13157
17392: 17364
13596: 2698,17639,2797,15314,17640
2797: 15314,13380,13596
16831: 
13394: 13037,13640,17199
13656: 13200,13779,13379,13391,13146
17290: 17575
13675: 4207,12994,13189,12894,12851,12995
12872: 13682,13110,7257,16565
13541: 13810,13706,17394
13492: 
13343: 13594,13516,6309,16922,13367
13028: 13326,13032,13717
13705: 13055,12991,13421
13595: 13611
13496: 13428,13319,13113
13739: 3223,13503
13530: 13750
13214: 13464,13601,13466,13401
13177: 13702,13806,17129
13254: 17091,13292
17344: 
13387: 8180,16906,12871,13671
13778: 13724,12832
16372: 5177
13601: 13214,12819,13731,13466
7880: 
17161: 7766
13001: 13413,16924,17256,13390,13426
13413: 12843,13532,13001,12892,13426
9880: 16108
13098: 13212,12908,13009,3303,12995
17229: 16844
13490: 13066,13444,13099
13789: 13506,17438
12867: 13609,13209,13431,13438
13489: 17142,15027,17221
8199: 
13036: 13206
13383: 13514,13378,13178,13112
13356: 13213,8883
12928: 
12836: 9891,13451,17531,13804,17576
12946: 13690,13141,17345,13509
7883: 8112
13378: 12934,13345,13514,13383,12846,13178
13651: 
13268: 13676,12967,17215,6714
13545: 
12842: 13043
13327: 13022
13234: 
12987: 13411,13688
3231: 16977
17031: 13310
14889: 17452,17433
17594: 17496,17618,17476,17469
13597: 17002
5008: 17201,13399,13069,5835,13167
7172: 7973
17171: 17553,17634,17173
15315: 10918,12841,16927,13355,17097
17518: 17540,15768,13017,7429
16877: 16039,16834,15730
12932: 8757,17512,13083,13682
13714: 13052,17525
13120: 12929,13305,13077
16658: 15890
4341: 13061,13718,13044,13507
13683: 17611
13008: 16767,13264,16866,16527
13037: 13394,13014,13018
13443: 13243
13404: 13479,17024
16883: 13730
13097: 16922,13393,6309,12821
13096: 
13078: 12848,13040,12886
13472: 12916,17632
17574: 16538,17061
15226: 17295,17612,12959,13495
15889: 
17450: 16208,13258
13081: 13419,13665,13481,13246
13580: 17274
13403: 16862,13060,13056,13094
13313: 13808,10633
13300: 13755,13521,17247
13469: 17349,13719,13671,13010
17047: 
13110: 13272,12983,12872,16565
13316: 13579,4356
13208: 8191,6896,17234
13704: 12890,13620,13232,13345,13191,12934
13294: 13218,13154,9590,17244
13418: 13228,7158,13170
13278: 16730,13386,13792,13642
17591: 17027,6426,17302,13259
13782: 17489,13423
16395: 
17430: 
17617: 16811
16132: 10220
13731: 13468,13601,13466,13505,13467
17143: 17105
12997: 13215,13809,17340,13694
13150: 12950
13031: 13107,13628,13022
13102: 17247,13801,13112,13686
13752: 13441,13405
16887: 17645,11625
13350: 
14581: 
12938: 17019,16932,17400,13422
13141: 13456,13690,12946,13509
13779: 13200,13656,13384,13340,13138,13391
12827: 13740,13648,13606,12890,13620,13780
13151: 17608,15962,13312
17176: 17301,8118
17035: 
16704: 17385,13547,17350,17134
12975: 13477,13646,13664,6195,13252,12915
12961: 13312
17625: 16095,15962,13242
12990: 
12982: 13354,13042,13571,13523
13155: 4683
15544: 17607,13012,16302
13273: 17260,13560
13145: 13788,13684,13700
17566: 12914
8204: 12976,7158,13170,13175
13409: 17633,13286,17101,13007
13797: 12879,9680,13441
17385: 16704,17350,8364,17303
13187: 13582,13180
12994: 4207,13675,13399,12995,12973,12915
17584: 14097
17356: 
13795: 17162,17479
13478: 13609,13209
5168: 13219,7053
16353: 16247
12924: 13342,13420,13513
7282: 16488
16386: 15431,17462,17453
17256: 16924,13390,13001,13633,13643
13039: 15810,8101,13048,17624,13548,12855
13190: 12869,17489,16307
13573: 17405,13427,9322,8781,13074,12878
15504: 17635
13761: 13077,13546,16943,13600
13584: 
13811: 
17266: 
16455: 13353,6210,12834,5745
17632: 13050,12916,13472
13213: 16045,17376,7606,13356,8883
13529: 13171
13042: 12982,13354,13073
12819: 13282,17561,13601
17317: 
13063: 4683,13631
13073: 13223,13005,13042,12877,13500
13308: 13599,13414,16127,10414,10001
13422: 13433,13554,12938,13258
17374: 17623
16991: 6714,13676,13724
14710: 10220
13455: 
13139: 13079,13412,13582,17559,13320
4333: 17564,3438
13170: 13397,13418,8204,13131,13175
13106: 13607,17340,12959,13076
13071: 13805,13434,13512
13634: 4774,13606,13379,13603,13780
13470: 6445,13224
13206: 13467,13036,12925,13243
12915: 12973,13252,6195,4207,12994,12975
13621: 17122,17251,12849
13735: 10204,13424
17236: 7525
13590: 12848,13040
13715: 
13528: 12816
14608: 16798
13419: 13081,13481
13122: 13029,6340
17396: 12858
13429: 13744,13366
12927: 13644
4329: 
12833: 12871,13671,13104,13066,13099
13575: 13083,12974,13195
13542: 4441
16921: 
7016: 8191,12968,13216
13193: 13163
12972: 12964,13458,17597,12968
17462: 15431,16386
16686: 8628
7619: 
4557: 
2974: 15026,2664
12855: 16927,13355,13048,15810,13039
4679: 16742,3761,12856
13499: 16388,13199,17130,13804,8559
13427: 17405,13573,12878
13611: 13595,13072
12926: 13667,13126,17555,13805,13434
3959: 17613,17581
13614: 12884,13370,13237,13297
17300: 17526,7869,17643
7766: 17161
13306: 13369,13440,12913
17320: 16615
14493: 
13640: 13394,7848,13549,13068,17199
13432: 13440,12913,13165,13589
13449: 13729,12998
17607: 17237,15544,13012,13082,16533
13526: 5254,13637,13125,12908
16541: 
13010: 5939,13469,8075,13583
12995: 17201,13399,12894,13098,12994,13675
13619: 13480,13054,16949,13533
17316: 17026,17620
7367: 16357
13289: 
17345: 17495,13210,13690,12946
13441: 13752,13797,10819
13285: 17091,17570
17429: 
13577: 
17525: 13714,16814,13183
15236: 17318
12910: 
13131: 13649,8090,13175,13170,12992
13202: 13318,12913,13293,13589
12823: 13480
7144: 13556,13035,13207
13765: 
6456: 7279
6340: 13122
13381: 6555
13411: 12987
13757: 
9666: 17633,13257,13552
13014: 12922,13148,13037,13286,13257,13018
13770: 13497,13565
16090: 
7965: 13623,5607,13483
17129: 13250,13177
16750: 
17643: 7869,16934,17300,17526,13464
17608: 7606,13151
17622: 13291,17038
13332: 13217,13500,17495
13007: 6912,17101,13409
8439: 12918,6331
16527: 17490,13165,13008,16866,13622
13425: 13271,9800
13503: 3223,13739,17372,13339,12936
7257: 8306,12872,17401,17470
15449: 12863,12923,17474,12904,9476,17408,16660
12902: 13392,13351,12901,13794
13593: 
13750: 13530
12964: 12972,13458,13719,13583,13216,12968
13556: 7144,13393,13035
12870: 12953,13407,13628
17263: 
12825: 13080,13062,13059
17355: 
13201: 17582
13670: 12883,17006
5137: 4678,16333,12853,13647
16397: 17499
12934: 13191,13378,13574,13704
4688: 4933
12960: 8219,13166
13354: 13113,12982,13042,13319
16876: 17330,17623,17590
13363: 16746,12969,16668,13194
15774: 
13572: 13335,17616,8308
13245: 
13748: 17522,13062,17579,13458
4658: 5835,13167,13725,13057,13179,4774
13788: 13145,13806,13684,13019
17324: 16579,17178
13793: 6080,13340,5833,12893,13138,12917
13038: 17539,5257
13184: 12879,13405
13017: 13680,17518
13103: 9550
13406: 
13358: 4904,5487,13212,12908
14960: 17573,17626,17346
13293: 13589,13202,13318,12831
13077: 13658,13761,13120,16943,12929,13305
16170: 15508,17370
13783: 
13812: 13768,13292,12993
13722: 17406,17191
17330: 16876,17623,4646
13604: 13109,13006
17026: 13435,17316
13658: 13077,13546,13305,13463,12841
13508: 12844,13445,13716,13095
13710: 9355,13371
17522: 13748,13104,6544,17349,17579
13147: 
13164: 13218,13154
8112: 7883
16047: 13382
13205: 
13305: 13325,13566,13120,13077,13658
14203: 
8643: 9417
15804: 
13082: 17607,9210
12953: 17640,12870,15314,12838,12940
17189: 707,15638,15982,2285
13298: 13754,13384,13069,5835,13725
13717: 17448,13747,6544,13028,13326,13182
12896: 13181
13407: 17589,12870,12939
16910: 17057
12921: 13465
16874: 
5745: 6210,16455
16905: 17281,2241,2967
7037: 13321,13270,13267
13018: 13257,13014,13037,13551
17540: 17518,16251,15768
13099: 17448,13747,13066,13490,12833
16574: 17414,13124
13453: 4933,13249,17521,13100
13101: 13262
13784: 13196,13012
16536: 
13129: 13283
17408: 17297,9476,15449,12923,13808
17400: 10819,16932,12938,13433
16880: 5295,16450
5138: 13785
13240: 12999,13663
13709: 12835,13448
13426: 4654,13610,13001,12843,13413,13390
13785: 5138
17101: 6912,13007,13681,12922,13409
12834: 6210,16455
13314: 16906,7370,13169
12826: 13366,13744
13787: 13388,13457,13446,12935
12996: 8889,13537
6661: 17302,16741,15600,5951
13048: 13600,13548,12855,13355,13039
12862: 13023,13262
13644: 12927,13744,13736
13054: 13430,12957,8093,13480,13619
17383: 5869,13728
9043: 16482,17155
12911: 12918
15274: 17024
12913: 13440,13432,13306,13589,13202
13040: 12848,13078,12886,12942,13590
12977: 13115,13673,13430,12957,13456
17136: 12837
13442: 16565,6911,17470
13587: 13520,4896,13515,13232,13708,13191
13523: 13198,12877,13571,13060,12982
15026: 2974,17455
13720: 
13479: 8883,13344,13404
16039: 16877,15730
17601: 771,16944
16906: 8180,13387,13314
14968: 
13264: 16767,13008
13012: 17607,15544,16302,13196,13784
13279: 13375
12869: 13190,13522,17130,13712,13199
12882: 12847,13130,13566
13384: 13754,13298,13340,13632,13200,13779
8090: 13649,13131,13175,13549,17199
13203: 13173,13638,13385
12846: 13303,13231,13378,13178
17405: 13427,13573,9322
8234: 17338
13680: 13669,13072,13491,13017
16960: 6088
17626: 17346,17283,14960,16755
16783: 17105
12880: 13562
5779: 13246,5423,5892,15742
17337: 16824,5065
17597: 6896,12968,12972,13726,13247
13620: 12890,13704,12827,5955,13780,13345
12857: 
12933: 12912,13009,3303,13400,5359
13616: 16488
12890: 13620,13704,13232,13648,12827,4896
13759: 17076
17370: 17528,16170
13198: 12877,13523,13060,13024,9016,10208
13359: 13695,17357
13654: 12948,8781,13047,13074,13454
13244: 13226,13633,13448,16924
4933: 13453,12891,4688,13249
3102: 13330
13506: 13235,13789
13114: 13586,9483
13522: 12869,17489,13485
17614: 17046
13220: 13589,17490,13165,4771
16940: 
16563: 
13019: 13068,13204,13788,13041
15730: 16834,7429,16039,16877
13125: 4904,4550,5254,13526
13639: 13025,13231,17435,13161
16591: 2600,17492,15658
13776: 
13046: 15117,13436,13807
17051: 
13257: 13018,13014,17633,13286,9666
16806: 17042
16045: 17376,15664,13213,8883,17024
12908: 13212,13098,13009,13358,13526
13021: 13172,13377,13061,13376
5752: 13688,6002,13003
13476: 13154
13537: 13706,12996,17394,13563
17442: 17361,13090
10305: 17259
13725: 4658,5835,13298,4774,13200,13379
17286: 11211
5523: 
17407: 16708,17117,17354
13260: 6320
15957: 
13322: 7289,13266
8762: 12980,6911,13790,13513,12822,6912
13559: 15874,16970
13075: 13791
7296: 
17534: 15403
12860: 13568,13162,13188,17624,13772,17598
10633: 16727,17592,13313
486: 15685
12985: 6196,13799
17025: 17571,17596
6748: 
7295: 
13228: 13418,13117,13111
13698: 
13562: 12880,13059,13726
13569: 13416,16949,13456
7638: 6569
17633: 13409,13286,13257,13552,9666
13324: 12930
13126: 13466,13505,13401,12926,17555
17002: 12884,13144,13597
13740: 13179,13648,3862,12827,17409,13606
13329: 
13194: 13617,12969,13363
12992: 13790,13649,13131,13681
13806: 13702,13177,13684,13788
13161: 13035,13639,13207,13173
13415: 13518,13222,13346
16824: 17337,5771,5065,16419
13399: 5008,17201,12995,12994,12973,13167
7494: 13277,17011,13465
17394: 13563,13537,13541
13803: 17034,16919,8895,12971
13457: 16761,13446,13787
13754: 13384,13298,13069,5359,12945,13632
13435: 17026,17620
16606: 
17631: 17289,16013,13196
17539: 13038,13564
13239: 4441,17493
13682: 12872,8757,8306,12932
12861: 17517,13758,13015
12816: 13528,13801
2285: 16912,12979,17189,15638,17428
17325: 6050,15600
13627: 13374
6714: 13767,16991,13268,13676
13372: 13087,13296,13334,13412
12993: 13812,7049
13430: 13054,12957,9891,13451,13115,12977
13210: 13005,13673,17345,13690
17296: 
13664: 12975,13646,13650,6195,4773
13756: 16387
6450: 
13480: 12823,13619,8093,13054
16694: 16854
17248: 17134
15982: 17552,707,17189
6533: 6293
13123: 13302
17628: 16460,16895
17273: 16649
15361: 17634,17492,17602
12909: 13579,13013
16784: 17505
13459: 8208
15428: 17627
17217: 
17372: 13107,3223,13503,12936
17318: 17062,17506,15236
17353: 
17411: 4356,13663,13473
13156: 12974
7895: 17276
17357: 7053,13359
13022: 13628,13327,13031
16387: 7996,13756
9322: 13251,17413,8781,17405,13573
13571: 12982,13523
10301: 9776
17261: 13662,13347
17638: 17053
17437: 17094
8191: 7016,6896,13208
13256: 8208,13370,13118,13237
12943: 13115,13673,13769,10208,13223
11523: 
13451: 9891,12836,8093,8559,13430
13589: 13293,13220,13432,12913,13202
13582: 13187,17559,13139,13320,12863
10812: 9118,9776,13486,17542,13645
15550: 
17461: 
13148: 12922,17199,13014,13649
13315: 
13685: 12894,12988,5487,17020,13189
13388: 13787
12965: 
13641: 12998,5177
13218: 13164,13294
13766: 13311,13440
13743: 3438,4450
7429: 16834,15730,17518,15768
17100: 3010
13027: 9456,13067,8436
17630: 12568
13065: 
17488: 16776,16476,8118
2676: 3765,16535,17549
5514: 5751
13049: 
12843: 13532,13413,13241,13426,13610
17003: 17419,16258,17449
13307: 16914
13192: 13118,13237,13297,13775,13251,17413
4932: 
5951: 16741,6661,17302,17027
16834: 15730,7429,16877
16727: 17592,10633
14818: 17072
17620: 13435,17316
12865: 17211,4575
12906: 13360,17582,13296
13121: 13565,13086
17251: 12849,13791,13621
13365: 
14813: 15626
16754: 17503
13730: 16883,13679
17510: 17307
8551: 13482
13304: 4227,12885
13694: 12997
13353: 16455,13737
8559: 8093,13804,13499,13451
13745: 12824,12945
16208: 17450,13258,13463,10918,10927,17398
17590: 16876
11180: 15864,17560
5234: 17479,12944,6050
13251: 9322,17413,13118,13192,13088
17487: 17454
12958: 
15724: 2171
15472: 17354
7746: 
17274: 13580
3438: 13743,17564,4333
17034: 13803,13309,16919,13297
13056: 13094,13132,13403
13172: 13287,13377,13718,13061,13021
12922: 13148,13014,17101,13681,13286
17142: 15027,13489
13647: 5137
15027: 17142,13489,17221,16844
13460: 8217
17181: 
13176: 13493
11664: 
17058: 17059
5955: 13603,12981,13780,13345,13620
16089: 
13574: 13191,12934,13708,13367
13128: 13622
17109: 
13631: 5161,13063
13702: 13177,13806,13204
17283: 17626,17346,16755
13588: 13020,13346,7158,13612
13033: 13747,13326
16726: 
13662: 17261,13347
13732: 17226,13650
13679: 13730,5254
7279: 6456
17247: 13102,12981,13300,13514
17532: 1243
17149: 15823
17555: 9794,13126,13505,12926,13805
13737: 13064,13353
6083: 
17350: 17134,16704,17385,8364
16755: 17626,17283
13465: 12921,7494
13629: 17127
4120: 
7185: 17599
15790: 
13777: 12845,4773,13567,13591
6341: 
16013: 16302,17631,13196
12957: 13430,13054,12977,16949
13391: 13138,13290,13656,13779,13544
17052: 13446
17340: 13106,13607,13215,12997
17179: 17481
9680: 16932,13261,13797,17019
16895: 3796,17628
4550: 5017,4904,13125,5254
13696: 13485,13511
16059: 17148
12954: 13431,7999,16476
16761: 13457
13603: 5955,13780,13634,13755,13146
3096: 2466
13781: 17327
10209: 13133,13414,17605,17378
17080: 
13433: 13422,17400
13370: 13614,13256,13237
8781: 12948,13654,9322,17413,13573,13074
12852: 
17483: 6347
2468: 15649,17160
13087: 13296,13372,13323
13444: 13066,13799,13389,13490
17373: 17558,15370
13497: 13770,13086,12839
13243: 16614,13443,13206
7535: 7887,16920,9267
17515: 5705,6426
5487: 12988,13358,13685,13212
2679: 17554,15649
13196: 17631,16302,16013,13012,13784
13676: 13268,12967,6714,16991,13724
13618: 
17599: 7185,17276
707: 17486,17189,15982,17552
17455: 15026
13650: 12851,6195,13732,17226,13664
12837: 17136
12892: 12835,13567,13532,13413
5996: 13687,13802
13697: 
13512: 13360,13071,13626
13171: 13529,13045,13029
9267: 7887,7535
17231: 
5017: 4550,5254
13462: 12859,12929,13796
13701: 
13483: 7965,13763
17576: 13769,9016,13558,17531,9891,12836
13009: 12908,13098,12933,3303
13079: 13139,13320,12864
9016: 13769,17576,10208,13558,13024,13198
17580: 16777,16908,12963,17032
17359: 17223
17178: 17324
17589: 17365,13407
17304: 
17469: 17476,17594
13186: 13262,12876
13599: 13308,13414,13133
12873: 9775
17452: 14889
12991: 16855,16410,13705
12959: 15226,13106
17547: 9750
13252: 12973,13057,12915,13477,12975,3862
3081: 
17495: 17345,13217,13332,12888
16933: 
13728: 13000,5869,17383,17425,13274
5978: 13800,8656
13178: 17435,13378,13383,12846
13229: 13211,9456,8436,13026
17479: 5234,17162,13795
17006: 16756,13670
13236: 13487,13796
7261: 
16854: 16694,16605
13652: 
4287: 16398
12854: 13357,16127,13437,12937,10414
9800: 13425,13271
17000: 15117
10601: 10801
13485: 13511,13696,13522
17573: 14960,16837
12891: 4933
7971: 
9015: 13774,12925,12898,16614
13626: 13360,13512,12970
4335: 
13566: 13325,13305,12882,13554
13352: 12998,13410
8217: 17190,13460
6105: 
10208: 13769,9016,13198,12877,13223,12943
4207: 12994,13675,12851,6195,12915
771: 17601
17575: 17290
13440: 13432,12913,13766,13306
12196: 15847
13238: 13791,13434
13525: 13013,13473
13772: 17624,13548,13557,17595,12860,13188
13807: 13436,13643,13633,13553,13046
13749: 12919
13219: 5168,13746,13695
13612: 12976,13588,7158
12885: 13304
13540: 13635,13275
12881: 13666
13798: 13516,13157,4654,6071,13515,13594
13330: 3102,13168
17593: 16715
16585: 5065,16419,16487
12895: 17226,13591,4186
13633: 13226,13244,16924,17256,13553,13807
8208: 13256,13459,13118
13274: 13728,17425
8888: 8314
12850: 
13576: 13482,13041,13068,16987
13729: 13044,13449,12998
13232: 12890,13704,13587,4896,13191
17199: 13148,8090,13549,13640,13394
6426: 17591,17027,13259,17515,5705
13547: 16704
2600: 16591,2109
17624: 17451,13548,13772,12860,8101,13039,17598
15688: 10802
17298: 
13338: 
13439: 13375,13550,5509
13005: 13210,13223,13073,13500
13168: 13636,13330
13699: 16693,12912
17605: 17364,17378,10209
15408: 17606
2877: 
17508: 13364,10802,10204
13674: 13691,13000,17425,17215
13068: 13019,7848,13640,13576,13041
11221: 
17145: 17060,9550,17642
6196: 17610,12831,12985
17615: 16929
16109: 
8075: 13583,13535,7847,13010
15847: 12196
9417: 8643,9427,13280
9775: 12873
13067: 13027,13454
17354: 17117,17407,15472
17443: 6465
17460: 13598
15718: 
13043: 17077,13742,12842
5855: 16800
13346: 13588,13020,13415,13250
17528: 17433,17370
13211: 13229,13143,13197
12970: 13626
13016: 13276,13034
2387: 16872
15403: 17534
13271: 13425,13296,9800
17454: 17487
17022: 
17117: 15227,17354,17407
13221: 8895,12971
13282: 12819,17561,17526,13677
13721: 12821
2466: 3096
12878: 13074,13427,13573
16247: 16353
5833: 12893,6080,13793
10819: 17400,13441
13753: 13083
4197: 
16255: 17513,17498
13408: 
13687: 5996
13808: 13313,12923,17408
12945: 13745,5359,13754,13632
6445: 13224,13470
16524: 
13262: 13186,13101,12862
8895: 12971,13221,16919,13502,13803
13657: 
13747: 17448,13099,13717,13033,13326
13805: 13071,13434,12926,9794,17555
13320: 12864,12904,13139,13079,13582,12863
13023: 12862,12864,13445
17519: 1706,17648
13112: 13383,13102,13686
8757: 17457,8306,17512,12932,13682
13567: 13777,12845,12835,12892
13270: 13281,7037
16826: 
5295: 15371,16030,16880,16450
16934: 7869,17643,13447
13703: 16957
13758: 17517,12861,13665,13669
9483: 13114,16532,17245
13678: 7038
13605: 7384,13524,13527
17513: 16255
13809: 13215,12997,13630
13622: 16866,16527,17490,13128
17449: 7887,16920,17003
7973: 7172
8308: 17616,13111,13572
13774: 9015,12925,12898,17561,13468
13474: 17595,13487,13557
13610: 4654,13426,12843,13520,13515
4589: 
13351: 13392,12902
13546: 13658,13761,13600,12841,13355
4896: 13520,13587,13108,13648,12890,13232
12856: 4679,3761
8881: 13565,17537
17297: 9476,17408
13794: 12901,13602,12902,17438,17563,13362
17634: 15361,17171,17173,15658
17619: 17186,16228
17470: 17401,7257,13442
12866: 
3223: 13739,13503,17372
6911: 12980,8762,16565,13442,12822
17023: 11779,17311,17645
6544: 17448,13717,13104,17522,13182
16702: 
17560: 16645,11180
16793: 13552
15649: 2468,2679
17088: 
16414: 
13667: 13401,12926,13395
13094: 13056,13403
13344: 13479
13287: 13172,12936
17417: 
13447: 7869,16934
17585: 15815,17410
17193: 
16964: 17499,17094,16825
13608: 
13025: 13638,13639,17435
13771: 
5747: 13800
13379: 13200,13656,13725,13634,13146
16699: 
7053: 5168,17357
12174: 
16443: 
10220: 16132,17439,14710
16924: 17256,13448,13001,13633,13244
7145: 6320
13695: 13359,13219
17602: 17492,15361
13188: 12860,13162,17595,13772
16535: 3765,2676
16949: 13569,13416,12957,13619,13533
15324: 
13080: 12825,13059,13726
13564: 17539,17467
13549: 7848,13655,8090,17199,13640
13649: 8090,13131,12992,13681,13148
13711: 12814,13157
13516: 13798,13157,13343,13594,6309
13323: 13087,13412
13259: 17591,6426
17302: 6661,5951,17591,17027
7268: 16675
13791: 17251,12849,13238,13075
17130: 13712,17531,13804,12869,13499,13199
13707: 
13116: 12978
17155: 9043,16482
12847: 12882
13072: 13669,13680,13611,13491
13348: 
13347: 17261,13662
16944: 17601
17503: 16754
17011: 7494,12962
13686: 13102,13112
16430: 16945,14038
17242: 1440,16971,1979
13617: 13194,13693
16339: 16156,15643
3010: 17100,16818,17553
13734: 13058,13623
15371: 5295,16030,17440
13013: 13525,13579,12909,4356
15643: 5771,16339,16156,17511
14097: 17584
17421: 
13532: 12843,13413,12845,13660,12892
13716: 13445,16957,13508
17439: 10220
12848: 13078,13040,13590
9134: 17203,17598,13568
17648: 17519,1884,13136
13768: 13812,15969,7289,13292
17435: 13178,13025,13639
16927: 12855,15315,17097
13030: 5161,17420
17191: 13722,17163,17406
12828: 13092,12931
13224: 6445,13470
17627: 15428
13334: 13498,13372,13412,17559
13335: 13572,12974,12983
4103: 12941
3534: 2664,4094
13179: 13740,3862,13057,4658,4774,13606
11040: 
13371: 8219,13710
13204: 13019,12976,13702,7848,13655
16000: 17259,13672
13646: 13477,12975,13664,4773,13660,12984
17104: 16643
13509: 13141,12946
9118: 10812,13645
4227: 13304
17501: 16643,17456
12929: 16943,13462,13120,13077
17498: 16255
17463: 
16398: 4287
17521: 13100,13249,13453
8628: 16686
13623: 7965,13510,5607,13734
13199: 16388,13499,12869,17130
17132: 2241,2967
13275: 13585,13540
13448: 13709,13244,16924
13000: 13269,13728,13674,17425
13502: 16919,13006,8895
13400: 5359,12933,17201,3303,13069
6461: 
17511: 16156,15643,5771
13159: 
10918: 15315,12841,10927,16208,17398,17097
13216: 13535,12964,7016,12968
13673: 12943,13115,12977,13210,13690
3538: 17160
13032: 13028,12901
12851: 13650,6195,13189,4207,13675
8884: 9200
15831: 16788,15129
13169: 13066,13389,13314,12871
12941: 4103
13780: 13603,5955,12827,13634,13606,13620
13560: 17260,13273
13565: 8881,13121,13770
13504: 13543
12971: 8895,13221,13143,13803,13185
16468: 
5114: 16100
13272: 12983,13110,13420,12980,13513
5751: 5514
7281: 12914
8219: 13371,12960,9355
12871: 12833,13671,13169,13387
16776: 17488,16476,7999
17177: 13585
16573: 
13434: 13805,13071,12926,13238
13533: 13619,12898,16949
13085: 16777,12963
13764: 12830
13064: 13737,13002
17378: 17364,17605,13414,10209
7887: 16920,7535,17449,9267
13390: 17256,13001,4654,13426,6071,13643
13724: 13778,13676,16991,13738
16742: 4679,13361,5157
13486: 9776,10812,17542
13366: 12826,13429,13744
13373: 1884,12935
13136: 13813,17648
17481: 17179,17074
13340: 6080,13632,13793,13384,13779,13138
17376: 16045,15664,13213,7606
16709: 17557
13672: 9776,12951,16000
17517: 13758,12861,13665,13015
10204: 13735,17508,13364
13648: 13740,12827,13108,17409,4896,12890
13138: 13290,12917,13391,13340,13793,13779
16245: 17548,12820,12838,12940
16649: 17273,16326
16400: 
13149: 13636
12893: 5833,13793,12917
17019: 12938,13130,13261,9680,16932
12937: 17387,10414,13437,12854,16523
14418: 
16977: 3231
13638: 13025,13203
17255: 
13113: 13354,13496,13428,13319
12568: 17630
2698: 17639,13596,16098
13398: 
12979: 2285,16912,17428,12899
16693: 13699
17062: 17318,17506
16450: 16880,5295,16030
13222: 13086,13415
13090: 17442
13349: 12956
13024: 13517,13558,16862,13060,13198,9016
13158: 7289,12840,15969
14613: 
15508: 16170
17163: 17406,17191
13303: 12846,13393,13367
16957: 17595,13703,13716
4771: 13733,17490,13220,12831
16579: 17324,17381
12831: 6196,13293,4771
17618: 17594,15748
7848: 13549,13655,13068,13204,13640
13015: 17517,12861
16156: 16339,17516,15643,17511
13368: 
13507: 13410,4341,13376
16302: 16013,13196,15544,13012
13107: 17372,13031,13301
13111: 8308,13228
13108: 13241,12984,17409,13648,13520,4896
13119: 13751
13045: 13171
13467: 13206,13468,13731,13505
17623: 17330,16876,17374
6331: 13723,8439,12918
13550: 5509,13439
12884: 17002,13614,13309,13230
17592: 16727,10633
13261: 13625,9680,17019,13130
13755: 13146,13544,13300,13603,12981
13452: 17553
13475: 
17072: 14818
12980: 6911,8762,13272,16565,13513
13552: 17633,16793,9666
13146: 13755,13544,13656,13379,13603
17211: 12865,4575
17637: 15114,11779
13397: 13170,13342
4923: 13495,17612,13233
9891: 13451,12836,13769,17576,13115,13430
9456: 13027,13454,13047,13229
17639: 2698,13596,17640
6071: 4654,13390,13643,13798,13157
13280: 9417
15815: 17410,17530,16780,17585
16798: 14608
16919: 13309,13006,13502,13803,17034,8895
13183: 16814,17525
17467: 13564
8314: 8888
7046: 
16675: 7268
8101: 15810,17565,13039,17624,17203,17598
6701: 
13070: 13585
5892: 13246,5779,17208,15742
4694: 
12978: 13624,13116
9590: 13294,17244
5367: 
5177: 13641,16372
13481: 13081,13419
17512: 17457,8757,12932,13295,17234
9750: 17547,9210
13628: 13022,12870,12939,13031
15834: 17577,17642
17579: 17349,13719,13748,17522,13458
17020: 13189,4667,12988,13685
12905: 
16538: 17574
13311: 13369,13766
16127: 12854,13357,13308,10414
13531: 
16912: 2285,12979,15638,12963
13144: 13700,17002
4441: 13239,13542
13723: 6331
13265: 
12864: 13320,12904,13445,13079,13023
13364: 17508,10802,10204
13086: 13222,13121,13497,12839
6896: 8191,17597,13247,13208
17146: 
13461: 
17603: 3455
6050: 17325,5234
4575: 17211,12865
16969: 17428
13395: 13401,13667
17343: 
17410: 15815,17530,17245,17585
8889: 12996
12935: 13787,13373
17068: 
13246: 5423,5892,13081,5779
12859: 13462
9776: 13486,12951,13672,10301,10812
12644: 
9872: 
16788: 15831
4094: 2664,3534
16739: 17587
17427: 
3679: 17440
13712: 17130,17531,12869,13517,13558
13517: 13558,13024,13511,16862,13712
13319: 13197,13496,13113,13354
7162: 17562
13468: 13731,17561,13774,12925,13467
11559: 16954
2146: 
12949: 13810,13263
13700: 13144,17076,13145
13011: 13688
13041: 13576,13482,13019,13068
12899: 13181,12979
13775: 13297,13192,17413,12948
17226: 13591,12895,13732,13650
15431: 17462,17453,16386
16270: 
17349: 17579,13469,13719,13671,13104,17522
3657: 
17057: 16910,17505
13691: 13674
12883: 13670
17414: 13328,16574
6351: 
13375: 13439,13763,13279
6569: 7638
2109: 2600
13602: 12901,13794,17563
13044: 13729,4341
12898: 13677,13533,9015,13774
13594: 13343,13708,13516,13798
13002: 13064
13255: 13494
13117: 13228,13020
13505: 13466,13126,13731,13467,13153,17555
16987: 13576,13551
13104: 12833,13671,17448,6544,17349,17522
6191: 6061
13369: 13311,13396,13306
16746: 12969,13363,13534,13396
11779: 17311,17637,17023
12844: 13713,13508,12904,13445,16660
5960: 13519
17094: 17437,16964,16825
13142: 4678
16030: 5295,15371,16450,16945
17440: 3679,15371
17244: 13294,9590
17476: 17469,17594,17496
13165: 16527,13432,13220
13223: 13005,13073,12877,10208,12943
1243: 17532
1244: 17502
6680: 6796
15114: 17637
12968: 7016,17597,13216,12964,12972
12923: 12863,15449,13808,17408
9217: 
13606: 4774,13634,13740,13179,12827,13780
13115: 12943,13673,12977,9891,13430
6210: 12834,16455,5745
13514: 13383,12981,13345,13378,17247
16324: 
13249: 13453,4933,17521
16811: 17617
13741: 4573
16603: 
6465: 17443
16936: 
17609: 17550,13095,13568,13162
13428: 13496,17436,13113
6228: 16526
2967: 16905,17281,2241,17132
17514: 17307
13713: 12844,9476,16660,17550,13095
13578: 7038
3841: 16765
5029: 
12931: 12944,12828
13127: 16333
3455: 17603
10094: 
12973: 13252,13057,12915,12994,13399,13167
13069: 5008,17201,13400,5835,13754,13298
13157: 13516,13798,6071,13643,13711
13337: 10191
13558: 13517,13024,13712,17531,17576,9016
13174: 
15370: 17558,17373
15531: 17303,16258,17419
13034: 17165,16410,13016
13493: 13176
12976: 13612,8204,13655,13204
12835: 13567,13709,12892
12944: 5234,12931
12967: 13268,13676
16445: 17458
12940: 17365,12838,16245,12953
13302: 16995,13123
17327: 6826,13781
16659: 15129,16482
16734: 
13004: 15969
16966: 
4328: 12955
16286: 10087
13215: 13809,12997,17340,17420,13760
16780: 15815,17530,17272
5257: 13038
16976: 
13341: 17556,13051,13253
4678: 5137,13615,13142,16333
10406: 
17571: 17600,7999,17025
7748: 
13053: 13484
16482: 9043,16659,17155
9466: 
16932: 9680,17019,12938,17400
17448: 13099,13717,13747,6544,13104
13813: 13136
17173: 15658,17634,17171
17148: 16059,17423
17428: 16969,2285,12979,16828
5835: 4658,13167,13725,5008,13069,13298
17436: 13428
13536: 
13132: 13056
13786: 
13181: 12899,12896
17409: 13108,12984,13477,13740,13648,3862
17038: 17622
17468: 
13592: 
13396: 13207,13534,13369,16746
17596: 17025,17600
17237: 17607
1329: 
6919: 
17077: 13043
8306: 8757,13682,7257
13209: 12956,13431,12867,13478
4667: 12988,17020
6205: 17537
17139: 
16715: 17593
17342: 13180
13088: 13251
16495: 
17208: 16251,12907,5892,15742
7869: 16934,17643,17300,13447
17506: 17062,17318
13773: 
13386: 13278
16837: 17573,17346
15685: 486
13191: 12934,13574,13587,13704,13232,13708
13105: 
13598: 17460
13689: 
5254: 13526,4550,5017,13679,13125
17311: 11779,17569,17023
17537: 6205,8881
13727: 5869,13269
13482: 13576,13041,8551
15742: 5892,5779,17208
13515: 13587,4654,13610,13798,13708
12897: 
12963: 16777,17580,16912,13085
12888: 17495
13130: 17019,13261,13625,12882
16283: 
13281: 13270,13267
5379: 
13374: 13627
12820: 13380,12838,16245
17381: 17137,16579
13093: 12868
12877: 13198,13523,10208,13223,13073
11162: 17473
12930: 7038,13324
17492: 17602,15361,15658,16591
13799: 12985,13389,13444
17554: 2679,17549
13226: 13633,13244,13553
13464: 13214,17526,17643
17420: 13030,13607,13215
16410: 12991,17165,13034,13276
16708: 17407,15043
15117: 13046,17000
14417: 
8656: 5978,13800
17091: 17570,13292,13254,13285
16663: 
13392: 13351,12902,13062,13182
9981: 
12874: 
17014: 
15562: 
16526: 6228
17293: 17358
16872: 2387
13006: 13309,16919,13230,13604,13502
13405: 12879,13184,13752
17438: 17563,13794,13362,13789
4774: 13634,13606,4658,13725,13179
16814: 13183,17525
5720: 17563,13333
13237: 13118,13297,13192,13614,13370,13256
16098: 2698
6810: 6809
17222: 
12907: 16251,17208,13669
16533: 17586,9210,17607
17260: 13560,13273
13416: 13569,16949
9794: 13153,17555,13805,12989
9210: 16533,17586,13082,9750
17611: 3100,17308,13683
2664: 3534,4094,2974
14962: 
13600: 13048,13487,13546,13761,13355
13414: 13599,13308,10209,13133,10001,17378
16985: 
12981: 5955,13755,13514,17247
13180: 13187,17559,17342
4573: 5870,13741
6309: 13317,13516,13343,16922,13097
17346: 17626,17283,14960,16837
16429: 
17473: 11162
16307: 17489,13423,13190
13767: 6714
16971: 16995,1979,17242,17646
9550: 13103,17145,17577
12830: 13764
9235: 13625
4326: 
13380: 12820,2797
17612: 15226,4923,13495,13607
16767: 13264,13008,16866
13248: 13423
13296: 13087,13271,12906,13372
12989: 13153,9794
13263: 12949
13091: 
13076: 3761,13106
16995: 16971,1979,13302
1440: 17242
13059: 13080,12825,13562
17500: 
13258: 16208,17450,13463,13325,13422
13463: 16208,13258,13325,13658,12841
13642: 13792,13278
4649: 17386
13267: 13281,7037
12853: 16333,5137
13367: 16922,13343,13574,13303
12879: 13797,13405,13184
12868: 13093,5509
13519: 5960
13060: 16862,13403,13024,13198,13523
13671: 12871,12833,13104,13387,17349,13469
17640: 12953,15314,17639,13596
13291: 17622
13376: 13061,13021,13507
17285: 
14306: 
17389: 17644,17397
13137: 
13309: 16919,13006,13230,12884,17034
6555: 13381
13518: 13415,13020
13317: 6309,12821
13769: 17576,9016,10208,9891,12943
15227: 17117
15600: 17325,6661
13615: 4678
17583: 17635
17245: 16532,9483,17410
17307: 17510,17514
10414: 17387,12937,12854,16127,13308,10001
8806: 
16929: 17615
13058: 13734
5607: 7965,13623
13412: 13139,13372,13334,13323,17559
13420: 13272,12983,17616,12924,13342
7158: 13588,13020,13418,13612,8204
16258: 15531,17003,17419
13733: 4771,17610
17598: 17203,9134,17624,13568,12860,8101
16635: 
17556: 13341,13051,13738,13253
16825: 16964,17094
6320: 7145,13260
16945: 16430,16030
10802: 13613,15688,17508,13364
16741: 6661,5951
17060: 17145
17295: 15226,13495
12832: 13253,13778
17493: 13239
13020: 13588,13346,7158,13518,13117
8799: 17127,17582
13401: 13667,13214,13395,13126
16623: 
13609: 12867,13478
17550: 17609,13095,13713
16614: 13243,9015,12925
13661: 
17165: 13034,16855,16410
12988: 5487,4667,17020,13685
9427: 9417
17561: 13282,12819,13677,13774,13468
13431: 12956,13209,12867,12954
17272: 17453,16780
17557: 16709
7847: 5939,8075
15864: 11180
16460: 17628,4221
13269: 13000,5869,13727,13124
15043: 16708
17644: 16605,17389
13613: 10802
1517: 17641
17582: 13201,8799,12906
4695: 
5509: 13550,12868,6688,13439
13325: 13305,13566,13554,13258,13463
16523: 12937
7999: 17600,17571,12954,16776,16476
13362: 12919,13794,17438
12849: 17251,13791,13621
17581: 17613,3959
17587: 16739
12939: 15782,13407,13628
17301: 17176,16532
15782: 12939
15638: 17486,17189,17032,2285,16912
13195: 13295,13247,13083,13575
16647: 
17059: 17058
12966: 
12925: 9015,13774,13468,16614,13206
13185: 12948,12971,13047
13437: 12854,12937
12840: 13158
13488: 
13581: 13555,7384
17642: 17145,15834,17577
16487: 16585,5065
3761: 13076,4679,12856
13555: 13581,7384,13524
17262: 17516
13487: 13236,13474,13600,13557
13802: 5996
2241: 17132,16905,2967
17388: 
4022: 
13035: 13161,13231,7144,13556
13003: 5752
17203: 9134,17598,17565,8101
17484: 
15893: 3796
17543: 13762
13585: 17177,13275,13070
3449: 5520
13792: 13278,13642
4186: 12895
13360: 12906,13512,13626
17162: 13795,17479
13231: 12846,13035,13639
16758: 
13318: 13202,16668,13693,13293
6303: 
17529: 12916,13050,13089
17456: 16643,17501
15275: 11625
17465: 16768,17647
13092: 12828,13635
13477: 12975,13646,13252,12984,17409,3862
16605: 17644,16854
6922: 
13100: 17521,13453
17207: 
4929: 
17267: 
13140: 
17259: 10305,16000
13189: 17020,12894,13685,12851,13675
17190: 8217
8180: 16906,13387,5939
13217: 13332,17495
5602: 
6818: 6809
5870: 4573
7370: 13389,17610,13314
17595: 16957,13474,13772,13188
17457: 8757,17512,17234
16333: 13127,4678,5137,12853
17215: 17425,13674,13268
17453: 17272,15431,16386
13061: 4341,13376,13172,13718,13021
7885: 17459
13548: 17624,17451,13772,13557,13048,13039
9213: 
16922: 13393,13367,13097,13343,6309
13570: 13666
17578: 
13326: 13028,13033,13717,13747
13290: 13138,12917,13391
17306: 
17265: 17223
13288: 
4111: 3552,13339,13336
16326: 16649
13495: 4923,17295,15226,17612
13790: 12992,13513,8762,6912,13681
16251: 17208,12907,17540
13494: 13255
17042: 16806
17621: 17258
13763: 13483,13375
17308: 17611
16488: 13616,7282
6002: 5873,5752
17413: 9322,13251,13192,13775,12948,8781
15962: 16095,17625,13312,13151
5359: 13400,12933,12945,13754,13632
16979: 12822
17398: 17097,16208,10918
15626: 14813,17458
13663: 17411,13473,13240
13625: 9235,13261,13130
13084: 
12815: 
13241: 13108,12984,12843,13520
17491: 3858,17572
15759: 
12904: 13320,12864,12863,15449,17474,12844,16660
16828: 17636,17428
13810: 12949,13541,8436,13706
12983: 13272,13110,13420,13335
15658: 17173,17634,17492,16591
13284: 
13382: 16047
13175: 8090,13131,13170,8204,13655
13520: 13587,4896,13108,13241,13610
17329: 
13804: 17130,17531,13499,12836,8559
13484: 13053
13212: 12908,13098,5487,13358,12894
17426: 
12936: 13301,13287,13503,17372
17221: 15027,13489,16844
13424: 13735
17600: 17571,7999,17596
13692: 12950
12984: 13108,13241,17409,13660,13477,13646
16646: 
7525: 17236
16835: 
17424: 17641
13292: 17091,13254,13768,13812
7056: 16306
6088: 16960
12876: 13186
9355: 13710,8219
13277: 7494
13410: 13507,13352
13655: 7848,13549,12976,13175,13204
16476: 17488,16776,7999,8118,12954
13295: 13195,13247,17512
10269: 
9677: 13668,8330,17629,12886
17526: 17300,17643,13282,13464
13498: 13334
12894: 13685,13189,13212,13675,12995
17577: 15834,9550,17642
13342: 12924,17616,13420,13397
16882: 
13312: 13242,12961,15962,13151
12916: 13472,17529,17632
17105: 17143,16783
17563: 17438,5720,13602,13794
13160: 
13134: 13299
15545: 
15874: 13559
4450: 13743
17499: 16397,16964
16362: 
17569: 17311,17645
5161: 13760,13030,13631
17423: 17148
4773: 13777,12845,13660,13646,13664
16615: 17320
8436: 13026,13229,13027,13810
17046: 17614
5869: 13269,13728,13727,17383
13109: 13604
13561: 13742
13173: 13203,13161
13095: 17550,17609,13713,13508,13162
13524: 7384,13605,13555
17338: 8234
6293: 6533
5157: 16742,13361
17459: 17137,7885
13055: 13705,13276
15752: 
12974: 13083,13575,13156,13335
17028: 
1706: 17519
17489: 13782,13190,13522,16307
13247: 13726,17597,6896,13195,13295
12914: 17566,7281
17433: 14889,17528
17538: 
16862: 13060,13403,13511,13517,13024
7038: 13678,12930,13578
5705: 17515,17027,6426
13083: 13575,12974,13195,12932,13753
16419: 16585,5065,5771,16824
8692: 
10801: 10601
13742: 13561,13043
13333: 5720
13653: 
13801: 13102,13521,12816
13339: 13503,4111
9577: 
12952: 13235
13377: 13172,13301,13021
13052: 13714
12838: 12820,15314,16245,12953,12940
12917: 13138,13290,13793,12893
12817: 
13133: 10209,13599,13414
13450: 13310
12818: 
17033: 17562
17507: 3563,16457
16100: 5114
13402: 12951
13454: 9456,13067,13654,13047,13074
7520: 
17565: 15810,8101,17203
13471: 
17496: 17594,17476
13473: 17411,4356,13663,13525
17586: 16533,9210
13235: 13506,12952
15768: 17540,17518,7429
17276: 17599,7895
13393: 16922,13097,13303,13556
4356: 17411,13473,13579,13013,13316
16756: 17006
13738: 13724,17556
13500: 13005,13073,13332
12886: 9677,13078,13040
13153: 9794,13505,12989
12822: 16979,6911,8762
11625: 15275,16887
10927: 10918,16208
13057: 12973,13252,4658,13167,13179,3862
13632: 6080,13340,5359,12945,13754,13384
15617: 
11211: 17286
17368: 13521
17081: 
16457: 17507
6080: 13340,13632,13793,5833
13163: 13193,13050
12962: 17011,12947
17516: 17262,16156
16730: 13278
16908: 16777,17580
13744: 13429,13366,12826,13644
17613: 3959,17581
17253: 
17223: 17359,17265
5248: 
15129: 15831,16659
13355: 12855,13546,13048,13600,15315
17387: 12937,10414,10001
17303: 8364,17385,15531
13456: 13141,12977,13569
12942: 13040
15969: 13768,13004,13158
17552: 15982,707
12863: 15449,12923,13582,13320,12904
12824: 13745
13423: 13248,13782,16307
12918: 8439,12911,9315,6331
12814: 13711
13421: 13705
3858: 17572,17491
2470: 1884
16928: 
17559: 13582,13180,13334,13139,13412
9315: 12918
6912: 17101,13007,13681,8762,13790
13276: 13016,16410,13055
17441: 
9786: 
16800: 5855
13607: 13106,17340,17612,17420
16855: 12991,17165
13579: 12909,13013,13316,4356
17635: 17583,15504
13553: 13226,13633,13807
6826: 17327
16357: 7367
13510: 13623
6809: 6810,6818
13660: 12845,4773,13646,13532,12984
6061: 6191
3979: 
13645: 17542,10812,9118
7384: 13524,13605,13581,13555
13227: 13361
13438: 8118,12867,13586
13681: 6912,17101,13790,12992,13649,12922
5065: 16585,16419,17337,16824,16487
13118: 13237,13192,8208,13256,13251
8330: 17629,9677
13636: 13168,13149
13635: 13540,13092
12875: 
16660: 9476,12904,15449,17474,13713,12844
13321: 7037
13074: 12878,8781,13654,13573,13454
13051: 17556,13341
17629: 8330,7500,9677
5520: 3449
17097: 17398,10918,15315,16927
12821: 13721,13317,13097
12912: 12933,13637,13699
17160: 3538,2468
3663: 
12948: 8781,13185,13654,13775,17413
13684: 13806,13145,13788
13665: 13081,17517,13758
13491: 13072,13680
13688: 5752,13011,12987
17419: 17003,15531,16258
13266: 13322
15664: 16045,17376,17024
6688: 5509
16844: 17229,15027,17221
13062: 13748,13182,13392,12825
17053: 17638
13283: 13129
13200: 13656,13779,13379,13725,13384
13233: 4923
12839: 13250,13086,13497
12900: 12999
17361: 17442
6118: 
17233: 
17558: 17373,15370
13242: 13312,17625
4646: 17330
8197: 
13719: 17349,17579,13469,13583,12964,13458
2462: 
13207: 13534,13396,7144,13161
7500: 17629
15890: 16658
13167: 4658,5835,5008,13399,12973,13057
17076: 13759,13700
13225: 
13563: 17394,13537
3563: 17507
17326: 
17096: 
17061: 17574
13668: 9677
17458: 15626,16445
14891: 16203
16984: 
9476: 17297,17408,16660,15449,13713
13299: 13134,17542
15814: 
17348: 
13535: 8075,13583,13216
15810: 17565,8101,13039,12855
17486: 707,15638,17032
12903: 
17186: 16624,17619
1884: 2470,13373,17648
12969: 16746,13363,13534,13194
17636: 16828
17122: 13621
13666: 13570,12881
13328: 17414
7996: 16387
13124: 16574,13269
17024: 15274,16045,15664,13404
1893: 17641
2171: 15724
17647: 16768,17465
16306: 7056
12901: 13602,13032,12902,13794
16943: 12929,13796,13077,13761
17610: 6196,13733,7370
17365: 17589,12940,17548
12889: 
13543: 13504
5939: 13010,8180,7847
13357: 12854,16127
16643: 17456,17501,17104
12951: 9776,13402,13672
17505: 17057,16784
17502: 1244
13568: 12860,13162,17609,9134,17598
12845: 13777,4773,13567,13660,13532
13557: 13548,13772,13487,13474
13624: 12978
4683: 13063,13155
17201: 5008,13399,3303,12995,13069,13400
7289: 13158,13768,13322
6347: 17483
5374: 
5727: 
13026: 8436,13229,12887
10191: 13337
12887: 13026
16954: 11559,17005
13693: 13318,16668,13617
13501: 
13385: 13203
12955: 4328
7606: 17608,17376,13213
12999: 13240,12900
12919: 13362,13749
13166: 12960
17074: 17481
13047: 13185,13654,9456,13454
17570: 17091,13285,7049
16920: 7887,7535,17449
13345: 5955,13620,13704,13378,13514
17281: 16905,2967
17406: 17163,10087,13722,17191
17134: 17350,17248,16704
13751: 13119
17553: 17171,3010,13452
13796: 13236,13462,16943
16645: 17560
17321: 
17451: 17624,13548
14956: 
7510: 
17386: 4649
16777: 16908,17580,12963,12829,13085
17032: 17486,15638,17580
13301: 12936,13377,13107,4221
12829: 16777
16765: 3841
17530: 15815,17410,16780
16993: 
17616: 8308,13572,13420,13342
6195: 13650,12851,4207,12975,13664,12915
3100: 17611
4904: 13125,13358,4550
13029: 13122,13171
16565: 13442,12872,13110,12980,6911
13513: 13790,13272,12924,12980,8762
17401: 7257,17470
17258: 17621
17475: 
17641: 1893,17424,1517
7991: 
16996: 
13445: 12864,13023,13716,12844,13508
17524: 
17127: 8799,13629
15856: 
7049: 17570,12993
9200: 8884
13554: 13325,13566,13422
13253: 12832,17556,13341
16822: 
15748: 17618
13458: 12964,12972,17579,13719,13748
1979: 16971,16995,17242
13521: 17368,13544,13300,13801
13361: 13227,16742,5157
17027: 17591,6426,17302,5951,5705
16108: 9880
17474: 15449,12904,16660
5619: 
17542: 13645,13486,13299,10812
13591: 17226,12895,13777
16532: 17245,17301,9483
15314: 12838,2797,13596,17640,12953
13331: 
17234: 13208,17457,17512
8539: 
16095: 17625,15962
4325: 
13527: 13605
8118: 13438,17488,16476,17176
17358: 17293
17606: 15408
13630: 13809
5873: 6002
17490: 16527,13622,13220,4771
16237: 
16203: 14891
13677: 12898,13282,17561
17562: 17033,7162
16773: 
17108: 17005
13538: 
17397: 17389
13706: 13537,13810,13541
8223: 
17212: 
12858: 17396
12920: 
13551: 16987,13018
17137: 17459,17381
13669: 13072,13680,13758,12907
3862: 13740,13179,13477,13252,13057,17409
13417: 
13637: 13526,12912
12947: 12962
16668: 13318,13693,13363
14038: 16430
16388: 13499,13199
13726: 13247,13080,17597,13562
12950: 13150,13692
17005: 17108,16954
13586: 13438,13114
13708: 13594,13587,13515,13191,13574
5771: 15643,17511,16419,16824
17380: 
17549: 17554,2676
13154: 13476,13164,13294
17548: 16245,17365
10001: 13308,13414,17387,10414
12998: 13352,13641,13729,13449
15823: 17149
13800: 5978,5747,8656
13152: 
3303: 17201,13098,13009,12933,13400
13286: 13409,17633,12922,13014,13257
16503: 
2858: 
17568: 
5378: 
13544: 13755,13146,13391,13521
16631: 
17572: 3858,17491
3796: 16895,15893
5423: 13246,5779
17289: 17631
13659: 
17567: 
8364: 17303,17385,17350
16768: 17465,17647
5975: 
16257: 
8883: 13479,13356,16045,13213
16624: 17186
4654: 13426,13610,6071,13390,13515,13798
13143: 12971,13197,13211
3765: 2676,16535
4567: 
6796: 6680
12956: 13431,13349,13209
12841: 10918,15315,13658,13546,13463
4221: 13301,16460
13066: 13444,13169,13490,12833,13099
16866: 13622,16767,13008,16527
16759: 
17210: 
13583: 8075,13535,13010,13719,12964
3552: 4111
16914: 13307
17531: 17130,13712,13804,13558,17576,12836
16818: 17646,3010
13135: 
13539: 
17425: 17215,13000,13728,13674,13274
13162: 13568,12860,13188,17609,13095
17645: 16887,17569,17023
17646: 16818,16971