12986: 13644,12826,13386,13792,13429
17682: 17779,13781,12999
13089: 16927,13462,13658
13583: 12902,13524,8539,13717,13469,13408
16228: 17619
13310: 17643,13584,17317,16882,12993
17729: 15890,17775,16658,13371
13182: 8075,12968,13344,13326,17625,13356
13230: 13612
13760: 12997,3438
13197: 
13762: 13652,12857,12815,17704,13683
9340: 17094,16397
13436: 13311,12921,13440
13250: 
16970: 13597,17765,13394,13152
13718: 2797,13084,13493
13746: 12909,13579,17357
13534: 13540,13385,13693
13690: 13271
13336: 2698,3223
13511: 12869,12836,12886,13485,13619
13466: 13348,13164,13505
17641: 1893,17424,17710
13389: 12831,13314,17586,13280,13151
13050: 
13736: 
8093: 17669,13005,13451,12977,12943
16841: 
13297: 13177,13502,13105
17736: 16773,17707,13807,13102
13554: 10819,13489
17195: 
13446: 13388
13643: 13244,13501,13001
17719: 13411,17717
13596: 17316,2387,13043,17708,12838
2797: 13718
16831: 
13394: 9775,13577,16970
13656: 13606,5835,13603
17290: 
13675: 13637,3858,12995,13421,12912,13705
12872: 13442,13170,13110,13007
13541: 13221,13806,13118,8888,13454
13492: 13782,13712,7638,13248
13343: 13367
13028: 13469,13033,5939,13717,13062
13705: 12912,13421,13675,12991
13595: 13015,17733
13496: 17002,13229,13565
13739: 17026,17683,13022
13530: 12900,13473,7185
13214: 13464,13731,12905,13282,13786
13177: 13297,13502,13806
13254: 6826,13292
17344: 
13387: 13082,7847,13747,12985,12972
13778: 4932
16372: 13044,15759
13601: 13464,13768
17685: 16675,7268
17161: 13476,7766,13164
13001: 13780,13178,13501,13643
13413: 13514,13532,13732,13191,13587
9880: 17542,13088,17703,12937,12910,12888
13098: 13730,17285,12912,13679,13659
17229: 16702,17400,17221,12841,16844
13490: 13213,12961,12964
13789: 13726,13032,7016
12867: 
13489: 13625,13554
8199: 
13036: 13075,13425,12906
13383: 13603,12843,13745,13606
13356: 16095,17625,9427,12961,13182
12928: 
12836: 12869,13511,13578,13590,13401
12946: 
7883: 7185,13285,8112
13378: 13232,4197,13025
13651: 13393,17162,17479,13701
13268: 13011,12885,13176,13124
13545: 6331,9315,6450,13354,13270
12842: 
13327: 12838,13627
13234: 13398,13131,13370
12987: 17717,5873,13091,4694,15759,13641
3231: 
17770: 7056
14889: 17433,17452
17698: 16615
13597: 16970,17765,13256,13152
5008: 4658,17739
17289: 13293,16357,14968
17171: 17695,17735,12953
15315: 13077,13796,13305
17518: 
16877: 16039,15730,7429
12932: 
13714: 13654,13184,12878,13406
13120: 17398,13077,17450
16658: 17729,17775,13498,13371,17460
4341: 
13683: 17308,13762,17704,17468
13008: 13259,16866,13635
13037: 8888,12884,13118,9200,13145
13443: 13163,17787,13183
13404: 12978,17234,13335,12919,13624
16883: 17774
13097: 13701,13207,6050
13096: 12935,13488,13085,13043,2387
13078: 13523,13696
13472: 12898,13533,13791
17574: 16538,17061
17234: 13404,12978,13080,17512,13344
4904: 13699
17450: 16806,17671,17398,13120
13081: 12861
13580: 5619
13403: 12848,8217,12982
13313: 12923
13300: 13329
13469: 13033,13028,13583,13408
8883: 12919,13103
13110: 13572,16979,13007,12872,13170
13316: 13547,13781
13208: 12897,13083,13749,13295
13704: 17707,13345,13633,12827
13294: 16606,13372
13418: 13235,13362
13278: 
17591: 5705,17027,13617,17731
13782: 13492,16307,13712,16750,13053
16395: 13298,13252,12975,12915,13212,13660
17430: 
17617: 16811,4186,4649
16132: 10220,9476
13731: 13214,13464,12905,12819
17762: 7429,16251,17650
12997: 13760,4103,4333
13150: 13715,13273
13031: 12939
13102: 12890,17707,17736,13648
13752: 13325
16887: 17645,11625
13350: 12958
14581: 
12938: 13625,12859,12882
13141: 13456,12925,13332
13779: 13526,13057,12908,13125
12827: 13514,13532,13633,13704
13151: 13010,13280,13389,13314,13066,13748
17176: 8118,17514
17035: 17177
16704: 17385,17350
12975: 13298,16395,13426,12988
12961: 9427,13213,13490,13326,13356
17625: 15962,16095,13356,8075,13182
12990: 13134,13486,13192,8314,10305
12982: 13673,13403
13155: 
15544: 13169,17088
13273: 6347,13150,16306
13145: 13459,13576,9200,13037,12884,13735
16668: 16746
8204: 
13409: 13014,12992
13797: 
17385: 16704,17350,17303
13187: 12862,9476
12994: 13384,3303,13125
17584: 14097
17356: 13420,13479,17263
13795: 
13478: 13450,17296,13291,13582
5168: 13525,15752
16353: 17568,13738
12924: 
5771: 16419,17511,16824
16386: 15431,17462,17453
17256: 
13039: 13355
13190: 7869,13608,13423,17643,13621
13573: 13074,13537,13427,13654
15504: 17635,17479,17162
13761: 
13584: 13310,13598,12849,13338
13811: 17632
17266: 
16455: 17752
17632: 17529,13811
13213: 9427,13490,12961,13794,13312
13529: 13550
13042: 17130,13571,13451
12819: 17740,13677,13040,13731
17317: 7869,17236,17643,13310,16882
13063: 17549,13539
13073: 12977,13166,13153,17561
13308: 10414
13422: 12841,13566,12859,13433
17374: 16876,13591
17668: 15810,11559,13772,17108,17005,16954
14710: 17408,10220
13455: 
13139: 13114
4333: 4103,13233,12997
13170: 12872,6911,13110
13106: 
13071: 13425,12926
13634: 12988,13200,12984,17667,12894
13470: 17274
13206: 13348,13505
12915: 12851,13685,13660,13252,16395
13621: 17643,13598,13190,13004
13735: 12873,13482,13459,13145,13613
17236: 17317,16882
13590: 13199,13401,13265,13723,12836
13715: 13150,4120,4227,17260
13528: 4326
17542: 9880,13088,12888,13599,12965
13419: 13269,17426,13688,13669,13665
13122: 16306,12818,13341,6347
12858: 13659,13055,13679,13034,13009
13429: 13307,13386,12826,12986,16800
12927: 17783,13744,12857,17308
13029: 
12833: 13581,12964,12985,13733
13575: 13295,13351
13542: 4441
16921: 
7016: 13351,13392,8191,13789
13193: 13474,13557
12972: 12825,13465,13387,13535
17462: 15431,16386
16645: 17259,16000,17560
7619: 17714
17677: 15742,17208,17666
2974: 2664
12855: 13462
4679: 
13499: 12823,13774
13427: 8314,12878,12971,13573,13654
13611: 
12926: 12849,13360,13071,13322
3959: 17613,13034
13614: 
17766: 16783,17105
7766: 13365,13164,17161
13306: 13766,17631,13202
17726: 
17654: 
13640: 13309,13144,13706
13432: 13318,16906
13449: 17745
17607: 16397,7370,13622
13526: 13659,13055,17285,12908,13779
16541: 17649
13010: 13280,13012,13151,13312,13748,13794
12995: 15545,13421,13675
13619: 13667,13511,13401,13485
17316: 13596
7367: 13538,13570,16357,13293
13289: 13793,13699
17345: 17754
13441: 17605
13285: 7883,7185,13750,8112
17780: 14097
13577: 9775,13394,13257,9213
17525: 16814,17772,8219
17666: 17208,17677
12910: 13757,12888,17703,12949,9880
13131: 13788,13286,13068,13398,13234
13202: 17631,13306
12823: 13499,13198
7144: 
13765: 13750,13473,7185
6456: 12834,6569,17190,12911
6340: 17743
13381: 12966,8208,16987
13411: 17719,13269,17426
13757: 12910,12888,17787,13133,13113
9666: 13552,17484,12839
13014: 13409,17101,12992
13770: 12903
17713: 13737,7279,12930,16759,13531
5378: 5619
17129: 13109
16750: 17578,13782,13053,13460
17643: 13310,13621,7869,17317,13190
17568: 13738,16353
17737: 17405,17703,12937,13810,13047,13563
13332: 13456,13653,13141
13007: 13572,13110,12872
5619: 17274,13580,5378
16527: 13461,12969,12871
13425: 13071,13036
13503: 13301,13377,13107
7257: 
15449: 13445,13101,13320,13713
12902: 13583,13524,8539,13104,13581
13593: 17349
13750: 13765,13756,13285
12964: 13104,12833,13490,13116
13556: 13303,13369
12870: 1440,16995,17646,17242
17263: 17356
12825: 12972,8539,13535,13581
17355: 12922
13201: 13431
13670: 17212,12883
17760: 16357,6533,13538
16397: 17499,17607,9340
12934: 
4688: 4933
12960: 13653
13354: 6450,13545,13270
16876: 12845,17374
13363: 13196
17671: 17398,17450
13572: 16979,13110,13007,12822
13245: 13035,16100
13748: 13312,13733,7847,13066,13010,13151
4658: 5008
13788: 13131,13148,13370
17716: 
13793: 13289,13699,13754,13049
13038: 13642,13366
13184: 13654,13714,12879,12965
13017: 
13103: 8883
13406: 13258,12878,13714,13486,13357
13358: 12851,2967,13637,3858,13685,13751
16914: 
13293: 17289,13666,16357,13570,7367,14968
13077: 15315,13120
16170: 15508,17670,17694
13783: 13258
13812: 
13722: 12976,13117,13286
17772: 17525
13604: 13267,9315
17026: 17683,15314,17727,13022,13302,13739
13658: 13089,16927,17359,12929
13508: 13023,17203
13710: 
17522: 
13147: 
13164: 13348,13466,7766,17161,13476
8112: 7883,13285
13458: 13408,13749,13059,13392
13205: 
13305: 13546,15315,13487
14203: 17203
17699: 
15804: 
13082: 13387,7847,13066,13747,13242
12953: 17100,17695,17171
14956: 17276
13298: 13252,16395,12975,13399,12988,12984
13717: 8539,13062,13535,13028,13583
12896: 
13407: 12939,13374
16910: 17057
12921: 17731,13693,13617,13436
16874: 
5745: 13056
16905: 2967,17281,2241
7037: 
13018: 10601,10801,13618
17761: 7056
13099: 8180,12871,13220
16574: 12998,13328
13453: 16936
13101: 13445,15449
13784: 13589,13128,13799
16536: 13159,13647
13129: 
17408: 14710,17297,10220,15043
17400: 17753,17229,12841,16806,17784
16880: 5295,17733
5138: 
13240: 
13709: 13390,13777,16811,4186,17500
13426: 13732,13191,13212,13189,12975
13785: 13016
17101: 13014
12834: 6569,6456,17190,13324
13314: 13242,13799,13389,13151
12826: 13644,12986,13429
13787: 13742,16761
12996: 13027,16987,13309
6661: 15600,13275,13540
13048: 13548,13716
12862: 13713,13180,13187,12904
13644: 12826,12986
13054: 13500,13005
17383: 
9043: 17749,17155
12911: 13723,13475,6456,17190,13265
17720: 
12913: 12881
13040: 13677,17538,17786,12819
12977: 13166,13153,13073,17130,8093,17669
17694: 17370,16170
13442: 12872
13587: 17667,13191,13514,13413
13523: 13668,13060,13078
15026: 
13720: 17443,13093
13479: 13195,17356
16039: 16877,15730,17664
17601: 13457
16906: 13799,13432
14968: 16013,16357,13293,17289,13666,13165
13264: 12881,16866
13012: 13010,13280,9750,13794
13279: 13160,13093
12869: 12836,13511,12886,13578,17489
12882: 15027,17221,12938
13384: 12994,3303
8090: 
13203: 
12846: 13035,13638
17405: 17737,17703,13810,12949
14038: 16430,16339
13680: 13011,13410,13003
16960: 
17626: 17346,17283,16755
16783: 17766,17105
12880: 13681,12983,13420,13513
13286: 13131,13722,13068
17337: 16419,16824,16585
17728: 17573,16837
13620: 
12857: 13215,13694,13762,12927,13744
12933: 13632
13616: 17253,13522,7638
12890: 13102,13520,13241,13648
13759: 13588,13565,17413
17370: 17528,17694,17670
13198: 13132,12823
13359: 12999,13781,13547,17327
13654: 13714,13184,13074,13573,13427,12878
13244: 13501,13643,13591,13610
4933: 4688
17785: 16387
13506: 8191
13114: 13139
13522: 17253,13616,13475,7638,12918,13484,13248
17750: 16245,15658
13220: 13099,13719,13602
16940: 
16563: 
13019: 13041,13370,13552,13655
15730: 7429,17664,16877,16039
13125: 13477,13057,13779,13179,12994
13639: 13241,13686,13740,4773,12981
16591: 2600,15658,17653,17492
13776: 
13046: 13173,12828,13226,12944,12814
13445: 15449,13101,13713,12860
13257: 13618,13337,13577
16806: 17450,17784,13130,17400
16045: 17376,15664
12908: 12973,13057,17572,17285,13526,13779
13021: 17603
5752: 17517
13476: 13450,17161,13164,13291
13537: 13074,13573,13143,13026,13217
17442: 13692
10305: 13672,13364,13437,13192,12990,13134
13725: 13606,5835,13745,13340
17286: 13087
5523: 13065
17407: 17117,13236,15472
13260: 6088
15957: 
13322: 13266,12926,12840
13630: 
13559: 13397,13144,13803,12948
13075: 13036,7748,13395,12916
7296: 17091,17570
17534: 15403
12860: 13445,12863
17777: 17117,15847,17354
486: 15685
12985: 13387,7847,13733,12833
17549: 13063,17554,2468
6748: 
7295: 17567
13228: 6911
13698: 13168
13562: 9217
13569: 12943,13430
7638: 13616,13522,13248,13492
17633: 12952
13324: 17190,13578,12834,12942
13126: 17740,13243,13447
17002: 13496,13346,13121,13229
13740: 13241,13639,6195,13108,12843,4773
13329: 13300
13194: 13657
12992: 13409,13014
13806: 13221,13541,13177
13161: 12828
13415: 13612
16824: 5771,16419,17337
13399: 12973,13057,13298,13179,13200,12984
7494: 
17734: 15748,17469,17618
13803: 13118,13559,12948
13457: 17601,771
13754: 13793
13435: 12899
16606: 13294
17631: 13202,13306
17539: 
13239: 4441,17493
13682: 13335,12897,12978
12861: 13081,16419
12816: 13544,13391,4774
2285: 16969,16912
15823: 17149
13627: 13380,12838,13327
6714: 13560,13695
13372: 13294
12993: 7525,16882,13310,13338
13430: 12943,8559,13569,13115
13210: 
17296: 13478
13664: 4667,12845
13756: 13750
6450: 13354,13545
13480: 13571,13094,13533
16694: 16854
17248: 17657
15982: 17552
6533: 6293,13585,17760,13538
13123: 
17628: 
17273: 16649
15361: 
12909: 13746
16784: 17505
13459: 13145,16108,13576,13735,13424
17683: 17026,15314,13739
17401: 13247,13195
17321: 16257,17593
17318: 17691,17506,9134
13066: 13082,7847,13242,13151,13748
17411: 4356
13156: 13216,13080,13104,13524
17725: 17148
17357: 13746
13022: 17026,13302,13739
16387: 17785
9322: 17747
13571: 13480,17130,13769,13042
10301: 9776,9118
17670: 15508,16170,17370
17638: 17398,17265,10918,17053
17437: 16825,17586,9210
8191: 13506,7016
13256: 10191,13152,13597,13482,12873
12943: 8559,13430,8093,17669,13005,13569
17769: 17630,15810,11559
13451: 8093,13042,17130
13589: 13128,13784,13671,17499
13582: 13438,13291,13478
15856: 
17657: 17248
17461: 
13148: 13552,12976,17484,13788
13315: 13550
13685: 12892,13751,12915,12851,13358,13660
13388: 13446,13227,13142
12965: 13599,13074,17542,13184
13641: 12885,13044,15759,12987,13091
13218: 
13766: 13306,13259
13743: 13504
7429: 17762,15730,16877
17100: 12953,13628,17746,17553,17695
13027: 12996,13684,13309
17630: 17769,11559,12568
13065: 5523,13341
17488: 16476,17706,8118
2676: 17554,13149
16257: 17321,17593
13049: 13400,13793
12843: 13379,13108,13740,13383,4773
13253: 5975,12868
13307: 13429,13386
13192: 13551,8314,12971,10305,13364,12990
4932: 13778
5951: 
17664: 15730,16039
16727: 13412,17559
17704: 12815,13762,13683,17468
17724: 16523
12865: 17308,13376,17543
12906: 13036,13416
13121: 17002
17251: 17555
13365: 7766
17757: 13333,12901
16822: 13296
13730: 17572,13167,13098,17285,12912
12947: 13719,5939,8180,12962,13062
13669: 13246,13419,13015
13304: 
13694: 13215,12857
13353: 13475,17253
8559: 12943,13430,13223,12925
13745: 13632,13290,13383,13606,13725
3862: 4774,12837,13544
17590: 12895,2241,12892,13751
11180: 15864,16000
5234: 17423,17304,6050,13303
13251: 13221,12971
17487: 17454
12958: 13350
15724: 2171
15472: 16708,13236,17407
7746: 9315
17274: 13470,5619,13224
3438: 4103,13760
13361: 13135,12815
13056: 5745
13172: 17589,17365,13493
12922: 17355
17142: 15027
13647: 16536,4335,12935
15027: 12882,17142,17778
13460: 13423,13282,17578,16750,13053
17181: 
13176: 13268
11664: 16649,16326
17058: 17787,13133
5955: 17791
16089: 16523
13574: 13807
13128: 13589,13784,17499
17109: 
13631: 12856,16535
13702: 12976,13006
17283: 17626,17346,16755
13588: 13759,13518
13033: 13469,13028,13059,13605,13333,12901
16726: 17387
13662: 13171,12818
13732: 13426,13191,13189,13157,13413
13679: 12991,13034,13098,13659,12858
7279: 13737,17713
17743: 6340
17532: 1243
17149: 15823
17555: 17251
13737: 7279,17713,12930,12942
6083: 
17350: 16704,17385
16755: 17626,17283
13465: 12962,12972
13629: 13498,13371,13505
4120: 4227,13715
7185: 7883,13285,13530,13765
15790: 13649,12980,17191
13777: 13390,13709,17500
6341: 17443,13283,13623,16936
16013: 14968,13165
12957: 13774,13804,12989
13391: 5835,4774,12816
17052: 17732,13227
17697: 17558,15370
17179: 17481
9680: 16127,13703
17709: 16768,17647
4550: 3081
13696: 13078
16059: 17148,17651
12954: 16776,17706,7999
16761: 13787,17732
13603: 13383,4773,13606,13656,12981
3096: 
13781: 17779,17682,13547,13316,12999,13359
10209: 16127
17080: 
13433: 12859,13463,13422,13566
13370: 13019,13788,13552,13234
8781: 13105,13428,13067,13052,13143
12852: 4227,13727
17483: 
2468: 2679,13030,17549
13087: 13320,17286
13444: 12871
17665: 16624,17186
13497: 
13243: 13288,13667,13804,13126
17755: 4646,17500
17515: 5705,13617,13585
5487: 13421,17613,12991
2679: 2468,13030,17160,13276
13196: 13363
13676: 12967
13618: 13257,13018
16503: 2858,13516
707: 17552
13591: 17374,13610,13244
13650: 12835,13567,12845
12837: 3862
12892: 13685,13751,12895,17590,13660,13119
5996: 
13697: 13000
13512: 16934,17526,13271
13171: 13662,12818,13592
9267: 
17741: 
5017: 
13462: 13600,12855,13089
13701: 13097,13207,13393,13651,17304
13483: 13058
17576: 
13009: 13034,12858
13079: 
9016: 
17562: 7162
17359: 17223,13658,17748
17178: 
17589: 17365,13172
17304: 13701,5234
17469: 17476,17734
13186: 12196,17776
13599: 12879,12965,17542,12888,17663
12873: 13735,13256,10204,13613
17452: 14889,17433
12991: 13679,5487,13705
12959: 
17425: 
13252: 13298,16395,12915,13646,12973
3081: 4550
12920: 9981,13549
17650: 17762
13728: 5869,13000
5978: 
13178: 13001,13780,13367,13345
13229: 13565,17002,13496
17479: 15504,13651,17162
17006: 16756
13236: 16708,13095,13162,17407,15472
7261: 
16854: 16694
13652: 13762,12815
4287: 
12854: 
9800: 
17000: 
10601: 13018
13485: 13511,12848,13619,13804
17573: 17728
12891: 6701
17747: 13211,9322,17782
9015: 
13626: 17122,13348
4335: 17077,17096,13647,12935,13488
13566: 13422,12841,13433,13130
13352: 3663
8217: 17489,12886,13403,12848
6105: 
8118: 17488,17176,17514
4207: 13632,13290,13146,13477,3303
771: 16624,13457
17575: 
13440: 13092,13436
12196: 15847,13186,13568,17354
13238: 13395
13525: 5168,13219
13772: 15810,17668,13548,17108
13807: 17707,13345,13574,17736
13749: 13458,13351,13083,13208
13219: 13525
13612: 13230,13415
12885: 13641,13268
13540: 13534,6661,17731,13693
12881: 13264,16866,12913
13798: 13711,16739
13330: 17773,13495,1706,12941
17593: 16257,17321
16585: 5065,16419,17337
12895: 4667,17590,12892,13119
13633: 17226,12827,13532,13704
8208: 12966,13381,16987
13274: 13410,5873,13091
8888: 13037,12884,13118,13541,13551,13454
12850: 
13576: 13459,13145,16108,12884,13672,13364
13729: 
13232: 13378,13317,4197,13231
17703: 17405,17737,12937,12949,9880,12910
17027: 17591,17731
13547: 13316,13781,13359
2600: 16591,15658,16245,2109
17681: 5367
15688: 17476,13402,13299,17259
17782: 17747
13338: 12840,13584,12993
13439: 13064,13002
13005: 8093,13054,12943
13168: 13698,13227
13699: 4904,13793,13289
17605: 13441,13261,17387
15408: 
2877: 
17508: 13613,13424
13674: 
13068: 13286,13131
9200: 13237,12948,13482,13037,13145
17145: 9550,17577
6196: 
17615: 16929
16109: 
8075: 12968,13182,17625
15847: 12196,17776,17117,17777,17354
9417: 9427,13794
9775: 13394,13577,13337,13775
13067: 13211,8781,13428
17354: 15847,12196,17777
17443: 6341,13283,17258,13093,13720
17460: 13334,13438,17775,16658
3552: 
13043: 17676,13136,13096,2387,13596,17708
5855: 
13346: 13222,17002
17528: 17370,17433
13211: 17747,13067
12970: 12887
13016: 13785
2387: 13596,12820,13096,13085,13043
15403: 17534
13271: 13791,13512,13690
17454: 17487
17022: 
17117: 17777,17407,15847,17776
13221: 13541,13806,13251,13454
13282: 13423,13460,12905,13214,13004
13721: 13207
3796: 15893,17744
12878: 8314,13427,13654,13714,13486,13406
17358: 
5833: 6080
10819: 13554
13753: 12974
4197: 13516,13317,13070,13378,13232
16255: 17498
13408: 13458,13469,13583,13524,13083
13687: 13045
13808: 17342
12945: 13055
16777: 17738
17767: 16985
13262: 13023,13355
8895: 
13657: 13194
13747: 13318,13387,13082
13805: 16934,12989,12898,13791
13320: 13087,13323,15449
13023: 13262,13508
17519: 1329,1884,17773
13112: 13638
8757: 
13567: 12835,13650,13189,13515
13270: 13545,13354
16826: 
5295: 17733,16880,16450
16934: 13805,12916,17526,13512
13703: 16127,9680
13758: 
9483: 17245,17410
13678: 17538,13484,13723,13199,13677
13605: 13602,13333,5939,13033
13637: 3858,13675,2967,17281,13358
13809: 13543,4678
13622: 17088,7370,17607
17449: 16920
17667: 6195,13587,13108,13634,12894
17758: 17456,17764,16643
13774: 12957,13499
13474: 13193
13610: 13591,13244
17661: 16333,4678
13351: 7016,13749,13575
13546: 13305,13487,12929
8364: 
12856: 2171,13631
8881: 
17297: 10220,15043,17408
13794: 13213,13010,13012,13312,9417
13417: 13013
17619: 16228
17731: 12921,13693,13540,17027,17591,13617
12866: 13642,13366
3223: 16098,2698,13336,12936
6911: 13228,13170
17023: 11779,17645
6544: 
16702: 17753,17229,16844
17560: 16645
16793: 12952,13362
15649: 3538
17088: 13622,16283,15544,7370
17732: 17052,13227,16761
13667: 16388,13619,13401,17740,13243
13094: 13517,13769,13024,13480
13344: 12968,13182,13326,13080,17234
13287: 13374,15314,17727,13301
17417: 
13447: 7748,13126,13395
17585: 17245,17410,17530
17193: 
17108: 16927,17668,13772,17005
13608: 13190,17578,13423
13025: 13378
13771: 13561
13800: 4695
13379: 12894,12843,13146,13108,13290
16624: 17665,771
7053: 
12174: 17387,13414
17659: 17779
10220: 17297,9476,16132,17408,14710
16924: 
7145: 6320
13695: 6714,13560
17602: 17492
13188: 13162
16535: 13631
16949: 
8539: 13717,13535,12825,13581,12902,13583
13080: 17512,13156,13116,13344,17234
13564: 
13549: 9981,12920
13649: 15790
13711: 13798,13708,13035
13516: 13317,4197,2858,13070,16503
13323: 13320
13259: 13008,13570,13766
13538: 13570,7367,13635,6533,17760
7268: 17685,17781
13791: 13271,13805,13472
17130: 13571,13042,13451,12977,13153
13707: 16814
13116: 13326,13104,12964,13080
17155: 9043
12847: 
13072: 
13348: 13164,13466,13626,13206
13347: 
16944: 
17669: 8093,12977,13166,12943,13223
17706: 16776,12954,17488,16476
13686: 13241,13639,13648
16430: 16945,14038
17242: 17646,12870
13617: 5705,17591,17731,12921,17515
16339: 14038,16156
5975: 13253,12868
13734: 17673,12889,13331,13249
17691: 17318,9134
13013: 13417,13773
15643: 17516,17511,16156
14097: 17780,17584
17421: 
13532: 13413,12827,17226,13157,13633
13716: 13548,13048
17490: 
12848: 13403,8217,12886,13485
9134: 17506,13355,17318,17691
12998: 16574
13768: 13601,13464,13786,13434
17435: 
16927: 13089,17108,13658,17748
13030: 2468,2679
17191: 17163,17406,12980,15790
12828: 13046,12814,13161
13224: 17274
17627: 
13334: 17460,13438,12864
13335: 13682,13404,12978
4103: 3438,4333,12997
17786: 13053,12905,16307,13040
13179: 13200,13057,13399,13477,13125
17652: 
13371: 13629,13296,17729,16658
13204: 
16000: 11180,16645
13646: 12851,17572,13167,13252,12973
17104: 16643
13509: 13689
9118: 10301
4227: 12852,4120,13715,17260
13796: 15315
12929: 17223,13546,13658,17097,13487
17498: 16255
17567: 7295,13154
16388: 13667,13199,13401,13677,17740
17521: 4573
8628: 7370
13623: 13283,16936,6341
13199: 13590,13401,13678,13677,16388
17524: 
13275: 15600,6661
13448: 13553,13173,13226
13000: 5869,13728,13697,13124
13502: 13175,13177,13297
13400: 13049
6461: 
17511: 15643,17516,5771
13159: 16536
10918: 17265,17097,13487,17638
13216: 17512,13156,12897,13083
13673: 12982
3538: 13276,17742,15649
13032: 13726,13789
12851: 12915,13646,13358,3858,13685,13167
8884: 13309,13144
17765: 16970,13597,13775,13174
13169: 15544
12941: 1884,13373,13142,17773,13330
13780: 13001,13178,13390,13367
13560: 6714,13695
13565: 13229,13496,13759
13504: 13495,13743
12971: 8314,13427,13251,13192,13454
17572: 13730,13167,17285,13646,12973,12908
5114: 16100
13272: 
5751: 4695,6465
7281: 17768
8219: 17525,16814
12871: 13099,12969,13444,16527
16776: 17706,12954,7999
17177: 17035,17635,13226
17672: 17603
13434: 13360,13768
13533: 12898,13480,13472
13085: 12829,13096,13488,2387
13764: 16649
13064: 13439,13002
17378: 
7887: 
13390: 13709,13777,13780,13594
13724: 12967
17707: 13704,13345,13807,13102,17736
13486: 12990,8314,12878,13406
13366: 5374,13038,12866
13373: 2470,1884,12941,13142
13136: 17676,13043,12935,13140
17481: 17179
13340: 13755,13725
17376: 16045,15664
16709: 17557,17788
13672: 10305,13364,13437,16108,13576,13405
17517: 5752
10204: 13613,12873,15275
13648: 12890,13102,13686
13138: 13801,13755
16245: 17723,17750,13084,2600,15658,2109
16649: 16326,13764,17273,11664
17645: 16887,17023,11625
13149: 2676
12893: 13521
17019: 
12937: 17737,17703,13563,13026,9880,13088
14418: 
16977: 
13638: 13112,12846
17255: 
13113: 17663,13263,13757,12888,13133
12568: 11559,17630,16954
2698: 13336,16098,3223
13398: 13234,13131
12979: 16872,13181,17636,12899,12829
17655: 
17062: 17203,17506
16450: 5295,17733,16945
13222: 13346
13090: 
13349: 
13024: 13468,13094,13517
13158: 7289
17715: 11162
15508: 17670,16170
17163: 17406,17191
13303: 6050,13556,17423,17651,5234,13369
16957: 17595
4771: 
17695: 17171,17746,12953,17100
12831: 13389,17094,17586
17618: 17734,15748
7848: 17413,13518
13015: 13595,13269,13669
16156: 15643,17516,16339
13368: 
13507: 13135,12936
17714: 7619
13107: 15314,13301,13503
13111: 
13108: 6195,17667,13379,12894,12843,13740
13119: 13212,13660,12895,12892,12835
13045: 13687,7056
13467: 12989,13288,12916
17723: 16245,13084,2109
6331: 9315,13545
13550: 13529,13315
12884: 13037,8888,13551,13145,13576,13364
17740: 13126,12819,13667,16388
13261: 17605,13414
13755: 13340,13138
13452: 1893,16995
13475: 13353,17253,13522,12911,13484
17072: 
12980: 13790,13513,17191,15790
13552: 9666,13148,17484,13019,13370
13146: 13200,13379,12894,4207,13290
17211: 4575
17637: 11779
13397: 13559,13174
4923: 
9891: 
9456: 
17768: 7281
6071: 4654
13280: 13010,13012,13151,13389,9750
17773: 13495,13330,17519,1706,12941
16798: 
16919: 13185
13183: 13443,17059
17467: 
8314: 13427,12878,12971,13192,12990,13486
17676: 13043,13136,13140,13636
16675: 17685
13677: 13040,13678,13199,16388,12819
6701: 12891
13070: 4649,2858,13516,4197
17774: 16883,13069,12824
4694: 15759,12987,17717
12978: 13404,17234,17512,12897,13682,13335
13301: 13503,13287,13107
5367: 17681
5177: 13044
13481: 
17512: 13216,13080,12978,17234
9750: 10269,9210,13280,13012
13628: 17100,17553,12817
15834: 17577
17749: 9043
17742: 17160,13276,3538
12905: 13053,17786,13282,13214,13731
16538: 17574
13311: 13585,13436,13635
16127: 9680,10209,13703
13531: 16759,17713,12930
16912: 15638,2285
13144: 13309,13640,8884,13559
4441: 13239,13542
13723: 12911,13265,13484,13678,13590
13265: 17190,13578,12911,13723,13590
12864: 13154,13334
13364: 10305,13672,12884,13551,13192,13576
13086: 17413
6896: 
17727: 17026,15314,13302,13287
13461: 16527,12962
17603: 13021,17672
6050: 13303,13097,5234
4575: 17211
16969: 2285,17662
13395: 13238,13447,7748,13075
12956: 
17410: 17585,17245,9483,17530
17005: 17108,17668,16954
12935: 13096,13488,4335,13647,13136
17068: 
13246: 13669
12859: 16932,13463,13433,12938,13422
9776: 10301
13708: 16100,13035,13711
9872: 9981
16788: 
17753: 16702,17400,17784
16739: 17587,13798
17783: 12927,17308
3679: 17440
13712: 13492,13782,16307,12918,17538,13248
13517: 13094,13558,13024
13319: 13456,13166,13653
7162: 17562,7510
13468: 13024,12898,12989
11559: 15810,17668,17630,17769,16954,12568
2146: 
12949: 13163,17405,17703,12910
13700: 
13011: 13268,13124,13410,13680
13041: 13019,13337,13775
12899: 13435,13561,17636,12979,13181
13775: 17765,13041,13174,9775
17226: 13157,13515,13501,13633,13532
15431: 17462,17453,16386
16270: 
17349: 13593
3657: 
17057: 16910,17505
13691: 13328,13051
12883: 6088,13670
17414: 
6351: 
13375: 17033
6569: 12834,6456
2109: 2600,16245,17723
13602: 13605,13220,13719
13044: 16372,5177,13641
12898: 13468,13533,13805,13472
13594: 13390
13002: 13064,13439
13255: 
13117: 13722
13505: 13466,13206,13629
16987: 12996,13381,13020,8208
13104: 13581,12964,12902,13116,13156
6191: 
13369: 13303,13556
16746: 16668
11779: 17637,17023
12844: 12830
5960: 
17094: 9340,12831,16825
13142: 12853,13373,13388,12941
17763: 
17440: 3679
17244: 
17476: 17469,15688,17496,17259
13165: 13666,14968,16013
13223: 13456,17669,13166,8559
1243: 17532
5873: 12987,17717,13091,13274
6680: 17537,6796
17397: 
12968: 8075,13182,13344,13624
12923: 13313
9217: 13562
13606: 5835,13725,13656,13745,13383,13603
13115: 13430
6210: 17752
13514: 13413,12827,6195,13587,13520
17779: 17682,13781,17659
13249: 13283,13734,13331
16811: 17617,4186,17500,13709
13741: 12868
16603: 
6465: 5751
16936: 13453,13623,6341
17609: 
13428: 8781,13105,13067
6228: 5870
2967: 16905,17281,2241,13637,13751,13358
17514: 8118,17176
13713: 12862,13445,15449,12904
13578: 13324,13265,13281,12869,12836
3841: 16765
5029: 
12931: 17148
13127: 13539,13615
7510: 7162
17696: 16756
12973: 13057,12908,13399,13646,17572,13252
13069: 13521,17774
13157: 17226,13515,13732,13532
13337: 13041,13257,9775
13558: 13132,17531,13517
13174: 13397,17765,13775
15370: 17558,17697
15531: 17303,16258,17419
13034: 13679,3959,12858,13009
13493: 17548,13718,17365,13172
12976: 13702,13722,13148
12835: 13650,13567,13189,13119
12944: 17635,13046,13226,17162,12814
12967: 13676,13724
16445: 17458
12940: 12817
13302: 17026,17727,13022
17327: 13773,13359,13292
16659: 15129
16734: 
13004: 13786,13423,13282,13621
16966: 
4328: 4678
16286: 17406
13215: 13694,12857,13744
16780: 17530,17272
5257: 
16976: 
13341: 13727,13122,13065
4678: 16333,17661,13809,13543,4328
13513: 12822,12880,12980
17571: 17600
7748: 13447,13395,12916,13075
13053: 17786,12905,13782,16307,16750,13460
16773: 17736
9466: 
16932: 12859,13463
17448: 
13813: 
16108: 13459,13576,13672,13424,13402,13405
17148: 16059,17725,12931,17651
17428: 17326,17662,16828
5835: 13606,13725,13656,13391,17409,4774
17436: 
13536: 17708,13636
13132: 13558,13198,17531
13786: 13004,13214,13464,13768
13181: 12979,12899
17409: 4774,5835
17673: 13734
17468: 13376,13225,17704,13683
13592: 12914,12818,13171
13396: 
17258: 13283,17443
16866: 13264,12881,13008
1329: 17519
12841: 13422,13566,17221,17229,17400
17077: 4335,17096
8306: 
13209: 17600
4667: 12895,13664
6205: 17537
17751: 3761
16715: 
17342: 13808
13088: 17542,9880,13026,12937
16495: 
17208: 17666,15742,17677
7869: 17317,13190,17643
17506: 9134,17318,17062,17203
13773: 17327,13013,6826
13386: 13792,5379,12986,13307,13429
16837: 17728,17346
15685: 486
13191: 13732,13426,13413,13587
13105: 8781,13428,13297,13217
13598: 13584,13621,12849
13689: 13509
5254: 
17688: 
17537: 6205,6680
13727: 17260,12852,13341
13482: 13237,9200,13256,13735
15742: 17208,17677
13515: 17226,13157,13567,13501
12897: 13208,13216,13295,12978,13682
12963: 
12888: 13757,12910,17542,9880,13599,13113
13130: 13566,16806
16283: 17088
13281: 12942,13578
5379: 4683,13386
13374: 13287,13407
12820: 2387,16872,13380
17646: 17242,1440,12870
13093: 17443,13279,13720
12877: 8330
11162: 17715,17473
12930: 13737,17713,13531,13668
17492: 17602,17735,16591,17653
13799: 16906,13784,13314,13242
17554: 2676,17549
13226: 13046,13173,17177,13448,12944
13464: 13214,13731,13601,13786,13768
17420: 17612
17548: 13493,17771,17365
16708: 15043,13236,15472
15117: 
14417: 
17739: 13521,5008
17091: 7296
13706: 13640,13655
13392: 7016,13059,13726,13458
9981: 9872,12920,13549,17790
12874: 5374
17014: 
17662: 17326,17428,16969
17759: 5607
13527: 
16872: 12979,12829,12820,13380
13006: 17484,12839,13235,13702
13405: 13299,12951,16108,13672,13437,13402
17438: 
4774: 17409,3862,5835,13391,12816,13544
16814: 17525,8219,13707
5720: 
13237: 12948,9200,13482
16098: 3223,2698
6810: 
17222: 
12907: 
13152: 17689,10191,13256,16970,13597
17260: 13727,4227,13715,16306
13416: 17526,12906
9794: 16614
9210: 17586,17437,9750
17611: 
2664: 2974
14962: 
13600: 13462
13414: 12174,17387,13261
16985: 17767
12981: 13639,4773,13603
13180: 12862
4573: 17521
6309: 
17346: 17626,17283,16837
16429: 
17473: 11162
16307: 13782,13712,13053,17786
13767: 
17735: 17171,17492,17653
9550: 17145,17577
12830: 12844
9235: 
4326: 13528
13380: 16872,12820,13627
17612: 17420
16767: 
13248: 12918,13522,7638,13492,13712
13296: 13371,16822
12989: 13805,13467,12957,13468
13263: 17663,13113,13325,10414
13091: 12987,5873,13641,13274
13076: 17745
16995: 1893,1440,13452,12870
1440: 16995,12870,17646
13059: 13033,12901,13726,13458,13392
17500: 16811,4646,17755,13709,13777
13258: 13406,13783
13463: 16932,12859,13433
13642: 13038,12866,17306
4649: 13070,17617,2858
13267: 13604
12853: 13142
13367: 13780,13178,13343
12879: 13599,13184,17663
12868: 13741,5975,13253
13519: 
13060: 13321,13523
13671: 17499,13589
13551: 13192,13454,8888,12884,13364
13291: 13661,13582,13450,13476,13478
13376: 17468,13225,12865,17543
17285: 17572,13730,13098,13659,13526,12908
14306: 
17710: 17641,1893
13137: 
13309: 13640,13144,13027,12996,8884
17531: 13132,13558
13518: 13588,7848
13317: 13516,4197,13232
13769: 13094,13571
16765: 3841
15600: 13275,6661
13615: 12955,13539,13127
15314: 17026,17683,17727,13287,13107
17245: 17585,17410,9483
15748: 17734,17618
10414: 13308,13263,13325
16759: 13531,17713
16929: 17615
13058: 13483,13100
5607: 17759
13412: 16727,17559
13420: 17356,12880,13681
7158: 
16258: 15531,17419
13733: 13312,13748,7847,12985,12833
16768: 17709
13143: 13563,13026,13052,8781,13537
17556: 13802
16825: 17437,17094,17586
6320: 7145
16945: 16430,16450
17733: 5295,16880,13595,16450
17776: 15847,13186,17117
17744: 3796,15893
17738: 16908,16777
12832: 
17493: 13239
13020: 16987
8799: 
13401: 13199,13590,12836,13667,16388,13619
16623: 
13609: 
13544: 12816,3862,4774
16614: 9794
13661: 13438,13291,13498
17165: 
12988: 13634,13298,12975,12984
9427: 13213,12961,9417,16095,13356
17561: 13073
13431: 13154,13201
17272: 17453,16780
17557: 16709
7847: 13387,13082,13066,12985,13733,13748
15864: 11180
16460: 15782
13269: 17426,13419,13411,13015
15043: 16708,17297,17408
17644: 
13613: 17508,10204,12873,13735
17754: 17345
17582: 
4695: 5751,13800
5509: 
13325: 13263,10414,13752
16523: 16089,17724
7999: 17600,16776,12954
13362: 13418,16793,13342
12849: 12926,13584,13598
13331: 13734,13249
17587: 16739
12939: 13339,13031,13407
16095: 15962,17625,13356,9427
15782: 16460
15638: 16912,17032
13195: 17401,13479
6796: 6680
17059: 13183
12966: 13381,13235,8208
12925: 8559,13141
13185: 16919
13437: 10305,13672,13134,13405,12951,13645
12840: 9577,13338,13322
13488: 12935,13096,4335,17096,13085
13581: 13104,12833,12825,8539,12902
17642: 17577
16487: 5065,17700
3761: 17751
13555: 
17262: 17516
13487: 10918,13305,13546,12929
13802: 17556
2241: 16905,2967,17590,13751
17388: 
17746: 17553,17100,17695
13035: 13245,16100,13708,13711,12846
13003: 13688,13680,13665
17203: 14203,17062,17506,13508
17484: 13006,12839,9666,13552,13148
15893: 3796,17744
17543: 13376,12865
13585: 13311,6293,17515,6533
3449: 
13792: 13386,12986
4186: 16811,17617,13709
13360: 13434,12926
17162: 13393,13651,12814,15504,12944,17479
13231: 13232
16758: 
13318: 13747,13432
17653: 16591,17735,17492
17529: 17632
17456: 17758,17764
15275: 11625,17689,10204
13521: 13069,17739,12893
13092: 13440,13385
13477: 3303,13125,13179,4207
16605: 
17775: 15890,17729,16658,17460
13100: 13058
17649: 16541
4929: 
17267: 
13140: 17676,13136
17259: 16645,13299,17476,15688,17496
13189: 13212,12835,13567,13732,13426
17190: 13324,13265,12834,6456,12911
8180: 13099,12962,12947,13719
13217: 13105,13537
5602: 
6818: 
5870: 6228
7370: 8628,13622,17088,17607
17595: 16957
17784: 16806,17753,17400
16333: 17661,4678,13543
17215: 
17453: 15431,16386,17272
13061: 
7885: 17459
13548: 13716,13048,15810,13772
9213: 13577
16922: 
13570: 13538,7367,13635,13259,13293
17578: 16750,13460,13608
13326: 13116,12961,13182,13344
13290: 13745,4207,13632,13146,13379
17306: 13642
17265: 17097,10918,17638,17053
13288: 13243,13467
17781: 7268
16326: 16649,11664
13495: 17773,13330,13504
13790: 12980
16251: 17762
13494: 
17771: 17548,17365,16457
17621: 
13763: 
17308: 13683,17783,12927,12865
16488: 
6002: 
17413: 7848,13759,13086
15962: 16095,17625
13659: 13526,12858,13055,13679,13098,17285
16979: 13572,13110,12983,12822
17398: 17638,17671,13120,17450,17053
15626: 
13663: 
13625: 13489,12938
13084: 16245,17723,13718
12815: 17704,13652,13361,13762
13241: 13686,13639,13740,6195,12890,13520
17730: 
15759: 4694,16372,13641,12987
12904: 12863,13713,12862
16828: 17428,17424
13810: 13047,17405,17737
12983: 12880,12822,16979
15658: 16591,2600,16245,17750
13284: 
13382: 12917
13175: 13502,13684
13520: 12890,13514,6195,13241
17329: 
13804: 13485,12957,13243
13484: 12918,13678,13475,13522,13723
13212: 13660,13189,13119,16395,13426
17426: 13269,13419,13411
12936: 13507,3223
17221: 12882,12841,17778,17229
13424: 13402,13459,16108,17508
17600: 7999,17571,13209
13692: 17442
12984: 13200,13298,13399,13634,12988
17663: 13263,13113,13599,12879
7525: 16882,12993
16835: 
17424: 16828,17641
13292: 13254,17327
7056: 13045,17761,17770
6088: 12883,13260
12876: 13557
17764: 17758,17456
13277: 13385
13410: 13274,13011,13680
13655: 13706,13019
16476: 17488,17706
13295: 13575,12897,13208
10269: 9750
17745: 13449,13076
17526: 12916,16934,13512,13416
13498: 13629,13661,13438,16658
12894: 13379,13634,13200,13146,17667,13108
17577: 15834,17145,9550,17642
13342: 13362
16882: 7525,12993,17317,17236,13310
13312: 13733,13748,13010,13213,13794
12916: 17526,7748,16934,13467,13075
17105: 16783,17766
17563: 
13160: 13279
13134: 12990,13357,10305,13437,13645
15545: 12995,17281
17616: 
17756: 
17499: 16397,13671,13589,13128
16362: 
17530: 16780,17585,17410
5161: 
17423: 17651,5234,13303
4773: 13603,12843,13639,13740,12981
16615: 17698
8436: 
17046: 
5869: 13728,13000
13109: 17129
13561: 17636,13771,12899
13173: 13046,13226,13448,12821
13095: 13162,13236
13524: 12902,13583,13408,13156,13083
17338: 
6293: 6533,13585
3303: 13477,13384,12994,4207
17459: 7885
13055: 13659,13526,12858,12945
15752: 5168
12974: 13753
17702: 17789
1706: 17773,13330
17489: 8217,12869,12886
13247: 17401
12914: 13592
17433: 14889,17452,17528
17538: 12918,13678,13712,13040
16862: 
17032: 15638
5705: 17591,13617,17515
13083: 13208,13524,13408,13749,13216
16419: 5771,16824,16585,12861,17337
8692: 
10801: 13018
13742: 13787
13333: 13605,17757,13033,12901
13653: 12960,13319,13332
13801: 13138
13339: 12939
9577: 12840
12952: 16793,17633
13377: 13503,13135
13052: 13047,8781,13563,13143
12838: 13327,13596,13627
12917: 17212,13382
12817: 12940,13628
13133: 17058,13757,13113
13450: 13476,7289,13291,13478
12818: 13122,6347,13592,13662,13171
17033: 13375
2858: 13070,4649,16503,13516
16100: 5114,13708,13245,13035
13402: 13424,16108,13405,13299,15688
13454: 13551,13221,13541,8888,12971
7520: 
12829: 13085,17636,16872,12979
13471: 
17496: 17476,17259
13473: 13530,12900,13765
17586: 9210,12831,13389,16825,17437
13235: 13418,12966,13006
13154: 12864,17567,13431
17276: 14956
13393: 13651,17162,12814,13701,13207
4356: 17411
16756: 17696,17006
13738: 17568,16353
13500: 13054
12886: 12869,13511,17489,8217,12848
13153: 12977,13073,17130
12822: 13513,12983,13572,16979
11625: 15275,17689,16887,17645
13539: 12955,13615,13063,13127
13057: 12973,12908,13399,13779,13179,13125
13632: 13745,4207,13290,12933
17679: 
17212: 12917,13670
17708: 13536,13636,13043,13596
17081: 
16457: 17771
6080: 5833
13163: 12949,13443
12962: 13465,13461,8180,12947
17516: 15643,17511,16156,17262
13586: 
16908: 17738
13744: 12927,13215,12857
17613: 5487,3959
17253: 13616,13522,13353,13475
17223: 17359,12929,17097
13162: 13188,13095,13236
15129: 16659
13355: 9134,13039,13262
17387: 12174,13414,17605,16726
17303: 17385,15531
13456: 13223,13319,13166,13141,13332
12942: 13281,13737,13324
15969: 
17552: 707,15982
12863: 12904,12860
12824: 17774
13423: 13460,13282,13190,13608,13004
12918: 17538,13484,13248,13522,13712
12814: 13393,17162,12944,13046,12828
13421: 5487,12995,13675,13705
3858: 13637,13675,12912,12851,13358,13167
2470: 13373,1884
16928: 
17559: 16727,13412
9315: 6331,13545,7746,13604
17692: 
13276: 3538,2679,17742,17160
17441: 
9786: 
16800: 13429
13607: 
17689: 13152,15275,11625
13579: 13746
17635: 12944,17177,15504
13553: 13448
6826: 13254,13773
16357: 17760,7367,14968,13293,17289
13510: 
17778: 16844,15027,17221
13660: 13212,13119,12892,13685,12915,16395
17651: 17423,13303,16059,17148
3979: 
13645: 13437,13134,12951
7384: 
13227: 17732,17052,13388,13168
13438: 13661,13582,13498,17460,13334
13681: 12880,13420
5065: 16585,16487,17700
13118: 13803,13541,13037,8888
8330: 12877
13636: 17708,13536,17676
13635: 13538,13570,13311,13008
12875: 
16660: 
13321: 13668,13060
13074: 13537,13573,13654,12965
13051: 13691
17629: 
6195: 17667,13108,13514,13520,13241,13740
17097: 17265,10918,17223,12929
12821: 13173
12912: 13705,3858,13675,13730,13167,13098
17160: 17742,2679,13276
3663: 13352
12948: 13237,9200,13559,13803
13684: 13027,13175
13665: 13419,13003,13688
13491: 
13688: 13003,13419,13665
17419: 15531,16258
13266: 13322
15664: 17376,16045
12950: 
16844: 17778,16702,17229
13062: 13717,13535,12947,5939,13028
17053: 17638,17398,17265
13283: 13249,13623,17258,6341,17443
13200: 13179,13146,12984,13399,13634,12894
13233: 4333
12839: 17484,13006,9666
12900: 13530,13473
17361: 
6118: 
17748: 16927,17359
17558: 15370,17697
13242: 13314,13799,13082,13066
4646: 17755,17500
8197: 
13719: 12947,5939,8180,13220,13602
13135: 13507,13377,13361
13207: 13701,13097,13393,13721
7500: 
15890: 17729,17775
13167: 17572,13730,3858,12912,12851,13646
17076: 
13225: 13376,17468
13563: 13143,13026,13052,13047,17737,12937
17711: 
17326: 17662,17428
17096: 17636,17077,4335,13488
17061: 17574
13668: 13321,13523,12930
17458: 16445
17717: 12987,5873,4694,17719
16984: 
9476: 10220,13187,16132
13299: 13405,12951,13402,15688,17259
15814: 
17787: 17058,13443,13757
13535: 8539,13717,13062,12972,12825
15810: 17668,11559,13772,13548,17769
17486: 
12903: 13770
17186: 17665
1884: 12941,2470,13373,17519
12969: 16527,12871
17636: 17096,13561,12899,12829,12979
17122: 13626
13666: 13293,13165,14968
13328: 13691,16574
7996: 
13124: 13011,13268,13000
17700: 5065,16487
1893: 17641,16995,17710,13452
2171: 12856,15724
17647: 17709
16306: 13122,17260,13273,6347
12901: 13726,13333,17757,13033,13059
16943: 
17610: 
17365: 17589,13172,17548,13493,17771
12889: 13734
13543: 13809,16333,4678
5939: 12947,13719,13605,13062,13028
13357: 13134,13406
16643: 17104,17758
12951: 13405,13299,13437,13645
17505: 17057,16784
17502: 
13568: 12196
12845: 16876,13664,13650
13557: 12876,13193
13624: 12919,12968,13404
4683: 5379
13726: 12901,13032,13059,13392,13789
7289: 13158,13450
6347: 13273,16306,12818,13122
5374: 13366,12874
5727: 
13026: 13563,13143,12937,13537,13088
10191: 13256,13152
12887: 12970
16954: 17668,11559,17005,12568
13693: 17731,12921,13534,13540
13501: 13244,13643,17226,13515,13001
13385: 13277,13534,13092
12955: 13539,13615
7606: 
12999: 13359,17682,13781
12919: 8883,13624,13404
13166: 12977,13073,17669,13456,13223,13319
4654: 6071
13047: 13810,13052,13563,17737
17570: 7296
16920: 17449
13345: 17707,13704,13807,13178
17281: 16905,2967,15545,13637
17406: 17163,17191,16286
17752: 16455,6210
13751: 12892,13685,2967,2241,17590,13358
17553: 17746,17100,13628
17788: 16709
17789: 17702
17790: 9981
17791: 5955