9266: 9877,9718,9454,9602,9523,9348
9886: 9832,9694,9413,9312,9426,9702
9339: 9553,4893,3778,9337,9440,3485,3777
9882: 9245,9895,1892,9745,9840
9378: 9640,9292,9420,9545,9456,9277
5: 
5727: 5331
2743: 4330,3715,3321,9704,3615,3712
4811: 4525,4937,4626,4004,4826,9602
3874: 3983,3471,9506,5870,5676,5478
5975: 5876,9588,9805,9967,5775,9379
8475: 
9376: 7719,8033,9484,9426,9346,9413
10012: 6967,9714,10031,9880,10009,7146
9954: 9474,9948,9730,9451
9562: 5917,4616,5138,9249,9784,9429
1556: 2733,9554,9859,1225,9491
9482: 9352,9408,9574
10017: 9871,9808,9574,9985
10007: 8970
9833: 9687,9783,9953
10011: 9891,9576,9932,10036,9925,9878
9394: 4073,4068,2968,4773,9533,9410,9455
2280: 2189
9092: 
9962: 2699,1622,9879,9663,10026,9946
7010: 6930,9499,7014,9993,9465,9289,9534
5215: 5917,9668,3210,4605,5010
9354: 9402,9465,9550,9458,9310,9499
4218: 3506,3607,3121,2540,9269,9392
30: 
4867: 4771,9533,4347,5755,5064,9311
6358: 5882,7360,9508,9458,6071,9310
9848: 5475,5572,9884,9710,5466,10019
34: 
7009: 7383,8186,7292,7117,7195,7014,6749,9436
9294: 9703,10025,9503,9454,9523,9480
9663: 9879,9918,9758,2321,2699,9962
9392: 9483,9269,3506,4218,4322,9633
8694: 6385,8631,8496,9971,9930,8498
40: 
6085: 5775,6280,9860,7123,9379,9696
9533: 4771,4867,9394,9410,9311
9362: 9476,9398,9244,9529,9377,10042
9782: 9907,217,9338,9460,9446,10040
9265: 9305,5856,9909,9549,9968,9306
9317: 9982,8710,8770,8991,9297,9556
9588: 5876,9355,5975,9252,9593,9379
6884: 
7345: 7080
2600: 9758,2685,9669,2585,2321
9633: 9670,9459,9280,9483,9392,4322
9280: 9633,9670,4937,4322,9602,9877
6347: 9964,6155,5564,5070,6349,5466
9645: 9717,9709,9813,2649,3119,9335
9295: 9758,9247,9528,9427,9918
56: 
1740: 
4322: 4525,4937,3506,9392,9633,9280
9469: 9494,9417,9309,9847,9908,9801
5010: 4603,4605,6508,5215,9668,9401
9945: 9826,965
9779: 9753,10031,9880,5403,5408,5302,9977
9914: 9896,9341,9685,9847,10016,9906
9851: 93
9943: 9920,9650,9638,9529,9435,9647
4893: 9553,3778,3982,9339,5578,4891
8150: 8225,7992,8309,7988,9448,9356
5475: 5572,5574,9848,5070,5754,5466
9855: 6517
7564: 9885,9497,9596,9846,5792,7563
9829: 9760,9736,9769,9655,9707,9798
9434: 9711,9447,9373
73: 336
9709: 9700,9717,9645,9246,9335,9761
2135: 1867,1525,2133,9399,9382
9519: 9594,9340,9285
4979: 10010,2678,3184,9810,9322,9607,10001
9325: 9476,9398,10033,9364,9463,9261
9854: 9800,9787,9691,9767,9926,9889
6658: 9601,9575,9860
7870: 
9398: 9476,9362,9244,9325,9659,10033
9765: 9677
9699: 9883,9657,9950,9791,9775,9345
9629: 9556,10005,9297,9600,9894,9960
8343: 
9510: 9997,9862,9286,9822,9675,10010
9814: 9922,9897,9955,9935,9328,9825
5640: 
7355: 
9691: 9800,9854,9889,9545,9450,9292
9922: 9814,9897,9876,9921,9955
93: 9851
9617: 9938,9448,9795,7494,10029,7988
7318: 7742,7821,8222,9284,7996,7581
9880: 10031,9779,10012,7434,10009,9977
9698: 9969,9807,9883,9853,9804,9440
9787: 9800,9854,9892,9438,9767,9634
3321: 9790,3722,9704,3731,2743,3715
2523: 9547,9788,9275,9743,9321
9738: 9835,9754,9846,6849,5400,5508
7979: 7818,9081,7570,7565,9504,8879
9907: 217,9782,9338,9793,9273,9326
9754: 9835,9738,9846,9852,9303,9885
9819: 9748,9972,2689,2403,9399,9500
6517: 9855
9565: 9515,9416,9806,9329,9775,9487
9918: 9879,9414,9663,9528,9758,9295
9788: 9547,3786,2523,9321,10002,9940
5613: 9494,9417,9684,5403,5408,5508
9426: 9376,8033,9413,9886,9836,9702
9722: 9708,9720,9715,9813,9296,9335
5400: 5403,5508,9738,9846,5792
3982: 9553,4893,9259,4498,5578,4486
9761: 3907,9246,9700,9709,9342,9357
9852: 9622,9303,9453,9915,9835,9754
8189: 8192
9858: 9996,9827,9811,9794
1861: 9405,9551,9949,9682
9724: 9801,9764,9860,9309,9601,9696
10010: 3184,9810,4979,9510,9822,10001,9675
9609: 9579,9327,9572,4139,9555
9729: 9486,9928,10024,9705,9472,7617
9405: 9551,1861,9257,9682,9748
9878: 9255,9500,9925,9972,9576,10011
4485: 5676,5395,3983,3778,4891
127: 
1494: 1246
9964: 6347,6155,5564,9873,9872,9776
6437: 9690,6249,6155,6349,9695,6537
9838: 9866,9689,9870,9994,10000
9899: 9874,9665,9425,9374,9774
9982: 9317,8710,10003,9556,9571
4463: 4255,4155,4164,4146,4569,4347
2333: 3207,9430,9366,4083,9259,2822
1729: 
9245: 9882,9895,1630,9552,9363,9635
9467: 9478,9290,9477,6639,7646,7811
9974: 9869,9933,3786,9837,9487,3486
9868: 4941
141: 
7181: 
9572: 9609,9327,3850,9986,9630
5564: 9964,6347,9578,5664,5070,9872
1793: 683,9806,10040,9626,217,616
3119: 3121,1727,2649,9717,9645,3607
3540: 3345
9431: 9566,9315,9324,9464,9288,9300
8498: 8211,9930,8694,8496,9919
5870: 6348,3674,9433,9506,3874,5478
3121: 3025,1727,2540,3119,3607,4218
9407: 8867,7723,9892,9019,9438,9661
5578: 9475,4891,4697,4893,3982,4486
9401: 9979,9911,9726,6508,5010,9668
155: 
156: 
9708: 9722,9720,9715,9624,1553,9903
9644: 9896,9341,5207,5202,6508,9911
9382: 9255,9500,9637,9399,2135
9246: 9443,9296,9335,9709,9342,9761
9985: 9632,9755,10018,9808,10017,9871
9957: 3731,9713,9990,10041,10038,3517
163: 
10002: 9321,9388,9788,9940,9316
9606: 927,9389,9905,9780,9267
5920: 6420
2858: 3835
8192: 8189
9983: 8346
7934: 9683,9842
9485: 9585,9333,9759,9924,9796,9697
9324: 9464,9473,9527,9428,9431,9566
9319: 9813,9913,2649,9585,9720
9446: 9263,9460,9803,9537,9782,9338
3607: 3506,4218,4521,3121,3119,9717
2194: 
9413: 9733,9312,9376,9484,9426,9886
9843: 9770,9934,9856,9281,9586
9523: 9454,9266,9703,9294,9348
9736: 9760,9829,9270,9821,9823,9769
9648: 9400,9701,9518,9849,6204,9666
5084: 5676,5395,5478,5970,9384,9575
3504: 4083,4498,3903,3998,5413,4603
5041: 
9253: 7434,9517,9636,9299,9274,9631
9581: 9653,9881,9844,9492
9596: 7564,9497,7563,9971,9368,8631
9259: 4083,4498,2333,9366,9553,3982
9895: 9882,9245,9780,9840,9635,927
8264: 
9367: 9578,9410,9311,9539,9490
9258: 9513,9723,9412,9573,9538
9299: 6665,6385,9639,9636,9253,9274
9893: 9692,9336,9437,9592,9786
9433: 9506,9330,9313,9502,5870,3674
1950: 2407,2403,801,1592,2689
9450: 9545,9828,9976,9800,9691,9739
9741: 1251
1512: 9257,9281,2689
9700: 9717,9709,4521,3907,4626,9761
9650: 9920,9773,9943,9805,9647,6731
4941: 9868
9669: 9874,2600,2685,9747,9774,2585
3731: 9957,9713,3517,3722,3321,3715
9976: 9625,9634,9800,9641,9739,9450
9385: 9288,9370,9300,9900,834,9791,9807
9662: 9611,9822,9428,9742,2987,9997
1594: 1178
2778: 2585,9361,2321,2699,2974,2509
9870: 9947,9693,9838,9994
9815: 9771,10041,9990
9586: 9674,1592,9843,9956,9856
6071: 9458,6639,6358,5882,9355,9478
10000: 9422,9994,9838,9689,9462,9797
7080: 7345
9849: 9979,9726,9861,9666,9701,9648
217: 9907,9782,9273,1793,10040,616
9941: 9992,9792,9901,9658,9873,10035
9908: 9685,9847,9278,9309,9511,9469
9920: 9650,9773,9943,9529,9839,10042
9569: 9328,9262,9734
9544: 10022,9778,9386,9952,9359,9712
7901: 8766,8990,7737,9081,7742,9194
9529: 9638,9377,9362,10042,9920,9943
7292: 8126,8186,7009,9436,9346,7719,8333
9656: 9781,9798,9728,9769
9681: 9984,9844,9739,9828,9653
7494: 9795,9649,9617,8513,7581,7988
7965: 8333,9568,7721,8046,9625,9391
8904: 
9716: 9653,9881,9864,9381,9995
9470: 2721,9902,9365,9557,2536,9358
9515: 9416,9565,9706,9272,683
5064: 5755,5256,4448,4569,4347,4867
9677: 9765
9769: 9728,9823,9829,9736,9798,9656
237: 
9261: 9603,9884,9364,9476,9325,5572
9248: 9268,9430,9298,9441,9536,9590
9970: 9351,9845,9579,10023,9862,9671
9965: 9742,9542,10023,2509,2609,9671
9667: 9603,9884,9839,9561,10019,9301
9461: 9263,9803,9496,10037,9642
9593: 7123,9379,9915,9588,9252,9622
8391: 
9373: 9447,9998,9452,9678,9434,9711
9723: 9513,9646,9258
9570: 9506,9330,9370,9900,3471,3284
9594: 9519,9293,9340,9750
9637: 9255,9382,9415,9251,2305
2305: 2492,9247,9372,9637,9415
9971: 10043,9368,9930,9596,8694,8631
9575: 9511,9601,6658,5084,5970,9384
9830: 9276,9719,9956,9674
9445: 9566,9315,9611,10001,9322,9287
9673: 9672,9863,9811,9794
9612: 9770,10004,9551,9257
9516: 9520,9771,9713,9990
10035: 9867,9471,9901,9305,9992,9941
7899: 6483,9260,9419,7818,7737,7821
9406: 5775,6280,5585,9512,9967,9540
9824: 10039,9727,9571,10005,9664
10006: 9992,9792,9817,9975
9822: 9611,9662,10001,9997,9510,10010
3778: 4893,9339,3485,3777,3983,4485,4891
9917: 9988,9938,9334,9353
2391: 4057,9541,2580,3166,3860,4255
9832: 9886,9694,9702,9981
9257: 1512,9281,9612,9770,9405,9551
7721: 7641,8186,7723,7965,8333,8046
5856: 9901,9305,5051,9909,9265,4950
9582: 9597,3850,9375,10032,9591
8020: 
274: 
275: 
2476: 
9418: 9912,9621,9772
9486: 9729,9928,9289,9705,9534,9390
8046: 9625,9634,7721,7723,9892,7965
7836: 7146,6583,7505,6389,8081,8596
9592: 9437,9353,9334,9356,9336,9893
2585: 9361,2321,2778,9669,2600,9747
1630: 9552,3295,9245,1892
9969: 9807,9698,9900,9440,3777,3284
9546: 9560,9564,9610,9827,9749,9567
9909: 5856,9265,9755,4950,9404,9549
9793: 9907,9338,9326
9481: 3701,3205,9254,3502,9250,9279
10037: 9781,9798,9496,9655,9461,9803
9494: 9469,9417,5613,9684,9847,10016
6695: 
3786: 9547,9788,9974,9933,3486,9940
3907: 4710,4626,4004,9761,9700,9357
3983: 3874,3777,3471,3284,3778,5676,4485
9979: 10020,9911,9401,9726,9849,9666
9726: 9979,9401,9849,9668,9861,9784
7117: 7383,7009,6749
9473: 9324,9464,9468,9439,9676,9527
299: 411
1892: 9882,3295,9474,9745,1630
9686: 9984,9456,9618,9277
9801: 6849,9764,9724,9309,9469,9417
10029: 9795,9740,9395,9988,9938,9617
3372: 9527,2987,2609,1622,2974,9439
9755: 9985,9632,10018,9404,9549,9909
8296: 8513,7996,8372,8222,8710,8770
9682: 9888,9925,9405,1861,9748,9972
9772: 9620,9621,9418,9332,9424
309: 
9836: 9702,9587,8033,9426,9688,9423
9585: 9485,9333,9697,9913,9319
9542: 9965,10023,2509,9630,9361,9327
5754: 5664,5070,9455,4271,4773,5475,5574
9500: 9255,9382,9878,9819,9972,9399
9733: 9413,9951,9312,9928,10024,9484
316: 
9888: 9682,9925,9931,9949,9891
9291: 9363,9635,2554,9812,9264,9530
4068: 4073,9394,2968,4771
3860: 3166,9256,9489,4255,4155,2391
10025: 9703,9294,9480,9678,9711
9916: 9995,9587,9688,9864
6155: 9964,6347,6349,6537,9776,6437
9428: 9611,9662,9527,2987,9324,9566
8609: 
9503: 4826,5138,4719,9454,9480,9429,9294
9411: 9351,9845,9535,9541,9605,9479
9714: 6009,6967,10012,9768,7252,10031
9597: 9582,3850,9396,9425,9375
9580: 9369,9323,9460,9393,10040,9626
9873: 9658,9872,9964,9792,9941,9776
9599: 9799,9522,9887,9513,9646,9498
9803: 9263,9446,9461,9781,10037,9537
334: 9850,9732
9327: 9609,9579,9572,9630,9542,10023
336: 73
3998: 4293,3903,9409,2822,4083,3504
5413: 5207,5202,4486,3504,4498,4603
9753: 10031,9779,9684,9898,9768,5408
4826: 5138,9503,4719,4004,4811,9454
2699: 1622,2974,9962,9663,2321,2778
9778: 10022,9544,9386,9831
2024: 3947,3255,9283,9374,9424,9665
3722: 9790,3321,9520,3731,9713,9816
8426: 
7340: 
9926: 9919,9889,9767,10043,9930,9854
9826: 9945
3207: 2333,9268,9430,3701,3205,2822
9912: 9621,9418,9756,9744
6731: 5882,7360,9650,9773,9805,5876
10024: 9729,9928,9472,9733,9951
3345: 3540
9316: 9557,2536,2165,9388,10002,9818
10003: 9762,9752,9982,9571,10039
9697: 9679,9796,9304,9585,9485,9913
6420: 5920
7581: 8513,7996,9284,9649,7494,7318
359: 2407,2133,874,9760,1525,9707
9891: 10011,10036,9931,9888,9925
4486: 5413,5207,5202,3982,4498,5578,4697
2906: 9730,2526,2244
9757: 9746,9958,9837,9865,9657,9950
9911: 9979,10020,9401,6508,9896,9644
9987: 9214
9821: 9719,9270,9736,9823
6849: 9801,9764,9417,9835,9738,5508
9689: 9838,9866,10000,9799,9887,9797
3850: 9597,9582,9986,9572
9628: 9904,9419,9623,9616,9271,9260
6140: 
1666: 
9701: 9400,9785,9648,9849,9583,9861
9671: 9997,9862,9742,9965,10023,9970
9748: 9819,9972,2689,9405,9682
376: 492
9499: 7010,6930,9465,9354,9550,6460
9584: 9449,9444,9497,9661,9660,9368
9329: 9775,9837,9487,9565,9950
9476: 9398,9362,9325,9603,10042,9261
9929: 9348,9718,9721
9463: 9364,9608,9595,9619,10033,9325
9813: 9319,2649,9722,9720,9335,9645
384: 
9271: 8081,9616,9344,9628,9904,9875
9984: 9844,9681,9686,9828,9456
9276: 9830,9719,9270,801,9674,874
9608: 9364,9463,9619,4271,4169,5574
9391: 9641,9381,7965,9568,9625,9349
8879: 9194,9219,9081,7979,9560,9504
9454: 9602,9523,4826,9503,9266,9294
1867: 2135,1525,9421,9372,9371
9379: 9593,7123,5775,6085,9588,5975
394: 
9616: 6389,8081,9271,9631,9623,9628
9668: 5917,5215,5010,9401,9726,9784
397: 
7723: 8867,9407,9892,7641,7721,8046
2364: 
9549: 9968,9755,10018,9909,9265
9444: 9449,9584,9509,9563,9019,9661
9194: 9038,8879,9219,9081,7901,8990
9145: 
9311: 9410,9367,5755,9533,4867,9539
9242: 9615,9125,8885,9038,9219,9567
9540: 9967,9647,9543,9435,9512,9406
3485: 3777,3778,9339
9331: 9489,9797,9799,9522,4155,4146
9638: 9529,9377,9607,9435,9308,9943
9752: 9762,9857,10003,8372,7992,8710
411: 299
9488: 9264,9495,9388,9514,9557,9365
7123: 9593,9379,9915,9696,6085
9646: 9513,9723,10027,9599,9887
9397: 9342,6018,9357,3210,9320,9409
4771: 9533,4347,4867,4164,4068,2968
9081: 7818,7737,7979,9194,8879,7901
9640: 9378,9292,9420,8205,6480,9237
9900: 9385,9370,9969,9807,9570,3284
9679: 9796,9697,3612,9304,9704,3712
9038: 9194,9219,8990,9242,8885,9039
9847: 9685,9908,9914,9469,9494,10016
8868: 
424: 1529
7821: 7742,7318,7899,9419,9284,7737
9247: 2305,2492,9372,9427,9295
2538: 3502,9250,9903,9358,9902,9493
9968: 9549,9265,9306
2271: 1996
7811: 9563,7119,9467,9477,7646,6916
9255: 9382,9878,9500,9637,9576,9251
9877: 9751,9718,9266,9670,9280,9602
10026: 9676,9991,9946,1622,9962,9439
3820: 4330,3715,3517,9966,9927
9539: 4950,9404,9350,5755,9367,9311
9309: 9511,9601,9908,9801,9724,9469
9551: 9405,1861,9612,9257
8885: 9242,9125,9038,9600,9039,9126
8513: 8296,7996,7581,8372,7494,8225,7988
9797: 9331,9489,9462,9689,10000,9799
9693: 9947,9834,9870
442: 634
9996: 9858,9794
10008: 9745,9948,9937,9840
9517: 7434,10009,9253,6583,9631,6389
3743: 2761
9784: 9249,9861,5917,5421,9562,9668,9726
9942: 9963,9651,9531,9447,9998,9457
449: 
6018: 9397,9357,3210,4710,5917,4616
9448: 9938,9334,9617,9356,8150,7988
7958: 
9371: 9642,9427,1867,9496,9421,9372
9973: 9728,9823
5792: 9627,7563,9846,5403,5400,7564
456: 
9988: 9712,9917,9395,10029,9938
9666: 6204,6011,9979,10020,9849,9648
7609: 
9938: 9334,9448,9617,9988,9917,10029
9365: 2721,9470,1225,9488,9495,9557
5129: 
9300: 9288,9385,9370,9431,9315,9526
8991: 8766,8990,9317,8770,9297,9039
7737: 7818,9081,7899,7742,7821,7901
466: 
9665: 9874,9899,9737,2024,9283,9374
9166: 10014
9432: 9475,4697,5202,9685,9278,9341
9615: 9242,9125,9749,9567,9863,9548
9670: 9633,9459,9280,9959,9877,9751
9561: 9936,9508,10019,9301,9643,9667
9850: 334,9732
9995: 9916,9864,9716,9881
475: 535
2540: 3025,3121,2928,3027,4218,9269
9809: 616,9869,9933,9273,9589,9923
2133: 2407,359,2403,9399,2135,1525
9414: 9879,9918,9528,9393,9323
480: 
9496: 9421,9655,10037,9642,9371,9461
9466: 9457,9559,9735,9525,6682,7417
9840: 9937,9780,9745,10008,9882,9895
9711: 9434,9678,10025,9373
9717: 9700,9709,9645,3119,3607,4521
1622: 2699,2974,9962,10026,3372,9439
8770: 9317,8710,8222,8296,8766,8991
9550: 9458,6639,9354,9499,6460,7646
9277: 9618,9613,9456,9378,9420,9686
4498: 4083,3504,9259,3982,5413,4486
9079: 7565,9237,8211,6671,6480,7570
492: 687,376
8599: 
9627: 5792,9639,7563,9636,5403,5302,9977
1529: 424
9577: 9536,9493,9380,2536,2165,9358
5395: 5676,5084,9384,4485,9475,4891
9527: 2987,3372,9324,9473,9439,9428
1709: 2526,2244,2153
9524: 9959,9282,9459
9739: 9641,9976,9828,9450,9681
5876: 9355,9588,5975,9805,6731,5882
9359: 9952,7847,9544,9505,9395,9712
8737: 
8627: 
9785: 9531,9400,9701,9583,9998,9452
9842: 9683,7934
9427: 9528,9642,9371,9247,9372,9295
7259: 
4134: 
9632: 9985,9755,9808,9604,9404,9350
7880: 
513: 
1849: 
9531: 9400,9785,9998,9457,9559,9942
9603: 9884,9667,9839,10042,9261,9476
2822: 4293,3998,2333,3207,3205,4083
9416: 9515,9565,9272,9775,9468,700,9345
9684: 9494,5613,10016,9898,5408,9753
9652: 9680,6041
6041: 9680,9652
9436: 9346,9534,9390,7014,7292,7009
2407: 2133,359,2403,1950,801,874
9823: 9728,9769,9973,9821,9736
9318: 9501,9894,9960
9286: 9510,9862,9845,9479,9532,9675
9564: 9560,9504,9546,9307,9613,9610
9621: 9912,9418,9756,3947,9772,9424
9903: 2538,9250,9902,1553,9708,9715
6916: 6460,7646,6749,7811,7119,7383
9474: 9954,9745,9948,1892
9871: 10017,9985,10018,9820
9310: 9458,9508,9643,6358,9402,9354
1419: 
535: 475
3903: 3998,9409,3504,4603,4605
537: 
9545: 9828,9450,9456,9691,9378,9292
9393: 9263,9460,9414,9323,9580
9273: 9589,9326,9907,217,616,9809
7563: 5792,9639,9627,7564,9596,8631
9703: 10025,9294,9523,9348
9283: 9415,9251,3255,2024,9665,9737
9278: 9685,9908,9384,9432,9475,9511
9507: 9387,9548,9558,9672,9802
3205: 3701,9254,9481,3207,4293,2822
2153: 1709,2526
5572: 5475,5574,9848,9364,9884,9261
9464: 9324,9473,9468,700,9431,9288
9807: 9969,9698,9883,9791,9385,9900
9905: 9937,9780,9606
9293: 9786,9692,9750,9594
10014: 9166
9518: 9400,9648,6204,6009,9559,9525
9425: 9374,9332,9899,9597,9396
9479: 9595,9605,9411,9845,9286,9532
4146: 4155,4463,9522,9331,4569,4450
9825: 9328,9814,9897,10028
9267: 10021,9606,9389,9961
9658: 9873,9872,9490,9901,5051,9941
561: 760
9756: 9912,9621,9744,9932,10036,3947
9614: 9306,9471,9343
9883: 9657,9699,9791,9853,9807,9698
4448: 4569,4450,4650,4858,5064,5256
9879: 9918,9414,9663,9323,9962,9946
9396: 9597,9620,9425,9332,9834,9375
1446: 1617,1044
7195: 7009,7014,6749
2468: 2189,2658
9404: 4950,9350,9539,9632,9755,9909
2721: 9470,9902,9365,1225,1553
9275: 9923,9598,3991,9547,2523
9587: 9836,9702,9688,9981,9916
10015: 9975,9687,9783,9725,9347,9314
10034: 9402,9695,9936,9643,9690,9944
9844: 9984,9681,9581,9653
4004: 4710,3907,4626,4811,4826,4719
9459: 9633,9670,9483,9282,9524,9959
9687: 10015,9783,9314,9833,7617,9953
9563: 7811,7119,9019,9477,9444,9509
9659: 9532,9675,10033,9810,9398,9244
9953: 9472,7617,9687,9833
1873: 1616
7014: 7010,6930,6749,9436,9534,7009,7195
9977: 7434,5302,9779,9880,9627,9636
9898: 10016,9906,9768,9684,6011,9753
588: 645
9773: 9920,9650,9839,9301,6731,7360
5332: 
9657: 9883,9699,9950,9746,9853,9757
9618: 9613,9277,9610,9686
9767: 9438,9660,10043,9854,9787,9926
9672: 9673,9863,9507,9548,9802
9904: 9628,9419,9284,9271,9649,9875
596: 731
8614: 
9308: 9543,9435,9502,9607,9403,9638
8318: 
9763: 9690,6249,9944,9989,9347,9993
9281: 1512,9257,9843,9770,1592,2689
9676: 10026,9991,9272,9473,9468,9439
9298: 9746,9441,9958,9536,9380,9248
6671: 8211,7478,6483,9079,7570
5755: 5064,5256,4867,9350,9539,9311
9377: 9638,9529,2678,9607,9362,9244
4710: 3907,4004,6018,9357,4616,4719
9409: 4293,3903,3998,9397,3210,9320,4605
9955: 3615,4232,9922,9814,9935
9750: 8451,9340,9692,8376,9293,9594
9740: 9505,9344,9395,9795,9875,10029
1571: 
9251: 9283,9415,9576,9255,9637,3255
614: 
9718: 9877,9751,9266,9721,9929,9348
616: 9869,9809,217,9273,9806,1793
9579: 9609,9327,10023,9351,9970,9555
9287: 9313,9403,9526,9315,9445,9322
9653: 9716,9581,9881,9844,9681
9605: 9595,9619,9479,9411,9541,2580
9422: 9994,10000,10032,9591,9442,9462
2685: 2600,2492,9874,9669,9737
9386: 9544,9778,9712
9288: 9385,9300,9464,700,834,9431
3835: 2858
9867: 10035,9471,9343,9992
9861: 9583,9249,9784,9726,9849,9701
1592: 9586,801,9281,2689,1950
8596: 9505,9344,7836,7847,7505,8081
630: 910,978
3502: 2538,9250,9493,9268,3701,9481
7641: 7383,8186,7721,8867,7723
9358: 2538,2536,9470,9902,9577,9493
634: 442
1387: 
3818: 
5466: 9710,6349,5070,5475,9848,6347
9685: 9847,9908,9278,9432,9341,9914
9297: 9600,9039,8991,9317,9556,9629
9468: 9464,9473,9676,9416,9272,700
9388: 9321,10002,9514,9488,9557,9316
9636: 9639,9627,7434,9977,9253,9299
9696: 7123,9915,6085,9860,9764,9724
9429: 9480,9360,9562,5138,9503,9249
645: 588
2928: 3027,4331,3810,3025,2540
7770: 7936
5051: 9901,5856,4950,9658,9490
9967: 9805,9647,9540,9406,5775,5975
9894: 9501,9318,9600,9126,9629,9960
9342: 9397,9357,9320,9443,9246,9761
2761: 3743
9948: 9954,9474,9745,10008,9451
4331: 2928,3027,3810,9935,9328,9262
9816: 9759,9731,10021,9520,9790,3722
7936: 7770
9333: 9585,9485,9924,9624,9491
4073: 9394,4068,4271,4169,2968,4773
9509: 9449,9444,9477,9303,9453,9563
2658: 2468
5426: 
6537: 9817,9725,9776,6155,6249,6437
9526: 9313,9287,9315,9370,9300,9330
9776: 9817,6537,9873,9964,6155,9792
9559: 9457,9466,9525,9531,9400,9518
9372: 2305,9247,1867,9427,9371
9370: 9385,9300,9900,9526,9570,9330
4757: 9573,9352,9408
9623: 9274,9631,9616,6093,9260,9628
4164: 4255,4463,4057,4771,4347,2968
9818: 9940,9865,9316,2165,9958,9380
9260: 6483,6093,7899,9623,9628,9419
9758: 2600,9295,9918,9663,2321
3701: 3205,9481,9493,3502,9268,3207
7439: 
9989: 9289,9347,9705,9314,9763,9993
9502: 9543,9308,9313,9403,9433,3674
9642: 9528,9427,9371,9496,9461
2733: 1556,9554,9495,9530,1225
9285: 9939,9340,10030,9519,9789
9506: 9433,9570,9330,3874,3471,5870
9480: 9678,9360,9429,9503,10025,9294
683: 9806,1793,9626,9515,9706
3712: 3615,4232,9704,2743,9679,3612
9924: 9759,9731,9859,9491,9485,9333
3491: 9552,2806,3991
687: 492
9491: 9624,1556,9859,9924,9333
9560: 9564,9504,9546,8879,9219,9567
9661: 9438,9660,9019,9444,9584,9407
9256: 3166,3559,3860,9442,9489,9462
9770: 9843,9934,10004,9612,9257,9281
4139: 9591,9442,9609,3559,9555
9384: 5395,5084,9475,9511,9575,9278
9771: 9815,9516,9990
9786: 9293,9692,9893
2554: 9291,9635,927,9389,9530
698: 
7742: 7318,7821,8222,7737,7901,8766
700: 834,9345,9416,9464,9468,9288
9651: 9963,9942,9831,9447
9695: 9710,6349,9936,9690,6437,10034
9925: 9888,9682,9972,9891,10011,9878
9290: 9478,9467,9477,9252,9622,9453
9934: 9843,9770,10004,9856
9244: 9398,9362,9659,2678,9810,9377
707: 
9952: 7417,7847,9359,9735,10022,9544
709: 
2580: 4057,2391,9541,9605,9619,4169
9869: 9974,616,9933,9809,9806,9487
9513: 9646,9723,9258,9599,9538,9498
9315: 9431,9566,9445,9300,9287,9526
10013: 9352,9412
5508: 5403,5400,6849,9417,5613,9738
9437: 9353,9592,9893
2509: 9542,9965,9361,2778,2974,2609
9576: 10011,9932,9255,9878,3255,9251
9440: 9337,9804,9969,9698,3777,9339
9889: 9926,9919,8205,9854,9691,9292
9340: 8451,10030,9750,9594,9519,9285
722: 
723: 792
3506: 3607,4218,4521,9392,4525,4322
8081: 6389,9616,9271,7836,9344,8596
9173: 
6348: 9512,5870,3674,5478,5970,5585
2293: 
2953: 2662
9350: 9404,9539,9604,5755,5256,9632
731: 596
3517: 10038,9966,3731,9957,3715,3820
9896: 9341,9914,9644,10020,9911,9906
10022: 9544,9778,9735,9963,9831,9952
4131: 9777
9272: 9515,9416,9706,9676,9991,9468
9735: 9457,9466,9963,7417,9952,10022
9430: 2333,9268,3207,9248,9366,9590
9863: 9672,9673,9749,9811,9615,9548
9337: 9590,9804,9440,9366,9553,9339
9219: 9038,9194,8879,9560,9567,9242
9521: 9483,9269,9282,3027,9262,9734
10028: 9890,9897,9825
9435: 9543,9308,9638,9943,9647,9540
7191: 
5478: 5676,5084,5970,3874,5870,6348
3715: 2743,4330,3820,3731,3517,3321
9622: 9852,9453,9252,9593,9915,9290
10019: 9936,9561,9848,9884,9667,9710
2002: 1909
9465: 9402,9354,9944,7010,9499,9993
7360: 6731,6358,5882,9773,9508,9301
8309: 7992,8150,8376,9857,8451
9804: 9590,9337,9440,9441,9853,9698
9906: 10016,9898,9896,9914,10020,6011
9356: 9334,9448,9592,8150,9336
9347: 9989,9314,9725,6249,9763,10015
1553: 9624,2721,9902,9903,9708
9399: 2133,2403,9819,9382,9500,2135
760: 561
9864: 9349,9688,9381,9995,9916,9716
9574: 9302,9808,9408,9482,10017
9992: 9792,10006,9941,10035,9867
9743: 9980,9812,2523,9321,9514
9783: 10015,9975,9687,9833
9910: 
9706: 9515,9272,9369,683,9626,9991
9664: 9960,10005,9824
4697: 9432,9475,5578,4891,5202,4486
6665: 9299,6385,8496,9274,7478,6093
6385: 8694,6665,9299,8631,8496,9639
9390: 9436,9346,9534,9486,9928,9484
9304: 9679,9697,3612,9913,3025,1727
9806: 683,1793,616,9869,9565,9487
9348: 9929,9523,9718,9266,9703
6009: 6967,9714,7252,6204,9518,9525
2198: 
7818: 7737,9081,7979,7570,7899
9417: 9469,9494,5613,6849,9801,5508
9959: 9524,9670,9459,9751
6804: 
9423: 9349,9688,8033,7885,9568,9836
9655: 9496,9421,9707,9829,10037,9798
9781: 10037,9798,9656,9537,9803
9412: 10013,9352,9258,9573
9639: 9627,7563,9636,9299,6385,8631
9859: 1556,9554,9961,9731,9924,9491
8395: 
9795: 9649,7494,9875,10029,9740,9617
9817: 6537,9725,9776,9792,10006,9975
9936: 9561,10019,9643,9710,9695,10034
792: 723
9705: 9989,9289,9314,7617,9486,9729
8346: 9983,8485,8970
7617: 9472,9953,9687,9705,9314,9729
9306: 9614,9968,9305,9265,9471
9620: 9772,9332,9834,9396
9737: 9874,9665,9283,9415,2492,2685
10021: 9520,9267,9961,9816,9731
8485: 8273,8346,8970
801: 9674,1592,9276,2407,1950,874
9383: 9589,9326,9598
8273: 8485
5574: 5475,5572,4271,4773,9364,9608,5754
2536: 9557,9316,2165,9470,9577,9358
9913: 9319,2649,9585,9697,9304,1727
9268: 3207,9430,9248,9536,9493,3502,3701
4293: 3998,9409,2822,3205,9254,9320
6389: 8081,9616,9517,6583,7836,9631
9363: 9291,9635,9552,9245,9980,9812
9674: 9586,801,9956,9276,9830
4626: 3907,4004,9700,4521,4525,4811
9284: 9904,9419,9649,7318,7821,7581
9730: 2906,9954,9451
9553: 4893,3982,9339,9337,9366,9259
7265: 
8376: 9692,9336,8309,8451,9750
3810: 2928,4331,9935,3612,4232
9937: 9905,9780,9840,10008
1617: 1446,1044
9798: 9781,10037,9656,9829,9769,9655
8695: 
9725: 9817,6537,6249,10015,9975,9347
3255: 3947,2024,9576,9932,9283,9251
8970: 10007,8485,8346
9944: 9690,9763,10034,9402,9465,9993
8972: 8921
8372: 8513,8296,8225,7992,8710,9752
9487: 9329,9837,9806,9974,9869,9565
9972: 9748,9819,9682,9925,9878,9500
6093: 6483,9260,6665,9274,9623,7478
9336: 9692,8376,9893,9356,9592
9820: 9871,10018
834: 700,9345,9791,9288,9385
7146: 6583,7836,6967,10012,6682,10009,7505
9400: 9531,9785,9701,9648,9518,9559
1340: 1178,1019
9625: 8046,9634,9976,7965,9391,9641
2968: 4073,9394,4068,4169,4164,4057,4771
6011: 7252,6204,9666,10020,9898,9906,9768
9389: 927,9606,2554,9267,9554,9961
9897: 9922,9814,9921,9890,10028,9825
2806: 3491
9305: 9901,5856,9265,9306,10035,9471
9501: 9318,9894,9126,9387,9558
6508: 4603,5010,5207,9644,9911,9401
8205: 9919,9889,6480,9640,9292
848: 
5408: 5403,5613,9684,9753,9779
9302: 9808,9604,4858,9408,9574,4855
9810: 10010,2678,4979,9675,9659,9244
7646: 6460,6916,9550,6639,9467,7811
3559: 9535,3166,9256,9442,4139,9555
5256: 5755,5064,4448,9604,4858,9350
7248: 
6531: 
9947: 9693,9834,9375,9870,9994,10032
7847: 7417,9952,7505,9359,9505,8596
10030: 8451,9340,9762,9857,9789,9285
6118: 
861: 864
4057: 2391,2580,4255,4164,4169,2968
9387: 9507,9548,9558,9125,9126,9501
864: 861
8962: 
9528: 9642,9427,9295,9918,9414
9375: 9947,9834,9597,9582,9396,10032
9282: 9483,9521,9734,9459,9524
10041: 9815,9957,9990,10038
9442: 9591,4139,9422,9462,9256,3559
9049: 
7865: 
6349: 9710,5466,9695,6347,6155,6437
874: 9760,801,9276,9270,2407,359
9270: 9276,9719,9821,874,9760,9736
9747: 9986,9630,9774,9669,2585,9361
9940: 3486,9818,9865,3786,9788,10002
9019: 9563,7119,9444,8867,9407,9661
4330: 2743,3715,3820,9876,9927,3615
9719: 9276,9830,9270,9821
1727: 3025,3121,3119,9304,9913,2649
3025: 3121,1727,2540,3612,9304,2928
9591: 9442,4139,9582,9422,10032
9520: 10021,9516,9713,9816,3722
9262: 9328,9569,3027,4331,9521,9734
9424: 9374,9332,9621,3947,2024,9772
9710: 6349,5466,9695,9848,9936,10019
10020: 9979,9911,9896,9906,9666,6011
9647: 9805,9967,9540,9435,9650,9943
9732: 334,9850
9707: 9421,9655,359,9760,9829,1525
9837: 9329,9487,9974,3486,9865,9950,9757
9598: 9923,9275,9589,9383
3615: 3712,9955,4232,2743,4330,9876
9504: 9560,9564,7565,9307,7979,8879
5775: 9406,6085,6280,9967,5975,9379
9558: 9387,9507,9501
9999: 9866,10027
9841: 9654
9831: 9963,9651,10022,9778
9419: 9628,9904,9284,9260,7899,7821
9688: 9349,9423,9864,9836,9587,9916
5970: 5084,5478,6348,5585,9575
8631: 8694,6385,9596,9639,7563,9971
10027: 9866,9999,9646,9887
6204: 7252,9666,6011,9648,9518,6009
9335: 9296,9246,9722,9813,9709,9645
9471: 10035,9867,9343,9305,9614,9306
9472: 7617,9953,9729,10024
910: 630
9835: 9738,9754,9915,6849,9764,9852
9993: 7010,9763,9944,9465,9989,9289
9856: 9956,9843,9934,9586
9808: 9302,9604,9574,10017,9985,9632
9604: 9302,9808,4858,5256,9632,9350
9538: 9573,4855,9513,9258,4650,9498
9264: 9488,9495,9530,9812,9291,9514
4937: 4525,4811,4322,9280,9602
9126: 9600,9125,8885,9387,9501,9894
4719: 4826,5138,9503,4710,4004,4616
9567: 9749,9560,9546,9219,9615,9242
4616: 5917,9562,6018,4710,5138,4719
9827: 9749,9811,9610,9546,9858
1619: 
9351: 9411,9845,9970,9555,9579,9535
10040: 1793,9626,9460,217,9782,9580
927: 9606,9389,9895,9780,9635,2554
9403: 9313,9287,9322,9607,9308,9502
3777: 3485,3983,3471,3284,9969,9440,3778,9339
9796: 9679,9697,9759,9790,9704,9485
9789: 10039,9727,9762,10030,9285,9939
9530: 9264,9495,9291,2554,2733
9764: 6849,9801,9724,9915,9696,9835
9960: 9664,10005,9629,9318,9894
9950: 9657,9699,9329,9775,9837,9757
2189: 2280,2468
9611: 9662,9822,9428,10001,9566,9445
9477: 9290,9467,9453,7811,9563,9509
9921: 9876,9766,9922,9897,9890
2526: 1709,2244,2153,2906
3991: 9275,3491,9980
3027: 2928,4331,2540,9262,9269,9521
943: 
944: 
2492: 2305,9247,9415,9737,2685
4858: 9302,9604,4855,4448,4650,5256
7383: 7641,8186,7009,7117,6916,6749
3251: 
9981: 9832,9702,9587
9368: 9971,10043,9584,9497,9596,9660
9439: 9473,1622,10026,9676,9527,3372
9715: 9708,9722,9250,9903,9296,9279
4155: 4255,4463,4146,9331,9489,3860
9552: 1630,3491,9245,9980,9363
5633: 
6967: 6009,9714,10012,9525,6682,7146
6323: 
7992: 8225,8150,8309,8372,9857,9752
959: 965
6460: 7646,6916,6749,9550,6930,9499
9250: 3502,2538,9903,9715,9481,9279
9923: 9275,9598,9589,9933,9809,9547
4271: 4073,4773,9608,5754,5574
9269: 9483,9521,9392,2540,3027,4218
965: 959,9945
9794: 9858,9996,9811,9673
8044: 
9902: 2721,9470,1553,2538,9903,9358
9812: 9980,9743,9291,9363,9514,9264
9745: 9474,9948,10008,9882,1892,9840
3674: 9512,5870,6348,9433,9543,9502
972: 
973: 
9249: 9583,9861,9784,9562,9360,9429
9800: 9854,9787,9691,9634,9976,9450
9364: 9608,9463,9325,5572,5574,9261
8867: 9407,7723,7119,9019,7641
978: 630,1052
9374: 9425,9332,9424,2024,9665,9899
9568: 7885,7965,8333,9349,9423,9391
9876: 9921,9766,9927,4330,3615,9922
9483: 9269,9521,9282,9392,9633,9459
9421: 9496,9655,9707,1867,1525,9371
9720: 9708,9722,9624,9813,9319
9790: 3722,3321,9704,9759,9816,9796
9366: 2333,9430,9590,9337,9553,9259
9930: 9971,10043,8694,9926,9919,8498
9332: 9425,9374,9424,9772,9620,9396
9845: 9411,9351,9970,9862,9286,9479
10009: 7434,9517,9880,10012,7146,6583
8807: 8917
4950: 9404,9539,5856,5051,9909
9451: 9730,9954,9948
9573: 4757,9538,4855,9258,9352,9412,9408
3545: 3641
9578: 9410,9367,9455,9872,9490,5564
9381: 9391,9641,9349,9864,9716
9460: 9263,9446,9393,9782,9580,10040
6749: 6460,6916,6930,7014,7383,7009,7117,7195
9495: 9264,9488,9530,2733,9365,1225
9630: 9986,9747,9361,9327,9572,9542
9547: 3786,9788,2523,9923,9275,9933
9536: 9577,9493,9380,9298,9268,9248
9320: 9342,9397,9254,9443,4293,9409
9728: 9823,9769,9973,9656
1006: 1078
9557: 9316,2536,9388,9488,9470,9365
10016: 9898,9906,9847,9914,9494,9684
7719: 9376,8033,9346,7292,7885,8333
9792: 9992,10006,9941,9873,9817,9776
9749: 9827,9811,9567,9546,9615,9863
7570: 7818,7979,6671,6483,7565,9079
7988: 8225,8150,7494,9448,9617,8513
9762: 9857,9752,10003,10030,10039,9789
4232: 3615,3712,9955,3612,3810
6583: 7146,7836,9517,10009,6389
9039: 9297,9600,9038,8990,8991,8885
9872: 9658,9873,9490,9578,9964,5564
1019: 1340
9344: 9740,9505,8596,8081,9271,9875
9349: 9688,9423,9864,9568,9391,9381
9811: 9827,9749,9858,9794,9673,9863
9727: 9824,10039,9789,9939
9602: 9454,4937,4811,9280,9877,9266
8658: 
9484: 9376,9928,9346,9390,9733,9413
5403: 5408,5400,5302,5508,5613,9779,5792,9627
2987: 9527,2609,3372,9742,9662,9428
9997: 9510,9862,9671,9742,9662,9822
7885: 8333,9568,7719,8033,9423
9766: 9876,9921,9927,9978
8261: 
5207: 5413,5202,4486,4603,6508,9644
9631: 9274,9623,9517,9253,6389,9616
9860: 6085,6280,9601,6658,9696,9724
9301: 9508,9561,9667,9839,9773,7360
10018: 9985,9755,9871,9820,9549
5841: 
5202: 5413,5207,4486,9432,4697,9341,9644
7417: 9952,7847,7505,9466,9735,6682
10038: 3517,9966,10041,9957
1525: 2135,1867,2133,359,9421,9707
9323: 9369,9580,9393,9879,9414,9946
1044: 1616,1617,1446
4347: 4771,4867,4569,4463,4164,5064
5585: 9406,6280,9512,6348,5970
3839: 
2649: 9813,9913,9319,1727,3119,9645
9334: 9938,9448,9356,9917,9353,9592
9862: 9997,9510,9671,9286,9845,9970
9489: 9331,9462,9797,9256,3860,4155
1052: 978
9978: 9966,9766,9927
9731: 9759,9816,9924,10021,9859,9961
9721: 9751,9718,9929
8496: 8694,6665,6385,8211,7478,8498
9775: 9329,9416,9565,9345,9699,9950
9635: 9291,9363,2554,9245,9895,927
9634: 8046,9625,9976,9892,9800,9787
6930: 7010,9499,7014,6460,6749
9361: 2585,2778,9747,9630,9542,2509
9214: 9987
9279: 9443,9296,9250,9715,9254,9481
9641: 9391,9381,9739,9625,9976
9885: 7564,9497,9303,9754,9846,9449
4083: 3504,9259,4498,2333,3998,2822
1067: 
9346: 9436,9390,7292,9376,7719,9484
1069: 
9734: 9569,9262,9521,9282
9535: 3166,3559,9411,9351,9555,9541
9543: 9435,9308,9502,9512,3674,9540
9742: 9965,2987,2609,9997,9671,9662
9890: 10028,9921,9897
9680: 6041,9652
9994: 9422,10000,10032,9870,9947,9838
9352: 10013,9412,4757,9573,9482,9408
1078: 1006
9649: 9795,7494,9875,9904,9284,7581
9961: 9554,9859,9389,10021,9267,9731
9292: 9378,9640,9691,9889,8205,9545
5070: 5664,5754,5475,6347,5564,5466
9963: 9651,9942,9831,9457,9735,10022
9626: 683,1793,10040,9369,9580,9706
4169: 4073,2968,4057,2580,9619,9608
9571: 9556,10005,9982,10003,9824,10039
7775: 
4525: 4937,4811,4322,3506,4521,4626
1089: 
9011: 
9607: 2678,9322,4979,9403,9638,9377,9308
9986: 9747,9630,9774,3850,9572
5421: 5917,9784
9583: 9249,9861,9360,9785,9701,9452
9683: 9842,7934
9746: 9298,9441,9958,9853,9757,9657
9660: 9438,9661,9767,9584,10043,9368
9322: 4979,9607,10001,9445,9287,9403
3947: 3255,2024,9932,9621,9756,9424
9990: 9957,9713,9771,9815,10041,9516
9554: 1556,2733,9859,9961,9389
9512: 6348,3674,9543,9540,9406,5585
4569: 4448,4450,4463,4146,5064,4347
9452: 9373,9998,9583,9678,9360,9785
9341: 9896,9914,9644,9432,5202,9685
1909: 1996,2002
8392: 
9751: 9877,9718,9670,9959,9721
9939: 9285,9727,9789
7505: 7417,7847,6682,7146,7836,8596
9780: 9937,9905,9840,9895,927,9606
9866: 9838,9689,9999,10027,9887
9314: 9989,9347,9705,10015,9687,7617
2689: 9748,9819,1512,9281,1592,2403,1950
9927: 9876,9766,9966,9978,4330,3820
10005: 9556,9571,9629,9824,9960,9664
5664: 5070,5754,9455,5564
9522: 9599,9799,9331,4450,9498,4146
9514: 9321,9388,9812,9743,9264,9488
9237: 7565,9079,9307,6480,9640,9420
6249: 9690,6437,9763,6537,9725,9347
9760: 874,9829,9736,9270,359,9707
9624: 9491,1553,9333,9708,9720
9492: 9581,9881
9610: 9618,9613,9564,9546,9827
9791: 9883,9699,834,9345,9385,9807
5331: 5727
9928: 9486,9729,10024,9390,9733,9484
9125: 9615,9242,8885,9126,9387,9548
9441: 9298,9746,9853,9590,9804,9248
1616: 1044,1873
9931: 9949,9888,9891
9915: 9593,7123,9696,9764,9852,9622,9835
7176: 
2403: 2407,2133,1950,9399,9819,2689
9675: 9532,9659,9510,9286,10010,9810
6280: 9406,5775,6085,5585,9860
9345: 700,834,9416,9775,9699,9791
9490: 9658,9872,9578,9367,5051
9497: 7564,9885,9596,9449,9584,9368
9402: 10034,9465,9354,9643,9944,9310
9289: 9989,9705,7010,9993,9486,9534
9887: 9599,9799,10027,9866,9689,9646
9692: 9336,8376,9893,9786,9293,9750
9702: 9836,9587,9426,9832,9886,9981
3612: 9679,9304,3712,4232,3025,3810
3210: 6018,9397,9409,4605,5917,5215
6483: 6093,9260,7899,6671,7478,7570
9759: 9816,9731,9924,9790,9485,9796
9777: 4131
9541: 2391,2580,9535,3166,9411,9605
10033: 9532,9659,9595,9463,9398,9325
9956: 9856,9586,9674,9830
9447: 9373,9998,9434,9651,9942
9991: 10026,9676,9946,9369,9706,9272
9690: 6249,6437,9763,9944,9695,10034
9958: 9298,9746,9757,9818,9865,9380
9619: 9595,9605,2580,4169,9608,9463
9532: 9675,9659,10033,9286,9595,9479
9252: 9355,9588,9593,9478,9290,9622
4650: 4448,4450,9498,9538,4855,4858
3284: 3777,3983,3471,9900,9969,9570
9678: 9480,9360,10025,9373,9452,9711
9589: 9273,9326,9383,9923,9598,9809
9355: 5876,9588,9252,5882,6071,9478
5882: 6731,6358,7360,5876,9355,6071
9456: 9545,9828,9378,9984,9686,9277
8990: 7901,8766,8991,9038,9194,9039
9744: 10036,9912,9756
9946: 10026,9991,9879,9369,9323,9962
9453: 9852,9622,9303,9290,9477,9509
9326: 9273,9589,9383,9793,9907
9369: 9323,9580,9626,9991,9946,9706
9805: 9967,9647,9650,6731,5876,5975
5138: 4826,9503,4719,4616,9562,9429
9884: 9603,9667,9261,5572,9848,10019
9449: 9444,9584,9509,9303,9885,9497
1178: 1340,1594
9457: 9559,9466,9735,9531,9963,9942
8211: 6671,7478,6480,8498,8496,9079
5302: 5403,9779,9627,9977
9357: 9342,6018,9397,4710,3907,9761
9704: 9790,3321,2743,9679,9796,3712
4773: 4073,9394,4271,5754,9455,5574
2321: 2585,2778,2600,9758,9663,2699
9330: 9433,9506,9570,9370,9313,9526
8333: 7885,7965,9568,8126,8186,7721,7292,7719
9296: 9443,9246,9279,9335,9722,9715
2551: 
9478: 9290,9467,9355,9252,6071,6639
9975: 10015,9783,10006,9817,9725
9774: 9986,9747,9874,9669,9899
2662: 2953
9443: 9296,9246,9279,9254,9342,9320
6978: 
9949: 9931,1861,9888
9768: 9898,7252,6011,9753,10031,9714
9951: 9733,9312,10024
5250: 
2244: 1709,2526,2906
9328: 9569,9825,9262,9814,4331,9935
4450: 4448,4569,4650,9498,9522,4146
9380: 9577,9536,9818,2165,9298,9958
9980: 9812,9743,9552,3991,9363
8766: 7901,8990,8991,7742,8222,8770
9498: 4450,4650,9513,9599,9522,9538
9654: 9841
9263: 9460,9446,9461,9393,9803
9475: 9432,5578,4891,4697,5395,9384,9278
9998: 9447,9373,9452,9531,9785,9942
2459: 
9865: 3486,9940,9818,9837,9958,9757
9799: 9599,9522,9887,9689,9331,9797
9017: 
2669: 
7353: 
9875: 9795,9649,9271,9740,9344,9904
8451: 9340,10030,9750,8309,8376,9857
10031: 9753,9779,9880,9768,9714,10012
9919: 9926,9889,8205,9930,8498
9966: 10038,3517,9978,3820,9927
9839: 9603,9667,10042,9920,9773,9301
9828: 9545,9450,9456,9739,9984,9681
6480: 8211,8205,9640,9237,9079
1225: 2721,9365,9495,1556,2733
7086: 
7152: 6507
1996: 1909,2271
9303: 9852,9453,9754,9449,9509,9885
6682: 9466,9525,6967,7146,7417,7505
9462: 9489,9797,9422,10000,9442,9256
7434: 9517,10009,9977,9253,9880,9636
9312: 9733,9413,9951,9886,9694
9511: 9309,9601,9575,9384,9908,9278
9555: 9351,4139,9609,9579,9535,3559
8186: 7641,7383,8126,7721,7292,7009,8333
8710: 9982,9317,8770,8296,8372,9752
2165: 9316,2536,9818,9577,9380
9313: 9287,9403,9526,9433,9330,9502
1240: 
4521: 3506,3607,9700,9717,4626,4525
9005: 
3486: 9940,9865,9974,3786,9837
9254: 3205,9481,9443,9279,4293,9320
9556: 9571,10005,9629,9982,9317,9297
1246: 1494
9932: 9576,10011,10036,9756,3947,3255
6639: 9550,9458,6071,9478,9467,7646
10023: 9542,9965,9579,9327,9970,9671
9901: 9305,5856,5051,9658,10035,9941
1251: 9741
3166: 9535,9256,3559,3860,2391,9541
9458: 9550,6071,6639,9310,6358,9354
9438: 9661,9660,9767,9407,9892,9787
8225: 7992,8150,7988,8513,8372
10036: 9891,10011,9932,9744,9756
8917: 8807
9933: 9974,9869,9809,9923,9547,3786
4605: 4603,5010,3903,9409,3210,5215
7478: 8211,6671,6665,8496,6483,6093
7780: 
9420: 9378,9640,9237,9307,9613,9277
10032: 9422,9994,9947,9375,9582,9591
8126: 8186,7292,8333
9307: 7565,9237,9420,9613,9564,9504
9415: 9283,9251,9637,2305,2492,9737
7002: 
3184: 10010,4979,10001
9455: 5664,5754,9394,4773,9578,9410
9534: 9436,9390,9289,7010,7014,9486
9853: 9746,9441,9883,9657,9698,9804
9493: 9577,9536,3502,2538,9358,9268,3701
9643: 9936,9508,9561,10034,9402,9310
9548: 9387,9507,9615,9125,9672,9863
9846: 9738,9754,5400,7564,9885,5792
9600: 9297,9039,9126,8885,9629,9894
10039: 9824,9727,9789,9762,10003,9571
3641: 3545
3533: 
4255: 4155,4463,4164,3860,4057,2391
5917: 5421,5215,4616,9562,9668,6018,3210,9784
7565: 9237,9079,9307,7979,7570,9504
3471: 3874,3777,3983,3284,9506,9570
9874: 9669,9665,9899,9737,2685,9774
9834: 9947,9693,9375,9620,9396
1286: 
10043: 9971,9368,9930,9660,9767,9926
7996: 8513,8296,7581,7318,8222
9395: 9740,9505,9359,9712,9988,10029
7119: 7811,9563,9019,6916,8867
9537: 9781,9446,9803,9338
9601: 9309,9511,9575,6658,9860,9724
4891: 9475,5578,4697,4893,3778,5395,4485
9343: 9867,9471,9614
9892: 9407,7723,9438,8046,9634,9787
9595: 9605,9619,9479,9532,10033,9463
7252: 6204,6011,9768,6009,9714
9360: 9480,9678,9429,9583,9249,9452
9935: 4331,3810,9955,9814,9328
9613: 9618,9277,9610,9420,9307,9564
9505: 9740,9344,9395,8596,7847,9359
8921: 8972
9321: 9388,10002,9514,9743,9788,2523
6507: 7152
2974: 2699,1622,2778,2509,2609,3372
3295: 1630,1892
10001: 9611,9822,9445,10010,3184,9322,4979
9857: 9762,9752,7992,8309,8451,10030
9566: 9431,9315,9445,9324,9611,9428
2609: 2987,3372,2974,9742,9965,2509
4603: 4605,6508,5010,3504,3903,5413,5207
9353: 9437,9592,9917,9334
9713: 3731,9957,9990,9516,9520,3722
9694: 9832,9886,9312
9408: 9302,9574,9352,4757,9573,4855,9482
2678: 9810,4979,9607,9244,9377
9881: 9716,9581,9653,9995,9492
9712: 9988,9359,9544,9386,9395
9508: 9561,9301,9643,6358,7360,9310
9338: 9907,9782,9793,9537,9446
9410: 9578,9367,9311,9533,9394,9455
4855: 9573,9538,4650,9302,4858,9408
8033: 9376,7719,9426,7885,9836,9423
9525: 9559,9466,6682,9518,6009,6967
9274: 9631,9623,9253,6665,9299,6093
10042: 9603,9839,9476,9362,9529,9920
5676: 5395,5084,5478,4485,3874,3983
9802: 9672,9507
8222: 7742,7318,8296,7996,8766,8770
10004: 9770,9934,9612
9590: 9337,9804,9441,9430,9248,9366