14621: 14797,13832,14407,13226,14569
28593: 
13143: 15246,13990,15505,15332,13991,13089
14985: 14921,14559,15166,15349,14218
12849: 13270,13015,15471,14642,13663,15543
28669: 15600,28659
14328: 14636,14874,15753,14547,13938,12878
15299: 13873,12938,15183,14229,13724
15380: 15008,15134,13609,12929,14651,13890
15145: 14424,13311,15456,13773,13196,14872
13511: 13112,13444
13765: 15486
14273: 13854,13439,13857,13448,28641,15229
15510: 15193,15100,13928
14172: 
15340: 
13959: 14734,14564,15326,12966,15300,13862
14722: 12905,13389
15448: 14870,28622,14951
13438: 13526,14013,14528,13934,14833,14221
14250: 13114,12886,15495
13724: 15578,15282,14229,14469,15299
13533: 13939,14075
12829: 15399,15760,14431,13328,14214,14882
12939: 
12855: 14729,15555,15514,14705,14641,14777
14343: 13237,13400,13339,14528
13151: 14048
13942: 15688,13866,14737
15785: 12889
13420: 13226,14569,12877,13569,13344,14175
13886: 12823,13403
14390: 14543,13892,13681,13745,15357
14436: 
13061: 13989,14019
14824: 13169,14678,13701,13968,12821,14727
15666: 15443
13488: 13804,14552,13471
14556: 
14112: 13227
13025: 14976,15060,14591,15613,15174
13894: 15757,15607,28553,14701
13263: 13207,13456,14105,13083,14137
12840: 13979,13523,15028,15218,15536,14900
14405: 
14881: 14018,13493,14285,13980,13580
15804: 14385,15324,14696,13051,13200
13753: 15615,13171,13638,13234,14566,14572
14598: 13851,12989,13416,13517
15338: 14840,15557,15287,14747
14998: 15461,15414,15162,13574,28520
14252: 15256
14488: 15222,15435,15067,15074
15372: 14450,13650,14644,15503,13736,15654
15484: 
15779: 12907,13921,14467
14108: 13502
13302: 13204,15442,14401
15116: 13163,15404,15212,15205,13309
14833: 13669,14573,13934,13438,14502,14221
15737: 
15482: 14613,14116,13317
12958: 15773,15704
15178: 13885,15689,14235,13153,13827
15254: 14734,14564,15008,13571,14804,13484
13948: 15467,13788,14750,14522,14473
14438: 15320,13699,15003,15734,13273,13954
14923: 15212,14292,14190,15557
15373: 13622,14735,15071
14809: 15302
14802: 15704,14913,15567
13070: 12894
15519: 15209,15349,14768,13820,12992,14439
15363: 12824,13356,13573,14573,14699
15792: 14367,13929,12971,15441
14683: 13806,15039
14079: 12876,14648,13425
15791: 14647,13502,13987
14024: 
15721: 12962,15598,13877,13630
12911: 
15760: 15399,13360,12829,13218,13655,14431
15698: 15736,12836,14562,12884,13834,12871
14920: 14377,15794,13958,14404,15778,14243
14650: 13178,14117,14798,14704,15173,14619
15002: 14318,14996,14449,13933,13900
15244: 15386,13857,14733,14599,14991,13404
14178: 14864,14896,14220
15730: 13380,14448,13425,13427,15710
15150: 15101
14893: 14009,15548,14971,13536,14194,13022
15332: 14396,15782,13991,15374,13089,13143
15296: 13365,14148,15403,15144,15626,13326
13814: 13199,15672,13164,13088
14323: 14746,14841,15784,15267
14369: 14209,14883,14827,13916,13503,14593
14361: 14784,13565,13583,12957
15293: 13272,13646,14518,14298,15776,14176
13301: 15581
14921: 13002,14559,14985,14730,15166,14818
15092: 15459,13091,15405,14210,14311,14496,13532
15201: 14966,14366,14544,13743,15664
13808: 15405,14210,14121,14765,13410,15672
14929: 15411,13422,14720,13491,14851,13847
14999: 14397,14709,14053,13839
15024: 13589,12906,14816,14349,12973
12932: 15000,15140,15579,13353,13852,14581
13297: 13678,13306,15394,14244,14040
15745: 14866,13185
14391: 14525,12954,14032,14679
15688: 13665,13942,15285
13010: 13520,13334,15161,14670,14924
14186: 13780
15403: 13067,13817,13365,15296,13326,12978
14808: 15776,14176,13613,14348,13885
13553: 13379,15492,15775,13057,14440,14366
14742: 15007,15314,13888,13033
14585: 15716,14251,13050,14606,15692
15343: 14286,12940,13810,15810,15160
13793: 13352,13183,14948,14854
13952: 13443,15082,15486,13624,13981
13414: 
13938: 14063,14547,13345,14328,14636,14138
13222: 13987,12924,14237
14594: 14721,14658,14736
13281: 15273,13304,13443,13722
15589: 12977,15100,14759,15544,15193
12994: 14036
14666: 14612,13223,15526
12990: 14294,15472
15427: 14044,14227,14571
13181: 
13503: 14781,14850,14827,14369,15240,14593
15370: 13837,15469,14648,15445
13646: 13272,13397,14558,15293,15776
14828: 14715,14363,13658,12847,14641,14705
14489: 13564,15294,14418,13554,15056,15793
13278: 13154,13166,12900,15580,14402,12892
13446: 15446,14290
13267: 15315,13080,13296,13323,14959
12936: 13573,13950,12987,14750,14473
14448: 13762,14959,13425,15730
14606: 13050,14610,15221,14585
15139: 13517
15061: 14638,15506,12826,13874
15761: 15411,13422,14356,15383
14898: 
14812: 14551,15337,14790
14428: 14975,14171,13819,14095,14965,15102
13873: 15477,12938,15299,15578,13295
14003: 14542,15249,14857,13589,14376,13093
13119: 13011
14949: 14088,14293,12879,14537
15420: 13576,13547,15105,13818
13833: 15088,14936,14749,13095,14975
14835: 15090,14458,12815,15196,14986
13248: 14394,14392,13460,13290
14477: 14090,15051,14743,13614,13142,13546
14532: 13138,12915,14331
12965: 15517,15478,13108
15418: 
15253: 15029,13545,14352
15645: 15567,13947,13797,14913,14179,14758
13684: 15679
15654: 13737,13736,15096,14842,15503,15372
14587: 12968,15805,15781,13299,15319,15686
12896: 14643,13103,15609,12984,12922,13182
15557: 14840,15338,14292,14923
15506: 14638,15061,12947
15151: 15076,15409,14955,13391,13082,14792
13924: 
14364: 13268,14669,15375,14162,13659
15432: 13786
13976: 12839,14890
13286: 13739,15577,12983,13661
13583: 13839,13565,14367,14361
13702: 15808,14783,14620,13459,14265,13098
13044: 15775,13800,13732,13057,13155,15768
14912: 14023
14351: 14284,13190,13803,13564,15016,13298,28589
14642: 13663,13167,12849,13270,14685,14624
14684: 13347,13993,15472
14179: 14085,14758,15645,13797,15749,15621
15238: 12868,13903,13466,14416,13124,12831
15434: 14219,14753,14434,14268,13704,13362
15071: 15373,13073
13124: 13723,14416,15238,14782,12831,15491
14543: 14390,14537,13116,13745
13839: 13565,15594,14999,14053,13583
15608: 15200,15065,14774,15695,13860,14531
13299: 12825,15364,14587
14214: 15312,15565,13328,12829,14052,14882
14322: 13148,15649,15673,14316
15261: 15512
12814: 
14027: 15447,14876,13909,14110,12964,15371
14338: 14597,14720,15033,14794,13333
14601: 13799
15573: 14380,13342,14915,12998
13398: 
14559: 13002,14921,14985,14980,14218,15202
15579: 15000,12932,14908,12893,14581,14035
12838: 
14751: 14066,13871,14658,15317
13957: 14447,15353,15271
14861: 15430,14960,14264,12834,14457,13601
13708: 13770,15313,15388,15170,15620,15235
14926: 13083,13668,15614,15352,13695,15780
13230: 13543
13930: 
15530: 15653,15401,12819,14915,14962,15406
15590: 13704,13639,14028,14753,15682,14770,14342
13496: 15438,13971,15516,15073,13133
13794: 13388,13978,13192,13561,14849
14496: 14224,13399,13410,15405,13091,15092
14134: 14770,15339,14717,15105,13785,13576
13928: 14321,14149,12977,15100,15510
15669: 15533,14442,14329,13390,15164,12842,28661
15801: 12832
15662: 13651,13441,14697
13781: 
12826: 14249,13983,13836,13874,15061
14939: 14701,13174,13123,15204
12919: 12827,15733
14535: 14724,12993,14350,13065,15345
13240: 15288,14345,13633,13558,15746,13314
15390: 13339,14991,15268
13266: 14167,13408,14938
15472: 14684,13993,12990
13361: 14388,13246,14577,15176
14798: 14818,14117,14650,14061,12986,14704
13841: 
15538: 
14990: 14208,14577
14063: 14547,13938,13521,15186,13345,13522
14580: 14067,14493,14862,13397,15054
14226: 13860,13911,14531,15747,15096,15503
13690: 14839,15197,15298,15233,13507
14624: 13483,12854,14241,14642,13167,14685
13732: 15775,13800,13044,13023,14217,13470,13603
13994: 15267,15784,15281
13936: 15453,13647,14106,15653,15401,15699
15755: 15681,13600
13899: 13939,15400,15010
13096: 15668
15731: 13931,28661,15533,14631,13813,13744
15246: 13143,15505,13058,13991,13913,13629
14429: 13469,14994,15466,13423,14111
13085: 15225,13975,14645,14928,14646
12979: 14377,15794,14609,14009,14971,14339
14301: 14109,13623,15080,15309
13463: 12913,15250,14096,15198
13442: 13516,14719
14844: 
13421: 13308,14312,14499,13450,13622,13700
13212: 15450,13577,15255,13597,13590
14354: 14371,15744
14696: 15440,13051,15804,14385
13213: 15583,14420,13557,12914,13701,13949
14944: 14468
13147: 14850,13625,13107,15069,15717,14281
14706: 15787,13956,15110,15518,13026,13530
15562: 14716,15725,28559,12952,12946,15118
15309: 12928,14301,15080,13822,14756
14877: 14070,13115,14357,13256,13374,14801
12931: 14695,13378
15051: 14090,13168,14895,14477,13142,12854
13848: 13608
15050: 15124,15111,13758,14749,13242
15115: 15049,13858,13664,13456,15400
13544: 14555,13099,13311,14709,14872
13743: 13018,14544,15664,15201,15656
15406: 13280,14622,15530,13719,12819,14962
12886: 13160,15495,14250
14350: 13944,14535,12993,15535
15750: 13609,12929,13104,13066,13909,15371
15278: 15720,13432,13435,14074,13688
13277: 15290,15437,13504,13047
15534: 15650,13497
13319: 13491,14851,14275,13685,13571,15696
13174: 14701,14939,15204,28665,13292
13412: 13568
14483: 14304,14156,14260
13911: 15584,13860,14226,15503,14567,13650
13562: 15127,14236,15167,14073,15549,13599
14143: 14133,13183,14403
13458: 13805,14909,13011
14309: 15445,15638,14725,13710,13707
13520: 13010,13334,15452,15733,15161
14237: 12956,13222,12924,13346
15091: 15802
14952: 15551
13173: 12899,14541,13175
13378: 13354,14695,12931
14359: 14285,13766,15417,13980,13235,15572
15322: 
13889: 15316,14268,14097,13923,14533
13823: 13125
12839: 13976,14890
15057: 13265,14659,15347,13801,14124,15412
14554: 13232,12985,14138,14636,14517,28667
14403: 13007,14143
15400: 14137,15010,13456,15115,13899
14236: 15127,13562,15702,14731,14341,14073
12864: 14792,12885,13210,14022,15425,14054
14304: 15599,14133,14483
13809: 14860,15063,14109,13623
14685: 13155,15768,13270,14642,14624,14241
14730: 13002,14921,14818,14117,13677,14568
13822: 14756,13628,14026,15080,14930,15309
15308: 14289,15194,14486,15685,15206,13228
15089: 13431,15138,13852,14464,15478
13858: 15049,15115,14787,13664,12908
14497: 15211,15172,13161,14189,15435
14410: 13737,13736,15717,13625,13262,13145
28520: 14998,15162
15142: 12866,13338
15732: 
13003: 13850
15441: 12971,15792,13929,12988
14246: 15187
14933: 13046,12951,15366,12955
15257: 14858,14164,12962,15239,12950
14784: 14361
15344: 13937,14271,15474,12909,15283
14860: 13809,14408,15268,15063
15576: 12949,14411,14374,15099,13851
15141: 12953,14205
13104: 12929,15750,13066,15227,13685,15696
13657: 14837,15391,15284,14863
13595: 
14121: 14765,14466,15672,13808
14851: 13491,13319,14275,14597,14720,14929
14148: 14892,13365,15296,13340,13210,15144
13311: 14424,15145,15342,14872,14555,13544
13329: 15041,14694,14203,15222,15074,13264
12823: 13886,13881,13403,13901,14718
13759: 14583,14640,15778,14404,14894,15807
13764: 
15326: 13959,14734,13034,13257,12991,15300
13790: 13580,12867,15421,13845,14211,15537
14050: 13755,13904,28607,15625,15751,14223
15614: 14926,13668,14534,15304,15616,15352
14185: 13094,13078
14637: 15119,14888,15490,15384,14315
13209: 14119,14227,13415,13908,13906,13895
15460: 13967,15762,13923
14434: 14523,12848,14268,14097,13362,15434
13483: 14624,12854,14241,14895,15715,13180
15492: 13379,13553,14440,15556,14087
14800: 13062,14334,14332,13510,15243,13042
12948: 13673,12980,13127,12816,15236,15670
13223: 14666
13260: 14433,15663,13626,14588,12835
15140: 15000,12932,14803,13979,14891,13353
13236: 13190,15674
14291: 13056,15036,13106,15587
15291: 
13666: 13257,14501,15766,13373,15383
14028: 13639,15590,14711,13867,13243,15682
13161: 14189,12898,14497,14480,12904,15435
13373: 15383,15691,13509,13666,14501,15635
14663: 13812,14665,13788,13559,13179
13476: 13917,14018,14197,14660,13505,14128
13847: 15766,13034,13491,13422,14929
14692: 14187,15623,14536
13272: 14558,13646,15293,12874,14518,14520
13134: 15223,13741,14127,13504,14280
13953: 15633,15044,15072,13863,13518
14276: 15703
13303: 14247
15794: 14377,12979,15483,14609,14920,14243
14414: 14479,12974
15099: 14374,14928,15576,12949
13034: 13847,15766,13484,14734,15326,13257
13917: 13476,14018,14099,14128,13580,15421
14064: 
14626: 15800
14476: 12903,14313,13963,13165,13872,12897
14900: 13932,12815,15218,13053,13523,12840,15090
14609: 15794,12979,15483,14339,14953,15183
13693: 15318
15456: 13455,13773,13187,13196,15379,15145
14384: 12887,13965
15533: 15669,14442,14329,15303,28661,15731,14631
13850: 13003
14997: 13494,15502,13156
13596: 14212,15047
13877: 15327,14297,13630,15721
13117: 13251
15149: 13512,14883,15126,13916,14207,13485
14336: 14459,13549,14583,14640,14077,14957
14461: 
14149: 13928,13357,15508,12859
14381: 
15605: 14917,13436,15634,14008
14963: 14104,13750,15690,14337,13064,15729
15385: 
15148: 14453
15726: 13830,13140
15412: 15270,15670,15347,13265,15057,13127
15490: 13470,13110,13198,15119,14637
15640: 13494,14490
13347: 14684,13993,14358,14048
15073: 12853,15438,13496,13640,13133,15774
13960: 13898,14095,14965,13095,14693,15171
15102: 14428,14171,14505
13768: 14821,14778,15516,14072,14710
15725: 13228,14716,15562,14069,12952,15685
14916: 15591,14216,14791,13555,14202
13087: 15049
14515: 14288,15106,15701,13129,13692
13056: 14291,15036,15676,13910
13598: 15237,14258,15461
13874: 15266,12826,15061
13710: 14270,14265,15469,14725,14309
15143: 14811
13309: 13612,12857,14190,13163,15116
14564: 13959,14734,15254,14804,12966,15565
14310: 13671,14085
14899: 14087,13040
15575: 15252,13647,15319,15805,15133
15255: 14287,15122,13597,13212,13716,13590
13588: 14335,14590,15198,14038,14494
14528: 14013,13438,14343,13934,13400,13339
13385: 13447
14788: 14481,14983,14702,14914,15457,14002
13121: 
14229: 14953,15183,14469,14118,15299,13724
14007: 14453,13372,15198,15250,13387
14511: 13929,13099,15081,14840
14367: 15081,13583,15792
13789: 
14491: 14867,14383,15377,14417,14266,13005
14523: 14434,12871,12848,15736,13362,14071
13118: 15771,15232,13655,13158,15079,15045
15532: 14848
13428: 13617,14574
12916: 13159,12908,13322
13640: 14401,13540,12853,15073,15442,15774
13785: 15105,14910,15093,15339,14134,15242
15239: 12962,15598,15257,13804,14552,12950
15088: 13833,14936,13018,13095,14029
15437: 14541,13277
13170: 13567
13585: 13177,13017,14487,15275,13435
14469: 14868,14118,14229,13724
14593: 15180,15240,14302,13503,14209,14369
14813: 12991,15300,15199,14956,12942,15521
12873: 14220,12832,15759
13436: 15605,15513,14670,14008
13896: 14044,14471
14445: 15601,13337,13644,15531,12865
14256: 13120,13372,13141,14856
13058: 13635,13991,12996,13238,13913,15246
13866: 12922,13182,14737,13942
28668: 28658,13466,13941,15520,14416
15529: 15607,15525
13897: 
13852: 14464,14581,12932,13431,15089
15193: 15510,15100,15589,15711
14278: 14595
13063: 15381
13867: 14413,13006,14711,14028,14092,13243
14736: 14594,14721,15462,14584,15603
14040: 14244,12907,13306,13297,13320,15054
14234: 13555,13895,13906,14409,13274,13197
13719: 15659,14147,12819,13997,13280,15406
15388: 15436,15170,13283,14422,15620,13708
15376: 
14721: 14594,14658,14736,15603,15586,13871
14019: 14789,14060,13061
15584: 13860,13911,14774,13177,14567
15284: 14863,15391,13657
14140: 15120,14667,13741,14127,14553
13755: 14050,13904,14337,13381,15729,28607
13426: 13105,14004,14956,14501,12942,13016
13368: 15080,14930,14769,13404,14733,15175
14647: 15791,15515
14217: 13541,15719,15097,13023,13800,13732
13526: 14013,13438,14221,13012,15386,14599
12964: 13247,15045,15371,15447,14027,15079
14544: 13743,15201,14966,12833,15632,15656
12848: 15595,13955,14523,14434,12871,14097
14864: 14178
13189: 13191,13021
14401: 13540,13640,15442,13302,15667
13250: 15333
13359: 15767,14170
14372: 
15772: 13114
12942: 15224,15521,13016,14956,14813,13426
14039: 15354,14290,14353
14577: 15176,13361,13246,14208,14990
13993: 14684,13347,14358,15472
28607: 13381,15729,14050,13755,14703,15751
14379: 13560,14207,13485,14017
14331: 14035,13417,14233,14532
13776: 15230,15245,13224
14286: 15343,13810,14879,14262
13475: 15447,14876,13752,14625,14702,15423
14688: 13051,12976,13494
14212: 13596,15185,13041
15682: 14770,15339,28650,15590,14028,13243
13163: 15741,15404,15116,15617,13309,12857
14002: 12903,14885,14788,14914,15457,12969
13546: 12836,14743,14090,14477,14413,15289
15213: 14267,15361
15120: 14140,14667,13771,13891,14634
15636: 
13796: 14754,15743,15018,14897,15068,15059
14988: 13855,15727,13075,15570,14184
13674: 
15524: 15658,13875,14977
13978: 13388,13794,13192,13219,14941
15025: 13747,13507,14839,14155,14102,15734
12961: 
12827: 12919
15509: 12941,12945,15811,14994,13423,13606,13162
14474: 12996,15541,14200,13559,15274,13179
13407: 14643,13103,15295,15713,13740,14566
13454: 14534,15304,14521,13738,13997,15642
13459: 14620,13869,12851,13702,14270,14265
13062: 14334,14800,14332,15426,14406,14173
13317: 13915,14613,15482
13760: 13021,13288
13607: 14202,13624,14119,15082
13739: 13286,15577,14504,15097,13541
15415: 15591,14216,15060,14591,12828,14395
13926: 15677,13734,14206,14817
15716: 14585,15419,14251
15041: 13329,14694,15365,13264,13670,12982
15158: 14810,14257,13659,14669,14884,13305
14513: 13667,15217,14904
13704: 13639,15590,13362,14753,15434,14342
15268: 14991,13404,15063,15390,14860
13273: 14102,15734,15031,14438,15758,13954
13179: 15274,15763,13559,14663,14665,14474
15582: 
13166: 13154,13278,14402,13636,13072
14008: 13436,15605
14610: 13050,14606,14479,14795
13235: 13653,13536,14359,15417,15548,15572
13356: 15363,12824,12920
13821: 14927,15084
14590: 14335,13588,14494,15489,14680,14360
15128: 15265
13774: 14320,13660
13934: 13400,13610,14833,13438,14528
13132: 14645,14741,13187,14646,15379
13505: 13038,14660,13476,14128
15558: 13946,14470
13148: 13698,14322,15601
15473: 14681,14964,14553
13629: 14741,14444,13913,15246,15505
14289: 15308,15194,13068,13228,15501,14422
14374: 14928,15099,15576,13975
13842: 14740,15095,15451,15007,15660
15160: 14262,14253,15343,15810
15383: 13373,15761,13422,15766,13666
15771: 13118,15232,13655,13733,12975,13360
13434: 14897,15206,13844,15068,14972,14510
14962: 13343,12998,15530,14622,15406
13372: 14453,14007,14335,14856,14256
13972: 
14708: 14187,15135
15374: 14169,13089,15782,15806,15332,14838
14001: 
14295: 14463,13662
14620: 15665,13869,13459,14627,15808,13702
13920: 14224,15375,13399,13727,15712,14426
14480: 14203,14805,12904,13161,15435,15074
14487: 14308,13017,14719,15275,13585
14943: 15281,13881
15485: 
13923: 13967,15460,13889,14533
15438: 13496,14449,13900,12853,15073
15369: 15052
13798: 13537,14164,15416,12950
13128: 13201
12941: 14974,15509,12945,15811,13907
15252: 15575,15453,13647,13474,14748
15712: 13983,13920,13727,14638,14426,14263
15108: 
15335: 13556,15247,13192,14423,14849
13455: 15456,13773,13187,15231,14444,13817
14257: 15158,13659,14263,14820
14415: 14232,14966,14366,13057,13155
13363: 15324,15066
12918: 
14518: 14520,13695,13272,15293,14560,14298
13495: 15306,13872,14767,12897,12959,14299
14834: 13676,14183,15219,15604
14131: 15553,14223,15223,13741,13771,14853
12978: 13326,12967,15403,13817,13773,14424
15265: 15128
14560: 14298,13876,14518,13695,15780
14454: 
14785: 
14820: 12947,13620,14263,14257
14083: 13351,15679
12821: 13922,15022,14727,15497,13968,14824
12878: 15133,14549,15753,14328,14874,15103
14941: 14693,14029,14969,13219,13388,13978
13205: 14902,15192,15368,15029,12852
13534: 
13300: 13961
15199: 14813,15300,13862,14678,15521,12914
13861: 
13758: 15050,15124,13925,13242
14242: 15544,15789,13620,14759
13316: 15739,14116
14038: 14096,15198,12935,14494,13588
15163: 14011,14996
12828: 14653,13663,15543,14216,15415,14395
15402: 14307
13456: 13207,13664,13263,15400,14137,15115
13204: 13302
15626: 14014,15144,13619,14831,15296,13326
15466: 13469,14429,15392,14672,14948,14111
13176: 
13164: 13814,15672
13820: 12992,14468,14439,15519
15277: 13853,13515
12999: 13185
15601: 13337,14445,13148,14427
13540: 14401,13640,15774,12845,14272
13551: 
14581: 13852,15579,12932,14035
13197: 15179,13555,14234,13274,14791
13594: 15517,15138,13413,15267
14101: 14779,13252,13392
13699: 15003,13149,14078,15320,14438,14795
13086: 
14703: 15377,13532,14417,13381,14311,28607,15751
14855: 
13490: 
15190: 
14076: 14645,13401,14673,14271,15474
13541: 13951,15719,14217,13739,14504,13487,15097
14228: 14925,13652
12857: 13612,13309,15617,13163,15189
13180: 15131,12833,15715,13483,14232
13357: 14589,15203,14149,12859
14472: 14462,14058
15414: 14998,13574
13111: 12937
14555: 15226,13544,15342,13311,12960
13389: 14722
14892: 13365,14148,13581,14055,14169,13340
15685: 14069,15206,13844,13228,15725,15308
13967: 15460,15762,13923,13955,14097
13435: 15596,14074,13432,13585,15278
14506: 14822,15616,14806,12874,13601,14960,14950
14905: 13232,12985,14805,12904,14264
13254: 
14267: 13734,14206,15213,13825,14492
14902: 13205,15571
13200: 15302,15804,15066
13282: 15609,12984,14790,13935,13077
13031: 13313,13747,13973,13683,13642
14277: 12899,14541,12997,13047
13752: 15331,14625,15585,13756,13475,14876
14956: 13257,14501,14813,12991,13426,12942
13269: 15728,14427,13731,14316,14084,15740
13987: 13222,15791
13891: 14132,13771,15120,15450,14634
13898: 13960,14965,13440,13229,15171,13008
15743: 14754,13796,13126,13653,15059,15417
14146: 14891,13353,14437,14714,14746,13431,14204
15634: 13377,15605
14072: 13024,13133,15516,13768,14710,14755
14129: 13419
13076: 15639,14091,13312,14777,12862,14565
14465: 12847,12862,13675,13275,13703,14091
14068: 14995,13342
15200: 15608,15065,15695,13171,13638,12927
15454: 
13973: 13747,13507,15233,13031,13486
14974: 12941,15811,13075,13721,13907,14786
13451: 15799
13612: 13309,12857,14327,15189
13663: 14653,14642,13167,12828,15543,12849
13313: 13031,14794,13683,14597,14275
14938: 12981,13295,13266
14772: 12912,15152,15104,15146
12974: 15783,14414
15364: 15393,12825,13299,12968,13521
14499: 14596,13450,13818,13421
13098: 13712,15062,14648,14783,13702,14265,15469
14883: 14209,13512,15149,14369,13539,13916
13055: 15525,13123
15315: 13267,15424,13427,14158,13323
15027: 13080,14887,15504,15644,13552,14847
13107: 14782,13457,15069,14992,14281,13147
15468: 13627
13473: 15449,14248,15292
14307: 12910,15402
13744: 13813,15218,15536,15731,14631,14821
14021: 
13472: 13336,14244,12907
12903: 14476,14313,13963,14002,14885,12969
15266: 13874,13375
13557: 15583,13213,13137,13949,15019,15665
12867: 13580,13790,14285,13766,14211,15683
14829: 
14931: 13276,13376,15722,14982,13393
13039: 14051,15272,15539
13802: 14283,12861,13648,14196,13069,12892
15435: 14488,15074,13161,14497,14480
13437: 13364
13244: 13783,15476,13499
14566: 13740,14572,14643,13407,13234,13753
13477: 
12890: 13403,15667,13962,13901
15351: 
15498: 13136,14254
14057: 14723
15355: 12882,13394,14300,14762
13523: 13979,12840,14900,15090,15000,12893
14520: 15352,14518,13695,14806,12874,13272
12938: 13873,15477,15299,15483,15183,13130
13754: 28662,14183,13370,13998,13676
13422: 15411,15761,14929,13847,15766,15383
15631: 13910,13106,14731,15570
13487: 14504,13274,14409,13541,13951,14456
13631: 13621,13154,15647,13072
15086: 15407
13400: 13934,13610,13364,14343,14528
13482: 13125,13805
15055: 14370,13970,13165,15358,14633,14313
14747: 15738,15338,13682,14182
13905: 13054,14906,15807,12972,13770,14894
14049: 15765,13524,15258,14530,13709,13285
15545: 13110,13315,15013,13131
13059: 13256,12868,13903,15395,15555,12926
15787: 14706,13956,15110,15586,14066,13871
15396: 13046,13863,13518,12951
13522: 14144,13345,15186,13419,13327,14063
13548: 15069,14801,15717,14357,14842,13737
15625: 14280,13047,12997,14050,13904
13773: 15456,13455,13817,12978,14424,15145
13065: 14509,15072,15345,14535,14115
13131: 14425,15545,13315
15494: 13443,15714,15486
15258: 15765,14049,13355,14283,13285,13293
14222: 13331
13844: 13434,15206,14972,14069,13042,15685
14283: 13802,13285,12861,13293,13648,15258
14080: 
14189: 13161,14686,12898,14089,15211,14497
13383: 15310,14957,14400,14826,14077,12981
14047: 13009
13619: 14014,15144,15626,14022,15425,15563,15741
13745: 15357,14390,14543,13152
15497: 13000,14052,13968,14691,15022,12821
13215: 15710,13427,13600
14980: 14078,14218,15692,14559,13149
14945: 15030,13933,12881,14442,14329
15526: 14666
15796: 
15488: 
14235: 15689,15178,13827,14231
13283: 15501,13022,14163,14422,15620,15388
13518: 13863,14603,13953,15396
14458: 15090,14835,14908,14984,12893
13908: 15680,13209,13415,13906
12822: 15686,13474,15781,13406
15004: 15564,13007,13183
15602: 15334,15208,12861,15327,14297,14196
15646: 14330
14245: 
15003: 13699,15585,13149,13756,14438,13954
12898: 13161,14189,14686,14144,14059,12904
14346: 12953,13662,15314
13168: 14090,14895,15051,13006,12830,13865
14264: 15430,14861,14905,12985,14805,12834
13083: 14926,13668,14105,13263,14137,15780
15780: 14137,13083,14926,13695,14560,13876
14694: 13329,15041,15365,15222,12879,14088
14034: 14378,14996
12950: 15527,13471,15239,15257,13804,13798
15764: 14239,14586,15528,14726,15790,15241
12843: 14632,14649,14700,13826,15671,15542
15006: 15635,13105,14004,14932
15336: 15710,15341
14412: 14230,15346,13417
14337: 15554,13064,14963,15729,13755,13904
14689: 13543
15058: 
12953: 14346,13662,15141
14719: 14308,14487,13100,13516,13442
15365: 15041,14694,14088,12982,15709
15619: 13864
14846: 13358,14932,14004
13515: 12869,12937,15277
13310: 13078,15121,15652,15757
14984: 13138,14908,14458,13224
14416: 13723,15520,13124,28658,13466,28668,15238
14749: 13833,14936,15050,13242,14975,13819
15297: 14570,15354,15113,14482
15307: 14557,13656,14815,14525,12954
14840: 15557,15338,15226,14511
13733: 15306,13872,12975,13963,15771,15232
15553: 15751,14131,14223,14417,13005,14853
13625: 14781,14850,13147,15717,14410,13262
12910: 14307,14048
14755: 14710,14803,13024,14072,14891,14437
12915: 13224,14532
14541: 12899,14277,13173,15437
13275: 13530,13703,12921,13658,12847,14465
15223: 13741,13134,14280,14131,14223
14740: 13842,14937,14435
15727: 13855,13582,14988,14451,13606
13416: 13517,12989,14598,13565
15198: 14096,14038,15250,13463,13588,14007
14757: 15379,13196,14397,14053
15305: 
14718: 13032,12823,13881
15800: 14626
14249: 12826,13836
15095: 13842,14012
13969: 12837,13092
14533: 14764,13923,13889,15316,13810
14700: 12843,14649,15542,13558,15746,28558
13390: 14177,15125,12846,15164,15669,14329
13763: 14168,15217,15294,14671,15014
15146: 15104,14772
13227: 12983,15013,14112
12816: 12948,15236,13715,15643,15670,14968
13066: 15750,13104,15031,13909,15758,15227
15813: 13162,13999,13469,14994,13645,14561
14388: 13361,13590,13246,13513
14330: 15646
13687: 
15706: 13071,14635,15224,13016,13048
13106: 15631,14291,15167,15587
14300: 14181,15481,15355
13778: 
14723: 14057
14756: 13822,13628,13395,15309,14446
14191: 13280,15642,14622,13964,13887
14059: 14144,13345,12898,13232,14138,12904
15610: 12895
13812: 14663,14576,14282,14051,13788
15323: 15433,14503,13384,13064
13600: 15681,15755,13215,15341
14099: 14128,14630,13917,15421
14380: 13342,15573,14915,13208,13348
15224: 12942,15521,13016,13048,14420,15706
14221: 14502,14198,13012,14833,13526,13438
12901: 15216,15064
13259: 
15264: 14614
15697: 13449,12877,15136,14407,13226
13190: 14284,14351,13236,13298
14572: 13740,14566,13217,13753,13638,14732
13492: 14005,14852
14009: 15548,14893,14971,13751,14339,12979
14698: 14425
14111: 14451,14948,14122,14429,15466
15749: 14787,15621,15311,13797,13461,14179
13293: 14283,13648,13355,15258,14857,14376
15641: 
14446: 15136,14407,15084,14756,13628,14927
12970: 28662,14441
13221: 14767,14961,12897,14370,13165,13510
14206: 14267,13734,13919,15718,13926
14165: 15147,13008
13566: 14279,14817
15195: 15137
15762: 13967,15460,14392,13290,13052,13955
15330: 14859,15637,13112
13825: 13919,14267
14825: 15639,14091,14958,13675
14303: 
14922: 
14485: 14628,15539
15156: 13287,14318,15048
15537: 13028,14100,13790,13845,13592,14211
13320: 15054,14040,14348
13226: 14569,13420,12877,15697,14621
13601: 14506,14960,14861,14457,15630,14950
13956: 14706,15787,14676,15586,15001,15518
15077: 13525
13818: 15105,14910,15420,14312,14499
13836: 13983,13749,14386,12826,14249
15176: 14577,14771,13361
14676: 15603,15586,15001,15214,13956
14195: 13041,13211
15617: 13569,15563,13163,15741,15189,12857
15348: 15342,12967,14831,15205,12960
15059: 13653,13350,14897,15743,13796,14486
13188: 13185
13417: 14331,13632,14230,14412
15183: 14953,14229,15483,14609,12938,15299
13761: 14259,15782,15806,14766,13439,15075
14274: 14062,15005
14853: 14132,13771,13005,14131,15553
15465: 12880,14732,14761,13217,14120,13604
15623: 14692,15410
14794: 13313,14125,13333,14597,14338
13471: 12950,15527,13804,13488
15483: 15794,14609,15183,13130,14243,12938
12960: 15212,15205,14292,15342,15348,14555
13080: 15027,14887,15504,13296,14959,13267
14646: 15379,14645,13132,15225,13085
14015: 15428,14314
14613: 15005,14763,15482,13317
13402: 15237
14411: 15576,12949,13430
13718: 13333,14125
14630: 14099,14128
13656: 15690,14557,15307,12954,14365,14104
14292: 15212,12960,15226,14923,15557
13654: 
15644: 15027,15496,13552,14010,14201,14847
14142: 14901,15358,14914,14726,15241,14885
14527: 14490,14697,13725
15011: 13211
14774: 15608,15695,13017,15584,13860,13177
14136: 
13726: 14538,13962
15684: 12963,15301,14634,14667,14967
13314: 14919,15746,13240,14345,13318,15234
15233: 13690,13973,13507,13486
13846: 14183,14373
12837: 14873,13969
13022: 15501,13283,14163,14194,14893,14971
13199: 13410,13814,14608,13399
15455: 15795,13461,13343,13964,12856
14743: 13787,13614,12836,14562,13546,14477
13602: 15172,15067
14787: 15749,15621,15311,13664,13159,12908,13858
13397: 14558,13646,14862,14580,15054
13113: 13882
12998: 13343,14962,15573,13947,15795
13931: 12842,15489,14680,28661,15731,13813
13351: 14083
13854: 14273,13439,15075,13012,15386,13857
12969: 13158,15457,12903,13963,14002,15232
28652: 
15433: 15323,14503
14874: 14328,14636,12878,15103,14524,14517
12928: 13395,15309
14398: 13460,13304,13366,14394
14268: 13889,15316,14097,14434,14219,15434
14734: 13959,14564,15254,15326,13034,13484
13589: 15024,12906,14003,13081,13093
15789: 14242,15544
13007: 14403,15004
12984: 15609,13282,13077,15723,13103,12896
14253: 14262,15160,14006,15112
15550: 
15489: 12842,13931,14680,15046,14494,14590
13219: 13192,14661,14969,13014,14941,13978
14623: 
14517: 14524,14161,14636,14874,14554,28667
15045: 13247,13218,12964,15079,13118,13655
13618: 14687,14530,12995,13560
13470: 15490,13603,13023,13732,14315
12897: 13221,14767,14476,13165,13495,13872
12831: 14782,13457,12868,13374,15238,13124
13285: 14283,12861,13709,14049,15258,15208
13837: 15370,12876,15445
15552: 14159,13824
13705: 13411,15694,13859
14538: 13726
14352: 15253,13545,14016,15104
15806: 15782,13761,13439,15229,14838,15374
14399: 14462,14780
13202: 13883,12922,14551,15609
13591: 14752,28641,15229,15397,14838,14055
14839: 15197,13690,14155,15025,13507
14552: 13804,13488,15598,15239
13154: 13278,13166,12900,13072,13631
14233: 14331,14799,14230
15164: 15708,15046,13390,12846,15669,12842
14318: 15002,14996,14449,15156,15048
14261: 13406,13191,13021,14748,13288
14565: 14869,12844,13076,13312,14777,14729
15319: 15686,13474,15805,14587,15575
15770: 15720,13801,14567,14450,13650,15347
14530: 14687,13618,13709,12995,14049,13524
14371: 14354,13856,15652,15522
13664: 13207,13456,14787,15311,13858,15115
14168: 13763,15217,13186,13667
14760: 
15361: 15213,14492,12875
14850: 14781,13625,13147,13503,14827,14281
14494: 14038,12935,15046,15489,13588,14590
15656: 14969,15632,13018,14544,13743,14029
14832: 15109
14761: 12880,15465,14120,13115,15747,15220
14639: 14030
15110: 14706,15787,14066,14325,13530,13703
14435: 14937,14740,13125
15475: 13868,14701,13292
15034: 13538,13902,13723,14103,15491,13831
13409: 13238,14025,15274,15763,14548,13937
13713: 14682,13513
14762: 15283,15085,12882,15355
15493: 14712,13985,14868
15234: 14010,15053,13697,14919,13314,13318
15481: 13393,12909,14300,15283
13749: 13983,13836,14386,14608,13727
13027: 13348,14106
13970: 14370,15055,14633,15588,14332,14406
13011: 13119,13458
13819: 14428,14975,14171,14749,13242
15342: 12967,15348,14424,13311,12960,14555
13443: 15494,13952,13281,13722,13981
14115: 14987,15044,13673,12980,13065,15072
13725: 13878,14527
15325: 12925,15480,14814,13694,14526,13371
15334: 14114,15208,15602,15327
15166: 15209,15349,12986,14921,14985,14818
14551: 14812,15609,13202
14216: 14916,15591,15415,14791,12828,15543
15692: 14980,14078,14218,14585,14251,13050
15109: 14832,14086
14819: 13349
14360: 13932,14856,14680,14590,13053
13613: 13921,14467,14808,13369
15270: 15412,15670,14450,15347,14644,15643
14026: 13822,13628,14930,15076,15409
15286: 13805
15056: 13728,14489,15294
15404: 13163,15741,15116,14014,14831,15205
14162: 15459,13091,15375,14266,14364,13268
15500: 13307,14455,13150
12959: 28559,14767,13495,14299,15752,15118
15426: 13062,14334,14173,12945,13729,13907
13902: 15034,13538,14017,15126,13831,13485
13682: 14182,14747
13694: 15399,14526,13360,12975,15325,15480
13572: 14135
14293: 12879,15067,14949
14505: 14965,15102
13336: 13472,13186,13667,15394
14209: 14883,14369,13539,14593,14302,14545
13947: 15645,15567,13797,12998,15795
12869: 13515,14690
14321: 13928,13691,13305,12977
14377: 15794,12979,14920,14163,14971,13958
14547: 14063,13938,13521,15753,12968,14328
14114: 15334,15208,14687,13709
15249: 14542,14003,15180,14302,12973
14596: 14499,13450,14793,13547
14504: 13487,15042,14409,13739,13541
15594: 13839,15225,12989,13975,14053
15228: 13783,15476,15310,14400,13408
12992: 13820,15519
12940: 15343,13810,14764,15810
13521: 14063,14547,15186,15364,12968
15422: 
14644: 14450,15372,13736,13145,15643,15270
13824: 14159,15552
13024: 13133,15774,14072,14755,14978
15677: 13926
13869: 14620,15665,13459,15019,12851
15591: 14916,14216,15415,14202,15215,15060
15773: 12958
15599: 14304,13090,14133,13352,14122,13582
15133: 12878,14549,15753,15805,15575
13239: 
14830: 
15271: 13660,13957,14317
15222: 14488,15067,15074,12879,13329,14694
13321: 13777,14092,13243,15093,28650,15247
14392: 15769,14394,13248,13290,13052,15762
15226: 14555,13099,14292,14840
13662: 14295,14346,12953
14770: 15682,15339,14134,15590,14717,14342
15765: 14545,14049,13524,13355,15258,13539
14894: 15235,14404,13770,13905,15807,13759
13835: 15263,13830,15038,13394
14668: 14326
14224: 13920,14496,15375,13399,13091
28658: 13074,13466,13941,28668,15520,14416
14953: 15183,14229,13261,14339,14609,14118
14578: 14584,15603,15214
15032: 15362,13379,14087,13040
14896: 13679,14178,14220
13167: 14653,14642,13663,13142,14624,12854
14484: 14674,13276,14153,14181
15185: 14212
14054: 15425,14955,14792,12864,13449,15020
14837: 13657
15504: 13080,15027,14847,15062,13762,14959
13918: 13621,13072,14452
13486: 15233,13973,14125
14500: 13136
13127: 12948,12980,15412,15670,13265,14724
14525: 14391,14815,15307
14219: 14879,14753,15434,15316,14268
15040: 15387
14284: 13190,14351,13803,14094,14875
13194: 14419,15424,15681,13499
15478: 15517,12965,15089,15138,14464,13108
15114: 
12904: 14480,14805,14059,13161,12898,13232,14905
13468: 13296,14807,14240,14906,15153,14887
15119: 12863,14637,14888,13110,13315,15490
14713: 13561,12934,12888,14989
14569: 13226,13420,13832,14621
14852: 14005,13492
14385: 15804,14890,15378,14696
14442: 15533,15669,14329,15303,15030,14945
12914: 13213,14420,15199,14678,13701,15521
14744: 13182,13234,14737,13665,15615
14680: 15489,13931,14590,13813,13053,14360
13388: 13794,13720,13978,14693,14941,15171
13296: 14807,13468,13323,13080,14887,13267
15443: 15098,15666
14763: 15005,14613
13123: 15607,13055,14939
13478: 14113
14711: 14413,13867,15289,13639,14028,14071
14130: 
14707: 14324
14419: 13637,13194,14459,13529,14158
14074: 13435,15596,15278,14739
14634: 15301,15684,13891,15120,14667,13577
15048: 12853,15156,14318,14449
13494: 14997,15640,14688,12976
14443: 
14895: 13168,15051,13483,12854,15715,12830
13797: 15645,13947,15795,13461,14179,15749
13169: 13862,14678,14824,12966,15312,13968
14934: 14918,13325
14314: 15428,14015
13324: 14992,15126,14827,14281,13831,13916
14818: 14117,14798,15166,12986,14921,14730
12846: 14177,13390,15164,15708
13892: 14390,13144,13681
14660: 14197,15587,14154,13038,13505,13476
14139: 14135,14151
14060: 13584,14019
14870: 15448,14382
13072: 15416,13154,13166,13918,13631
14821: 14631,14778,13768,13744,15536
13419: 13327,14129,15039,13522
15023: 
15313: 13708,12972,13770,14979,15170,13730
15014: 15678,13763,15217,14671
13135: 
14816: 15024,12906,14349,13673,15236,14987
13587: 
14177: 13390,15125,12846,13294
14748: 13288,13406,14261,13474,15252,15453
15511: 15508,13542
28298: 15430,28667,14960,14161,14521,14822
13009: 14047
13632: 15611,13417
13484: 13034,13491,13571,14734,15254
12830: 14514,13865,13593,13168,14895,15715
15260: 13989,15132
13249: 
14141: 13332
14887: 13080,15027,13552,14240,13296,13468
13932: 13141,14856,12815,14900,14360,13053
15042: 14433,12835,14409,15577,14504
14102: 15734,13273,15031,13747,15025,13642
14656: 14042,14970,15154,14213
12824: 15363,13356,12920,13573,12987
15328: 14602,13172,15083,13097,15541,14200
13961: 13300
13633: 15288,13240,13558,14145,14691,15022
15094: 15210,15262
13146: 15172
13225: 13992,14225
14370: 13970,13165,15055,13510,14332,13221
12847: 14641,12862,14465,13275,13658,14828
14227: 14119,13209,13415,15427,14571
12997: 12899,14277,15554,13904,13047,15625
13344: 13569,13420,15597,15189
14383: 14491,14867,12860,14266,13268,15251
13981: 13722,15613,15215,13443,13952,13624
13630: 13877,14297,15809,15721,12962,14858
13211: 15011,14195
15029: 15253,13545,13205,12852
14884: 13691,13305,13462,15251,14669,15158
13075: 15570,15702,14988,14974,15811
13734: 14267,14206,13926,14492
15790: 14633,15588,15241,14561,14586,15764
13766: 14285,14359,12867,14033,15572,15683
13440: 13229,13898,13008,13102
14004: 13426,13105,15006,13016,14846,14932
13571: 15008,15134,15696,13319,13484,15254
28650: 15682,15339,13321,13243,15093
13415: 14227,13209,13828,13908
14116: 13316,15482
15767: 13359
13885: 15689,15178,14808,14176
14033: 13261,13751,15572,13766,15683
14710: 14755,14803,13768,14072,15028
14244: 12907,14040,13297,15394,13472
14781: 14850,13625,13503,13262,13001,15240
15155: 14522,13792,14473,13573,13669,14699
13578: 14463
13992: 13225
14667: 14140,15120,14553,14967,15684,14634
14592: 14745,15121,15757,13868
13817: 15403,13067,15231,13455,13773,12978
15766: 13847,13034,13422,15383,13257,13666
15076: 15151,15409,14930,13391,15175,14026
13210: 12885,13340,12864,14148,14022,15144
14492: 14267,13734,15361
15288: 13240,14345,13616,13633,13922,15022
14568: 15331,14625,13002,14730,13677,14481
14025: 13238,13409,13913,13937,14271,14673
14464: 13852,15611,15089,15478,13108
15637: 12944,13433,15330
14023: 14912,13193
13133: 13024,15774,14072,15073,13496,15516
14791: 14916,14216,13555,15179,13197,15471,15543
12913: 15250,13463
14879: 14219,14753,14286,13914
15503: 15096,13911,14226,15654,13650,15372
13512: 14883,15149,13539,14207,12995,13524
15774: 13024,13133,15073,13540,13640,12845
13986: 14674
15049: 13858,15115,13087
15467: 13948,13788,13559,14522,13097,14200
14662: 
14466: 14365,14121,14679
15664: 13743,13379,15201,15362
14164: 15257,13636,13798
14051: 14628,13039,13812
14437: 14891,14146,14755,14714
13652: 14925,14228,15269
13944: 13879,14350,13271,12993
12868: 13256,13374,13059,13903,15238,12831
13203: 14863
15638: 15445,14309
14865: 13245,13150
13067: 15403,13817,13581,13990,15231,13365
14847: 14201,14783,15027,15504,15644,15062
13360: 15399,13694,15760,15771,13655,12975
12882: 15355,15038,13394,14762,12949
14618: 14859,13433,15650
13990: 13143,15505,15231,13581,13089,13067
14498: 
14686: 14189,12898,13327,13864,14089,14144
14150: 15633,13977,13863,15547,15651
12894: 13070,15628
14281: 14992,13324,14827,13107,14850,13147
13354: 13298,28589,13535,13378
14396: 14259,15782,15332,15083,13635,13991
15321: 
13094: 14185
13413: 15267,13594
14746: 14323,14841,14714,14146,14204
13535: 15016,14671,13354,28589,15678,13570
14728: 14796
15629: 15259
15066: 15248,13363,13200
13042: 15243,14069,14334,14800,13844,14972
13175: 14503,13173
13998: 13370,13754
15220: 15747,15096,14842,14761,13115,14357
15650: 15534,14618,14859
15394: 13297,13152,14244,13336
15096: 15747,15220,14842,15503,14226,15654
15036: 14291,13056,14020
15413: 14869,12844,13074,13941
13862: 13169,14678,13959,12966,15300,15199
15069: 14801,13548,15717,13107,13457,13147
28622: 15448,14482,28670
15486: 15082,14571,13765,15494,13952
13826: 15752,12946,15118,15671,12843,14632
14163: 13283,13022,15620,14971,13958,14377
13126: 13599,13493,14754,15743,15417,13980
13637: 14419,15310,15476
13307: 15500,14107
13255: 14355,14333
15391: 13370,13657,15284
13017: 14308,14487,14774,15695,13177,13585
13345: 14144,14059,13522,14063,13938,14138
14867: 14491,14383,12860,14098,13005,13597
13057: 15775,13044,13155,13553,14415,14366
14258: 13598,15237,12930,15461
13004: 
15728: 13284,13269,14427,14672,15740,15392
15248: 15066
15407: 15086,15539
15424: 15315,13427,14158,13194
14213: 15701,15043,14042,14656,13464
13939: 13899,13533,15010,14954
12921: 13275,13530,13026,14655,14430,13658
15337: 14812,14790
28651: 
15717: 15069,13548,13737,14410,13625,13147
15491: 14782,13723,13124,15034,14992,13831
13507: 13973,15025,14839,13690,15233
14495: 
15431: 14604,15015
14053: 14397,14999,14757,15225,13839,15594
13510: 14370,14800,14332,13221,14961,15243
15693: 14611
13570: 13535,13641,15678
14715: 15713,13767,14363,14828,14430,13658
15741: 13163,15404,14014,13619,15563,15617
13177: 13432,14567,13585,14774,13017,15584
14512: 14182,14190,13341
15571: 14902,15759
12832: 15801,12873
13537: 15015,13798,14452,15527
12835: 13906,14409,14433,15042,13260
14457: 12834,13264,13670,14861,13601,15630
14930: 15080,13368,15175,13822,14026,15076
15235: 13958,14404,14894,15620,13708,13770
13635: 13058,13991,15083,12996,15541,14396
28659: 28669,15600
13406: 14261,13474,12822,14748
13964: 14105,12856,13887,13343,14191,14622,15455
13366: 14776,13945,13304,14398,14394
13737: 13736,15654,14410,14842,13548,15717
15135: 15129,14708,14611
15681: 13600,13499,15755,13194
15147: 13102,14165
13068: 13228,14716,14289,15436,14940,14422
15585: 15003,13149,13756,15331,13752,15202
15719: 13541,13951,14217,14993,13800
13709: 14687,14530,14049,14114,15208,13285
14716: 13068,13228,15725,15562,12946,14940
13268: 14364,15251,14669,14162,14266,14383
13678: 13297,15709,13152,13116
15280: 
14797: 13832,14621,14407,15084,13807
13966: 
15539: 14485,15407,13039
14090: 13168,15051,14477,13546,14413,13006
14455: 13037,15500
12986: 14579,14061,15166,15209,14818,14798
13084: 
14086: 15797,15109
13019: 13279
13810: 14286,15343,12940,15316,14533,14764
13032: 14718,15784,15593,13901,14841
15247: 13556,15242,15335,13321,13777,15093,14423
14210: 13808,15405,14765,14871,14311,15092
13195: 15272,15722
13138: 14908,14984,14035,14532
14901: 14142,14914,14726,13178,14619,14983
13101: 14251,14768,15349,14218
15295: 14655,14430,15723,13103,13407,15713
12930: 12905,14258
14297: 13877,15327,13630,15602,14196,15809
14408: 13815,14860
15035: 
13697: 13730,14919,12972,15053,15234,13054
14382: 14870,13791
28558: 13730,14919,15746,14649,14700,14979
15353: 13957
13012: 14221,14198,13526,15386,13854,15075
14251: 13101,15716,14585,14218,15692
15350: 
13305: 13691,14884,14810,15158,12977,14321
13543: 14689,14946,13230
13340: 12885,13210,15397,14055,14892,14148
14652: 13129,13692,28670,14951
13051: 14696,14688,15804,12976
13445: 15177
13901: 15593,14272,12890,15667,12823,13032
15612: 12947
15718: 13919,14206
13140: 13830,15726
15520: 13723,14103,14416,28658,28668
14671: 15016,13535,15294,13763,15014,15678
14936: 15088,13833,14749,13018,15111
13218: 13247,15045,13655,14431,13890,15760
15620: 13283,14163,15388,13708,15235,13958
15398: 
14871: 13381,15729,14311,14765,13750,14210
14329: 15533,15669,14442,13390,15125,14945
15593: 13901,12845,14272,14978,13032,14841
13332: 14141
13469: 14994,14429,15392,15466,13645,15813
14424: 13311,15145,13773,15342,12967,12978
14056: 
14769: 15080,13368,13404,15063,13623
15667: 12890,14401,13901,14272
13410: 13199,15672,13808,15405,14496,13399
14649: 12843,14632,14700,14979,14478,28558
14886: 14043,13748
14758: 14179,14085,14913,15645,13671
14340: 
13580: 13790,12867,15421,13917,14881,14285
15540: 15279,14725,12851,13405,15694,14270
13679: 14896
12899: 14277,14541,13173,12997,13384
14691: 14145,13371,13000,15497,15022,13633
13701: 14678,14824,14727,13213,12914,13949
15384: 13689,14637,14888
13556: 15242,15247,15408,15335,12888,14849
12963: 15301,15684,13816,14682
13843: 13322,15627
15444: 
13411: 13705,15694,13714,13071,14065
14519: 14657,14779
15072: 13065,14509,14115,15044,13953
13621: 13918,13631
13816: 15618,12963
13827: 14954,13153,15178,14235,14075
15290: 13277,14964
14690: 13231,12869
14243: 13130,13367,15794,15483,14920,15778
13481: 
14031: 
14996: 14318,15002,14034,15163,14011
13353: 14891,14146,15140,12932,13431
13178: 14117,14650,13677,14619,14983,14901
12875: 13030,14657,15361
15329: 13649,15657
15256: 14294,14252
14032: 14679,13706,14391
15085: 15283,14762,15474,13401,14928
13791: 14353,14482,14382,15724
13395: 12928,14756,14927
14672: 14948,13579,13284,15728,15392,15466
13563: 15216
12858: 15578,13424
13965: 14384
14183: 13846,13754,14834,13676
13747: 13973,15025,14102,13031,13642
15542: 13558,14145,14814,15671,12843,14700
12912: 14772,13444,15574
15352: 14520,13695,15616,14806,14926,15614
14645: 14076,13132,13401,14646,13085
14726: 14142,14901,14619,15528,15764,15241
14012: 15070,15095,15451
13198: 15097,13661,13023,13110,15490
13444: 12912,14037,13511
15611: 14464,13632
28667: 15430,28298,12985,14554,14161,14517
13396: 15123,15221
14199: 15263
13245: 14865,12956
14537: 14543,13144,14949
14714: 14978,14146,14437,14746,14841
13079: 14387,14595
15445: 14309,15638,13837,15370
15781: 14575,15686,12822,14587
13575: 13377
13291: 
13887: 13964,14105,14191,15642,14534,13668
13538: 15034,14017,13902,14103
15317: 14958,14325,14066,14751
14557: 15690,13656,15307
14857: 14542,14003,13355,13293,14376
14514: 12830,13865,13593,13777,14423,14661
14006: 13914,14717,14262,14253,13576,15112
13231: 12852,15368,14690
14991: 15268,13404,15390,15244,14599
15192: 15368,13205
14125: 13486,14794,13718
15196: 14986,12815,13120,14835
14471: 13896,15367
14011: 12881,15163,14996,13933
14778: 14631,14821,13768,15303,13971,15516
15065: 15608,15200,13638,12880,14732,14531
15399: 13694,14526,13360,15760,12829,14882
13460: 14398,13248
14395: 13787,13614,15415,14591,14653,12828
14196: 15809,13069,15602,13802,12861,14297
13925: 13040,15124,13758
15700: 13242,15458,13429
13985: 15493,14100
13125: 13482,14435,13823
14702: 14481,14788,14625,13475,15457,15423
14614: 15264,15754,12933
15267: 13413,13994,14323,13594
14285: 14359,13766,13980,14881,13580,12867
13565: 13839,13416,13583,14361
14194: 13536,13350,15194,15501,13022,14893
15736: 15698,12836,14523,12871,15289,14071
15508: 15511,14149,12859
12954: 14391,13656,15307,14365
13449: 12877,15697,15020,15409,14955,15136,14054
15687: 15648
14215: 
13014: 14969,15632,15131,13593,14661,13219
14122: 13352,15599,14451,14111,13582
15600: 28669,14355,28659,14823,13325
14296: 
13038: 13505,14154,14660
13738: 14524,14161,15659,13997,13454,14521
13519: 
14842: 15096,15220,14357,13548,13737,15654
15551: 14952
14595: 14278,13079
15469: 14265,13710,13098,15370
13479: 
14231: 13982,14075,14235
15459: 13091,15092,14162,15377,13532,14266
14928: 14374,15099,15085,13401,13085
13159: 12908,12916,14787,15621,13349
14841: 14323,14746,15593,14978,14714,13032,15784
15043: 14213,14288
13499: 15681,13194,13244
14806: 14506,15616,12874,15352,14520
14433: 15360,15663,15042,13260,12835
15707: 15281
15170: 15436,15388,14478,14979,13708,15313
28589: 13354,13298,14351,15016,13535
15118: 13826,15752,12946,28559,12959,15562
15231: 13990,15505,14444,13067,13817,13455
14948: 14672,14854,13793,15466,14111
15618: 13769,13816
13527: 15496,15569,14627,14981,14201,15808
13295: 14938,13873,15578,13424
13623: 14109,14301,13809,15063,14769
14062: 15748,14274
13769: 15618,14967,15389
14725: 15540,15279,14270,13710,13707,14309
14616: 12976,15302,15502
14522: 15155,13792,14473,13948,15467,13097
14959: 13762,14448,13080,15504,13267
15377: 14703,13532,14417,14266,15459,14491
13191: 13189,14546,14261,13021
15554: 13384,14337,13064,12997,13904
13380: 15730,13425,15710,15655
14175: 13569,15563,12877,15020,15425,13420
15052: 15369,14629,14664
12817: 15759,15157,12870
13581: 14169,13089,13990,14892,13365,13067
13050: 14610,14606,14585,14078,15692
13857: 15386,15244,14733,14273,13854
15709: 13678,15365,14067,12982,13306
14807: 13296,13468,13323,15153,13549,13529
15208: 14114,15334,15602,13709,13285,12861
13868: 15475,14592
13569: 15563,13344,15617,14175,13420,15189
14503: 13175,15433,15323,13384
15205: 15212,12960,15348,15404,15116
15527: 12950,13471,13537,14005
13099: 15226,13544,15081,14511
14013: 13526,13438,14528,13339,14599
14817: 14279,13926,13566
14218: 14980,15692,14251,13101,14559,14985
13237: 14343
15428: 14015,13689,14314
15366: 14933
13342: 14380,15573,14068,15567
14843: 14768
15523: 13290
15236: 12948,13673,12816,14968,14349,14816
15214: 15001,14578,14676
15744: 14354,13996,15522
15241: 14633,15790,15764,14142,15358,14726
14095: 13960,14965,13095,14428,14975
14918: 14934,13717
15037: 15655
15386: 15244,13857,14599,13526,13012,13854
14232: 14966,14415,14241,12833,13180
14287: 15255,15122,13691,13462,13716,15203
13677: 13178,14117,14730,14568,14481,14983
15742: 
15333: 13584,13250
14394: 15769,14392,13248,14398,13366
13447: 13385
13554: 14418,15756,14489,13564,13803
13233: 
13464: 14570,15701,14213,14042,15113
13655: 15771,13118,15045,13218,13360,15760
13029: 13156,12923,15463
13624: 14202,13607,15082,13952,13981,15215
15169: 15786,13129
15210: 15094
14573: 13669,14833,14699,15363
15705: 15679
15740: 15624,14239,15728,13269,14084
15615: 13753,13171,14744,13234,13665,13184
12917: 
13542: 14193,15511
13530: 13275,13703,12921,14706,15110,13026
14107: 14539,13307
15652: 13856,14371,13310
15661: 13711
14118: 14469,14868,13261,14953,14229
15314: 12850,13888,14346,13033,14742
15528: 15173,14619,14084,14239,15764,14726
13604: 14120,15165,13767,14363,13217,15465
13767: 15713,14715,14363,13740,13217,13604
13653: 13536,13235,13350,15059,15743,15417
13208: 13348,14380
14804: 13328,14651,15008,14564,15254,15565
13561: 12888,14713,14849,13794,13720,14989
14574: 14082,13428
14402: 13069,12892,13278,13166,13636
15763: 15274,13179,12883,14548,13409
13427: 15315,15424,15730,13215
14269: 13757
28641: 14752,13591,15229,14273,13448
13403: 12890,12823,13886
15567: 15645,13947,13342,14802,14913
15701: 14213,14515,14288,13692,13464
14643: 13103,13407,12896,13182,13234,14566
15587: 14197,14660,13106,14291,14154,15167
13683: 15227,13685,13642,13031,13313,14275
14077: 13367,14826,14583,14336,13383,14957
15778: 14583,13759,14404,14920,14243,13367
28665: 13174,13292
13196: 15456,15379,14757,15145,14872
13735: 
13348: 13027,13208,15653,14380,14915
14935: 13335
14775: 
13387: 15250,14453,14007
14635: 15706,13071,13048,14600,13405,13714
14648: 13712,13098,13425,14079,15370
15216: 13563,12901
15675: 15356
14732: 12880,15465,14572,13217,13638,15065
15429: 
15046: 15164,15708,12935,14494,12842,15489
12865: 15564,13579,13337,14445
14753: 14219,14879,15434,13704,15590,13914,14342
14982: 12883,12909,13376,14931,13393
13182: 14744,13234,14737,13866,12922,14643,12896
14456: 13015,15471,13487,15179,13951
14759: 14810,13620,14242,12977,15589
13271: 13528,14659,13944
13334: 13520,13010,15452,15513
14771: 15176
12920: 12824,13356,12987
14599: 15386,15244,13526,14013,14991
12825: 13299,13806,15393,15364
13060: 
12892: 13069,14402,13802,13648,15580,13278
14345: 15288,13240,13616,13314,13318,15569
14316: 13731,15673,14322,13269,14427
12906: 13589,15024,14816,14987,14605,13081
14263: 14426,13659,15712,14638,14820,14257
14767: 13221,28559,14961,12897,12959,13495
14729: 12855,15555,12926,14777,14869,14565
13568: 13412
14739: 13688,14074,13035
14174: 14750,14282,14432,14628
14570: 13692,28670,13464,15297,15113
15294: 14489,13564,15056,13763,15016,14671
14279: 14508,14817,13566
15093: 13321,13243,15339,28650,15242,15247,13785
12907: 14244,14040,13472,15779
12833: 15131,13180,14232,14966,14544,15632
14738: 15657,15597,13331
15547: 13139,13122,15464,13977,14150,15651
13636: 14858,14164,15809,13069,14402,13166
14849: 13561,12888,13192,13556,15335,13794
13700: 13421
14366: 15201,14966,14415,13057,13379,13553
12975: 13733,15306,15771,13694,13360,15480
13287: 15156
13498: 15204
13875: 15524,14977
15799: 13279,13451
13152: 13678,13116,13745,15394
15784: 13032,14323,14841,13994
15060: 13025,14591,15613,15215,15591,15415
14353: 13791,15354,14482,14039
13394: 12882,15355,15038,13835
14670: 13717,13010,13436
12860: 14867,14383,15251,13462,15122,13597
14695: 15674,13378,12931
15259: 15629,15129,14925
12819: 13719,14147,15699,15401,15530,15406
13448: 13391,15175,14733,14273,14752,28641
12836: 15736,15698,14562,13546,14743,15289
12966: 15312,15565,13959,14564,13862,13169
13681: 14390,13892,13728,15793
15411: 15761,13422,14929,14720,15033
13560: 14379,14207,13618,12995
13171: 13753,15615,13638,12927,15200
15103: 15659,14147,12878,14549,14874,14524
12902: 
13855: 15727,14988,13090,14615
15356: 15675
14811: 15143
14553: 14967,15473,14140,14667
15283: 14762,15085,15481,15344,15474
15757: 13894,13310,15121,14592
13331: 14738,14327,14222
14020: 14154,15036
14334: 13062,14800,15426,13729,13042,14972
15514: 12855,15395,15555,14705,15165,13893
13863: 13518,14150,13953,12951,15396
15670: 15412,15270,15643,12948,13127,12816
15382: 13586
13907: 13721,13729,14974,12941,12945,15426
14968: 15017,14349,13715,13001,12816,15236
12956: 14237,13245
13878: 15292,13725,14093,13501
15292: 13878,13473,13501
15651: 12951,14150,15547,13122
13658: 14430,13275,12921,12847,14715,14828
14633: 15790,15588,15241,15358,13970,15055
15354: 15113,15297,14290,14353,14039
14940: 15436,14478,12946,13068,14716,14632
15708: 15164,15046,12846,12935
14803: 14710,14755,13979,15028,14891,15140
13599: 13126,13493,14073,13562,14754
15375: 13920,14224,13091,14162,14426,14364
13355: 15765,14545,15258,14542,14857,13293
12859: 14208,14149,14589,13357,15508
14145: 15542,13558,13371,14691,14814,13633
14127: 13741,13134,14681,14140
15480: 12925,15325,14299,15306,12975,13694
13882: 13113
14133: 14143,13352,15599,14304
13002: 14921,14559,14730,15331,14568,15202
13028: 15537,13845
13141: 13932,14856,12815,14256,13120
12968: 15753,15805,14587,15364,14547,13521
13035: 14739
14152: 
12926: 14729,15555,14869,13074,13059,13903
12973: 15017,14349,15180,15249,15024
13698: 13148,14159,13214
12982: 14067,14493,15041,15365,15709
15699: 14147,12819,13936,13647,14549,15401
13716: 14589,15203,15255,14287,13590,13246
13851: 14598,15576,14845
14558: 13272,13397,13646,12874,14950,14862
13916: 13324,15126,14827,14883,15149,14369
14188: 14306
14169: 13581,15374,14055,13089,14838,14892
14526: 15399,13694,15325,13000,14882,13371
15015: 13537,14452,15431
13906: 12835,13908,13209,13895,14234
14046: 
14493: 14580,14067,12982,13670,15630,14862
14508: 14279,13467
15028: 13979,12840,15536,14710,14803
14426: 13659,14263,15712,13920,15375
14507: 13500,15387
14423: 13192,14661,14514,13777,15247,15335
15691: 13373,13509,13849,13045
15405: 13808,14210,13410,14496,15092
15436: 15388,15170,14478,14940,13068,14422
14655: 15295,14430,15723,13077,13026,12921
15107: 
13040: 14899,15032,13925,15124
13284: 15728,14427,13337,13579,14672
14420: 15583,13213,12914,15224,15521,13048
14084: 15173,15528,13731,13269,14239,15740
13489: 13531
15516: 13496,13971,14778,13768,13133,14072
14161: 13738,14524,14517,15430,28667,28298,14521
15596: 13435,14074,15275,14319
15090: 14835,14458,12815,14900,13523,12893
15463: 13829,13029
13288: 14748,14261,13760,13021,15453
15754: 14614
15714: 15494,15273
14925: 14228,13652,15129,15259
14799: 14233
15808: 14201,14783,13702,14627,13527,14620
15583: 13213,14420,13557,13048,15019,14600
14061: 14579,12986,15649,14704,15673,14798
15622: 14602,13172,14766,13241,14502,14198
15389: 13769
13528: 13271,14124,13688,14659
12957: 14361,12971,12889
14782: 13107,13457,12831,15491,13124,14992
14681: 14964,15473,14127
13376: 15722,14665,14931,12883,14982
13648: 13802,14283,13293,14376,15580,12892
13531: 13392,13252,13489
13401: 14076,14645,15474,15085,14928
15081: 14367,14709,13099,14511,13929
13461: 15455,15795,13797,12856,15749,15311
13276: 14931,14484,13393
14815: 14525,15307
13408: 14167,13266,14400,15228,13783
15653: 15401,15530,13936,13348,14106,14915
15129: 15135,15259,14925
14509: 13065,15072,15345,14603
15471: 12849,13015,14456,15179,14791,15543
13711: 14617,15661
14375: 13289
14098: 14132,13005,14867,13597,15450
14373: 28662,14441,13846
13207: 13664,13456,13263,14105,12856,15311
13922: 15022,12821,14727,15288,13616,15803
15686: 15319,13474,12822,15781,14587
13977: 13081,15464,14605,15633,14150,15547
14124: 13801,13688,15057,14659,13528
15733: 12919,13520,15161
12884: 13834,15174,14776,15769,15595,15698,12871
13547: 13576,15420,15112,14596
14975: 14428,13819,13833,14749,14095
13156: 13029,14997
14282: 14750,14174,14628,13788,13812
14393: 
13045: 13849,15691,13509
14450: 13650,15372,15347,14644,15770,15270
14275: 13319,14851,13313,13683,13685,14597
14404: 15235,13958,14894,14920,13759,15778
14976: 13025,14591,13834,15174,13787,14562
12935: 14096,14038,14494,15708,15046
15689: 13885,15178,14235
13777: 13321,14092,14514,13865,14423,15247
14854: 14948,15564,13579,13183,13793
14325: 14958,13675,15317,14066,15110,13703
14549: 12878,15133,13647,14147,15103,15699
14502: 14221,14198,13669,14833,13241,15622
13815: 14408
15063: 15268,13404,13809,14860,13623,14769
14344: 14588
13929: 14511,15081,15792,15441
15560: 
13728: 15056,15793,13681,15357
12905: 14722,12930
13740: 14566,14572,13217,13407,15713,13767
15017: 14968,14349,12973,13001,15180,15240
14417: 15377,14703,15751,15553,14491
14305: 
14478: 15436,15170,14940,14632,14649,14979
13228: 13068,14716,15725,15685,14289,15308
13018: 13743,15656,15088,14936
14201: 15808,14783,14847,15496,13527,15644
14965: 13960,13898,14095,14428,14505,13008
15635: 15006,13373,13509,14501,13105
14679: 14032,14391,14466
15301: 12963,15684,14634,13577,13513
14727: 13922,12821,13701,14824,15803,13949
15419: 15123,15716
15659: 13719,14147,15103,13738,14524,13997
14631: 14821,14778,15533,15303,15731,13744
14653: 13663,13167,12828,14395,13614,13142
14071: 13639,13362,15736,14523,14711,15289
14992: 13324,14281,13831,13107,14782,15491
13742: 15026,13988
28559: 14767,14961,12959,12952,15118,15562
14439: 14607,13820,15209,15519,14579
12820: 13849,13453,13615
13974: 
15068: 13434,14897,14510,15439,13796,15018
14432: 13950,14174
15788: 13193,14603
13144: 14537,13892
14627: 13137,14981,13527,14620,15665,15808
15026: 13742,13382,13988
15311: 14787,15749,13461,12856,13207,13664
15251: 13268,14669,14383,12860,14884,13462
14548: 12883,12909,15763,13409,13937
13206: 13386,14058
14058: 13206,14472
15810: 15343,12940,15160
14705: 12855,15514,14641,14363,14828,15165
13304: 15273,13281,14398,13366
14917: 15605
14298: 14560,13153,14518,15293,14176
13870: 
14441: 12970,14373
14363: 13767,14715,14828,14705,15165,13604
13465: 13073
14407: 15136,14446,15084,15697,14797,14621
14312: 13308,13421,15408,14910,13818,12934
15137: 15195
13579: 15564,12865,13337,13284,14672,14854
14271: 13937,15344,15474,14025,14076,14673
13659: 14426,14263,14364,14669,15158,14257
13318: 15496,15569,14345,13314,14010,15234
15016: 14671,13535,13564,15294,14351,28589
12934: 12888,14713,15408,13308,14312
15287: 15338
14793: 14596,13450,14878
14872: 14397,14709,13196,13311,15145,13544
13109: 
14612: 14666
14546: 13191
14752: 13591,28641,15397,13448,13391,13082
13550: 13452,14836,15581
15084: 14446,14407,14927,13821,14797
15074: 14488,15222,15435,14480,14203,13329
14170: 13359
13298: 13354,28589,13190,14351
14866: 15745
13261: 14033,13751,14339,15683,14953,14118
14029: 13095,14693,14941,14969,15656,15088
13995: 
15513: 13514,13334,13436
14876: 13475,15447,14027,13756,13752,14110
15123: 15419,13396,15221
15269: 13652
14780: 14399
14897: 13434,15206,15068,13796,14486,15059
14220: 12873,14178,14896
14421: 
13089: 13581,15374,14169,15332,13990,13143
13430: 15263,15038,12949,14411
14035: 14331,15579,13138,14581
13795: 
14589: 13716,15203,13357,13246,12859,14208
13950: 12936,12987,14432,14750
15250: 12913,13387,13463,15198,14007
13016: 15224,12942,13426,14004,15706
14357: 14877,14070,13115,15220,14842,14801,13548
13491: 13319,14851,14929,13847,13484
14272: 15593,13901,12845,13540,15667
15154: 14970,14656
14462: 14472,14399,13502
13941: 13074,28658,13466,28668,15413
15786: 15169
14777: 14641,12862,13076,14565,14729,12855
14085: 14179,14758,13671,14310,13349
14674: 13986,14484,14181
13982: 14231,14075
13669: 14573,14833,14699,13241,15155,13792,14502
13945: 14776,13366,13722,15613,15174
13232: 14905,12985,14138,14554,14059,12904
12925: 15325,15480,14299,14814,15752,15671
15101: 15150
12952: 15243,14069,28559,14961,15725,15562
13695: 15352,14518,14520,14926,15780,14560
12987: 12936,13573,13950,12920,12824
15397: 14752,13591,14055,13082,12885,13340
15153: 14906,15807,14640,14807,13468,13549
13130: 14243,13367,14826,15483,15477,12938
13485: 14379,14207,14017,13902,15126,15149
14810: 15158,14759,13305,12977
14365: 14765,14466,12954,13656,14104
13441: 13651,15662
15668: 13096
14103: 13723,15520,15034,13538
13627: 15468
13642: 15227,13683,13747,14102,15031,13031
13071: 15706,14635,14065,13411,13714
14016: 15104,14352,13545,14463
14629: 15052
14294: 12990,15256,15168
14978: 14714,13024,15593,12845,14841
13888: 15314,12850,14742
13256: 12868,13374,13059,15395,14877,14070
14542: 15249,14003,14857,14302,14545,13355
15564: 13579,12865,15004,13183,14854
14238: 
13129: 14652,14515,15169,13692
13425: 13762,14448,13712,14648,14079,13380,15730
13513: 14388,13577,15301,13713
13081: 15464,13093,13977,13589,12906,14605
15127: 13562,14236,15167,14731
12879: 14293,15222,15067,14694,14088,14949
15038: 12882,13394,13835,13430,12949
15179: 13197,13274,14791,15471,14456
14444: 13629,14741,15505,15231,13455,13187
15803: 13137,13949,14981,13922,14727,13616
13315: 13110,15545,13131,15009,15119,12863
13229: 13440,15171,13720,13898
13405: 12851,14600,14635,15694,13714,15540
14187: 14708,14692
15242: 13556,15247,15408,15093,13785,14910
14951: 14652,28670,15448
14888: 15119,12863,14637,15384
15100: 12977,15589,13928,15510,15193
12853: 15048,15073,15442,14449,15438,13640
12852: 13231,13205,15368,15029
13102: 15147,13440,14160,13073
13879: 13944,15535
14440: 15556,14315,13603,15775,15492,13553
13005: 14132,14098,14853,15553,14491,14867
15312: 12966,14214,15565,14052,13968,13169
14977: 13875,15524
14470: 15558
14766: 13172,15622,14198,15075,14259,13761
15759: 12817,12873,15571
12927: 13100,13171,15200,15695,14308
13675: 14958,14325,13703,14091,14825,14465
15807: 14906,15153,13905,14894,14640,13759
14132: 14098,13771,13891,13005,14853,15450
12841: 
14093: 15098,13878,14490
13243: 13321,14092,15093,13867,14028,15682,15339,28650
12991: 14813,15300,15326,13257,14956
13672: 
14607: 13214,14439,14579,15649
13160: 14157,12886
15574: 13467,12912,14037
13241: 13669,13792,14502,14602,15622
15440: 14696,15378,13651,14697
15566: 14290
13431: 15089,14204,14146,13353,13852
13364: 13437,13400,13610
13369: 13613,14467
13393: 15481,13276,14931,14982
14117: 13178,14818,14798,14650,13677,14730
13467: 15574,14508,13030
13968: 14052,15497,15312,13169,14824,12821
15012: 
15371: 13247,12964,13909,14027,13609,15750
13238: 14025,13409,13913,12996,15274,13058
14529: 
14801: 15069,13548,13374,14877,14357,13457
13386: 13206,14889,12850
14561: 15790,15588,14586,13645,13999,15813
14203: 14480,14805,15074,12834,13264,13329
14255: 
15401: 15653,15530,13936,12819,15699
13720: 13388,13561,13229,15171,14989
14838: 13591,15229,15806,15374,14055,14169
13501: 15292,13878,14937
14193: 13542
28661: 12842,13931,15731,15533,15669
15194: 14289,15308,14486,13350,14194,15501
14389: 
13775: 
14005: 13492,15527,14852
14409: 12835,15042,14234,14504,13487,13274
13000: 14052,15497,14882,14526,13371,14691
13975: 15225,12989,13085,14374,15594
15598: 15721,12962,15239,14552
13611: 12988
13912: 
14823: 15161,15600,13325,14924
14100: 15537,13592,14868,13985
15458: 15087,15700,13429
15621: 14787,15749,14179,13349,13159
14677: 14796
15152: 12870,14772,15104
13555: 13895,14234,14202,13197,14916,14791
15776: 14808,14176,13646,15293,14348
13258: 15735
13346: 14237
12871: 14523,12884,15595,12848,15736,15698
14326: 14668
14836: 13550
14091: 13076,15639,14825,13675,12862,14465
12995: 13618,14530,13560,14207,13512,13524
14138: 13232,14554,13938,14059,13345,14636
13871: 14066,14751,14721,14658,15586,15787
14795: 15320,14610,14078,13699
13559: 15467,13788,14663,14200,14474,13179
14022: 15425,13210,12864,15144,13619
14262: 15160,14253,14286,14006,13914
14463: 13578,14016,14295
15735: 13258
12955: 14933
15022: 13922,12821,15497,14691,15288,13633
13786: 15432
14075: 14231,13982,13533,13827
13073: 13465,14160,13102,15071
13741: 15223,13134,14127,14131,13771,14140
15710: 13215,13380,15730,15336,15341
15639: 13076,14091,13312,14825
14651: 14804,14431,13328,13890,15008,15380
14563: 
13806: 14683,12825,15393
13457: 13107,14782,12831,13374,15069,14801
14348: 13921,13320,15776,14808
14641: 12847,14777,12862,14828,12855,14705
14166: 
13872: 13733,15306,13495,14476,13963,12897
13497: 14859,15534
15357: 13745,14390,13728,13186
14927: 13821,13395,14446,15084
15007: 14742,15660,13842,15451
13668: 13083,14926,15614,14534,14105,13887
14764: 14533,12940,13810
13312: 13076,15639,14565,12844
14826: 13130,13367,14077,15477,13383
14155: 15320,14479,14839,15025,15734
13381: 14871,15729,14311,28607,13755,14703
14425: 13131,14698
14157: 13160
13880: 15628
12876: 14079,13837,15655
13838: 
13727: 13920,13399,13983,13749,15712
13900: 15030,13933,15002,14449,15438
15535: 13879,14350,15345
15442: 12853,13302,14401,13640
15237: 13598,14258,13402
15416: 13072,13798,14452
15188: 
14545: 15765,13355,14209,13539,14302,14542
13493: 13599,13126,15549,14018,14881,13980
13935: 15518,13077,15001,14790,13282
15126: 13324,13831,13916,13902,13485,15149
15122: 15255,14287,13597,12860,13462
13370: 13998,15391,13754,13676
28553: 15607,13894
15121: 13856,13310,15757,14592
15606: 
15202: 15331,13002,14559,15585,13149
15106: 14515,14030
14891: 14146,13353,14437,14755,14803,15140
15758: 13909,14110,13954,13273,15031,13066
13338: 15142
14919: 13697,13730,15746,28558,13314,15234
12870: 12817,15152
15098: 14093,14490,15443
15499: 14889
14473: 14522,15155,12936,13573,14750,13948
14030: 14639,14288,15106
15502: 14616,14997
13165: 14370,15055,14476,14313,13221,12897
15633: 14150,13953,15044,14605,13977
14571: 15082,15486,15427,14227
14582: 
13392: 13531,14101,13840
14983: 14481,14788,13178,13677,14901,14914
13782: 
12962: 15721,15598,15239,13630,15257,14858
15300: 14813,12991,15199,13959,15326,13862
13962: 12890,13726
13989: 13061,15260
14176: 15776,14808,15293,14298,13153,13885
15446: 14042,13446
13474: 15319,15686,12822,13406,14748,15252
13339: 15390,14343,14013,14528
15536: 15218,13744,14821,12840,15028
14622: 13280,14191,15406,13343,14962,13964
13352: 13793,14122,14133,15599
14885: 12903,14313,14002,14142,15358,14914
14089: 13864,13525,14189,14686,15211
14957: 13383,15310,14077,14336,14459
13590: 14388,13246,15255,13212,13716
14202: 13624,13607,13555,15215,14916,15591
15609: 12984,13282,14551,13202,12896
15517: 13594,15478,12965
15318: 13693
15075: 13854,13439,14198,13012,14766,13761
13921: 13613,14467,14348,15779
13514: 15513,15064
13614: 13787,14395,14743,13142,14653,14477
15281: 14943,13994,15707
14459: 14336,13549,13529,14957,14419
15392: 13469,15466,13645,15728,14672,15624
14147: 15659,13719,15103,12819,15699,14549
13617: 13428
12880: 14732,15465,14761,15065,15747,14531
13864: 14089,15619,13327,14686
15451: 13842,15007,14012
13717: 14670,14924,14918
14041: 14675
14190: 13309,14923,13341,14512
15078: 15452
14733: 15244,13857,13368,13448,15175
12976: 14616,14688,13051,13494
14119: 14227,13209,15082,13895,13607
13149: 13699,15585,15003,14980,14078,15202
13078: 13310,14185
14712: 15493,15282
14693: 13095,14941,14029,13388,13960,15171
15782: 14396,14259,13761,15806,15332,15374
14731: 15631,15570,15702,15127,14236
15578: 13724,12858,13873,13295,13424
12881: 13294,14011,15125,13933,14945
13780: 14186
13558: 15542,14145,14700,13240,13633,15746
14158: 15315,15424,13323,13529,14419
15581: 13550,13301
15104: 14016,15146,15152,14352,14772
14045: 
15768: 13155,14685,13270,14993,13800,13044
13262: 13715,13145,13001,14410,14781,13625
15167: 15127,13562,13106,14197,15587,15549
14265: 13710,15469,13459,13702,13098
15713: 13767,14715,15295,14430,13407,13740
12856: 13964,14105,15455,13461,15311,13207
14632: 12843,14649,13826,12946,14478,14940
13186: 13336,13667,15357,14168
15203: 13716,14589,13357,13691,14287
13830: 13140,15726,13835
13184: 15285,13100,13665,15615
15568: 14376,15580,15464,13093,12900,13139
14406: 13062,14332,15588,14173,13999,13970
15168: 15378,14294
15417: 14359,13980,15743,13126,13653,13235
13729: 14510,13721,13907,14334,15426,14972
13274: 13487,14409,14234,15179,13197
14831: 14014,15626,13326,12967,15348,15404
12861: 13802,14283,13285,15208,15602,14196
15797: 13049,14086
12854: 14624,13483,13167,13142,14895,15051
13573: 12936,12987,15363,12824,14699,15155,14473
13813: 15218,13053,13744,13931,14680,15731
15793: 13728,13681,14418,14489
14207: 13560,14379,13485,13512,15149,12995
15010: 15400,14137,13876,13939,13899,14954
13328: 14804,14431,14651,12829,14214,15565
14889: 14460,12937,15499,13386
15676: 13056
14288: 14515,14030,15701,15043
13030: 14657,12875,13467
13552: 14010,15053,14240,15027,14887,15644
15082: 14571,15486,14119,13952,13624,13607
13091: 15459,15092,14162,14496,14224,15375
14347: 14873
15263: 13835,13430,14199
15569: 15496,13318,13527,14345,13616,14981
15070: 14012,13037
13015: 12849,13270,14993,15471,14456
13142: 13614,14653,13167,12854,15051,14477
14604: 12943,15431
13586: 15382
14397: 14999,14709,14053,14872,14757
15802: 15091,13453
15177: 13445
13706: 14032
15515: 14647
14773: 
15525: 13055,15529
13253: 
13784: 13330
15021: 
14073: 14341,13562,14236,14754,15018,13599
12889: 15785,12957,12971
14915: 14380,15573,13348,15653,15530
15211: 14497,14089,13525,14189
13362: 13704,13639,14071,14523,14434,15434
15470: 15546
14845: 13851
14786: 14341,15439,14974,15702,13721
13641: 15678,13570
14386: 14608,13088,15703,13749,13836
15548: 14009,14893,13536,13235,13751,15572
14247: 13303
14602: 13172,15622,15328,13097,13241,13792
13251: 13117
15221: 15123,13396,14606
15556: 14440,14315,15492,14087
15347: 14450,13801,15770,15412,15270,15057
15696: 15134,13571,13685,12929,13104,13319
13289: 15009,14375
13325: 14823,15600,14934
15671: 13826,15752,12925,14814,15542,12843
15430: 28667,28298,14960,14264,14861,12985,14161
12981: 14938,15477,13383,14400
15769: 14394,14392,14776,12884,13052,15595
14687: 13618,14530,13709,14114
15809: 14196,13069,14297,13630,14858,13636
13500: 14507,13680
13584: 15333,14060
14586: 15624,14239,15764,13645,15790,14561
14069: 15243,12952,13042,15685,13844,15725
14661: 13192,14423,13219,14514,13593,13014
13020: 
14248: 13033,15449,13473
14510: 13721,13729,15439,13434,15068,14972
13257: 13666,14956,14501,15766,13034,15326,12991
15360: 14433,15663,15182,13043,12983,15577
13884: 
13033: 14248,15314,14742
15368: 15192,13205,14903,12852,13231
14418: 15756,13554,15793,14489
15047: 13596
13834: 12884,15174,14976,15698,14562
14964: 14681,15473,15290
13779: 
14182: 13682,14512,14747
14037: 15574,13444
14605: 14987,15044,12906,13081,13977,15633
13685: 15227,13683,13104,13319,14275,15696
14254: 15498
14479: 14414,14610,14155
14036: 12994
13116: 14543,13678,13152
13650: 14450,15372,15503,13911,14567,15770
15310: 13383,14957,14400,13637,15228
13509: 13373,15691,13045,15635
13220: 14260,14615
14167: 13408,13266,13783
15053: 13552,14010,15234,14240,13697,13054
13183: 14143,15564,15004,14854,13793
13876: 14560,14137,15010,15780,14954
13429: 15458,15087,15700
14909: 13829,13458
15462: 14736
12883: 14548,14982,14665,13376,15763
12989: 13975,14598,15594,13416
15555: 14729,12855,15395,12926,15514,13059
13375: 14654,15266
13330: 13784
14311: 13381,14871,14210,15092,14703,13532
13703: 13275,13530,15110,13675,14325,14465
14126: 
15607: 28553,13123,15529,13894
14137: 15400,15010,15780,13083,13456,13263,13876
14447: 13957,14151
13913: 13238,14025,13058,15246,13629
15720: 13801,15770,15278,13432,14567,13688
15679: 15705,14083,13684
14814: 12925,15325,15671,15542,14145,13371
15695: 15608,15200,14774,12927,14308,13017
15367: 14471
14430: 15295,14655,13658,12921,15713,14715
12943: 14604
13811: 13120,15245
14332: 13062,14800,14406,14370,13970,13510
13145: 13262,13715,15643,13736,14410,14644
13306: 14067,13297,15709,15054,14040
15207: 14082
14534: 13454,15304,15642,13887,13668,15614
15409: 15076,15151,14955,14026,15136,13449
14659: 13265,15057,14124,13271,13528,12993
13937: 15344,14271,14548,12909,14025,13409
15067: 14488,15222,13602,14293,12879
13432: 13177,14567,13435,15720,15278
14467: 13921,13613,15779,13369
13480: 13516,15285
13105: 13426,14004,14501,15006,15635
15275: 14487,13585,15596
14584: 14578,14736,15603
15172: 14497,13146,13602
14378: 14034
15165: 14120,13604,13893,14363,15514,14705
13689: 15384,15428
13525: 15077,14089,15211
13308: 13421,14312,12934,13622
14123: 
14636: 14328,14874,13938,14138,14554,14517
14482: 28622,15297,13791,14353
13532: 15377,14703,14311,15459,15092
13157: 14745
13335: 14935
15245: 13776,13811
15395: 15555,15514,13893,13256,13059,14070
15673: 14704,13731,14316,14322,14061,15649
15274: 13179,15763,12996,14474,13238,13409
15379: 14646,14757,13132,15456,13187,13196
15030: 13900,14945,14442,15303,13971
13915: 13317
15197: 14839,13690,15298
15753: 12968,15805,14547,12878,15133,14328
14223: 15751,14131,15553,14050,15223
13158: 15457,12969,15423,15079,13118,15232
12929: 13609,15750,13104,15380,15134,15696
15678: 13641,15014,14671,13535,13570
13110: 15545,13315,13198,15119,15490
13100: 13184,12927,13516,14308,14719
15597: 14738,13344,14327,15189
14583: 14640,13759,15778,13367,14077,14336
15680: 13908,13608,13828,13626
13108: 14464,15478,12965
12877: 13449,15697,15020,13226,13420,14175
14600: 15019,12851,13405,13048,15583,14635
15627: 13322,13843
14776: 13366,13945,15769,12884,15174
15476: 15228,13783,13637,13244
13980: 14285,14359,15417,13126,13493,14881
15795: 15455,13461,13343,12998,13947,13797
15184: 14904
14490: 14527,15098,14093,15640
15518: 13935,13077,13026,15001,14706,13956
15711: 15544,15193
13327: 13419,13864,14144,13522,14686
15339: 15682,14770,14134,28650,13243,15093,13785
15097: 13198,13661,13023,13739,13541,14217
13054: 14906,13905,13697,12972,15053,14240
14960: 15430,28298,14861,14822,14506,13601
13582: 15727,14122,15599,13090,14451
14240: 13552,15053,13054,14906,14887,13468
13082: 14792,12885,13391,14752,15397,15151
15464: 13081,13093,13977,15568,13139,15547
14539: 14107
15219: 14834
13783: 15228,15476,14167,13408,13244
14501: 13257,13666,14956,13373,15635,13426,13105
14208: 12859,14990,14589,13246,14577
13379: 15492,13553,14366,15032,15664
13365: 14892,14148,15296,13581,15403,13067
14449: 14318,15002,13900,12853,15048,15438
15161: 14823,15733,13520,13010,14924
14156: 13090,14483,14260
13616: 15288,14345,13922,15803,14981,15569
13037: 14455,15070
14875: 14094,15276,14284
14658: 14594,14721,14751,13871
14946: 13543
15811: 14974,12941,15509,13606,13075
15694: 13411,13705,13714,13405,15540,15279
13466: 13074,28658,13941,28668,13903,15238,14416
13592: 14211,15683,15537,14100,14868
13391: 13448,15175,14752,15076,15151,13082
13639: 13704,15590,14028,13362,14071,14711
14724: 14535,12993,13265,12980,13127
14180: 
13404: 14991,15268,15063,15244,14769,13368
13909: 14110,15758,14027,15750,13066,15371
13193: 14023,15788
14932: 14846,15006,14004
15080: 14930,14769,13368,14301,15309,13822
14400: 13383,15310,12981,15228,13408
13046: 14933,15396,13696
15144: 15626,13619,13210,14148,15296,14022
14611: 15135,15693
14413: 13006,14711,13867,15289,13546,14090
12842: 15489,13931,28661,15164,15046,15669
13155: 15768,14685,13044,13057,14241,14415
14979: 14649,15170,14478,13730,28558,15313
14987: 14115,15044,14605,13673,12906,14816
14362: 
12993: 14535,14724,13265,14659,13944,14350
15276: 14875
13807: 14797
15182: 13216,13043,15360,15663
15018: 14754,13796,14341,15439,14073,15068
15218: 13813,13053,13744,15536,14900,12840
13845: 13790,15421,15537,13028
15775: 13044,13732,13057,13603,14440,13553
13597: 15255,15122,14867,12860,14098,15450,13212
15008: 15380,15134,13571,14804,14651,15254
14110: 13909,15758,13954,13756,14876,14027
13322: 12908,12916,15627,13843
14198: 14502,14221,13012,15622,14766,15075
14908: 13138,14984,12893,14458,15579
14638: 15061,15506,13983,15712,14263
13136: 15498,14500
13439: 14273,13854,15075,13761,15806,15229
12996: 15541,14474,15274,13635,13058,13238
13903: 12868,13059,15238,12926,13074,13466
15604: 14834
13264: 12834,14457,13670,14203,13329,15041
15565: 12966,14214,15312,14804,13328,14564
15630: 14950,14862,14457,13670,13601,14493
13860: 15584,13911,14226,14531,15608,14774
14969: 15632,13014,15656,13219,14941,14029
15359: 14317
15381: 13799,13063
15191: 
15189: 14327,13569,13344,15617,15597,13612,12857
14989: 14160,13720,13561,14713
13115: 14877,14070,14357,14120,13893,14761,15220
15544: 14242,15789,15589,15711
12988: 13611,15441
14768: 14843,13101,15519
14270: 13710,12851,13459,15540,14725
14848: 15532,13680
15212: 15205,12960,14292,15116,14923
13433: 15637,14618
13801: 15720,15770,14124,15347,15057
13954: 14110,15758,14438,15003,13756,13273
14097: 13889,14268,13955,12848,13967,14434
14591: 14976,15060,13025,15415,13787,14395
14765: 14365,14121,13750,13808,14210,14871
15570: 13075,15702,14988,13910,15631,14184,14731
15039: 15393,15186,14683,13419
13139: 15647,15547,13122,15568,15464,12900
13246: 13361,14388,13590,13716,14589,14208,14577
12863: 15119,14888,13315,15009
13294: 12881,14177,15125
14827: 13324,14281,13916,14850,13503,14369
13577: 13212,15301,14634,13513
14106: 13027,15453,13936,15653
15117: 
14018: 13476,13917,14881,15549,13493
15079: 13158,15423,15447,15045,12964,13118
13910: 15631,14184,15570,13056
15603: 14676,15586,14578,14584,14721,14736
13644: 15531,15130,14445
14981: 14627,13137,15803,13616,13527,15569
15132: 14789,15260
13069: 14196,15809,14402,12892,13802,13636
13671: 14085,14758,14310
14597: 14720,14338,13313,14794,14851,14275
14910: 15105,13785,13818,15242,15408,14312
12933: 14614
15461: 14998,13598,14258,15162
15595: 13052,13955,12848,15769,12884,12871
14890: 12839,13976,15378,14385
13721: 14510,13729,13907,14974,14786,15439
14181: 14300,14674,14484
13001: 13262,13715,14781,15240,15017,14968
13805: 15286,13458,13482
14576: 13812,14665,15272
13424: 15507,15578,12858,13295
13326: 12967,12978,15296,15403,15626,14831
13090: 15599,14156,13855,13582
15505: 15246,13990,13143,15231,13629,14444
14779: 14101,13252,14519
13074: 28658,13466,13941,14869,15413,12926,13903
15447: 13475,14876,14027,15423,15079,12964
13367: 13130,14243,14826,14077,14583,15778
15181: 
14970: 15154,14656
15672: 13410,13814,13164,14121,13808
15495: 15162,12886,14250,13114
13696: 13046
15408: 13556,15242,14910,12934,12888,14312
13787: 14395,14743,13614,14976,14591,14562
13242: 15700,15050,13758,14749,13819
15660: 15007,13842
15496: 13318,13527,15569,14010,14201,15644
13667: 13336,13186,14168,14513
28657: 
14200: 15541,14474,15467,13559,15328,13097
13333: 13718,14794,14338,15033
12909: 14548,14982,15481,13937,15344
14873: 14347,12837
12908: 13159,12916,13322,14787,13858
14230: 14412,13417,14233
13712: 15062,13098,14648,13762,13425
14914: 14142,14901,14983,14788,14002,14885
14266: 15377,15459,14162,13268,14491,14383
13539: 14209,13512,14883,15765,14545,13524
14259: 14396,15782,13761,13172,14766,15083
14299: 12925,15480,15306,13495,12959,15752
15019: 12851,14600,15583,13557,15665,13869
13622: 15373,13308,13421,14735
15229: 13591,28641,14838,14273,13439,15806
14911: 
15487: 
14995: 14068
12951: 15651,13863,14933,15396
14701: 14939,13174,15475,13894,13292
15613: 13722,13981,15215,13945,15060,13025
15285: 13184,13665,15688,13516,13480
14704: 13731,15673,14061,14798,14650,15173
13859: 13705
13904: 14050,13755,15554,14337,12997,15625
15738: 14747
14431: 13328,14651,13890,13218,15760,12829
14066: 14751,13871,15787,15110,14325,15317
15064: 13514,12901
14070: 14877,13115,14357,15395,13893,13256
14521: 13454,15304,13738,14161,28298,14822
15783: 12974,15298
15171: 13229,14693,13388,13720,13960,13898
15522: 13996,14371,15744,13856
15521: 15224,12942,14813,15199,14420,12914
13828: 13608,15680,13415
15173: 14619,15528,14084,14704,13731,14650
14204: 13431,15138,14146,14746
13524: 15765,14049,13512,13539,14530,12995
14735: 14160,15373,13622
13680: 14848,13500
13736: 13737,15654,14410,15372,14644,13145
13201: 13128
13593: 12830,14514,15131,15715,13014,14661
14856: 13141,13932,14360,14335,13372,14256
14536: 14692
13762: 14448,14959,13425,15504,13712,15062
13549: 14336,14459,13529,15153,14640,14807
15062: 13712,13098,14783,14847,15504,13762
12818: 
13323: 13296,14807,13529,15315,13267,14158
15162: 15495,14998,15461,28520
14120: 15165,13604,13893,15465,14761,13115
13673: 12948,12980,15236,14816,14987,14115
13649: 15329,13832
14783: 14201,15808,14847,13702,15062,13098
15577: 13286,13739,15360,15042
13162: 14173,13999,15813,14994,15509,12945
15302: 13200,14616,14809
13606: 13423,14451,15727,15509,15811
15450: 13212,14132,14098,13891,13597
14958: 13675,14325,15317,14825
15346: 14412
15083: 13172,15328,15541,14396,14259,13635
14862: 15630,14950,14580,14493,13397,14558
14128: 14099,14630,13505,13476,13917
13337: 15601,14445,13579,12865,13284
12947: 14820,13620,15506,15612
15734: 14102,13273,15320,14155,14438,15025
14427: 13284,15728,13269,15601,14316
15457: 13158,12969,15423,14788,14702,14002
13122: 13139,15647,15547,15651
14789: 14019,15132
13192: 14423,14661,13219,15335,13794,13978,14849
15378: 13651,15168,14890,14385,15440
13502: 15791,14108,14462
14654: 13375,15479
12815: 13141,13932,14900,13120,15090,14835,15196
14355: 15600,13255,14306
14241: 14624,13483,13155,14685,14232
13343: 14962,12998,14622,15455,15795,13964
15704: 14802,12958
13670: 13264,14457,15041,15630,14493
14154: 14020,14660,15587,13038
15452: 15078,13520,13334
15262: 15094
15304: 14534,13454,14521,14822,15616,15614
15546: 15470
15113: 15354,14570,13464,15297
13112: 13511,15330
15186: 15393,15039,14063,13521,13522
14579: 14061,12986,15649,14607,14439,15209
15206: 13434,14897,13844,15685,15308,14486
13137: 14627,15803,13949,14981,13557,15665
14302: 15180,14593,14209,14545,14542,15249
14972: 13434,13844,14334,14510,13729,13042
12862: 12847,14641,14777,14465,13076,14091
15111: 15050,15124,15362,14936
13021: 13760,13189,13191,14261,13288
13951: 13541,15719,13487,14456
14697: 14527,13651,15662,15440
13983: 13749,13836,15712,12826,13727,14638
15240: 15180,14593,14781,13503,13001,15017
15642: 13997,13280,14191,14534,13454,13887
15674: 14695,13236
13350: 13653,13536,14194,15059,15194,14486
13722: 15613,13981,13443,13281,13945
14468: 14944,13820,13214
12874: 14506,14806,14950,14520,13272,14558
14625: 15331,13752,14568,14481,14702,13475
14082: 14574,15207
12844: 14869,15413,14565,13312
14481: 14983,14788,14702,13677,14625,14568
15588: 14633,15790,14561,13999,13970,14406
13849: 13045,12820,14356,15691
12922: 13866,13202,12896,13182
13214: 14607,14468,13698
14475: 
13856: 15121,15652,14371,15522
15423: 13158,15457,15079,14702,13475,15447
13943: 
14043: 15559,14886,13748
14868: 14469,14118,13592,14100,15493
13453: 14356,15802,13615,12820
15479: 14654
13832: 14797,14621,14569,13649
15217: 13763,14168,14513,15014
15702: 13075,15570,14731,14786,14341,14236
13933: 13900,14945,12881,14011,15002
14225: 13225,14675
14067: 14580,14493,12982,13306,15709,15054
15273: 13304,13281,15714
15054: 13320,14580,14067,13306,13397,14040
13006: 14413,13867,14090,13168,13865,14092
14550: 
15748: 14062
14320: 13774,12891
15174: 12884,13834,14776,13945,14976,13025
15131: 12833,15715,13180,13593,15632,13014
15306: 13733,13495,13872,12975,15480,14299
15279: 15540,14725,15694,13707
14675: 14041,14225
14109: 14301,13623,13809
14619: 15173,15528,13178,14650,14901,14726
14608: 14386,13088,13199,13749
12967: 13326,15342,12978,15348,14831,14424
14317: 15359,15271
14699: 13669,14573,15363,13573,15155
13026: 15518,13077,14706,13530,12921,14655
15665: 14620,13869,13557,14627,13137,15019
14567: 13177,13432,15584,13911,13650,15720,15770
13216: 15182,13043
13890: 14431,14651,13609,13247,13218,15380
14486: 15308,15194,14897,15206,13350,15059
14280: 13504,13047,15625,15223,13134
15282: 13724,14712
15105: 13785,14910,13818,14134,13576,15420
14750: 14174,14282,12936,13950,14473,13948
15812: 
13840: 13392
12945: 12941,15509,14173,13162,15426,13907
14986: 15196,14835,13224
14858: 15257,13636,13630,15809,12962
13252: 14101,14779,13531
15798: 
15751: 15553,14223,28607,14050,14703,14417
13097: 14602,15328,14522,13792,15467,14200
13008: 13898,14965,13440,14165
13628: 13822,14756,14026,15136,14446
15272: 13195,13039,14576,15722
13996: 15522,15744
14192: 
13692: 28670,14570,14515,15701,14652,13129
15187: 14246
14994: 13469,14429,13423,13162,15813,15509
14342: 13914,14717,13704,15590,14753,14770
14822: 14506,15616,28298,14960,15304,14521
13529: 14459,13549,14807,13323,14158,14419
15421: 13580,13790,13917,14099,13845
13756: 15585,15003,13752,14110,13954,14876
12887: 14384
13714: 13411,15694,13071,14635,13405
14950: 15630,14862,14506,12874,13601,14558
13382: 15026
13043: 15182,13216,15360,12983
13804: 14552,13488,15239,12950,13471
12900: 13154,13278,15568,13139,15647
15134: 15008,15380,13571,15696,12929
14878: 13450,14793
14678: 13862,13169,13701,14824,15199,12914
14805: 14480,14203,12904,14905,14264,12834
13751: 13261,14033,14339,15572,14009,15548
15138: 15089,14204,13594,15478
13634: 
14341: 14786,15439,14073,15702,14236,15018
13371: 14145,14691,14526,15325,14814,13000
13715: 13262,13145,13001,15643,14968,12816
14947: 
14973: 
13399: 13920,14496,14224,13727,13410,13199
14869: 15413,14565,12844,14729,12926,13074
12949: 15576,14411,12882,15038,13430,15099
13788: 13948,15467,13559,14282,13812,14663
14197: 14660,15587,15549,15167,13476
13999: 14173,13162,15813,15588,14561,14406
15180: 15240,14593,14302,15017,12973,15249
14562: 15698,12836,14976,13834,13787,14743
15561: 
15044: 14987,14115,14605,15072,15633,13953
13423: 14451,13606,14994,14429,15509
14000: 
13893: 14120,15165,15395,15514,14070,13115
14745: 14592,13157
15739: 15005,13316
15559: 14043
13770: 13708,12972,15313,15235,14894,13905
14144: 14059,13345,13522,13327,14686,12898
14184: 13910,14988,15570
12944: 15637
14669: 14364,13268,15251,13659,15158,14884
13603: 13470,15775,13732,14440,14315
13881: 12823,14718,14943
14524: 13738,14161,14517,14874,15659,15103
13052: 15595,13955,15769,14392,15762
14628: 14051,14485,14174,14282
13660: 15271,13774
14993: 13270,13015,15719,13800,15768
12885: 13082,14792,13340,13210,12864,15397
13114: 14250,15495,15772
12888: 13561,12934,14713,14849,13556,15408
13049: 15797
13661: 13198,15097,13286
14042: 15446,14656,14213,13464
14859: 14618,15330,15650,13497
15449: 14248,14205,13473
15001: 15214,14676,13956,13935,15518
15320: 14155,14438,14795,13699,15734
13279: 13019,15799
15746: 14919,28558,13314,13558,14700,13240
13506: 
13647: 15252,15575,15453,13936,14549,15699
15020: 13449,12877,15425,14054,14175
13120: 14256,13811,13141,12815,15196
14105: 13964,12856,13887,13083,13668,13207,13263
12937: 14889,14460,13111,13515
13771: 14132,13891,14853,14131,13741,15120
13280: 13997,14191,15642,14622,15406,13719
13036: 14081
13605: 
14315: 14440,15556,14637,13470,13603
14160: 14735,14989,13102,13073
14904: 15184,14513
13053: 13813,15218,14680,13932,14900,14360
14094: 14875,15756,14284,13803
12923: 13029
13803: 14284,14351,13554,14094,13564
13374: 13256,12868,14877,13457,12831,14801
14017: 13538,13902,14379,13485
13799: 15381,14601
13536: 13653,13235,13350,14194,15548,14893
13688: 14739,15720,14124,15278,13528
13676: 14834,13754,14183,13370
13270: 12849,13015,14993,14642,15768,14685
15663: 15360,14433,13260,14588,15182
14603: 13518,14509,15788
13290: 15523,14392,13248,15762
14942: 
15303: 15533,14442,15030,13971,14631,14778
14790: 14812,15337,13935,13282
15358: 14142,14633,15241,14313,14885,15055
15175: 13448,13391,14733,14930,13368,15076
15752: 13826,15118,15671,12959,12925,14299
13516: 13480,13442,15285,13100,14719
12845: 15593,14272,13540,15774,14978
13730: 13697,14919,28558,14979,12972,15313
14368: 14540
14081: 13940,13036
14924: 13010,15161,14823,13717
13865: 12830,14514,13168,13006,13777,14092
14673: 14076,14025,14271,14741
13988: 15026,13742
14796: 14677,14728
13377: 15634,13575
13731: 14704,15673,14316,13269,15173,14084
14588: 13626,14344,15663,13260
14913: 14802,15645,15567,14758
13358: 14846,14065
14737: 13182,14744,13866,13665,13942
14339: 13261,13751,14009,12979,14609,14953
13172: 14602,15622,14766,15328,15083,14259
13626: 14588,15680,13260
15643: 13715,13145,14644,15270,15670,12816
14665: 14663,14576,13376,13179,12883
14205: 15141,15449
14954: 13827,15010,13153,13876,13939
13384: 15554,15323,14503,12899
13092: 13969
12891: 14320
14065: 13358,13071,13411
15501: 13283,13022,14422,14289,15194,14194
14356: 13453,13772,15761,13849
13418: 15658
15112: 14006,14253,13576,13547
15549: 14197,13562,15167,13493,14018
12893: 14908,13523,15090,14458,15000,15579
13077: 13935,15518,13026,12984,13282,14655,15723
12850: 15314,13888,13386
13979: 13523,12840,15028,14803,15000,15140
15227: 13683,13685,13642,15031,13104,13066
14260: 13220,14483,14156
13946: 15558
15124: 15050,15111,13758,13040,15362,13925
15531: 13644,14445
15683: 13592,14211,13766,12867,13261,14033
14044: 13896,15427
13958: 15235,14404,14163,15620,14377,14920
15000: 15140,15579,12932,13979,13523,12893
13023: 13198,15097,14217,13470,13732
15572: 14033,13751,13235,14359,13766,15548
14211: 13592,15683,13790,12867,15537
13829: 15463,14909
15690: 14557,13656,14104,14963,13064
14010: 13552,15053,15234,15496,13318,15644
14682: 13713,12963
12983: 15013,13227,13043,15360,13286
15345: 13065,14509,14535,15535
15657: 14738,15329
15009: 13289,13315,12863
13088: 14386,14608,15703,13814
14092: 13321,13777,13243,13006,13867,13865
13574: 14998,15414
13504: 14280,13047,13277,13134
13883: 13202
12872: 
15507: 13424
14335: 13588,14590,13372,14856
13153: 14298,14176,14954,13827,15178
15215: 15613,13981,14202,13624,15591,15060
14937: 14435,14740,13501
14792: 13082,12885,12864,15151,14955,14054
15087: 15458,13429
15586: 14676,15603,14721,13871,15787,13956
14319: 15596
13564: 14489,15294,13554,14351,13803,15016
14151: 14903,14139,14447
13608: 13848,13828,15680
13723: 15520,14103,14416,13124,15491,15034
15298: 15783,15197,13690
15722: 13376,15272,13195,14931
14313: 14476,12903,14885,15358,13165,15055
14088: 14949,12879,14694,15365
14906: 13054,15153,13905,15807,14240,13468
14087: 14899,15556,15492,15032
13576: 15420,13547,14134,14006,14717,15105,15112
13750: 14104,14963,14765,14871,15729
13831: 14992,13324,15126,15491,15034,13902
15362: 15032,15664,15124,15111
13517: 13416,14598,15139
14104: 14963,13750,15690,13656,14365
15632: 14969,13014,15656,15131,12833,14544
13984: 
13707: 15279,14725,14309
14961: 13221,28559,14767,13510,15243,12952
13292: 14701,13174,15475,28665
15159: 
15230: 13776
14955: 15151,15409,14792,13449,14054
14617: 13711
13772: 14356,15033
14907: 
14078: 14980,15692,13050,14795,13699,13149
15439: 14786,14341,14510,13721,15068,15018
14055: 14169,13591,15397,14838,13340,14892
14333: 13255
14880: 
15031: 14102,13273,15758,15227,13642,13066
14966: 15201,14232,14415,14366,12833,14544
13757: 14269
14153: 14484
15563: 13569,15617,14175,15425,13619,15741
13940: 14081
14516: 
15616: 14822,14506,14806,15304,15614,15352
15724: 13791
14640: 14583,13759,15153,15807,14336,13549
15225: 13975,13085,14646,14053,15594
15327: 13877,14297,15334,15602
14239: 15624,14586,15740,15764,15528,14084
15655: 12876,13380,15037
13341: 14190,14512
13234: 13182,14744,14643,14566,13753,15615
15232: 15771,13118,13158,12969,13963,13733
12980: 12948,13673,13127,14724,14115
14754: 15743,13796,15018,14073,13599,13126
15425: 14022,14054,12864,15020,13619,15563,14175
15349: 15166,15209,15519,13101,14985
14657: 13030,12875,14519
15393: 15039,15186,15364,13806,12825
15647: 13139,13122,12900,13631
14358: 13347,13993
15125: 14177,13390,13294,12881,14329
15541: 12996,14200,14474,15328,15083,13635
12851: 15019,14600,13405,13869,13459,15540,14270
15410: 15623
13150: 14865,15500
15387: 15040,14507
13349: 14819,14085,15621,13159
13450: 14499,14596,14793,13421,14878
13620: 14820,12947,14759,14242
13610: 13934,13400,13364
15316: 13889,14268,14533,14219,13810
15013: 12983,13227,15545
14171: 14428,13819,15102
15324: 13363,15804
14863: 15284,13657,13203
15130: 13644
14096: 15198,14038,12935,13463
13048: 15224,15583,14420,15706,14635,14600
14306: 14355,14188
15243: 14069,12952,13042,13510,14800,14961
13800: 13044,13732,15719,14217,14993,15768
28662: 13754,12970,14373
14376: 15580,15568,14003,14857,13293,13648,13093
15649: 14579,14061,14607,14322,15673
15592: 
14290: 15566,15354,13446,14039
14327: 15189,15597,13612,13331
13041: 14195,14212
13638: 13753,13171,14572,14732,15200,15065
14452: 15015,13537,15416,13918
13651: 15378,13441,15662,15440,14697
13615: 13453,12820
13247: 15045,13218,12964,15371,13609,13890
15005: 15739,14613,14274,14763
14882: 13000,14052,15399,14526,12829,14214
13064: 15554,14337,15690,15323,14963
14575: 15781
12924: 13222,14237
14135: 13572,14139
15624: 14239,14586,15740,15392,13645
13895: 13555,14234,14119,13209,13906
13792: 14522,15155,13669,13241,14602,13097
13691: 14884,13305,13462,14287,14321,15203
12866: 15142
14387: 13079
13462: 13691,14884,15251,12860,14287,15122
14048: 12910,13151,13347
13645: 13469,15392,15624,14586,14561,15813
15747: 15096,15220,12880,14761,14226,14531
14664: 15052
14159: 13824,15552,13698
13949: 13137,15803,13701,14727,13213,13557
13508: 
15331: 13752,14625,14568,15202,13002,15585
15703: 14276,14386,13088
14052: 13000,15497,14882,13968,14214,15312
14717: 14006,13914,14342,14770,14134,13576
12972: 13770,15313,13697,13730,13054,13905
13919: 15718,13825,14206
14967: 14553,14667,15684,13769
13686: 
13265: 15057,14659,15412,13127,14724,12993
13748: 14886,14043
15580: 14376,15568,13648,12892,13278
13093: 13081,15464,14003,13589,14376,15568
12971: 15441,12957,15792,12889
14173: 13162,13999,12945,13062,15426,14406
13013: 
13971: 13496,15516,15030,15303,14778
13185: 12999,15745,13188
13567: 13170
13927: 
15756: 14418,13554,14094
15289: 14413,14711,15736,12836,13546,14071
12985: 13232,14905,14554,15430,28667,14264
15628: 13880,12894
13746: 
13955: 13052,15595,12848,13967,15762,14097
15715: 15131,13180,13483,14895,12830,13593
12834: 13264,14457,14203,14805,14264,14861
13217: 13740,14572,13767,13604,14732,15465
15033: 14720,14338,13333,13772,15411
14422: 15501,13283,13068,14289,15436,15388
12895: 15610
14451: 13423,13606,14111,14122,13582,15727
12977: 15100,15589,14810,14759,13305,14321,13928
15209: 15166,15349,15519,14439,14579,12986
13991: 13635,13058,14396,15332,15246,13143
15648: 15687
14540: 14368
13095: 14693,14029,15088,13833,13960,14095
14113: 13478
12946: 13826,15118,14716,15562,14632,14940
14453: 14007,13372,13387,15148
14720: 14597,14338,15033,14851,15411,14929
13643: 
13609: 12929,15750,13247,15371,15380,13890
14324: 14707
14349: 15017,14968,12973,15236,15024,14816
15474: 15344,14271,15283,15085,14076,13401
15477: 13873,12938,13130,14826,12981
14014: 15626,13619,14831,15741,15404
14308: 13017,14719,14487,13100,12927,15695
15512: 15261
15723: 15295,14655,13077,12984,13103
15453: 15252,13936,13647,14748,13288,14106
15729: 13381,14871,28607,14963,13750,14337,13755
13665: 15688,14744,14737,15615,13184,15285
13545: 15029,15253,14352,14016
14971: 14009,14893,13022,14163,14377,12979
15204: 14939,13174,13498
14903: 14151,15368
14741: 13629,14444,13132,14673,13187
15658: 13418,15524
13914: 14006,14717,14342,14879,14753,14262
15341: 15710,13600,15336
13963: 14476,12903,12969,15232,13733,13872
15543: 13663,12828,14216,14791,12849,15471
15157: 12817
15777: 
13047: 13504,14280,15625,14277,12997,13277
13103: 14643,13407,12896,12984,15295,15723
14531: 13860,14226,12880,15608,15065,15747
15136: 14446,14407,13628,15409,13449,15697
13853: 15277
15805: 15753,12968,14587,15319,15575,15133
13452: 13550
13224: 12915,14986,13776,14984
14709: 14397,14999,14872,13544,15081
14460: 14889,12937
13997: 13280,15642,15659,13719,13738,13454
13187: 15456,13455,14741,14444,13132,15379
14615: 13220,13855
28670: 13692,14570,14652,14951,28622