9266: 9348,9523,9454,9877,9602,9718
9886: 9426,9702,9832,9413,9694,9312
9339: 3777,9804,9440,9337,4891,4893
9882: 9895,9840,9745,9474,9245
9378: 9545,9292,9640,9420,9277,9456
9556: 9629,9297,9317,9982,9571,10005
6507: 7152
3486: 9837,9487,9974,3786,9940,9865
4811: 9503,5138,9397,4719,9454
9361: 9758,9630,9747,2778,9542,2509
5975: 9805,9355,9379,5876,7360,5882
8475: 
9376: 9413,9484,9346,7719,9426
10012: 6967,6682,10009,10031,9714,9768,9880
9954: 9948,9973,9451,2806,9474
9562: 9249,3903,9784,9429,9409,5138
9512: 9406,9540,6348,9543,6280,6085
9482: 10017,9574,9352
10017: 9482,9985,9574,9808,9871
10007: 8970
9833: 9910,9783,9652,9687,9953
10011: 9878,9576,9925,9891,9932,10036
9394: 4169,9533,9619,9455,9410,9608
9721: 9929,9718,9751
5403: 9627,9636,5792,9846,9639
9962: 2609,2699,9663,9879,9439,10026
9590: 9366,9337,9441,9248,9430,9804
9690: 9944,9763,6249,10034,9695,9347
9354: 9550,9458,9310,9465,9402,9499
4569: 4146,9302,4448,4463,9604,5256
9990: 10041,9815,9771,9516,9713,9957
9774: 9874,9669,9425,9899,9986,9747
9768: 9714,6009,9898,9684,10031,10012
9848: 9884,10019,5564,9964,9776,9710
9958: 9818,9865,9380,9746,9757,9298
7009: 9436,9534,9993,9465,9499
9294: 9503,9523,9454,10025,9480,9703
9663: 9918,9879,2778,2509,9962,2699
9392: 9269,9483,9633,9700,6018
8694: 9930,8496,9919,6385,9623,9260
40: 
6085: 6280,9696,9860,9512,9406,9915
9533: 9394,4169,2968,4347,9311,9410
9362: 9476,9398,9244,9377,9529,10042
9782: 217,9460,9446,9537,9907,9338
9265: 9490,4950,9909,9968,9901,9305
9317: 8513,8770,7318,9982,9556,9297
9588: 9622,9593,5775,9379,9967,9252
6884: 
9746: 9853,9441,9757,9657,9958,9298
2600: 9295,9247,2685,9669,9758
9633: 9392,9483,6018,9459,9280,9670
9280: 9877,9602,4322,9633,9670
9322: 9810,10001,9287,9445,9607,9403
9645: 9717,3119,2649,9813,9335,9709
9295: 9528,9247,2600,9758,9918,9414
9607: 9377,9638,9810,9322,9403,9308
1740: 
4322: 9602,9280,6018,4719,9357
9469: 9908,9309,9847,9417,9801,9494
9935: 3810,9955,9304,9328,9814,3121
9945: 9826,9719,9821,9730
9779: 9880,9977,5408,10031,9753,9627
9914: 10016,9847,9685,9341,9896
9851: 1052
9943: 9647,9650,9920,9638,9529,9435
4893: 5202,9339,9553,9337,4891,4697
8150: 9750,9692,9336,9592,9356,8309
9631: 7146,9616,9274,9253,7505,9517
9855: 6695
9566: 9431,9324,9428,9611,9315,9445
9829: 9736,9270,9798,9760,9655,9707
9434: 9373,9447,9711
9683: 9842
9709: 9700,9761,9246,9717,9645,9335
4891: 4697,9432,9475,3777,9339,4893
9519: 9594,9340,10030,9285
9928: 10024,9733,9729,9486,9390,9484
9325: 9364,9261,9463,10033,9476,9398
9854: 9889,9926,9691,10043,9787,9767
9508: 5876,9561,7360,9643,9301,9310
10023: 9965,9671,9542,9579,9327,9970
9398: 9476,9362,9244,9659,10033,9325
9765: 3743,9677
9699: 9791,9883,9950,9775,9329,9345
9629: 9556,9297,9600,9894,10005,9960
9415: 9737,9283,9251,9637,9372,2492
9510: 9862,9286,9997,9662,9675,9822
9814: 9328,9825,9897,9922,9935,9955
5640: 
9766: 9921,9922,9927,9978,9876
9691: 9854,9889,9787,9800,9292
9922: 9921,9766,9876,9955,9814,9897
9853: 9441,9746,9657,9698,9804,9440
9617: 7988,9938,10029,9795,8513,8770
7318: 8770,9317,7581,9081,8885,9297
9880: 9517,9977,9779,10031,10012,10009
9698: 9807,9969,9883,9853,9657,9440
9787: 9767,9438,9634,9854,9691,9800
3321: 3715,3722,3820,9704,9790,3712
9931: 9888,9891
9738: 9754,9835,9764,6849,9846
9279: 9715,9443,9296,9250,9481,9254
9907: 9589,9326,9273,9338,217,9782
9754: 9738,9835,9852,9885,9846,9303
9819: 9748,9972,1950,9399,9500
9857: 8309,9340,10030,7992,9752,9762
9565: 9515,9416,9775,9806,9487,9329
9918: 9663,9879,9414,2778,9295,9758
9788: 9321,10002,9547,3786,9933,9940
8225: 9982,10003,7988,9448,9752,8513
9426: 9886,9702,9836,9376,9413
9722: 9720,9813,9708,9715,9296,9335
4083: 3502,4498,9259,4486,9401,9668
9660: 9661,9584,9444,10043,9368,9767
9761: 9700,6018,9709,9246,9342,9357
9852: 9754,9835,9915,9622,9593,9303
9456: 9686,9277,9378,9545,9828,9984
9858: 9827,9811,9996,9794
6682: 7417,6967,10012,10009,9714,9466,9952
9724: 9309,9601,9696,9860,9764,9801
10010: 9810,10001,9822,9675,9659,9244
9609: 9579,9327,9555,9572,9582,9591
9729: 9486,9705,7617,9472,10024,9928
9405: 9257,9612,9949,9551,9682,9748
9878: 9576,10011,9925,9972,9500,9255
4485: 3983,9807,9969,9570,9900,3471
9589: 9907,9326,9273,9598,9923,9809
9514: 9388,9488,9743,9812,9264,9321
9964: 9873,9776,5754,9872,9848,5564
9713: 3715,3722,9957,9990,9520,9516
9838: 9870,9994,9866,9689,10000
9899: 9425,9332,9374,9665,9774,9874
9982: 10003,9571,8225,8513,9317,9556
4463: 4255,4155,3166,9331,4569,4146,5256
2333: 3502,9481,9259,9430,3701,9366
1729: 
9245: 9882,9895,9980,9552,9363
9467: 9478,9477,9550,6916,7811
9974: 9806,9869,9809,3786,9933,9487,3486
9868: 4941
141: 
9884: 10019,9848,5564,9261,9603,9667
9572: 9986,9597,9582,9630,9327,9609
5564: 9884,9848,5754,9364,9261,9964
1793: 10040,9626,9706,9806,9869,9515
3119: 9717,9645,2649,9913,3907,2928
3540: 3345
9431: 9464,9566,9324,9288,9315,9300
9619: 9595,9605,9463,9394,4169,9608
5870: 9506,9433,6348,9575,6280,9860,9601
3121: 3907,2928,9262,9935,9328
9407: 9019,9563,9661,8867,9892,9438
10033: 9659,9532,9595,9463,9325,9398
9401: 9726,9668,9979,4083,4486,9911
9441: 9853,9746,9248,9298,9804,9590
156: 
9708: 9902,1553,2721,9720,9722,9903,9715
9644: 9911,5202,4697,9341,9896,10020
9382: 9399,9500,9255,2133,9637,2305
9246: 9761,9709,9443,9296,9335,9342
9985: 10017,9808,9632,10018,9871,9755
9957: 3715,9713,10041,9990,10038
8921: 
10002: 9321,9788,9388,9818,9940,9316
9606: 9905,9267,9780,9635,927,9389,9961
9692: 9293,9750,8150,9893,9786,9336
2858: 
1225: 2733,9495,9554,9624,9491,1553
9983: 8970
9292: 9378,9545,9640,9889,9691
9485: 9697,9585,9924,9796,9759,9333
9324: 9464,9566,9431,9473,9428,9527
9319: 9624,9333,9585,9720,9813,2649
9446: 9460,9782,9803,9537,9263,9461
10005: 9824,9664,9960,9571,9556,9629
2194: 
9413: 9376,9484,9733,9312,9886,9426
9843: 9934,9856,9281,9586,9770,9956
9523: 9348,9266,9454,9294,9703
9736: 9270,9821,9798,9829,9823,9769
9648: 9701,9849,9666,9518,9400,9559
9751: 9959,9670,9877,9721,9718
3504: 9254,9409,9320,4498,3903
9601: 9309,9724,5870,9511,9575,9860
9253: 9631,9274,9636,9517,9977,9299
9581: 9881,9716,9653,9844,9681,9492
9596: 9971,9368,9497,5792,8631,9639
9259: 2333,4083,3502,9553,9366,4486
9895: 9882,9635,9840,9245,9780,9363
8264: 
9367: 9490,4950,9539,9311,9578,9410
9258: 9723,9513,9412,9498,9538,9573
9299: 8631,6385,9639,9636,9274,9253
9893: 9786,9437,9651,9336,9692
9433: 9506,5870,9330,6348,9313,9502,6280
1950: 1592,9281,9748,9819
9450: 9976,9739,9800,9545,9828
9741: 10036,9744,9912
9881: 9716,9581,9995,9492
9700: 9761,6018,9709,9717,9392,9269
9650: 9647,9920,9943,9773,9805,9967
4941: 9868
9669: 2685,9774,9874,2600,9758,9747
9369: 9323,9580,9946,9626,9706,9991
9976: 9450,9739,9800,9634,9641,9625
9385: 9345,9288,9791,9370,9900,9300
9662: 9428,9611,9997,9510,9822
1594: 
2778: 9918,9663,9758,9361,2509
9870: 9838,9994,9693,9947
9815: 10041,9990,3517,9771
9586: 9843,9281,9956,1592,9674
9961: 9731,9859,9267,9606,10021,9389
10000: 9462,9797,9689,9838,9994,9422
9583: 9452,9785,9360,9861,9249,9701
9849: 9701,9648,9666,9726,9979,9861
217: 9460,9782,9907,9273,10040
9941: 9901,10035,9658,9873,9792,9992
9908: 9309,9469,9511,9278,9847,9685
9920: 9650,9943,9529,9839,9773,10042
9569: 9734,9328,9825,9262
9544: 9386,10022,9952,7417,9359,9712
9484: 9376,9413,9346,9390,9733,9928
9529: 9377,9638,9362,10042,9920,9943
9997: 9862,9510,9671,9742,9662
9656: 9769,9537,9781,9793,9728,9338
9681: 9844,9828,9984,9739,9653,9581
9887: 10027,9646,9866,9599,9799,9689
7965: 8046,7719,8333,9423,9568
5202: 4486,9911,9644,4893,9553,4697
9716: 9881,9653,9581,9995,9381,9864
9470: 9902,2721,9365,9358,9557,9577
9515: 9272,9416,9565,9706,1793,9806
5064: 9539,4347,9311,4255,9350,5256
9677: 3743,9765
9769: 9656,9781,9736,9798,9823,9728
9462: 9797,10000,9442,9422,9489,9256
9261: 9364,9325,9476,9884,5564,9603
9248: 9268,9430,9536,9298,9441,9590
9970: 9862,9579,9671,10023,9845,9351
9965: 9671,10023,9542,2509,2699,9742
9667: 9839,9603,9884,10019,9561,9301
9461: 9263,9393,9642,9496,9803,9446
9593: 9622,9588,5775,9406,9915,9852
7775: 
9373: 9434,9447,9452,9711,9678,9998
9723: 9513,9258,9412
9570: 9370,9330,9900,4485,9506,3471
9594: 9519,9293,9750,9340
9637: 9372,2305,9382,9255,9415,9251
2305: 9371,9637,9372,9382,2133,9421
9971: 9596,10043,9368,8631,9926,9930
9575: 9511,9384,3471,9506,5870,9601
9830: 9276,9719,9674,9826
9445: 9287,9315,9611,9566,9322,10001
9673: 9811,9863,9794,9672
9612: 9405,9257,9770,10004,9551
9516: 9520,9771,9990,9713
10035: 9941,9901,9305,9471,9867,9992
7899: 9504,9079,9284,8879,9219,9560
9406: 9512,9540,6085,9593,5775,9915
9824: 9664,10005,9571,10039,9727
10006: 9867,9680,9992,9725,9817,9975
9822: 10001,10010,9510,9611,9662,9675
10031: 9684,9753,9768,9880,9779,10012
9917: 9712,9988,9386,9353,9334,9592
9478: 9467,5882,9477,9355,9290
9832: 9886,9702,9694,9981
9257: 9405,9612,9770,9281,9748
9296: 9715,9443,9279,9335,9722,9246
9237: 9307,9420,7570,8496,9640
9582: 9597,9572,10032,9375,9591,9609
9874: 2685,9774,9669,9737,9665,9899
274: 
9791: 9699,9883,9345,9385,9900,9807
2476: 
9418: 9424,9772,9621
9486: 9729,9705,9289,9390,9534,9928
8046: 7965,8333,7383,8867,7723,9568
2609: 9962,2699,9742,9439,9527
9592: 9353,9334,9336,9356,9917,8150
1044: 
3471: 9384,9575,9570,3983,4485,9506
9969: 3983,9807,4485,9698,3777,9440
9546: 9567,9560,9610,9564,9827,9749
9909: 9549,9755,9404,4950,9265,9968
9793: 9383,2806,9728,9656,9326,9338
9481: 2333,3502,9250,3701,9279,9254
10037: 9496,9421,9803,9655,9798,9781
9494: 9684,9753,9469,10016,9847,9417
6695: 9855
3786: 9788,9933,9974,3486,9940
3907: 9521,3121,2928,9717,3119,9269
3983: 4485,9969,3777,9384,3471,9475
9979: 9726,9401,9911,10020,9849,9666
9726: 9401,9668,9979,9784,9849,9861
10042: 9839,9603,9476,9362,9529,9920
9473: 9439,9468,9676,9527,9464,9324
299: 411
9613: 9610,9564,9618,9307,9420,9277
9686: 9277,9456,9984,9618
9801: 9417,6849,9309,9469,9724,9764
10029: 9617,9938,9988,9395,9795,9740
9307: 9420,9237,7570,9504,9613,9564
9755: 9909,9549,9404,9985,9632,10018
9489: 4155,3166,9462,9797,9331,9256
9682: 9888,9925,9949,9405,9748,9972
9772: 9374,9424,9418,9620,9332
10036: 9932,9744,9741,9891,10011
9836: 9426,9702,9688,9423,9587
9585: 9913,9485,9697,9319,9333,2649
9542: 9965,10023,2509,9361,9630,9327
5754: 9455,9872,9364,9608,9964,5564
9500: 9399,9382,9255,9819,9972,9878
9733: 9951,10024,9928,9413,9484,9312
316: 
9888: 9925,9682,9891,9949,9931
9291: 9363,9812,9264,9635,927,9530
9712: 9917,9988,9395,9386,9544,9359
5841: 
10025: 9711,9678,9480,9294,9703
9916: 9587,9864,9688,9995
10038: 9966,3820,3715,9957
9428: 9611,9662,9527,9566,9324
9410: 9455,9578,9311,9394,9533,9367
9503: 9294,4811,5138,9429,9454,9480
9411: 9845,9535,9351,9479,9541,9605
9714: 9525,6009,9768,9466,6682,10012
9597: 9986,9572,9582,9425,9396,9375
9580: 9323,9369,9263,9393,9460,9626
9873: 9964,9776,9792,9872,9941,9658
9599: 9799,9522,9498,9646,9887,9513
9803: 9496,10037,9537,9781,9461,9446
9624: 9319,9491,9333,1225,1553,9720
9327: 9579,9609,9572,9630,10023,9542
336: 
9643: 9561,9508,10034,9936,9402,9310
9420: 9307,9237,9378,9640,9277,9613
9753: 9684,10031,9494,9417,5408,9779
9951: 10024,9733,9312
2699: 9962,2609,9742,9663,9965,2509
9778: 9437,9831,9963,9386,10022,9353
2024: 9374,9424,9756,9283,9665,3947
3722: 3321,3715,9713,9520,9816,9790
9744: 9932,10036,9741,9756,9912,9621
7340: 
9926: 9854,9889,9971,10043,9930,9919
9826: 3295,9945,9830,9719
8333: 8046,7719,7965,7383,7641
9912: 9744,9741,9621
9352: 9408,9573,10013,9482,9574
10024: 9951,9733,9928,9472,9729
3345: 3540
9316: 9557,9577,9380,10002,9388,9818
10003: 9982,9571,8225,9752,9762,10039
9697: 9913,9485,9585,9679,9796,9304
6420: 
7581: 9081,7565,9795,9649,8770,7318
9649: 9795,9875,9904,9284,7581,7565
9891: 9888,9925,9931,10036,10011
4486: 9911,5202,9553,4083,9259,9401
2906: 2153
9757: 9746,9657,9837,9958,9865,9950
9911: 4486,5202,9644,9401,9979,10020
9987: 9214
9821: 9736,9270,9719,9945,9730,9823
6849: 9417,5408,9801,9738,9764
9689: 9797,10000,9887,9866,9838,9799
9541: 2968,3559,9411,9535,4169,9605
9628: 9904,9419,9271,9623,9260,9616
6140: 
9289: 9486,9705,9989,9993,9763,9534
9701: 9648,9849,9583,9785,9861,9400
9671: 9965,10023,9742,9862,9997,9970
9748: 9819,9972,9405,9257,9682,1950
376: 492
9499: 6930,9465,9550,9354,7009
9584: 9660,9444,9449,9509,9497,9368
9329: 9837,9487,9565,9775,9699,9950
9476: 9398,9362,9261,9325,9603,10042
9929: 9721,9718,9348
9463: 9595,9619,10033,9364,9608,9325
9813: 9720,9722,9319,9645,2649,9335
9330: 9370,9570,9526,9313,9506,9433
9271: 9628,9904,7146,9616,9344,9875
9984: 9844,9681,9828,9686,9456
9276: 9830,9719,9674,9760,1592,9270
9608: 9364,9394,9619,9463,5754,9455
9391: 9381,9641,9625,7723,9349,9568
8879: 9081,7565,7899,9284,9219,8990
9454: 9523,9266,9602,9503,9294,4811
9455: 5754,9872,9578,9410,9394,9608
9379: 9805,5975,9355,9967,9588,9252
9866: 10027,9887,9999,9838,9689
9616: 7146,9631,9274,9628,9271,9623
9668: 9726,9401,4083,4498,3903,9784
9312: 9694,9951,9733,9413,9886
7723: 8867,9892,8046,9568,9391,9625
2364: 
9549: 9909,9755,10018,9968
9444: 9661,9660,9584,9477,9509,9563
9975: 9910,9783,10006,9680,9725,10015
9145: 
9311: 9539,4347,5064,9533,9367,9410
9780: 9905,9606,9937,9895,9635,9840
9540: 9512,9406,9435,9543,9647,5775
9802: 9672,9507,9548
9331: 9797,9799,9522,4146,4155,4463,9489
9638: 9377,9607,9529,9308,9943,9435
9752: 7992,9857,10003,8225,9762
411: 299
9488: 9514,9388,9264,9495,9365,9557
9760: 1592,9276,9707,9270,9829
9646: 10027,9887,9513,9599
9397: 9342,4719,9357,9409,9320,4811,5138
9759: 9796,9790,9924,9731,9816,9485
9081: 7581,8879,7565,7318,8885,8990
9640: 9378,9292,9889,9919,9420,9237
9900: 9370,9570,9385,9791,9807,4485
9679: 9697,9796,9704,3612,3810,9304
9343: 9614,9471,9867,9680
9847: 10016,9914,9685,9908,9469,9494
9303: 9885,9622,9754,9852,9453,9449
424: 1529
9555: 9579,9609,9442,9591,4139,9535,9351
9247: 9528,9295,9427,2600,2492,2685
9595: 9619,9605,9463,9479,9532,10033
9968: 9306,9909,9549,9265,9305
10039: 9762,9789,10003,9571,9824,9727
7811: 9019,9563,9467,9477,6916
9255: 9382,9500,9878,9576,9251,9637
9877: 9602,9280,9751,9670,9266,9718
10026: 9439,9676,9991,9879,9946,9962
3820: 9966,9927,10038,3321,3715,3712
9539: 9311,5064,9350,9404,4950,9367
9309: 9908,9469,9601,9724,9511,9801
9551: 9949,9405,9612
8885: 9126,8990,9081,7318,9297,9600
8513: 8770,9317,9617,7988,9982,8225
9797: 9462,9689,9331,10000,9799,9489
9693: 9834,9870,9947
9341: 4697,9432,9644,9914,9685,9896
9996: 9794,9858
10008: 9745,9840
9517: 9880,9977,10009,9631,9253,7505
3743: 9765,9677
9784: 9562,9249,3903,9726,9668,9861
9942: 9531,9998,9447,9831,9651,9963
449: 
6018: 9700,9761,9392,9633,9357,4322
9448: 7992,9334,9356,7988,9938,8225
9492: 9881,9581,9844
9371: 9372,2305,9496,9421,9427,9642
9973: 9730,9823,9451,9954,2806,9728
5792: 9497,9885,9846,5403,9596,9639
456: 
9988: 9917,9712,9395,9334,9938,10029
9666: 9648,9849,9979,9906,9518,10020
9933: 9788,9547,3786,9923,9974,9809
9938: 9617,7988,10029,9988,9334,9448
9365: 2733,9495,9488,9557,2721,9470
5129: 
9300: 9370,9431,9288,9385,9526,9315
6930: 7383,7641,6916,9499
9360: 9583,9452,9249,9429,9678,9480
466: 
9665: 9737,9283,2024,9374,9899,9874
9475: 4891,9432,3983,3777,9278,9384
9432: 4891,4697,9341,9475,9278,9685
9615: 9863,9749,9567,9125,9387,9548
9670: 9959,9751,9633,9459,9877,9280
9561: 9508,9643,9301,10019,9667,9936
9850: 978,9732
9995: 9881,9716,9916,9864
9408: 9352,9538,9573,9302,4448,9574
9731: 9924,9961,9859,9816,10021,9759
9809: 9974,9869,9589,9273,9923,9933
2133: 9655,9707,9399,9382,2305,9421
9414: 9918,9879,9528,9295,9393,9323,9946
9449: 9453,9509,9497,9885,9303,9584
9496: 9421,10037,9803,9371,9642,9461
9466: 9525,9714,6682,9952,9735
9840: 9882,9895,10008,9937,9780
9711: 9678,10025,9434,9373
9717: 9645,3119,3907,9700,9709,9269
9946: 9323,9369,9879,9414,10026,9991
8770: 8513,9317,7318,9795,9617,7581
9550: 9354,9458,9467,6916,9499
9277: 9686,9456,9378,9420,9613,9618
4498: 4083,3502,3504,9254,9668,3903
9079: 9504,7899,9284,9419,7570
492: 376
9777: 
9627: 5403,9636,5408,9977,9779
1529: 424
9577: 9358,9557,9316,9380,9470,9536
1246: 
9527: 9428,2609,9439,9473,9324
1709: 
9524: 9282,9459,9959
9739: 9450,9976,9641,9653,9681,9828
5876: 9508,7360,5975,9458,9310,5882
9359: 9505,7417,7847,9544,9712,9395
8737: 
9334: 9592,9356,9917,9988,9938,9448
9785: 9583,9452,9701,9400,9531,9998
9842: 9683
9427: 9528,9247,2492,9371,9372,9642
9214: 9987
7505: 7146,9631,9517,7847,10009,9505
9632: 9350,9604,9985,9808,9755,9404
7880: 
513: 
9828: 9681,9984,9450,9739,9545,9456
9531: 9998,9942,9785,9457,9400,9963
9603: 9839,9667,10042,9261,9476,9884
9353: 9336,9592,9386,9437,9778,9917
9416: 9272,9515,9565,9775,9468,700
9684: 10031,9753,9494,10016,9898,9768
9652: 9833,9910
9252: 9453,9290,9355,9379,9622,9588
9436: 9390,9534,7009,7641,9346
9805: 5975,9379,9967,9773,9650,7360
9823: 9973,9730,9736,9821,9769,9728
9318: 9558,9894,9960
9286: 9862,9510,9845,9479,9675,9532
9564: 9610,9613,9307,9504,9560,9546
9621: 9424,9912,9744,9756,9418
9903: 9250,9493,9708,9902,9715
6916: 6930,7383,9550,9467,9019,7811
9474: 9948,9745,9954,9882
9871: 10018,9820,10017,9985
9310: 9354,9458,5876,9508,9643,9402
9346: 9376,9484,9390,9436,7641,7719
7417: 7847,6682,10009,9544,9952,9359
3903: 9562,9784,4498,3504,9409,9668
537: 
9545: 9378,9292,9450,9828,9456
9393: 9263,9642,9461,9528,9414,9323,9580
9273: 9907,9589,217,10040,9869,9809
9525: 9714,6009,9518,9559,9466
9703: 9294,9523,10025
9283: 9737,9415,9665,9251,3947,2024
9278: 9511,9384,9432,9475,9908,9685
9507: 9387,9548,9558,9501,9802
7002: 
2153: 2906
9919: 9930,8694,8496,9889,9926,9640
9464: 9431,9324,9473,9468,700,9288
9807: 4485,9969,9698,9791,9883,9900
9905: 9267,9606,9780,9937
9293: 9750,9692,9786,9594
10014: 
9518: 9906,9648,9666,9525,6009,9559
9425: 9899,9332,9396,9774,9986,9597
9479: 9411,9845,9286,9595,9605,9532
4146: 4569,4448,9522,9331,4463
9825: 9328,9814,9897,10028,9569
9267: 9905,9606,10021,9961
9658: 9941,9901,9490,9872,9578,9873
561: 760
9756: 9932,9744,2024,9424,9621,3947
9614: 9343,9471,9306
9883: 9791,9699,9950,9657,9807,9698
4448: 4569,4146,9302,9522,9498,9408,9538
9879: 9918,9663,9414,9946,9962,10026
9396: 9425,9332,9620,9834,9375,9597
9991: 9676,10026,9369,9946,9706,9272
10004: 9612,9770,9934
9402: 9465,9944,10034,9643,9354,9310
9404: 9909,9755,9632,9350,9539,4950
2721: 9708,9902,1553,9470,2733,9365
9275: 9743,9980,9552,9598,9923,9547
9587: 9916,9702,9836,9688,9981
10015: 9989,9347,9314,9725,9783,9975
10034: 9695,9936,9643,9944,9402,9690
9844: 9681,9984,9581,9492
9675: 9659,9532,9286,9510,10010,9822
9459: 9524,9282,9483,9633,9959,9670
9687: 9953,9833,9783,9314,7617
9563: 9019,7811,9407,9477,9661,9444
9659: 9675,9532,10033,10010,9398,9244
9953: 9687,9833
9775: 9416,9565,9329,9345,700,9699
9966: 9927,3820,10038,9978
9977: 9880,9517,9779,9627,9636,9253
9898: 6009,9768,10016,9906,9684
9537: 9656,9781,9803,9446,9782,9338
9773: 9839,9650,9920,7360,9301,9805
5332: 
9657: 9853,9746,9757,9883,9950,9698
9618: 9610,9613,9686,9277
9767: 9787,9438,9661,9660,10043,9854
9672: 9802,9863,9548,9673
9904: 9628,9419,9271,9875,9649,9284
6280: 9860,6085,6348,9433,5870,9512
8658: 
9308: 9502,9403,9543,9638,9607,9435
9702: 9886,9426,9832,9836,9981,9587
9763: 9993,9944,9690,9989,9347,9289
9281: 9843,9586,9257,9770,1592,1950
9676: 9439,9473,9468,10026,9991,9272
9298: 9248,9536,9958,9380,9441,9746
9447: 9434,9373,9998,9942,9651
9678: 9711,10025,9480,9452,9360,9373
9377: 9638,9607,9529,9810,9362,9244
9956: 9856,9843,9586,9674
9409: 3504,9320,9397,9562,3903,5138
9955: 9935,3810,3612,9876,9922,9814
9750: 9293,9692,8150,8309,9340,9594
9740: 9795,9875,9344,9395,10029
9994: 9870,9838,9947,10032,10000,9422
9251: 9415,9283,3947,9576,9255,9637
9694: 9312,9886,9832
9718: 9929,9721,9877,9751,9348,9266
8917: 8807
9579: 9327,9609,9555,10023,9351,9970
9287: 9526,9315,9445,9322,9313,9403
9653: 9716,9581,9381,9641,9739,9681
9605: 9595,9619,9541,9411,9479,4169
9422: 9442,9591,9994,10032,9462,10000
2685: 9874,9669,9737,9247,2600,2492
9386: 10022,9544,9778,9917,9712,9353
9288: 9345,700,9385,9464,9431,9300
9522: 9599,9799,9498,9331,4146,4448
9867: 10006,9680,9992,9471,10035,9343
9861: 9583,9726,9249,9784,9701,9849
1592: 9760,1950,9281,9586,9276,9674
9634: 9787,9438,9892,9625,9976,9800
3295: 9826
3502: 2333,4083,4498,9481,9259
7641: 6930,7383,9436,9346,7719,8333
9358: 9577,9902,9470,9268,9536,9493
634: 
7353: 
1052: 9851,978
9535: 9411,9351,9555,9541,4139
9685: 9914,9847,9278,9432,9341,9908
9297: 9556,9629,9600,9317,7318,8885
9468: 9473,9676,9272,9416,9464,700
9388: 9514,9488,9321,10002,9557,9316
9636: 5403,9627,9977,9299,9639,9253
9696: 9860,6085,9724,9835,9764,9915
9429: 9562,9249,9503,5138,9360,9480
645: 
2928: 3907,3121,9913,9304,3119
9493: 9250,3701,9903,9358,9902,9268
9554: 9389,9530,9859,1225,9495,9491
9967: 9805,9379,9647,9650,9588,5775
9894: 9629,9600,9960,9318,9558,9501
9342: 9397,9357,9443,9761,9246,9320
7565: 7581,8879,9081,9649,9284
9948: 9745,9954,9451,9474
4255: 4463,3166,4057,5256,4347,5064
9816: 9731,10021,9520,3722,9790,9759
9978: 9966,9927,9766
9333: 9319,9624,9491,9924,9485,9585
9438: 9787,9767,9634,9407,9661,9892
9509: 9453,9449,9290,9477,9584,9444
2658: 
9301: 9561,9508,7360,9839,9773,9667
9511: 9278,9384,9575,9908,9309,9601
9526: 9287,9315,9370,9330,9300,9313
9776: 9873,9964,9792,9848,6349,9710
9559: 9457,9400,9518,9648,9525
9372: 9371,9637,2305,9415,9427,2492
9370: 9330,9570,9900,9300,9385,9526
9443: 9279,9296,9246,9254,9320,9342
9623: 9628,9260,6385,9616,9274,8694
9314: 10015,9989,9783,9687,9705,7617
9818: 9958,9940,9865,10002,9316,9380
9260: 9628,9419,9623,8694,8496,7570
9758: 9361,9747,9669,9295,2600,9918,2778
3701: 9250,9493,9268,9430,2333,9481
7439: 
9989: 10015,9347,9314,9763,9705,9289
9502: 6348,9313,9403,9308,9543,9433
9642: 9393,9461,9371,9496,9528,9427
2733: 1225,9495,9365,1553,2721
9285: 10030,9519,9939,9789
9506: 9433,5870,9330,9570,9575,3471
9480: 9678,10025,9429,9503,9294,9360
9125: 9126,8990,9567,9219,9615,9387
3712: 3612,9876,3321,9927,3820,9704
9924: 9731,9859,9759,9491,9333,9485
3491: 9383,9552
9626: 10040,9706,1793,9460,9580,9369
9491: 9624,9333,9554,9924,9859,1225
9560: 9567,9219,9546,9504,7899,9564
9661: 9660,9444,9563,9407,9767,9438
9256: 3559,4139,9462,9442,4057,9489
9770: 9257,9612,10004,9934,9843,9281
4139: 3559,9256,9442,9555,9535
9384: 9511,9278,9575,3471,3983,9475
9771: 9815,9990,9516
9786: 9893,9293,9692
7152: 6507
9326: 9907,9589,9338,9383,9793,9598
9532: 9675,9659,10033,9479,9286,9595
700: 9345,9288,9468,9416,9775,9464
9651: 9437,9831,9942,9447,9893
9695: 10034,9936,9710,6249,6349,9690
9925: 9888,9682,9891,9972,9878,10011
9290: 9453,9509,9252,9355,9478,9477
9934: 9856,9843,9770,10004
9244: 9398,9362,9659,9810,10010,9377
707: 
9952: 10022,9544,9735,9466,7417,6682
9963: 9778,9831,9457,9531,9942,10022,9735
10018: 9820,9871,9985,9549,9755
9869: 9806,9974,9809,9273,10040,1793
9513: 9723,9258,9646,9599,9498
9315: 9287,9526,9445,9566,9431,9300
10013: 9412,9352,9573
9458: 9550,9354,9310,5876,5882
9437: 9778,9831,9651,9893,9353,9336
2509: 9965,9542,9361,9663,2778,2699
9576: 9878,10011,9932,9255,9251,3947
9440: 3777,9339,9804,9853,9969,9698
9889: 9854,9926,9691,9919,9292,9640
9340: 8309,9857,10030,9750,9519,9594
9274: 9616,9631,9253,9299,6385,9623
9892: 8867,7723,9407,9438,9634,9625
9395: 9712,9988,9359,9344,9505,9740,10029
3612: 3712,9876,9704,9679,3810,9955
9173: 
6348: 9502,9543,9433,5870,9512,6280
10001: 9810,9322,10010,9822,9611,9445
3947: 9283,9251,9932,9756,9576,2024
9350: 9632,9604,5256,9539,5064,9404
731: 
3517: 9815
9896: 9906,10020,9341,9644,9914
10022: 9386,9544,9952,9735,9778,9963
9571: 9982,10003,10039,9556,9824,10005
9272: 9515,9416,9706,9468,9676,9991
9735: 10022,9952,9457,9466,9963
9430: 9248,9268,3701,9590,9366,2333
9863: 9811,9749,9615,9548,9673,9672
9337: 9553,9590,9366,9339,9804,4893
9219: 9567,9560,7899,8879,9125,8990
9521: 3907,9262,9734,9269,9483,9282
10028: 9890,9825,9897
9435: 9540,9638,9308,9543,9647,9943
9986: 9597,9572,9425,9774,9630,9747
9635: 9895,9606,9780,9363,9291,927
3715: 3321,3722,9713,9957,3820,10038
9622: 9588,9593,9852,9453,9252,9303
10019: 9884,9848,9667,9936,9710,9561
9610: 9613,9564,9618,9546,9827
9465: 9993,9944,9402,9354,7009,9499
7360: 5876,9508,9301,9773,9805,5975
8309: 9857,9340,9356,9750,8150,7992
9804: 9339,9440,9853,9441,9590,9337
9906: 9896,9518,10020,9666,6009,9898
9356: 9334,9592,8150,9448,7992,8309
9347: 10015,9989,6249,9725,9690,9763
1553: 9708,2721,1225,2733,9624,9720
9399: 9382,9500,9819,9707,2133
760: 561
9864: 9916,9349,9688,9381,9716,9995
9574: 10017,9482,9808,9408,9352,9302
9992: 9867,10006,9941,10035,9792,9817
9743: 9275,9980,9812,9321,9547,9514
9783: 9833,9910,9975,10015,9314,9687
9910: 9833,9783,9975,9680,9652
9706: 9626,1793,9369,9991,9272,9515
9664: 9824,10005,9960
4697: 4891,9432,9341,5202,9644,4893
9452: 9583,9785,9360,9678,9998,9373
6385: 9299,8631,9274,9930,8694,9623
9390: 9436,9534,9486,9928,9484,9346
9304: 9935,3810,9913,9697,9679,2928
9806: 9974,9869,1793,9515,9565,9487
9348: 9523,9266,9929,9718
6009: 9525,9714,9898,9768,9906,9518
2198: 
9457: 9400,9559,9531,9735,9963
9417: 6849,5408,9801,9469,9753,9494
9959: 9751,9670,9524,9459
9254: 3504,9320,9443,9279,4498,9481
9423: 9349,9688,9568,7965,9836
9655: 9707,2133,9798,9829,9421,10037
9781: 9769,9656,9537,9798,10037,9803
9412: 9723,9258,10013,9573
9639: 9299,8631,5792,5403,9636,9596
9859: 9924,9961,9731,9554,9389,9491
9338: 9907,9326,9656,9537,9793,9782
9795: 9875,9649,9740,9617,10029,7581,8770
9817: 6249,9725,6349,9792,10006,9992
9936: 10034,9695,9710,10019,9561,9643
9901: 9941,10035,9305,9658,9490,9265
9705: 9729,9486,9289,7617,9989,9314
9980: 9743,9275,9552,9245,9363,9812
7617: 9729,9705,9314,9472,9687
9306: 9968,9471,9305,9614
9620: 9834,9772,9332,9396
9737: 9415,9283,9665,2685,9874,2492
10021: 9520,9267,9961,9731,9816
9534: 9390,9436,7009,9993,9486,9289
9313: 9502,9403,9287,9526,9330,9433
9383: 2806,9793,3491,9326,9552,9598
9497: 5792,9885,9449,9584,9596,9368
8496: 8694,9919,9260,9237,7570
9263: 9393,9461,9460,9446,9580
9913: 9697,9585,9304,3119,2649,2928
9268: 9248,9430,9536,9358,3701,9493
9742: 2609,2699,9965,9671,9997
8990: 9125,9126,8885,8879,9081,9219
9363: 9291,9812,9245,9895,9635,9980
9674: 9830,9276,9586,9956,1592
9641: 9381,9391,9625,9976,9739,9653
9284: 7899,9079,9904,9419,9649,8879,7565
9730: 9973,9823,9451,9945,9821
9553: 9366,9337,9259,4486,5202,4893
7265: 
9939: 9789,9285,9727
3810: 9935,9955,9304,3612,9679
9937: 9840,9905,9780
9915: 9835,9852,9406,9696,6085,9593
9798: 9736,9829,9655,10037,9769,9781
8695: 
9725: 6249,9817,10006,9975,10015,9347
9998: 9531,9942,9452,9785,9373,9447
8970: 10007,9983
9944: 9993,9465,9402,9690,9763,10034
9932: 10036,9744,9756,9576,10011,3947
9345: 700,9288,9385,9775,9791,9699
9487: 9837,3486,9329,9806,9974,9565
9972: 9748,9819,9925,9682,9878,9500
9704: 9796,9790,3321,3712,3612,9679
9336: 9353,9592,9437,9893,9692,8150
9820: 10018,9871
10043: 9971,9368,9660,9767,9854,9926
7146: 9616,9631,7505,9344,9505,9271
9400: 9457,9559,9701,9648,9785,9531
1340: 1019
9625: 9391,9641,9892,7723,9634,9976
2968: 9541,3559,4057,4347,4169,9533
9865: 9958,9818,9940,9837,3486,9757
9389: 927,9554,9530,9606,9961,9859
9897: 9825,9814,9921,9922,9890,10028
2806: 9383,9793,9728,9973,9954
9305: 9901,10035,9265,9968,9471,9306
9501: 9558,9126,9600,9894,9387,9507
9680: 9867,10006,9343,9910,9975
3166: 4255,4155,4463,4057,9489
9860: 6280,9696,6085,5870,9601,9724
5408: 9417,6849,9753,9627,9779
9302: 4569,4448,9408,9574,9808,9604
9810: 9322,10001,10010,9244,9377,9607
5250: 
3559: 9541,2968,9256,4139,4057
5256: 9350,9604,4569,4255,4463,5064
7248: 
6531: 
9947: 10032,9375,9834,9693,9870,9994
7847: 7417,10009,7505,9359,9505
10030: 9857,9340,9519,9762,9789,9285
6118: 
861: 
4057: 4255,3166,2968,3559,9256,4347
9387: 9507,9548,9125,9126,9615,9501
5882: 9478,5876,5975,9355,9458
9548: 9387,9507,9863,9615,9672,9802
9528: 9295,9247,9427,9393,9642,9414
9375: 9947,10032,9834,9396,9597,9582
9282: 9524,9459,9521,9734,9483
10041: 9815,9990,9957
9442: 9422,9591,9462,9555,9256,4139
9049: 
9321: 9788,10002,9547,9743,9514,9388
6349: 6249,9817,9776,9792,9695,9710
9323: 9580,9369,9946,9393,9414
9270: 9736,9821,9829,9760,9276,9719
9747: 9758,9361,9630,9774,9669,9986
9940: 9818,9865,9788,10002,3786,3486
9019: 9563,7811,9407,7383,6916,8867
9600: 9629,9297,9894,9126,8885,9501
9719: 9830,9276,9945,9826,9270,9821
9927: 9966,3820,9978,3712,9876,9766
9505: 9359,9344,7847,7146,7505,9395
9591: 9442,9422,10032,9582,9609,9555
9520: 10021,9516,3722,9713,9816
9262: 9521,3121,9328,9734,9569
9424: 2024,9374,9772,9621,9756,9418
9710: 9695,9936,9776,10019,9848,6349
10020: 9896,9906,9911,9644,9979,9666
9647: 9650,9943,9540,9435,9967,5775
9732: 9850
9707: 9655,2133,9760,9399,9829
9837: 9487,3486,9329,9865,9950,9757
9598: 9275,9552,9923,9383,9589,9326
9498: 9599,9522,9513,9258,9538,4448
9504: 7899,9079,9307,7570,9564,9560
5775: 9588,9593,9647,9406,9540,9967
9558: 9318,9501,9894,9507
9999: 10027,9866
9841: 9654
9831: 9437,9778,9651,9963,9942
9419: 9628,9904,9260,7570,9079,9284
9688: 9349,9423,9836,9587,9916,9864
9846: 5792,9885,9738,9754,5403
8631: 9299,6385,9639,9971,9596,9930
10027: 9646,9887,9866,9999
2649: 9645,3119,9319,9913,9585,9813
9335: 9296,9813,9722,9645,9709,9246
9471: 9306,10035,9305,9343,9614,9867
9472: 9729,7617,10024
6249: 9725,6349,9817,9695,9347,9690
9835: 9738,9754,9764,9915,9852,9696
9993: 9465,9944,9763,9289,9534,7009
9856: 9934,9843,9956
9808: 10017,9985,9574,9302,9632,9604
9604: 9632,9350,5256,4569,9302,9808
9538: 9408,9573,9258,9498,4448
9264: 9291,9812,9530,9514,9488,9495
4347: 9311,5064,4255,4057,2968,9533
9126: 9125,8885,8990,9600,9387,9501
4719: 9397,9357,9602,4322,4811
9567: 9219,9560,9546,9125,9749,9615
9839: 9603,9773,9667,10042,9920,9301
9827: 9858,9610,9546,9811,9749
9885: 9497,5792,9846,9303,9754,9449
9351: 9411,9845,9535,9579,9555,9970
10040: 9626,1793,217,9460,9273,9869
927: 9389,9530,9635,9606,9291
9403: 9313,9502,9308,9322,9287,9607
3777: 9339,9440,3983,9969,4891,9475
9796: 9704,9790,9759,9485,9697,9679
9789: 9939,9762,10039,10030,9285,9727
9530: 927,9554,9389,9291,9264,9495
9764: 9738,9835,9696,9724,6849,9801
9960: 9664,10005,9629,9894,9318
9950: 9699,9883,9837,9329,9757,9657
9734: 9569,9521,9262,9282
9611: 9428,9662,9566,10001,9822,9445
9477: 9478,9467,9509,9290,9563,7811,9444
9921: 9922,9766,9890,9897
9355: 5975,9379,9478,5882,9290,9252
4169: 9394,9533,9541,2968,9619,9605
9453: 9449,9509,9290,9252,9622,9303
9949: 9551,9405,9888,9682
9862: 9286,9997,9510,9970,9671,9845
2492: 9247,9427,9737,9415,9372,2685
9490: 4950,9367,9265,9578,9901,9658
7383: 6930,7641,6916,9019,8046,8333,8867
9357: 9342,9397,4719,9761,6018,4322
9981: 9702,9832,9587
9368: 9971,9596,10043,9497,9660,9584
9439: 9473,9676,10026,9962,2609,9527
9715: 9279,9296,9708,9722,9250,9903
4155: 4463,3166,9489,9331
9552: 9275,9980,9598,9383,3491,9245
5633: 
6967: 6682,10012,10009
9654: 9841
7992: 9448,9752,9356,8309,9857
959: 
9543: 6348,9502,9308,9512,9540,9435
9250: 3701,9493,9903,9715,9279,9481
9923: 9275,9598,9589,9809,9547,9933
9380: 9316,9577,9958,9818,9536,9298
9269: 9392,9483,9717,9521,3907,9700
10032: 9947,9375,9994,9582,9422,9591
9794: 9996,9858,9811,9673
8044: 
9902: 9708,2721,9470,9358,9493,9903
9812: 9363,9291,9264,9743,9980,9514
9745: 9948,10008,9474,9882
9875: 9795,9649,9740,9344,9904,9271
5138: 9503,4811,9409,9397,9562,9429
9890: 9921,9897,10028
9249: 9562,9784,9429,9583,9360,9861
9800: 9450,9976,9787,9634,9691
9364: 9261,9608,9325,9463,5754,5564
8867: 9892,7723,7383,9019,9407,8046
978: 9850,1052
9374: 2024,9424,9772,9665,9899,9332
9568: 9349,9423,8046,7965,7723,9391
9876: 3712,3612,9927,9922,9766,9955
9483: 9392,9269,9633,9521,9282,9459
9421: 9496,10037,9655,2133,9371,2305
9720: 9813,9722,9319,9624,9708,1553
9790: 9796,9704,9759,3321,3722,9816
9366: 9553,9590,9337,9430,2333,9259
9930: 8694,9919,9971,8631,6385,9926
9332: 9425,9899,9396,9374,9772,9620
9845: 9411,9351,9479,9862,9286,9970
10009: 7417,6967,7847,6682,10012,9880,9517,7505
8807: 8917
4950: 9490,9367,9265,9539,9909,9404
9451: 9973,9730,9948,9954
9573: 9408,9352,9538,9258,9412,10013
3545: 
9578: 9455,9872,9410,9490,9367,9658
9381: 9391,9641,9349,9864,9716,9653
9460: 217,9446,9782,9263,9580,10040,9626
9799: 9599,9522,9887,9797,9689,9331
9495: 1225,2733,9365,9264,9554,9530,9488
9630: 9361,9747,9986,9572,9327,9542
9547: 9321,9788,9933,9743,9275,9923
9536: 9248,9268,9298,9358,9577,9380
9320: 3504,9254,9409,9443,9342,9397
9728: 2806,9793,9973,9823,9769,9656
1006: 
9557: 9316,9577,9388,9488,9365,9470
10016: 9914,9847,9684,9494,9898
7719: 7965,8333,7641,9376,9346
9792: 9873,9776,9941,9992,6349,9817
9749: 9811,9863,9615,9567,9546,9827
7570: 9307,9237,8496,9419,9260,9504,9079
7988: 9617,9938,9448,8513,8225
9762: 9789,10039,9752,9857,10030,10003
2669: 
9328: 9825,9814,9935,3121,9262,9569
9834: 9620,9693,9396,9947,9375
9872: 5754,9455,9578,9658,9873,9964
1019: 1340
9344: 9505,7146,9395,9271,9875,9740
9349: 9688,9423,9568,9381,9391,9864
9811: 9863,9749,9858,9827,9794,9673
9727: 9939,9789,10039,9824
9602: 9877,4322,9280,4719,9266,9454