9266: 9602,9523,9280,9877,9718,9348
9886: 9413,9312,9426,9694,9832,9702
9339: 9440,9337,1295,3485,980,9553
8386: 7757,7413,7839,8526,8596
9378: 9545,9292,9640,9420,9456,9277
5: 
2389: 3743,2761
3727: 
4811: 4710,4929,4719,4716,5138,4826
3874: 4177,3772,4074,3572,3674,3774
3176: 2895,2987,2777,9997,9662
8475: 
8460: 7679
10012: 9880,10009,10031,9714,7146,7145
3421: 3224,3628
9562: 5031,9503,9429,5338,5421,5123,9249
3451: 3550,9925,3444,3942
9482: 10013,9408,9352,9574
18: 
10007: 8976
9833: 9783,9953
10011: 9932,10036,3942,9891,3255
22: 
2280: 2189,9451,2098,2188
9092: 9091,8999
9962: 9663,9879,9946,10026,1611
3489: 2902,2523
5215: 5417,5010,4929,5009,5214
5688: 5490,6658,5585,5389,5876,5587
4218: 3506,3607,4320,9269,9392
30: 
4104: 4307,4514,4004,9357,4521,4314
6358: 6823,7360,6915,6163,7532
33: 133,9851
34: 
7009: 7375,9289,7195,7460,9705,7794
9294: 9703,9480,10025,9454,9523,9503
9663: 9962,9879,9758,9918,1611,2321
4306: 4301,3903,4405,3210,9397,4514,4004
8694: 8632,8631,8636,9596,9971,8496
40: 
6085: 9379,7123,6084,6375,6848
9533: 9311,9410,4950,5755,5062,9394
9362: 5672,5572,9529,9377,10042
7319: 7142
9265: 6338,9305,9306,5355,9909,9968
9317: 9297,8995,8296,8710,9556,9982
8878: 9238,8061,9079,9120,9217,8879
6884: 7163,6886
7345: 7080
2600: 2136,2047,2881,2585,2693,3079
4010: 3810,4323,4331,3612,3712,4115
3665: 4566,4164,4057,2391,4165,4068
6347: 6349,5959,5761,6155,6537
9645: 9709,9335,9717,9813,2926,3119
8540: 8338,8479
56: 
8999: 9092
4322: 4521,4427,9633,4529,4525,9670
2363: 
6767: 7130,6481,6483,7570,6576,6671
9945: 159,9826
8632: 8694,8631,8636,9449,7564,8210
9914: 9847,10016,9685,9341,9896,9906
64: 275
9943: 9638,9529,9435,9647,9920,9650
4893: 
8150: 8225,7579,7911,7992
8661: 8593
9855: 6709,6517
7564: 7125,8210,9885,7389,8632
9829: 9769,9798,9736,9707,9760,9655
7569: 7570,7821,6576,7899,7565,7737
73: 336,283
9709: 9645,9335,9717,9246,9700,9761
8175: 
4677: 4979,4069,4271,4475,4773,5177,4876
4979: 4677,4069,5965,6062,5177,6629
3450: 1583
3789: 
6658: 5490,5688,5887,5587,6564,6847
81: 
9398: 9476,9325,9463,9659,9810,9244
9765: 1838,9677
9699: 9950,9775,9791,9657
9629: 9556,10005,9960,9600,9297,9894
6244: 5663,9490,6339,6338,6335,6337
3380: 3777,3578,3185,502,4081,3284
7207: 7380,7383,7292,8356,7026,7470
6403: 6781,9373,7152
7355: 
9691: 9889,9854,9787,8701,9292,8984
9922: 9897,9814,9921,4123,9876,9955
93: 133,9851
9617: 10029,9795,9938,9334,8383,9448
7375: 7009,8186,9289,7460,7380,7292
9880: 9977,7434,10009,9517,10012,10031
3897: 4094,3795,3898,3998,4196
9787: 9438,9892,9691,9854,9800,8984
3321: 2836,3517,3821,3818,9704
100: 2710,3786,3486
9738: 9835,6849,7033,9846,7563,9754
7979: 7818,9238,8061,7901,9081,7737
4566: 3665,4569,4164,4269,4266,4068
5490: 5688,5887,6658,5389,5192
6100: 6389,6583,7670,9517,6003,9631
3185: 9433,9502,502,3578,3380,2240
9565: 9329,9487,9806,9515,9272,9416
9918: 9295,9758,9528,9414,9663,9879
9788: 10002,9940,9321
4393: 4293,4292
5062: 5755,4660,5159,4855,4858,9533,4950
7902: 7901,9081,7742,8292,8766,8705
5400: 5497,5792,5304,5598,5302
6576: 7570,7569,7130,6474,6767,7565
9761: 9700,3803,9246,9709,9342,9357
9852: 9622,9915,9453,9835,9303,9754
8189: 8192
118: 307,309
4565: 4458,4463,4569,4164,4462,4665
9724: 9696,9764,9860,9601,9309,9801
121: 127
9609: 9572,9579,3850,3656,3262
4427: 4322,4521,3907,9392,9633
9405: 1019,9551,9748
9878: 9255,9576,9972,9500,9925
4485: 4486
127: 121
8301: 8309,9857,8451,9340,10030,9750
9964: 6055,9776,9873,5761,9872,6537
6437: 6155,6537,6055,9710,6249
131: 
9899: 9874,9774,3458,2024,9665,3849
133: 93,9851,33
4463: 4347,4458,4565,4255,4164,4057
2333: 9259,9553,3485,3683,3783
5211: 5413,6797,5009,5214,5207
4343: 2870,3460,4139,9442,3856,9256
9467: 9290,9478,7298,9477
9974: 9837,9869,9487
9868: 4941
141: 
7181: 
9572: 9579,9986,9609,9630,9327
5564: 5765,5856,5664,9578,5961,5964
6461: 5978,6371,6265,6460,6077
146: 
3540: 3345
7156: 7062
149: 
150: 
3121: 2540,3119,3805,3025,2928,3027
9407: 9438,9892,7888,9019,9661,8126
5578: 5774,5676,5870,4783
4660: 5755,5163,5062,4661,4655,4858
155: 251
156: 157
157: 156
9644: 6508,9341,9401,9896,9911
159: 9945,9826
9246: 9296,9443,9709,9335,9342,9761
9985: 9808,9632,10017,9871,9755,10018
9957: 3733,10038,3731,9990,9713,10041
163: 
7850: 
6003: 9274,6483,9631,6100,7670,7050
4529: 4937,9877,4525,4322,9751,9670
2858: 3835,3646
8192: 8189
9983: 8683,8861,9017
7934: 7935,8015,9683,9842
9485: 9924,9333,9759,9796,9697,9585
9324: 9566,9428,9527,9473,9464,9431
6007: 5904,5813,9898,9494,10016,9684
9446: 9803,9263,9537,9782,9338,9460
3607: 3506,4218,4320,9717,2540,9700
176: 
9413: 9886,9484,9312,9426,9733,9376
9843: 1180,9770,9281,9934,9856,9586
9523: 9602,9266,9454,9348,9703,9294
9736: 9769,9829,9270,9821,9823,9760
9648: 9785,9400,9701,9849,6984
5084: 4986,5581,5086,5678,5287
3504: 3701,3998,2822,3903
5041: 
185: 
9581: 9881,9653,9492
5789: 6084,5192,5887
9259: 2333,9553,9366,9430
9895: 9882,9840,9780,2459,2362
8264: 
9367: 9311,9410,9578,9490,9539,5765
7911: 9356,9592,8150,8309,7992,8376
9299: 9636,6093,9253,9639,6385
9893: 9437,9336,9692,9786
9433: 3185,9502,9330,9313,9506,502
8380: 8455
9450: 9739,9976,9800,9545,8984,9828
5201: 9860,4997,5202,9575
7142: 7668,7319,8236,7581,7670,7050
9232: 9987
9650: 9805,9943,9647,9920,9773
8450: 9340,10030,9519,9939,9789,9285
9669: 9361,9747,2492,1747,9737,9874
3731: 3733,9957,3722,9713,3821,4332
4397: 4196,4498,4603
206: 309
5451: 5250
8812: 8868,9069
2778: 2666,9542,2693,9965,2585,9361
9870: 9838,9994,9693,9947
9815: 10041,9990,9771
9586: 9674,1263,9856,9956,1180,9843
6071: 5973,6163,6448,6541,5873,6823
10000: 9422,9838,9994,9689,9797,9462
7080: 7520,7345
8005: 7761
217: 9273,9326,368,9907,366
9941: 9992,9792,9658,9901,10035,9873
8835: 8779,8838
9920: 9839,9773,10042,9529,9943,9650
9569: 9328,9262,4336,9734
5167: 5754,5361,5064,4968,4870,5070,4969
7901: 9081,7902,7742,7737,7821,7979
4736: 4837,4939
7292: 7380,7207,7110,7460,7026,7375
9656: 9781,9728,9769,9798
9681: 9828,9844,9739,9984
7494: 8076,7913,8222,7996,8296,8513
6375: 5395,5495,6085,6848,6280
6617: 
9716: 9381,9864,9653,9995
9470: 2536,9316,9557,1225,2721,2253
233: 9464,9288,700,9345,834
5064: 4665,4867,4968,4661,5163,5361,5167
9677: 1666,1838,9765
4285: 4284,4083
237: 
8026: 
7130: 6480,6665,6474,6767,6481,6576
240: 344,291
9965: 2778,9542,2693,2974,10023,9671,2584
9667: 9301,9603,9561,9848,9884,10019
243: 
9593: 9379,7123,9588,9252,9622,9915
245: 
9373: 9998,9447,6781,6969,6403,7152,9434
247: 
9570: 9900,1295,9330,9370,9506,2802
9594: 9293,9750,9340,9519
7145: 7146,10009,10012,7413,6585
251: 155,9338
5150: 5051,9350,9604,5159,4852,4950
9575: 9601,9511,9384,5202,5201
9830: 9270,9719,9674,9276
2326: 2699,2512,2231,2511,2236,2509
9673: 9794,9811,9863,9672
5251: 
7560: 7119,7973,7558,7298,7811
10035: 9867,9471,9305,9901,9992,9941
7899: 7733,7649,7565,7569,7818,7737
4323: 3810,4010,4331,9269,9521
3755: 3262,3559,9582,3656,9591,4139
10006: 9975,9817,9792,9776
9822: 9662,10001,3073,9510,9675,10010
3778: 3777,4081,3776
9917: 9988,9938,9334,9353
2391: 2967,4165,2968,2580,3665,4068
9832: 9694,9886,9981,9702
9257: 9551,9612,9770,9281,1261
7721: 8126,8046,7885,7888,7555,8333
5856: 5765,5564,5663,5961,5959,6047
5710: 6204,6784,9906,10020,9898
3526: 9816,3928
274: 
275: 64
2476: 2196
9418: 9912,9424,9621,9772
278: 387
8292: 7314,7743,7902,7742,8705,8064
7836: 6964,6585,6389,6583,9623
4405: 4301,4306,4514,4504,4611,4616
2585: 2881,2685,2600,2666,2778,2693
283: 73,336
7777: 7176
9546: 9567,9560,9610,9564,9827,9749
9909: 9404,5355,9549,9755,9968,9265
2151: 2806,2902
9481: 3205,2170,9254,2818,9250,9279
10037: 9461,9496,9655,9798,9781,9803
4196: 3897,3998,4397
291: 344,240
3786: 100,3486,3787
3907: 4521,4314,4427,3803,3506,9392
3983: 4083,3982,3683,3385,3680
9979: 9666,6011,9726,9401,9668,9911
5965: 5478,6062,4979,6629,6631,6348
7117: 8356,7026,6932,6749,6931,7119
9473: 9468,9527,9439,9324,9464
299: 411
8675: 8676,8674
9686: 9456,9277,9984,9618
8976: 10007
10029: 9795,9617,9938,9740
3372: 2699,2609,2983,2777,3072,2987
9755: 9549,10018,9632,9985,9404,9909
6138: 
307: 118,309
9772: 9374,9332,9620,9418,9424
309: 206,118,307
6339: 9490,6244,9539,5355,5256,6338
9585: 9913,9697,9319,9333,9485,2744
9542: 2778,9965,9630,9361,10023,9327
5754: 5361,5167,9394,5070,4969,9455,5466
9500: 9972,9399,9819,9255,9878,9382
9733: 9928,10024,9951,9484,9413,9312
316: 
9888: 3550,9682,9949,9931,3940
9291: 9980,9363,9635,9812,9530,9264
4068: 4266,2776,2391,2580,3665,4566
3860: 3953,4255,3856,3166,4165,4057
10025: 9703,9294,9480,9711,9678
7929: 7340,7248,8170
3572: 3674,2678,9476,3874,3772
9428: 9324,9611,9566,2057,9527,2893
8609: 
6781: 6969,6403,9998,9373
8779: 8891,9005,8835
9714: 9768,9753,10031,10012,7146
9597: 9582,3656,9375,3850,9425,9396
9580: 9393,9323,9460,10040,9369,9626
9873: 9776,9964,9658,9872,9941,9792
9599: 9513,9498,9646,9799,9887,9522
9803: 9446,9263,9537,9781,9461,10037
334: 9850,9732,387,446
9327: 10023,1756,9630,9542,9572,9579
336: 73,283
3998: 3898,3701,3897,4196,3504
5413: 5211,5214,5917,6508
3856: 3860,3953,9256,4343,3460,3166
4826: 4716,5138,9454,4811,9602,5031
2699: 3372,2609,2512,2326,2509,2983
4504: 4605,4606,4611,4501,4301,4405
343: 397
344: 291,240
7550: 7723,7555,8186,7641,9436,9534
346: 519,650
9926: 10043,9767,9930,9889,9854,9919
9826: 159,9945
4298: 4501
9912: 9418,9744,9621
7733: 7649,7899,8211,7818,8056
10024: 9729,9928,9733,9472,9951
3345: 3540
9316: 2536,9470,9557,10002,9940
10003: 9571,9762,9982,10039,8373,9752
9697: 9913,9585,9304,9485,9796,9679
2818: 2538,9250,9358,9493,9481,2170
358: 
359: 1025,1270,874,1436,9371,1525
9891: 3444,10036,10011
4486: 4485
2906: 2336,2526
9757: 9958,9746,9818,9865,2251
2802: 9506,3482,9570,1295,980
9987: 9232
366: 1211,1698,368,217,9273,750
6849: 9738,9835,6376,7300,7033
368: 10040,9907,217,750,9626,366
3850: 4141,9425,9609,9597,3656
7675: 7847,9544,9952,9466,7505,9735
2710: 100,2523
372: 1124
9701: 9861,9849,9648
9671: 10023,9970,9965,9742,2584,9862
9748: 9972,9405,1019,9819
376: 492
9499: 9550,9465,9402,9354,6927,6930
9584: 8811,9563,9368,9497,9444,9660
5249: 5250
9476: 9261,9325,9398,9244,3572,2678,3772
5204: 5104,5207,5000,9475
9463: 9325,9398,9619,10033,9659,9608
5959: 6047,5761,5856,5961,6347,6349
384: 839
9271: 9344,9875,9904,9616,8081,9628
9984: 9686,9456,9828,9681,9844
387: 278,334
9608: 2580,9619,9364,9325,9463,2776
9391: 9625,9641,9568,9349,9381,9864
2234: 683,1622,2231,1611,2236
9454: 4826,9602,9523,5031,9503,9294
6163: 5973,6071,6072,6358,7532,6639
9379: 6085,7123,9593,6084,6564,9588
394: 
9616: 6964,8526,8081,9623,9628,9271
9668: 6018,9401,5123,9784,9979,9726
397: 343
5761: 5959,6047,9872,6347,9964,6537
2364: 9745
6696: 6886,6695
9444: 9019,9661,9660,9584,9563,8867
8455: 8380
403: 
9311: 9367,9410,9533,4950,5051,9539
9242: 9038,8885,9567,9239,9125,9615
9540: 9435,9647,9543,9406,9512,9967
3485: 980,3385,9339,2333,9553,3683
3234: 2944
9638: 9529,9943,9377,9607,9308,9435
9752: 7992,9857,8373,8225,9762,10003
411: 299
9488: 9388,9514,9495,9264,9365
7123: 6085,9379,9593,6848,7300,9915
3953: 3860,4155,4255,3856,9256,9489
9397: 9342,9320,9357,9409,3210,4306,4004
416: 477,808
9081: 7901,7902,7979,8061,8987,9037,8766
9640: 9237,9420,8701,9378,9292
9900: 9570,9969,9807,9385,9370
3444: 3942,9891,3550,3451,3940
9235: 8928
4094: 3795,3897
8868: 9069,8812
424: 9933,1529
5641: 
9247: 9295,1867,9528,9372,2135,2044
2538: 2818,9250,2721,2253,9902
3683: 3983,3485,3385,2333,3783
2366: 
7811: 9477,8565,7560,7973
7402: 7314,7743,7141,7581,7318
9877: 4937,4529,9751,9266,9280,9718
8262: 8033,8042,9426,7719,9376,9836
3531: 3224
9539: 9490,6339,5051,9311,9367,5256
9309: 9801,9469,9908,9601,9511,9724
9551: 1019,872,9257,9612,9405
8885: 9038,9242,8990,9039,9125,9126
8513: 8372,8710,7988,7494,7913,8296
9797: 9489,9331,9462,10000,9799,9689
9693: 9834,9947,9870
442: 634
6520: 6804
10008: 9745,9882,9840
5801: 5408,9684,5699,5904,9753,9768
446: 447,334,9850
447: 446
9942: 9457,9531,9651,9963
449: 
3787: 3786
9448: 9356,8383,9617,9334,7579
7958: 
9371: 9372,9427,1525,359,9421,9642
454: 456
3301: 3497,3400,9536,3204,9268
456: 454
9988: 9917,9938
9120: 9079,8205,8701,8878,9237,9217
7609: 
9938: 10029,9617,9334,9988,9917
9365: 1987,1225,9388,9488,9557,1071
5129: 5424,6022
9300: 9288,9431,9385,9315,9526,9370
8991: 8705,8707,8766,8989,8990,9130
7737: 7901,7899,7569,7821,7818,7979
466: 807
9665: 9415,9283,2024,9737,9899,9874
6419: 6425
9432: 9278,9475,9685,9341
8987: 8879,9219,8061,9081,9037,9194
9670: 9959,9751,9459,4322,9633,4529
472: 473,537
473: 472
9995: 9881,9653,9916,9716
475: 666,535
9171: 9173
477: 416,808
2133: 1867,1855,1950,1436,2036,1525
9414: 1197,884,9528,9427,9918,9879
480: 
9496: 9461,9655,9642,10037,9421,672
9466: 9525,7505,9559,9457,7675,9735
9840: 9895,9882,10008,9937,9780
9711: 9703,10025
9717: 9709,9645,2540,3119,9700,3607
6284: 6385,7563,7389,6480,6665
8770: 7318,8222,7743,8064,8995,9127
9550: 9499,9458,9354,7095,6916,6927
4287: 4387
4498: 4603,4397
7354: 7265,7778
492: 687,376
5345: 
9037: 8766,9194,8989,9081,8987
3222: 9679,9304,2836,2743,3715
7952: 7942
2410: 2224,2595,2311
5942: 5746,9910
499: 755
9524: 9282,9734,9959,9459
501: 762,1052,978
502: 9506,3185,9433,3380,3284
9359: 9712,9386,9505,7839,9544,8596
8737: 8338,8479
8627: 9112
9785: 9400,9648,9531
6585: 6964,7836,10009,7145,6583
9427: 9528,9371,9372,9642,884,9414
7259: 
6784: 5710,10020,6011,6009,7060
9632: 9808,9985,9350,9604,9755,9404
512: 630
513: 
4280: 3776,3774,5180
9531: 9457,9942,9785,9400,9559
9603: 9301,9667,9839,9773,9884
6055: 9776,9964,6437,6537,9817,6249
9416: 9775,9345,9329,9565,700,9272
519: 346,650
9652: 5750,6041,9680
6041: 5750,9652,9680,5848
9436: 9534,9390,7550,7555,9346,8333
2407: 2224,2135,2595,2403,1855,2689
9823: 9973,9728,9821,9769,9736
4074: 4177,3874,3772,3771,4073,4072
9286: 9532,9510,9479,9997,9862,9845
7026: 7117,8356,6932,7110,7207,7292
9621: 9424,3552,9744,9756,9912,9418
529: 
3482: 2802,980,3385,3680,3284
9474: 9948,848,996
9871: 9820,10017,9985,10018
9310: 7532,9458,9354,6915,9508,9643
2836: 3321,3517,3222,3715,3819
535: 475
3903: 4301,4306,2822,3210,3504
537: 472
9545: 9378,9292,8984,9450,9828,9456
9393: 9580,9323,9460,9263,892
9273: 217,9326,9589,9809,366
7563: 9846,9738,7033,6662,6284
9703: 9294,10025,9523,9348,9711
9283: 9415,9665,9251,9637,3947,2024
9278: 9432,9475,9685,9511,9384,9908
9507: 9548,9387,9558,9802,9672
3205: 9481,2170,9254,9409,3502
5826: 6226,5725,5727
2362: 2459,2551,9389,9895,9780,9606
9464: 9288,9431,233,700,9473,9324
3431: 
8163: 8599,8006
9293: 9594,9750,9692,9786
10014: 9167
7179: 7176
9425: 4141,3850,9374,9332,9396,9597
9479: 9532,9286,9845,9411,9605,9595
5543: 
9209: 
9267: 9606,9389,9961,10021
4590: 
561: 758,760
9756: 3947,9932,9744,3552,9621
563: 760,973
4475: 4773,4771,4168,4169,4677,4271
6653: 7646,6077,6931,7298,7019
9879: 9663,9962,1197,9414,9918,9946
9396: 9834,9332,9620,9425,9597,9375
568: 
7195: 7198,7460,7010,7014,7794,7009
2468: 2189,2658
9404: 5355,5256,9909,9632,9350,9755
4929: 4710,5010,4811,5138,5215
9275: 9923,9547,9598
8989: 9037,8766,9194,8991,9038,8990
7198: 7195,6930,7110,7460,7010
10034: 9690,9944,9936,9695,9643,9402
9844: 9681,9984
8550: 8679
9459: 9959,9670,9633,9483,9282,9524
8707: 8705,8064,8991,9600,9127,9130
8811: 9584,7470,9563,7973,7558,9497
9659: 9675,9810,10010,10033,9398,9463
7298: 6653,6931,9467,7560,7119
584: 
7014: 9989,9993,7195,7010,7542,7794
9977: 7434,9880,9627,9779,10031,9636
9898: 6007,5813,10016,9906,6204,5710
588: 645
9773: 9920,9839,6731,9650,9301,9603
5332: 5931
9657: 9853,9699,9883,9791
9618: 9610,9613,9686,9277
9767: 10043,9926,9661,9660,9438,9854
9672: 9802,9863,9548,9507,9673
9904: 9875,9271,9628,9419,9284,9649
596: 599,664,733,731
7050: 7141,6671,6483,6003,7670,7142
9308: 6348,9543,9607,6629,9638,9435
599: 596,664,666
4837: 4736
9281: 1180,9770,9843,9257,1428,1261
9676: 683,1622,1793,9991,9706,9439
9298: 9536,9746,9577,9380
4969: 5274,5070,5475,4968,4870,5754,5167
5755: 5163,4660,5062,5361,9394,9533
9377: 9638,9529,9607,5574,9362
4710: 5010,4929,4811,4809,4606,4719
2481: 2387,2198
9955: 4232,9935,4330,4123,9814,9922
9114: 9214
9740: 9395,9344,9875,10029,9795
4611: 4504,4606,4719,4405,4725,4616
9251: 9255,9576,9637,3255,3947,9283
614: 886
9718: 9721,9929,9348,9877,9751,9266
616: 1706,750,9626,1793,9369,9706
9579: 9572,9609,1756,9327,9555,3262
9287: 9445,9322,9315,9526,9313,9403
9653: 9881,9995,9581,9716
8688: 8426
9422: 9591,9442,10032,10000,9994,9462
5887: 5490,6658,5789,6084,6564
9386: 9712,9359,9544,9952,9778
9288: 9464,9431,233,9300,9385,834
6586: 7252,7325,7146
9867: 10035,9471,9343,9992
9861: 9701,9849,9784,9583,9726
9127: 9297,8995,8770,8064,8707,9600
8596: 8526,8081,8386,7839,9359,9505
630: 910,978,512
5697: 9627,9639,5598,5995
7641: 7380,7383,8186,7550,8867,7723
9358: 9577,9380,2818,2165,9493
634: 442
3578: 3471,3777,3380,2240,3185,3674
6813: 
5466: 5664,9455,5754,5070,5672,5572
8801: 8619,8683
9297: 9317,8995,9127,9600,9556,9629
6823: 6358,7360,6731,6448,6071
2170: 9481,3205,2818,1716,9493
9636: 9299,9253,9627,9639,9977,7434
9696: 9764,5509,9724,5200,9860,5300
9429: 9562,9503,9480,9249,9360
645: 588
2928: 9913,3025,2744,3121,3027,2742
7770: 7932,7936
3072: 2777,9742,2584,2983,2974,3372
9967: 9805,6448,9647,9540,9406,6350
650: 346,519
4269: 4566,4569,4266,4168,4867,4771
2777: 9742,3072,3372,3176,2987,9997
9948: 9474
4331: 4010,4323,4115,4336,9521,9262
9816: 10021,9731,3526,9759,9790
7936: 7770
9333: 9924,9485,9491,9624,9319,9585
4073: 3771,3670,4169,4074,4069,4271,4072
9509: 9303,9449,9453,9477,8631
2658: 2468,9841
661: 
6537: 6437,6155,5761,6347,6055,9964
9526: 9315,9330,9370,9313,9300,9287
664: 596,599,666,733
9559: 9466,9525,9518,9400,9457,9531
666: 475,599,664
9370: 9526,9330,9300,9385,9900,9570
4757: 4548,4448,4650,4642,4955,4855,4858
5849: 5848,5551
4164: 3665,4566,4569,4057,4565,4463
8565: 7811,7973,9596,9497,8631
672: 884,892,9461,9496,9642
7913: 7988,8076,7494,9419,9284,8513
4387: 4287
7439: 
9989: 9993,7014,9763,9347,9314,7542
9502: 3185,9433,9313,9403,3184,2148
3153: 2761,3251
2733: 9624,1820,1556,2738,1901,1727
9285: 9939,8450,9519
2387: 2481,2576
8526: 8081,8596,8386,6964,6871,9616
683: 2234,1622,9676,1793,10026
3712: 3713,3612,3615,4010,4232,4115
8006: 7761,8163
3491: 
687: 492,755
9491: 9924,9333,2738,9859,2554,9624
7521: 
3262: 9555,3559,3755,9579,9609,3656
3073: 9662,9822,9510
9770: 9281,9843,9934,10004,9612,9257
4139: 4343,2870,3559,3755,9591,9442
9384: 9575,9511,5000,5202,9278,9475
9771: 9990,9516,9815
9786: 9692,9893,9293
2554: 9859,9554,1075,2738,9491
698: 
7742: 7901,7902,7821,7739,8292,7314
700: 9468,9272,9345,9416,9464,233
9651: 9942,9831,9963
9695: 9936,9710,9690,10034
9925: 9972,3451,9878
6631: 6724,6348,5965,5478,5870
2196: 2476
9244: 3184,2148,9810,9476,9398,2678
707: 
9952: 9544,7675,9778,9735,10022,9386
709: 1068
2580: 2968,9608,2391,2776,4068
5086: 4986,5084,5186
9513: 9599,9498,9646,9723,9538,9258
9315: 9526,9566,9431,9300,9287,9445
3400: 3497,3301,3795
7325: 7150,6682,6586,7146,7757,7413
2866: 2772,9605,9619,9595,2967,2968
6028: 5727,5331
718: 9245,927,1075,2459,2551
9440: 9337,9804,9339,9698,9969,1295
9889: 9691,9854,9926,8205,9919,8701
9340: 8450,10030,9519,8301,9594,9750
722: 
723: 792
3783: 2333,3683
8081: 8526,8596,9616,9505,9344,9271
9173: 9171
6348: 6724,6631,9308,9543,5965,6629
2293: 2015,2199,2198
2953: 2662
9350: 5051,5150,9604,9632,9404,5256
731: 596,733
3517: 3321,2836,3821,4332,3819,3820
733: 596,664,731
10022: 9778,9735,9831,9963,9952
3098: 
9272: 700,9468,9515,9991,9565,9416
2800: 9662,10001,2895,9611,9445,9322
9430: 9248,9366,9259,3486
7455: 
9337: 9440,9804,9339,9590,9366,9553
9219: 8987,8879,9504,9194,9560,9239
6724: 6631,6348,9543,5774,5870,9512
743: 
744: 
2691: 2492,1747,2212,2595,2311,2685
746: 
6405: 6507,7858
9622: 9852,9915,9453,9593,9290,9252
7279: 7942
750: 1706,616,9626,368,1698,366
7413: 7757,8386,7325,7146,7145
7360: 6823,6358,6915,6731,9301,9561
8309: 7992,9857,8301,7911,8451,8376
754: 1286,1449
755: 687,499
9356: 9448,7911,9592,9334,9353
9347: 10015,9314,9763,9989
758: 973,561,760
6072: 5973,6163,5975,6639,6265,5978
760: 563,561,758,973
9217: 9237,9307,9120,8878,8879,9504
762: 1052,501
9992: 9941,9792,10035,9867
9743: 9812,9980
9783: 9953,9687,9833,10015,9314
8179: 
9706: 9515,9991,1793,1706,616,9676
9664: 9824,10005,9960,9318
4697: 
6665: 6480,7130,6474,7389,6284,7125
6385: 6662,6284,9299,6093,6480
9390: 9436,9534,9486,9928,9484,9346
9304: 9913,9697,9679,3222,2742,2743
9806: 9487,9565,1706,9869,1698,9515
3942: 3444,3451,10011
4823: 4626,4725,4937,4716,9602,9280
6931: 6653,7298,6749,7019,7117,7119
7818: 7979,9238,8056,7733,7899,7737
9417: 9801,9469,9494,5508,5408,9684
8984: 9545,9292,9787,9691,9450,9800
781: 
9423: 8033,9587,9836,9688,9349
9655: 9496,10037,9707,9798,9829,9421
9781: 9656,9798,10037,9803,9537
9412: 9573,9258,10013,9352
7141: 7739,6671,7050,7402,7314
2893: 2895,2987,2609,2057,9611,9428
8395: 
9795: 10029,9617,9875,9740,9649,8383
5495: 5295,6375,6280
9936: 9508,10019,9695,9710,9643,10034
792: 793,723
793: 792
794: 9637,1676,9382,2030,9415,2305
7617: 9705,7542,7794,9472,9687,9729
9306: 9265,9305,9968,9614,9471
7668: 7142,8236,7581,9260,7996,8076
7019: 6749,6916,6460,6653,6077,6931
10021: 9731,9816,9267,9961
7419: 7062
801: 9674,1263,1027,9276,1864,874
9383: 9598,9793,9326,9589
8273: 8485
5574: 5177,9607,4876,5274,5475,9377
2536: 9470,9316,9958,9818,2721,2165
9913: 2928,9697,9585,9304,2744,2742
807: 466
808: 477,416
6389: 6100,6583,7670,7836,8236
9363: 9980,9291,9635,9552,9245
6350: 5680,6541,9406,5775,6448,9967
4626: 4725,4823,4616,4307,4937,4525
9284: 9649,8075,9419,9904,7988,7913
6983: 
9553: 9259,2333,9337,9339,9366,3485
8064: 8705,8707,8292,7743,8770,9127
8376: 8451,9336,7911,9592,8309
3810: 4010,4323,3805,3612,4320
9937: 9780,9905,9840
2902: 3489,2151,2523
6316: 6022
8695: 8199
9725: 9975,9817,6249
3255: 3947,9576,9251,9932,10011
8970: 8419,8555
5587: 5876,5688,6658,5978,5882,6847
8972: 8921
8372: 8513,8710,8373,7988,8225
3204: 1716,9268,3301,3898,3207
9972: 9500,9925,9748,9819,9878
6093: 9299,9253,6385,6480,6481,9274
9336: 8451,8376,9692,9592,9437,9893
9820: 9871,10018
834: 9807,9385,9883,9791,9345,9288,233
5417: 5338,5215,5421,5917,5214
9400: 9785,9648,9518,6984,9559,9531
7300: 6848,6376,7123,9915,9835,6849
9625: 7965,9641,9391,8046,9634,9976
839: 384
840: 1216
9389: 2551,2362,9606,9267,9961,9554
9897: 9814,9922,9921,9825,10028,9890
9069: 8868,8812,8981
9305: 6338,9265,9306,9901,10035,9471
9501: 9318,9126,9558,9085,9387
6508: 9644,5413,5917,6018,9401
8205: 9079,8499,9919,9120,8701,9889
848: 996,9474
5873: 5680,6541,5683,5973,6071,5776
7858: 6405
9810: 9659,10010,3184,3279,9244,9398
7646: 6653,6077,6371,9355,9478
3559: 9555,3262,3755,9535,2870,4139
5256: 9404,5355,5051,9350,6339,9539
7248: 7929
6531: 6906
9947: 9693,9834,9375,9870,9994,10032
7847: 9544,7675,7150,7505,7757,7839
10030: 8450,9340,9762,9857,8301,9789
6118: 6416
861: 864
4057: 3665,4164,3860,4255,4165,4463
9387: 9548,9125,9507,9501,9126,9558
864: 861
8962: 
9528: 9372,9427,9414,9295,9247,9918
9375: 9597,9582,9396,9834,9947,10032
9282: 4336,9734,9521,9483,9459,9524
10041: 9815,9990,10038,9957
9442: 9591,9422,4343,4139,9462,9256
9049: 
872: 1019,9551,1512,1340,1178
6906: 6531
874: 1270,1864,801,1027,359,1025
9270: 9719,9821,9830,9760,9276,9736
5338: 5417,5121,5421,5138,5031,9562
4870: 4773,4771,4968,5167,5475,4969
9019: 9661,9444,8867,7888,7723,9407
4330: 3715,3615,4123,4232,9955
7518: 
4123: 3819,9876,4330,9955,9922
7555: 7550,7888,7723,9436,8333,7721
9591: 9442,9422,10032,9582,3755,4139
884: 1197,9414,892,672,9642,9427
9262: 9328,9569,4331,9935,4115,4336
886: 614,965
9710: 9936,10019,9695,9848,6437,6155
888: 
2119: 1421,1849,9949
8061: 8878,7979,9238,9081,8987,8879
9707: 1027,9760,9829,1025,9421,9655
892: 1197,884,672,9393,9323
9598: 9383,9923,9275,9589
3615: 4330,2743,3715,3713,3712,4232
9504: 8879,9219,9217,9307,9564,9560
5775: 9406,5970,5678,5680,6350,5287
9558: 9501,9387,9507
9999: 10027,9866
9841: 2752,9654,2658
9831: 10022,9963,9651
9419: 9260,9628,9904,8076,7913,9284
9688: 9916,9349,9423,9864
5970: 9406,5775,9512,5774,5676,5678
8631: 8694,8632,8565,9449,9509,9596
10027: 9999,9887,9866,9646
6204: 5710,6967,5813,9898,7252
9335: 9709,9645,9722,9813,9296,9246
9471: 10035,9867,9343,9305,9306,9614
9472: 7617,9953,9687,9729,10024
910: 630,1449
9835: 9738,6849,7300,9852,9915,9754
9091: 9092
9856: 9956,9843,9934,9586
9808: 9632,9985,9574,9302,10017,9604
9604: 9350,5150,9302,4852,9808,9632
9538: 9573,4642,9258,9513,9498,4650
5180: 5281,4177,4280,5478,4880
7743: 8292,7402,7314,7318,8770,8064
9126: 9501,8885,9039,9085,9125,9387
4719: 4606,4611,4725,4710,4811,4716
9567: 9546,9560,9239,9242,9749,9615
4616: 4626,4725,4405,4307,4514,4611
923: 
7470: 8811,9563,8356,7558,7383,7207
9351: 9845,9411,9535,1756,9970,9555
10040: 368,9907,9782,9580,9460,9626
927: 9245,718,1075,9635,1228
9403: 3184,3279,9287,9322,9313,9502
5192: 5490,5789
9796: 9759,9790,9485,9697,9679,9704
9789: 9939,9727,9762,10039,8450,10030
9530: 9495,1148,9264,9291,9635,1228,1556
9764: 9696,5509,9724,9801,5613,5508
5931: 5332,5633
9950: 9699,9329,9837,9775
2189: 2280,9451,2468
9611: 9566,9428,2895,2893,2800,9445
9477: 7811,9290,9467,9453,9509
9921: 9897,9922,9876,9766,9890
2526: 2153,1542,1709,2244,2906
3991: 3990
3027: 3713,2742,3612,2928,3121,3805
943: 1097
944: 
5995: 7033,5697,9639,6662
4858: 4855,4548,4757,4655,4660,5062
7383: 7380,7207,7641,7470,9563,8867
3251: 3448,3153
9981: 9587,9702,9832
3838: 
9439: 9527,1881,1622,9676,9991,9473,9468
9715: 9902,9903,9722,9250,9279,9296
4155: 3953,4255,9489,9331,4146,4347
7150: 6682,7417,7325,7505,7757,7847
5633: 5931
8499: 9079,8205,9919,8211,8429,8056
6323: 6219
7992: 8309,9857,9752,8225,8150,7911
959: 965,1042
6460: 7095,6265,6461,7019,6916,6077
9250: 2538,2818,9715,9902,9481,9279
9923: 9547,9275,9598,9589,9933,9809
4271: 4677,4069,4073,4169,4475
9269: 4218,4323,9392,9483,9521
965: 959,886
2224: 2225,2407,2410,2135,2595,2044,2311
7649: 7733,7899,7565,7478,8211,8498
9902: 9715,9903,1991,2538,9250,2253
9812: 9743,9980,9291,9514,9264
5678: 5084,5581,5676,5970,5775
3674: 3572,2896,2678,3471,3578,2240,3874,3774
972: 
973: 758,563,760
9249: 9784,9583,9562,9429,5123,9360
9800: 9450,9976,9634,9787,9892,8984
7787: 7865
8867: 7723,7383,7641,9563,9019,9444
978: 630,1052,501,1286
3224: 3628,3421,3531
980: 3485,3385,1295,9339,3482,2802
9876: 4123,9927,9922,9921,9766
7558: 7560,7119,7973,8356,8811,7470
5683: 5287,5186,5585,5680,5873,5776
9720: 9813,9708,1727,2926
8705: 8064,8991,8707,7902,8292,8766
9366: 9248,9590,9430,9337,9259,9553
9930: 10043,9926,9971,8496,8429,9919
5031: 9562,9503,5138,4826,9454,5338
8470: 
10009: 9880,9517,10012,7145,6583,6585
8807: 8917
8950: 8841,9046
9451: 2280,2189,9954,2098
9046: 8950
4266: 3367,2776,4168,4068,4566,4269
996: 848,9474,1069
9381: 9716,9864,9641,9391
4783: 5281,5578,5870
5355: 9404,5256,9909,6339,6338,9265
5536: 
9630: 9361,9747,9542,9572,9986,9327
7855: 
9536: 2815,9298,9577,3301,9268
9320: 9342,9397,9254,9443,9409
5000: 5202,5204,9384
1006: 1078
2844: 
10016: 9494,9847,9914,9906,6007,9898
7719: 9346,8333,9376,7885,8262,8042
8891: 9005,8779
5093: 5194
7570: 7569,7821,6576,6767,7739,6671
1013: 1251,9741
1014: 
4232: 9935,4115,9955,3712,4330,3615
6583: 6389,6100,10009,9517,6585,7836
9039: 9130,9894,9085,8885,8990,9126
9872: 6047,5761,9658,6337,9964,9873
1019: 9551,872,9405,9748,1340,9819
9344: 9875,9271,8081,9505,9740,9395
9349: 9688,8033,9568,9423,9391,9864
9811: 9749,9863,9858,9827,9673,9794
9727: 9939,9789,10039,9824
9602: 9523,9266,9280,4823,4826,9454
1025: 359,9421,1027,9707,874
8199: 8695,8044
1027: 9707,9760,9276,801,874,1025
2987: 2895,2893,3176,3372,2609,2777
9997: 9286,9510,2777,9742,9862,3176,9662
7885: 7721,8046,7719,8333,8042,7965
3803: 9700,9761,9357,3506,4314,3907
8261: 8119
5207: 5104,5204,5211
3385: 3485,980,3482,3680,3983,3683
7060: 9518,6009,6967,6784,7417,9525
3805: 2540,3121,3412,3027,3612,4320,3810
10018: 9549,9755,9985,9820,9871
5841: 
2944: 3137,3234
7417: 7150,6682,6967,7060,9525,7505
10038: 3733,9957,10041
1042: 959
9323: 9580,9393,1197,892,9946,9369
1044: 1616,1617,1446
4347: 4458,4463,4155,4255,4450,4146
5585: 5186,5683,5389,5876,5688
3839: 3646
2649: 3025,2926,2744,1820,9319
9334: 9617,9938,9917,9448,9356,9353
9862: 9742,9970,9671,9845,9286,9997
3680: 3284,3482,3385,3982,3983
1052: 762,501,1286,978
9978: 9927,9966,9766
9731: 10021,9816,9859,9961,9924,9759
9721: 9718,9929,9959,9751
5776: 5876,5975,5873,5683,5973
9775: 9345,9416,9329,9699,9950,9791
7942: 7952,7279
9634: 9892,8126,8046,9625,9976,9800
6930: 7198,7110,9499,6927,6932
9361: 9630,9747,9669,1747,2666,2778,9542
9214: 9114,9074
9279: 9296,9443,9250,9715,9481,9254
9641: 9625,9391,9739,9976,9381
5177: 9607,6629,4876,5574,4979,4677
5598: 5302,5400,5697
1067: 1805,1894
1068: 709
1069: 996
7888: 7723,7555,9019,8126,7721,9407
1071: 1901,1553,9495,9365,1987
6847: 6564,9588,9355,5587,6658,5882
9742: 2777,2584,3072,9862,9671,9997
9890: 9897,9921,10028
1075: 718,927,2551,2554,9554
1076: 1477
4336: 9282,9734,9521,4331,9569,9262
1078: 1006,1152
9649: 9284,8383,8075,9875,9904,9795
4852: 5159,4855,4849,9302,5150,9604
9292: 9545,9378,8984,9691,8701,9640
2341: 1542
9963: 9735,10022,9831,9457,9942,9651
2940: 3037
7932: 7770,9842
9571: 10003,9982,10039,9556,10005,9824
7775: 7428
8170: 7765,7340,7929
1089: 
5274: 5070,5475,4969,5574,5672
9607: 5177,6629,5574,9308,9638,9377
9986: 9572,9774,9630,9747,4141
5421: 5338,5417,5917,9562,6018,5123
9583: 9784,9249,9452,9360,9861
9683: 8015,7934,9842
9746: 9958,9757,9298,9380
1097: 943
9322: 9287,9445,10001,2800,9403,3279
2288: 
2212: 2689,2595,2305,2691,2492
2742: 3027,3713,9913,2928,9304,2743
9512: 9406,5970,6724,9543,5774,9540
4569: 4566,4164,4269,4565,4665,4867
9452: 9678,9360,9583
9341: 9432,9685,9644,9914,9896
4665: 5064,4867,4565,4569,4462,4661
4939: 4736
9751: 9959,9670,9877,4529,9721,9718
9939: 9789,9727,8450,9285
4072: 4880,3771,4073,4177,4074,4069
9780: 9937,9905,9895,9840,2362,9606
3776: 4280,3774,3471,3777,3778
9314: 10015,9347,9989,9783,9687,7542
2689: 2033,2212,2403,2407,2595
9927: 9966,9978,3820,9876,9766
4703: 4809,5007
5664: 9455,5466,9578,5572,5564,5964
9522: 4146,4444,9799,9331,9599,9498
9514: 9388,9488,9812,9321,9264
9237: 9640,9217,9307,9420,9120
6249: 6055,6437,9725,9817
9760: 1027,9707,9276,9270,9829,9736
9624: 2733,1820,9319,2738,9333,9491
1124: 372
9610: 9564,9613,9618,9546,9827
9791: 834,9883,9775,9345,9699,9657
2967: 3166,2391,4165,2772,2866,2968
5348: 5551
9125: 9548,9387,9615,8885,9242,9126
9441: 9853,9804,9590
3279: 9403,3184,10001,9322,9810,10010
1132: 9809,1211
2584: 9742,3072,9965,2974,9671
7176: 7179,7777
2403: 1592,2036,1855,2033,2689,2407
1136: 1297,1375
6280: 6848,6376,5495,6375,5497,5792
9345: 9775,9416,700,233,834,9791
8373: 8372,8710,8225,10003,9982,9752
6474: 7130,6665,7478,7125,7565,6576
9402: 9499,9465,9643,9354,10034,9944
9289: 7009,7375,8186,9705,9534,9486
9887: 9799,9689,9866,10027,9599,9646
2752: 9654,9841,2848
9702: 9587,9981,9836,9886,9426,9832
3612: 3027,3713,3712,3805,3810,4010
3210: 9409,2822,9397,3903,4306
1148: 9530,9495,1556
9759: 9796,9790,9731,9816,9924,9485
9777: 4839
7532: 9458,9310,6358,6915,6163,6639
1152: 1477,1078
9956: 9856,9674,9586
9447: 9998,9373,9434
9991: 9515,9706,9676,9439,9468,9272
9690: 10034,9944,9763,9695
9958: 9757,9746,9818,2536,9380,2165
4491: 
9532: 9286,9510,9479,9595,10033,9675
6265: 6639,7095,6460,6072,6461
4650: 4448,4757,9498,4444,4642,9538
3284: 4081,3680,502,3482,3380
9678: 9452,9360,9480,10025
9589: 9273,9326,9598,9383,9923,9809
9355: 9588,6847,5882,6371,7646,9478,9252
8838: 8835,8841
9456: 9686,9277,9984,9545,9378,9828
8990: 9038,8885,8989,8991,9130,9039
1169: 1251,9741,1170
1170: 1169
2983: 2509,2974,2699,3372,3072
9326: 217,9273,9589,9793,9383,9907
9369: 9946,10026,9580,9323,616,9626
9805: 6731,6448,9967,9650,9647
4192: 4293,4292
7062: 7156,7419
9167: 10014,9166
1178: 1594,1592,872,1512,1506,1340
9457: 9942,9531,9466,9559,9735,9963
1180: 9281,9843,1263,9586,1428,1864
5302: 5598,5613,5403,5400,5304
9357: 9342,9397,3803,9761,4104,4004,4314
9704: 9679,9796,9790,3818,3321
4773: 4475,4870,4771,4677,5475,4876
2321: 2231,1611,2511,9758,9663,1782
9330: 9526,9370,9313,9570,9433,9506
8333: 7719,9346,9436,7555,7721,7885
6084: 5789,5887,6564,6085,9379
3330: 
3643: 
9975: 9725,9817,10006
9774: 9899,9874,3458,9747,4141,9986
2662: 2758,2953
5852: 5455
6896: 6516
6219: 6323,5328,5426
1197: 884,9414,892,9323,9879,9946
9951: 10024,9733,9312
5250: 5451,5249
2244: 1709,2526,1973,2336
3628: 3224,3421,3226
6226: 5826,5725
3079: 2509,2974,2136,2600
9980: 9291,9363,9743,9812
8766: 9037,8989,9081,7902,8705,8991
6886: 6696,6884,7163
6900: 
9263: 9803,9446,9461,9393,9460
9475: 9432,9278,5204,9384
4789: 4891
1211: 9869,1698,366,1132
9865: 9757,9818
4655: 4462,4559,4661,4548,4858,4660
9017: 9983
2669: 
1216: 840
9875: 9344,9271,9904,9740,9649,9795
8451: 8376,9336,9692,8309,8301,9750
10031: 9753,9779,9714,9977,9880,10012
9919: 8205,8499,9926,9930,8429,9889
9966: 9927,9978,3733,3635,3820
9839: 9920,9773,10042,9603
9828: 9681,9450,9739,9545,9456,9984
2199: 2015,1841,2293
1225: 9365,1987,9470,9557,2253,1991
7086: 
7152: 9434,6403,9373,6507
1228: 1556,2738,9635,927,9530
9303: 9449,9509,9885,9852,9453,9754
3771: 4073,3670,9261,3772,4074,4072
9462: 9489,9797,9442,9422,10000,9256
7542: 7617,7794,9314,9989,7014,9687
2870: 4343,3460,4139,3559,9535,9541
9511: 9575,9601,9384,9278,9309,9908
9555: 3262,3559,9579,1756,9351,9535
8186: 7375,9289,7380,7641,9534,7550
8710: 8372,8513,8373,9317,8296,9982
2165: 2721,9958,2536,9358,9380
9313: 9526,9330,9287,9403,9433,9502
1240: 
4521: 4322,4314,4427,3907,4104,4307,4525
9005: 8891,8779
3486: 9430,100,3786
9254: 9481,3205,9279,9443,9409,9320
9556: 10005,9629,9317,9297,9571,9982
1246: 1494
9932: 10036,10011,9744,9756,3255
4725: 4626,4823,4616,4611,4719,4716
10023: 1756,9970,9671,9327,9542,9965
9901: 9658,6335,9305,10035,9941
1251: 1169,9741,1013
3646: 3839,2858
6622: 6902
9438: 9787,9892,9407,9661,9767,9854
8225: 8150,8372,8373,7992,9752
8841: 8950,8838
8917: 8807
4997: 5201
4605: 4504,4809,4606,4501,4603
7478: 7125,8210,6474,7649,7565
1261: 1428,1861,1512,9281,9257
9420: 9640,9237,9307,9378,9277,9613
1263: 9674,801,9586,1180,1864
8126: 7721,8046,7888,9634,9892,9407
9307: 9237,9217,9420,9504,9564,9613
4839: 9777,4941
7002: 7184
3184: 9403,2148,3279,9244,9810,9502
5774: 5578,5676,5870,6724,5970,9512
1270: 1864,1951,874,1436,359,1525
8429: 8496,8211,8498,9930,8499,9919
9493: 1716,9268,9577,9358,2818,2170
9643: 9936,9508,9310,9354,10034,9402
9548: 9125,9387,9615,9507,9863,9672
9846: 7563,7389,9754,9738,9885
9600: 8707,9297,9127,9130,9894,9629
10039: 9571,9762,10003,9824,9789,9727
3641: 3545,3448,3151
3533: 3434
4255: 3860,4155,3953,4347,4463,4057
5917: 5417,5421,5413,5214,6508,6018
8619: 8801,8683
3898: 3701,3998,3207,3204,3795,3897
9874: 9899,9774,9665,9737,9747,9669
4694: 
1286: 754,1052,978
2808: 2336,2524
7996: 7318,8222,7668,7581,8076,7494
9395: 9740,9712,9505,9344
7119: 7560,7558,6931,7298,7117,8356
9537: 9803,9446,9781,9338
9601: 9575,9511,9860,9724,9309
4891: 4789
9343: 9867,9471,9614
1295: 9570,9969,9440,9339,2802,980
4284: 4285,4083,3982
1297: 1136
9360: 9452,9678,9429,9480,9249,9583
9935: 4232,4115,9955,9814,9328,9262
2881: 2585,2311,2685,2600,2047
9505: 9712,9359,8081,8596,9344,9395
8921: 8972
9321: 10002,9788,9388,9514
6507: 6405,7152
2974: 2983,3079,2693,9965,2584,3072
2758: 2662
10001: 9662,9822,2800,9322,10010,3279
9857: 8309,7992,9752,8301,9762,10030
9566: 9324,9611,9428,9431,9445,9315
2609: 2699,3372,2512,2057,2893,2987
4603: 4498,4397,4501,4605
1312: 1729
9713: 9990,9516,3722,9520,3731,9957
1314: 
9408: 4849,4641,9302,9352,9482,9574
4292: 4192,4393
8383: 9649,8075,9795,9617,7579,9448
9712: 9386,9359,9505,9395
3819: 4123,3820,2836,3517,3715
4968: 5064,4867,4870,4771,5167,4969
9410: 9311,9367,9533,9394,9455,9578
4855: 5159,4955,4852,4858,4757,4849,5062
7670: 6389,6100,6003,7050,7142,8236
9525: 9466,7505,9559,9518,7060,7417
5389: 5186,5585,5490,5688
3367: 4266,2776,4168,3670,4169
5676: 5774,5578,5970,5581,5678
9130: 9039,9894,8991,8707,9600,8990
5361: 5754,5167,9394,5064,5755,5163
10004: 9612,9770,9934
4559: 4462,4655,4450,4458,4548,4448
7935: 8015,7934
3166: 2967,4165,3460,2772,3860,3856
7353: 
2842: 
2492: 2305,2691,1747,9737,2212,9669
9996: 9858,9794
2540: 3119,3121,3412,3805,9717,3607,4320
9729: 9928,10024,9705,7617,9472,9486
1340: 1506,9399,9819,1019,872,1178
2153: 2526,1542,1709
6448: 9805,6731,9967,6541,6350,6823,6071
9519: 8450,9340,9594,9285
10033: 9619,9595,9532,9675,9659,9463
9588: 6564,6847,9355,9379,9593,9252
5304: 5497,5400,5509,5613,5302
9424: 3849,3552,9621,9418,9374,9772
9468: 700,9473,9272,9991,9439
6022: 6316,5129
4687: 
9527: 2057,1881,9439,9473,9324,9428
6964: 6585,7836,9616,8526
4081: 3284,3777,3380,3778
9295: 9758,1527,9247,9918,9528,2044
9276: 1027,9760,9830,9270,9674,801
4642: 9573,9538,4650,4757,4641,4955
9934: 9770,9843,9856,10004
3774: 4280,3776,3674,3471,4177,3874
9864: 9716,9381,9391,9688,9916,9349
3701: 3898,3998,3207,3502,2822,3504
6902: 6622
8391: 
9685: 9432,9278,9341,9908,9847,9914
9842: 7934,9683,7932
9338: 9782,9793,251,9446,9537
5214: 5413,5211,5009,5215,5417,5917
1367: 
3506: 4218,3607,9700,3803,3907,9392
10005: 9556,9629,9960,9571,9824,9664
9737: 2305,2492,9415,9665,9874,9669
5281: 4783,5180,5478,5870
6695: 6598,6696
8479: 8338,8737,8540
9960: 10005,9629,9894,9085,9318,9664
1375: 1461,1136
3818: 3928,3722,9790,9704,3321,3821
2286: 2194
9596: 9368,9497,9971,8565,8694,8631
9881: 9653,9995,9581,9492
6662: 6385,5995,7033,7563
5121: 5338,5138
9437: 9893,9592,9353,9336
5123: 6018,9668,5421,9562,9784,9249
1384: 1549
7965: 9625,8046,7885,8042,9568
6009: 9518,7060,6984,9666,6011,6784
1387: 1984,2072
3722: 3818,3928,9520,9713,3821,3731
5813: 6007,5904,9898,6204,7252
9478: 9290,9252,9467,9355,7646
5649: 
1392: 1995,1729
9561: 9301,9667,7360,6915,9508,10019
9274: 6483,6003,9631,6093,9253,6481
3458: 9899,9774,3849,9374,4141
7679: 8460,7680
5010: 4710,4929,4809,5007,5215
10028: 9825,9897,9890
3025: 2649,2926,2744,2928,3119,3121
9302: 4849,9408,4852,9808,9574,9604
9521: 9282,4336,9269,4323,4331,9483
3545: 3641,3448
5663: 9490,6244,5765,5856,6337,6047
3715: 4330,2743,3615,3222,2836,3819
9385: 9807,834,9288,9300,9370,9900
6682: 7150,7252,7417,7325,6967
8343: 
9949: 9888,9682,2119,1421,9931
9070: 
5104: 5204,5207
4131: 
9587: 9981,9702,9836,9423
9277: 9686,9456,9378,9420,9613,9618
1414: 
6376: 6848,6280,7300,5792,6849
5225: 
3137: 2944
9883: 9807,834,9791,9657,9698,9969
1419: 
1420: 
1421: 2119,9682,9949
8658: 
9809: 1132,9933,9923,9273,9589
9415: 9283,9665,9637,794,2305,9737
9079: 8205,8499,9120,8878,9238,8056
9646: 9513,9599,10027,9887,9723
9535: 9411,9351,9555,3559,2870,9541
1428: 1861,1261,1180,9281,1864,1951
4141: 3850,9425,9774,3458,9986
9779: 9753,10031,5699,9627,9977
9329: 9487,9565,9837,9775,9416,9950
9694: 9886,9312,9832
7865: 7787
8905: 8904
9460: 9580,9393,9446,9263,9782,10040
1436: 1270,1951,359,1867,1950,2133,1525
9445: 9287,9322,9611,9566,2800,9315
8211: 8498,8429,7733,7649,8499,8056
2198: 2015,2293,2481
7146: 7145,9714,6586,7325,10012,7413
2595: 2407,2224,2410,2689,2212,2691,2311
7988: 7913,9284,8075,8372,8513
9836: 9587,9702,9426,8262,8033,9423
9319: 9624,1820,9333,2649,2744,9585
9734: 9282,4336,9569,9524
1446: 1617,1044
9933: 424,9809,9923,9547,1529
9301: 9667,9603,9561,9773,6731,7360
1449: 754,910,1619
6804: 6805,6520
4146: 4450,4444,9522,9331,4155,4347
9869: 1211,1698,9487,9806,9974
9497: 9596,9368,7973,8565,9584,8811
9769: 9798,9829,9736,9823,9728,9656
5163: 5755,4660,4661,5064,5361
4716: 4826,4719,4725,4823,4811
9708: 9813,9720,1553,9903,9722
8679: 8550
5920: 6421,6326,6420
6629: 5177,9607,4979,5965,6348,9308
1461: 1375
9469: 9309,9801,9417,9908,9494,9847
5736: 
5478: 5965,4880,5281,5180,6631,5870
9508: 9936,10019,9643,9561,6915,9310
9658: 6335,6337,9901,9872,9941,9873
9666: 9979,6011,9726,9849,6009,6984
9763: 9690,9944,9347,9989,9993
4314: 4521,3907,9357,3803,4104
2523: 3489,2902,2710
9860: 5200,5201,9601,9696,9724
8498: 8496,8211,8429,8636,8210,7649
5509: 9696,9764,5300,5304,5613
9325: 9261,9476,9364,9398,9463,9608
9489: 9331,9797,9462,4155,3953,9256
9077: 8928
1477: 1152,1076
9547: 9923,9275,1873,9933
2693: 2778,9965,2585,2600,2974
7870: 8265
7434: 9977,9880,9517,9636,9253,9631
7265: 7354
1483: 
9606: 9267,9780,9905,2362,9389
3777: 3471,3578,3380,4081,3776,3778
4876: 5177,5574,4773,4677,5475
1487: 9730,1739
8076: 7494,7913,7668,9260,9419,7996
8356: 7117,7026,7119,7558,7207,7470
7839: 7757,8386,7847,9544,8596,9359
3835: 2858
7033: 5995,9738,6849,7563,6662
3713: 3027,2742,3612,3712,2743,3615
1494: 1246
9074: 9214
9858: 9827,9811,9996,9794
1497: 1931,2483
9268: 3204,1716,9493,9536,9577,3301
7581: 7668,7142,7402,7318,7996
5408: 5508,5801,9684,5699,9417,5403
9392: 9633,9483,3506,4218,9269,4427,3907
2511: 2231,2321,2136,1782,2509,2326
9784: 9249,9583,9668,5123,9726,9861
1504: 1849,1583,1759
9544: 7847,7675,9952,7839,9386,9359
1506: 9399,1340,1592,1178,1676,2033
3448: 3545,3641,3251
9802: 9672,9507
9754: 9846,9852,9738,9835,9303,9885
5640: 
2761: 3153,2389,3743
1512: 1861,1261,872,1594,1178
2968: 2580,2866,9619,2967,2391
3294: 3295
3471: 3777,3578,3674,3776,3774
6916: 6749,7019,6927,7095,6460,9550
9516: 9990,9713,9771,9520
8015: 7935,7934,9683
9682: 9888,3550,9949,1421
9990: 9713,9516,9771,10041,9815,9957
5159: 4855,4852,5062,5150,4950
7794: 9705,7617,7542,7014,7195,7009
6481: 6480,7130,6767,6093,9274,6483
9372: 9528,9371,9427,1525,1867,9247
1525: 9371,9372,1270,1436,359,1867,2133
9435: 9647,9540,9308,9543,9638,9943
1527: 9295,9758,2225,2044,1782,2047
9376: 7719,9346,9484,9413,9426,8262
1529: 424,9933
10010: 9675,9659,9810,9822,10001,3279
9483: 9392,9633,9269,9282,9521,9459
1532: 1619
5403: 5613,5302,5508,5408,5699
9674: 801,1263,9586,9830,9956,9276
4177: 3874,4074,3774,4880,4072,5180
9577: 9358,9380,9536,9298,9268,9493
9910: 5942
5978: 6461,5882,6371,6072,5975,5587
9515: 9991,9706,1706,9565,9806,9272
8879: 8987,9504,9219,8878,8061,9217
9461: 9496,10037,9803,9263,672
1542: 2153,2526,2341
7505: 9466,9525,7150,7417,7847,7675
9258: 9573,9538,9723,9513,9412
2188: 2098,2280
9970: 10023,1756,9671,9862,9845,9351
9364: 9261,9325,9608,2776,3670
9739: 9450,9976,9641,9828,9681
1549: 1721,1384
9374: 9772,9332,3849,9424,3458,9425
9968: 9549,9909,9265,9306
3947: 9756,3255,2024,9251,9283
1553: 1901,1071,1727,1987,9708
9735: 10022,9963,9466,9457,7675,9952
4525: 4937,4529,4307,4322,4521,4626
1556: 1228,2738,9530,1148,1901,2733
1557: 1995
9732: 334,9850
7973: 7560,7558,7811,8565,8811,9497
2274: 
5672: 9362,5572,5274,5070,5466
6969: 6781,9998,9373
6731: 9805,6448,9773,9301,6823,7360
9421: 1025,9707,9496,9655,9642,9371
9859: 2554,9961,9554,9731,9924,9491
8296: 9317,8995,8222,7494,8513,8710
4069: 4979,4677,4271,4073,6062,4072
9689: 9799,9887,9866,9838,10000,9797
2231: 1611,2511,2236,2321,2234,2326
8995: 9317,9297,9127,8296,8222,8770
1571: 1572,9730
1572: 1571,1740
9915: 9852,9622,7123,9593,7300,9835
10032: 9591,9422,9947,9582,9375,9994
5882: 5978,6371,5587,6847,9355
8471: 
9851: 93,133,33
9916: 9688,9864,9995
3550: 9888,9682,3451,3940,3444
5508: 5408,9764,9801,9417,5613,5403
9884: 6349,9667,9603,9848
9924: 9333,9485,9491,9859,9731,9759
1583: 1504,1849,1759,3450
6927: 6749,6916,9550,9499,6930,6932
5551: 5348,5849,5848
9253: 9636,9299,6093,7434,9274,9631
4448: 4548,4650,4757,4450,4444,4559
9745: 10008,2364,9882
2225: 2224,2044,1527,2311
7765: 8170
5455: 6140,5852
1592: 1594,1178,2036,2403,1506,2033
9705: 7617,7794,7009,9289,9729,9486
1594: 1592,1178,2036,1861,1512,1950
9541: 2772,9605,9411,9535,2870,3460
9892: 9634,9787,9438,9407,8126,9800
9480: 9294,10025,9503,9429,9678,9360
9564: 9610,9613,9307,9504,9546,9560
5194: 5093,5295,5395
9490: 5663,6244,6339,9539,9367,5765
9166: 9167
9971: 9596,9368,8694,10043,9930,8496
8614: 8677
8419: 8970,8485,8346,8555
8794: 
9458: 7532,9310,9354,6639,7095,9550
9342: 9320,9397,9357,9443,9246,9761
2311: 2881,2685,2225,2224,2410,2595,2691
4087: 
9431: 9464,9288,9300,9324,9566,9315
1611: 2231,2321,9663,9962,2234
5581: 4986,5084,5678,5676
6077: 7646,6653,6460,6461,6371,7019
9157: 8978
6371: 6461,5978,5882,9355,7646,6077
1616: 1044,1873
1617: 1446,1044
7184: 7002
1619: 1532,1449
2776: 4266,3367,4068,9608,2580,9364
9486: 9534,9390,9705,9289,9729,9928
1622: 2234,683,9676,2236,1881,9439
4950: 9311,9533,5159,5062,5051,5150
5964: 5961,5664,5572,5564
5572: 5672,9362,5664,5466,5964
4880: 5478,4072,4177,5180
9145: 
3934: 
8636: 8694,8632,8210,8496,8498
1630: 
9662: 9822,10001,3073,2800,2895,3176,9510,9997
8677: 8614,8676
8861: 9983
9484: 9413,9928,9733,9390,9346,9376
5051: 9350,5150,9311,4950,5256,9539
3460: 4343,2870,9541,2772,3856,3166
9728: 9823,9973,9769,9656
4941: 9868,4839
9929: 9721,9718,9348
9348: 9718,9929,9523,9266,9703
5848: 5849,5551,6041
4514: 4104,4307,4004,4306,4405,4616
5202: 5000,5201,9575,9384
2512: 2699,2609,2326,2236,2057,1881
9723: 9513,9646,9258
8075: 9284,9649,8383,7988,7579
9749: 9811,9863,9567,9546,9827,9615
9848: 9667,9884,6155,10019,9710
8346: 8485,8419
8392: 
9894: 9130,9039,9085,9600,9629,9960
10015: 9347,9314,9783
5328: 5426,6219
9494: 9847,10016,9469,9417,9684,6007
7761: 8006,8005
7110: 6930,7198,7460,7026,6932,7292
10042: 9920,9839,9362,9529
8981: 9069
9863: 9749,9811,9548,9615,9673,9672
4332: 3517,3821,3733,3731,3635,3820
3295: 3294
4462: 4559,4661,4655,4458,4565,4665
4004: 4104,4514,9397,9357,4306
7680: 7679
9318: 9501,9085,9960,9664
1666: 9677
9612: 10004,9770,9551,9257
9824: 9664,10005,9571,10039,9727
9998: 9447,9373,6781,6969
7380: 7383,7207,7292,7641,7375,8186
9680: 6041,9652
6932: 7117,7026,6749,6927,6930,7110
9520: 3928,3722,9713,9516
6671: 7141,7739,7050,6767,6483,7570
9700: 3803,9761,9709,9717,3506,3607
1676: 794,9382,1506,9399,2033
9518: 6009,7060,6984,9400,9525,9559
9750: 9594,9293,8301,8451,9692,9340
7163: 6884,6886,6978
6011: 9666,9979,10020,9911,6784,6009
5961: 5964,5856,5564,5959,6349
9549: 9755,10018,9909,9968
9510: 9532,9286,9997,9662,9822,3073,9675
10043: 9767,9926,9930,9368,9971,9660
7428: 7775
8020: 
2483: 1497
5300: 5200,9696,5509
9776: 6055,9964,9873,9792,9817,10006
9976: 9450,9739,9800,9634,9625,9641
9798: 9769,9829,9781,9656,9655,10037
9792: 9992,9941,9776,9873,10006
3151: 3641
8978: 9157
2251: 9757
4849: 4641,9408,9302,4955,4855,4852
9411: 9845,9351,9535,9479,9541,9605
1698: 9869,1211,366,1706,750,9806
9506: 502,2802,9330,9570,9433
9931: 9888,9949
9434: 7152,9447,9373
9896: 9906,10020,9911,9341,9644,9914
9409: 3502,2822,3210,3205,9254,9320,9397
7723: 7550,8867,7888,7555,7641,9019
9353: 9334,9917,9356,9592,9437
1706: 616,750,1698,9515,9706,9806
6516: 6896
9517: 7434,9880,10009,9631,6100,6583
1709: 2244,2153,2526
9993: 9989,7014,9944,9763,9465,7010
8599: 8163
10020: 9896,9906,9911,6011,5710,6784
2551: 2459,2362,9389,718,1075,9554
2848: 2752
10026: 9946,1793,9369,9962,683
1716: 3204,9268,9493,2170,3207,3502
9623: 9260,9628,7836,9616,8236
3743: 2389,2761
9399: 1506,1340,9819,9500,1676,9382
9730: 1571,1487
1721: 1549,1805
9907: 10040,368,9782,9793,217,9326
9465: 9499,9402,9944,9993,7010
8593: 8661
9994: 9870,9838,9947,9422,10032,10000
9827: 9858,9610,9546,9749,9811
1727: 1901,1553,2733,1820,9720
9252: 9290,9478,9588,9355,9593,9622
1729: 1312,1392
6307: 6598
4165: 2967,3166,2391,3860,3665,4057
7342: 7081
9906: 9896,10020,10016,9914,9898,5710
9573: 4642,9538,9258,9412,4641,9352
9238: 7818,8878,7979,8056,8061,9079
9741: 1251,1169,1013
6338: 9265,9305,5355,6244,6339,6335
6564: 9588,6847,5887,6658,6084,9379
1739: 1487,1740
1740: 1572,1739
9801: 9309,9469,9417,9764,9724,5508
8119: 8261,7880
9085: 9039,9894,9960,9318,9501,9126
9866: 9887,9689,9838,10027,9999
4115: 4232,9935,3712,4010,4331,9262
9248: 9590,9366,9430
1747: 2691,2492,2685,9361,9669,2666
9961: 9859,9554,9389,9267,10021,9731
9590: 9248,9366,9441,9337,9804
7937: 
6967: 6204,7060,6682,7417
9818: 9958,9757,9865,9940,2536
9813: 9720,9708,9722,2926,9645,9335
9814: 9897,9922,9935,9955,9328,9825
6349: 9884,6347,5961,5959
1756: 10023,9970,9327,9579,9555,9351
9825: 10028,9897,9814,9328
6047: 5959,5761,9872,5663,5856,6337
1759: 1504,1583
9627: 5697,9639,9779,9636,9977
8485: 8273,8346,8419
6335: 9658,6337,9901,6244,6338
7945: 
9821: 9270,9719,9823,9736
9245: 718,927,9363,9635,9552
9799: 9887,9689,9331,9797,9599,9522
7191: 
9495: 9530,1148,9264,9488,1901,1071
6425: 6419
9331: 9489,9797,9799,4155,4146,9522
5186: 5287,5585,5683,5086,5389
5870: 5774,5578,5478,4783,5281,6724,6631
9011: 
4169: 4073,3670,3367,4168,4475,4271
2576: 2387
9529: 9638,9943,9377,9362,9920,10042
7252: 6682,5813,6204,6586
2148: 3184,9244,9502,2678,2240
6541: 5680,6350,5873,6448,6071
9944: 9690,10034,9763,9465,9402,9993
4293: 4192,4393
1782: 2136,2047,9758,1527,2511,2321
5727: 5331,6028,5826
2509: 2983,3079,2136,2511,2699,2326
9940: 10002,9788,9818,9316
2136: 2600,1782,2047,2511,2509,3079
2305: 2492,9737,794,2212,9415
9790: 9759,9796,9816,3818,9704
6517: 6709,9855
2815: 9536,3497
9576: 9255,9878,9251,3255
3821: 3321,3517,4332,3818,3722,3731
1793: 10026,616,683,9676,9706
9794: 9673,9858,9811,9996
9119: 
3497: 3400,3301,2815
3940: 9888,3550,3444
8674: 8675
9628: 9623,9260,9419,9616,9271,9904
9615: 9548,9125,9567,9242,9749,9863
9332: 9374,9772,9620,9425,9396
8616: 
7437: 
9592: 9356,7911,9353,8376,9336,9437
1805: 1067,1721
9635: 9291,9363,9245,927,9530,1228
9692: 8451,9336,9893,9293,9750,9786
9959: 9751,9670,9459,9524,9721
6912: 
9290: 9478,9252,9467,9622,9453,9477
2240: 3578,2148,3185,2896,3674,2678
5680: 6541,6350,5873,5775,5287,5683
9946: 10026,9369,1197,9323,9962,9879
3670: 3771,4073,4169,9261,9364,3367
2895: 2893,3176,2987,9611,9662,2800
2336: 2808,2906,2244,1973,2524
9620: 9772,9332,9396,9834
5699: 5408,5801,5403,9753,9779
8844: 
1820: 2733,9624,9319,1727,2649
9619: 9595,10033,2866,2968,9608,9463
9449: 9303,9509,9885,8632,8631
9642: 9496,9421,9371,9427,884,672
5975: 5776,5876,5973,6072,5978
9953: 9783,9687,9833,9472
8904: 8905
9543: 6724,6348,9308,9435,9540,9512
7757: 7413,8386,7839,7150,7325,7847
6337: 9658,6335,5663,6244,6047,9872
9443: 9279,9296,9246,9254,9342,9320
9684: 5408,5801,9417,9494,6007,5904
9647: 9435,9540,9943,9805,9967,9650
1833: 1921
9296: 9279,9443,9246,9715,9722,9335
2685: 2881,2585,2311,2691,1747,2666
5904: 6007,5813,5801,9684,9768
9560: 9567,9546,9239,9504,9219,9564
1838: 9765,9677,1841
4444: 4450,4146,9522,9498,4448,4650
2678: 3572,2896,3674,2148,9244,9476,2240
1841: 1838,2199
9768: 9714,5801,5904,9753
9255: 9576,9878,9251,9500,9637,9382
3502: 9409,2822,1716,3205,3701,3207
5009: 6797,5211,5214,5007,5215
3145: 
9819: 9399,1340,1019,9972,9500,9748
6155: 6437,6537,6347,9848,9710
1849: 1504,1583,2119
9554: 9859,2554,9961,1075,2551,9389
9817: 9975,9725,10006,6055,9776,6249
7778: 7354
8318: 8667
9552: 9363,9245
1855: 1867,2133,2036,2403,2407,2135
2772: 9541,9605,2866,3460,2967,3166
3552: 3849,9424,9621,9756,2024
5725: 5826,6226
6480: 7130,6665,6481,6385,6284,6093
3037: 2940
1861: 1428,1261,1512,1951,1594,1950
6018: 9401,9668,5123,5421,5917,6508
9854: 9889,9691,9767,9926,9787,9438
1864: 1270,1951,874,1180,801,1263,1428
9719: 9270,9821,9830
9726: 9666,9979,9668,9784,9861,9849
1867: 1855,2133,1436,9372,1525,2135,9247
3849: 9424,3552,2024,9899,3458,9374
5070: 5274,4969,5754,5167,5466,5672
9563: 9584,8811,7470,7383,8867,9444
8042: 8262,8033,9568,7719,7885,7965
9574: 9808,9482,9408,9302,10017
1873: 1616,9547
5007: 4703,5010,5009
9850: 334,9732,446
8033: 8262,8042,9568,9423,9836,9349
9631: 9274,6003,9253,7434,9517,6100
5331: 5727,6028,5230
9847: 9494,10016,9914,9685,9469,9908
9778: 10022,9952,9386
1881: 2057,9527,9439,2236,1622,2512
9908: 9309,9469,9511,9278,9685,9847
8555: 8970,8419
7565: 7649,7899,7478,6474,7569,6576
9239: 9567,9560,9219,9194,9038,9242
6915: 6358,7360,9561,9508,7532,9310
10013: 9482,9412,9352
7081: 7342
9578: 5664,9455,9367,9410,5765,5564
2643: 9882,2459
9264: 9530,9495,9812,9291,9514,9488
1892: 2072
2926: 3025,2649,9813,9720,9645,3119
1894: 1067,1984
9747: 9630,9361,9669,9874,9774,9986
9614: 9306,9471,9343
5295: 5395,5495,5194
9261: 9476,9364,9325,3771,3670,3772
2806: 2151
4641: 4849,9408,9352,9573,4642,4955
1901: 1553,1071,1727,9495,1556,2733
9744: 9932,10036,9756,9912,9621
10036: 9932,10011,9744,9891
9394: 5754,5361,5755,9410,9533,9455
3119: 2540,3121,3025,2926,9645,9717
3820: 3819,3517,4332,3635,9927,9966
5876: 5776,5975,5587,5585,5688
9503: 5031,9562,9429,9454,9294,9480
1909: 
9660: 9661,9444,9584,9368,10043,9767
5497: 5792,5400,5304,6280
9882: 9895,9840,9745,10008,2643
7389: 9846,6284,7125,7564,6665
9637: 794,9382,9255,9251,9415,9283
2459: 2551,2362,2643,9895,718
8265: 7870
1917: 
9352: 4641,9408,9412,9573,9482,10013
6984: 9518,6009,9666,9849,9400,9648
6326: 6421,5920
1921: 1833
9954: 2098,9451
8044: 8199
9346: 7719,8333,9376,9436,9390,9484
9928: 9729,10024,9733,9390,9486,9484
9911: 9896,10020,9644,9401,9979,6011
9969: 9900,1295,9807,9883,9698,9440
4809: 4605,4606,4703,4710,5010
5792: 5497,5400,6280,6376
6978: 7163
1931: 1497
9849: 9861,9701,9666,9726,6984,9648
9654: 2752,9841
4320: 4218,3607,2540,3412,3805,3810
2822: 9409,3502,3210,3701,3504,3903
2194: 2286
9982: 9571,10003,9317,8710,8373,9556
9853: 9657,9698,9441,9804
5200: 9860,5300,9696
3635: 4332,3820,9966
4606: 4504,4605,4809,4611,4719,4710
4450: 4146,4444,4347,4458,4448,4559
4867: 4665,5064,4968,4569,4269,4771
7340: 7929,8170
9112: 8627
4083: 3982,3983,4284,4285
5475: 5274,4969,4870,4773,4876,5574
9038: 8885,9242,8990,9194,8989,9239
2744: 3025,2649,9319,9913,2928,9585
1950: 2133,1861,1951,1436,1594,2036
1951: 1270,1864,1436,1428,1861,1950
5746: 5942
8676: 8675,8677
9845: 9411,9351,9970,9862,9286,9479
9722: 9715,9903,9813,9708,9296,9335
9312: 9886,9413,9951,9733,9694
4955: 4855,4642,4757,4849,4641
3226: 3628
6483: 9274,6003,6767,6481,6671,7050
3990: 3991
6062: 5965,4979,4069
7314: 8292,7402,7743,7141,7739,7742
2271: 1996
8222: 7318,7996,8770,7494,8995,8296
9534: 9436,9390,9486,8186,9289,7550
4307: 4104,4514,4521,4626,4616,4525
8236: 7668,7142,6389,7670,9623,9260
9661: 9019,9444,9660,9767,9438,9407
3772: 3874,4074,9261,9476,3572,3771
8620: 
5424: 5129
8683: 9983,8801,8619
1973: 2524,2244,2336
9679: 3222,9704,9796,9697,9304
5395: 5295,6375,5194
2524: 1973,2336,2808
5426: 5328,6219
1978: 
3795: 4094,3897,3400,3898
4168: 4266,3367,4269,4169,4475,4771
7579: 8150,8383,8075,9448
6709: 6517,9855
9626: 616,750,9580,10040,368,9369
1984: 1387,1894
4937: 9877,4529,4525,4626,4823,9280
9675: 9659,10010,9532,9510,9822,10033
1987: 9365,1225,1553,1071,1991
9492: 9881,9581
4458: 4347,4565,4463,4450,4462,4559
8046: 8126,7721,7885,9634,9625,7965
1991: 9902,9903,1987,1225,2253
9401: 6018,9668,6508,9644,9911,9979
9260: 9623,9628,9419,7668,8236,8076
9885: 9303,9449,9846,9754,7564
1995: 1392,1557
1996: 2271
9388: 9514,9488,10002,9321,9557,9365
4661: 4462,4655,4665,5064,5163,4660
3733: 10038,3731,9957,4332,9966
9605: 9541,2772,2866,9411,9479,9595
2896: 3674,2678,2240
2002: 2090
8667: 8318
9426: 9886,9413,9376,9702,9836,8262
7095: 6639,6265,6460,9458,9550,6916
6848: 6280,6376,7300,6375,6085,7123
5973: 6071,6163,6072,5873,5776,5975
3656: 9597,9582,3850,9609,3262,3755
4501: 4301,4298,4603,4504,4605
9453: 9852,9622,9290,9477,9303,9509
9487: 9329,9565,9806,9869,9837,9974
9837: 9974,9329,9487,9950
8056: 7818,9238,8211,7733,9079,8499
9280: 9602,9266,4823,4937,9877
2015: 2199,2293,2198
2236: 2231,2234,1622,2512,2326,1881
4134: 
5613: 5302,5403,9764,5509,5304,5508
9328: 9569,9262,9935,9814,9825
4301: 4501,3903,4306,4405,4504
3412: 2540,3805,4320
9633: 9392,9483,4322,4427,9670,9459
6416: 6118,6421
2024: 3947,9283,9665,3849,3552,9899
9753: 9779,10031,5801,5699,9714,9768
2666: 2778,1747,2585,2685,9361
10017: 9808,9985,9574,9871
3434: 3533
9498: 9513,9599,4444,9522,9538,4650
2030: 794
9354: 9458,9310,9643,9550,9499,9402
2571: 
2033: 2689,1506,1592,2403,1676
7520: 7080
8701: 8205,9120,9889,9691,9292,9640
2036: 1594,1592,2403,1855,1950,2133
6797: 5211,5009
4548: 4448,4757,4559,4655,4858
9766: 9876,9927,9978,9921
8426: 8688
3928: 3818,3722,9520,3526
9905: 9937,9780,9606
6421: 6326,5920,6416
2044: 2225,2224,2135,9295,1527,9247
9595: 9619,10033,9532,9479,9605,2866
6420: 5920
2047: 2136,2600,1782,1527,2881
7010: 7195,7198,9465,9993,7014
9568: 8033,8042,7965,9391,9349
2738: 1228,1556,2554,2733,9624,9491
9582: 9597,3656,9375,3755,9591,10032
5138: 4826,4929,4811,5338,5121,5031
10019: 9936,9508,9710,9667,9561,9848
5287: 5186,5683,5775,5084,5680
9687: 9783,9953,9314,7617,7542,9472
8210: 7478,7125,7564,8632,8636,8498
2057: 9527,1881,2609,2512,2893,9428
6639: 7095,6265,6163,6072,7532,9458
6871: 8526
8338: 8479,8737,8540
9973: 9823,9728
9804: 9440,9337,9853,9698,9441,9590
9698: 9853,9883,9969,9440,9804
9793: 9782,9338,9383,9907,9326
7682: 
9639: 5697,9627,5995,9636,9299
7739: 7141,6671,7570,7821,7742,7314
7780: 
7880: 8119
2135: 2407,2224,2044,1867,1855,9247
6598: 6307,6695
2072: 1387,1892
3982: 4083,3983,3680,4284
9807: 9385,834,9883,9900,9969
9194: 9037,8989,8987,9219,9239,9038
7821: 7570,7569,7739,7901,7742,7737
8496: 8498,8429,9971,8694,8636,9930
4986: 5084,5581,5086
2253: 2538,2721,9470,1225,9902,1991
9613: 9610,9564,9618,9307,9420,9277
8928: 9077,9235
9380: 9577,9358,9958,9746,9298,2165
9762: 10003,10039,9857,9752,9789,10030
2743: 3715,3615,9304,3222,3713,2742
9406: 5970,5775,9512,9540,9967,6350
6749: 7019,6916,6927,6931,7117,6932
7125: 7478,7564,8210,7389,6665,6474
6140: 5455
9782: 9793,9338,9446,9460,10040,9907
2090: 2002
6805: 6804
9903: 9715,9902,9722,1991,9708
4771: 4475,4870,4773,4269,4168,4867,4968
8805: 
7460: 7195,7198,7110,7009,7375,7292
9838: 9870,9994,10000,9689,9866
9455: 5664,5466,9578,5754,9394,9410
2098: 9954,2188,2280,9451
3207: 3898,3701,3204,1716,3502
9382: 9637,1676,794,9500,9399,9255
5230: 5331
9557: 9470,9316,10002,9388,9365,1225
9256: 3953,3856,9442,4343,9489,9462
10002: 9788,9940,9321,9388,9316,9557
7318: 8222,7996,8770,7581,7402,7743
2721: 2538,2165,2253,2536,9470
5765: 5856,5564,9367,9578,5663,9490
9834: 9693,9396,9947,9620,9375
9758: 9295,1527,9918,9663,1782,2321
5750: 6041,9652
9185: 
9368: 9596,9497,9971,9584,9660,10043