14621: 12928,15063,15607,14811,13634
28593: 
13143: 14502,14396,15328,15231,14076
14985: 13050,13810,13396,15166,14606,14585
12849: 14217,15042,14653,14916,13739
14615: 15127,14156,15167,13086,14483
14328: 13719,13348,15252,12985,14636,14524
15299: 14243,13367,15794,14167,13383,13873
15380: 14651,13890,13609,12929,15134,15008
15145: 13583,13851,15792,13099
13511: 13188,13467,14763,15104
13765: 15486,14588,13270,14227,15179,13896
14273: 13012,14733,15332,13526,14175
15510: 14208,14149,14113
14172: 
15340: 13479,13605,15351,15535,13500,15613,12841
13959: 15326,14734,15300,14564,12966,13862
14722: 15495,14157,28520,15567,13402
15448: 15566,13775
13438: 
14250: 13151,13316,14062,14206,15150
13724: 12867,14339,15683,15493,14118
13533: 15795,15749
12829: 15760,14431,15399,13328,14214,14882
12939: 
12855: 14705,14641,14729,14777,15514,15555
14343: 14446,12885,15244,13391,13761
13151: 14250,14773,13316,13915
13942: 14676,12896,13935,13202,15001,14643
15785: 13132,14411,15441
13420: 15175,13344,15076,14797,14569,12877
13886: 13302,15442
14390: 14418,13667,15178,13186,13336
14436: 13225,15159,13870,14041
13061: 
14824: 13169,13968,14678,12821,14727,13616
15666: 14490,12923
13488: 14552,13804,13850,13471
14556: 14519,14206,13317,15150
14112: 13131,14031,13786
13025: 13624,14933,14571,13787,15060,15591
13894: 15561,13412,13123,13992,13013,15259,12818
13263: 14068,14758,14191,15616,14822
12840: 13141
14405: 15571
14881: 15537,14341,13917,14128,13592
15804: 15350,14616,14697,14629
13753: 13767,12922,12984,13171,13638
14598: 12989,14001
15338: 13975,15225,14757,13416,12957
14998: 14238,13598,14381,13574,15739
14252: 15524,14779,13051
14488: 14457,13397,12834,14861,13646,13602
15372: 14450,15270,13801,15770,15643,14644
15484: 13308,14253,13785,13453,13373
15779: 13272,13876,13297,13306,14723
14108: 12937
13302: 13886,14449,15442
15116: 14292,13682,14955,14745,15020,13092
14833: 
15737: 14497,13784,12898,13297,13327
15482: 14358,13347,13825
12958: 15455,14179
15178: 14808,14176,13186,14348,14390,13667
15254: 14564,14804,15008,13571,13484,14734
13948: 14663
14438: 15003,13149,14795,14414,15734,13954
14923: 13984,14225,15557,14190,14511,14873
15373: 14623,15691,15411,13847,14851
14809: 
14802: 14021,13964,14995,14758
13070: 14205
15519: 14078,15166,14251,13149,14795,14980
15363: 13854,13437
15792: 12957,13416,13099,13839,15145
14683: 13474,14547,14106,15653
14079: 13323,14419,13380,13267,13783
15791: 
14024: 14613,13188,13317,12875,13300,14295
15721: 13630,13877,15598,14552
12911: 14470,13049,14074,13442,15693,15129
15760: 13218,14431,12829,13655,15399,13360
15698: 14394,14562,13052,14071,14966
14920: 14377,13958,14404,14609,14243,15794
14650: 14619,15173,14798,14730,14117,13178
15002: 15442
15244: 13391,15390,15268,13669,13761,14343
14178: 13332,14220,13036,13566
15730: 14887,13425,14010,14240,13098,13468
15150: 14048,14250,14556
14893: 13022,14971,14194,13536,14009,15548
15332: 15806,14892,14169,14273,14733,13526
15296: 14741,13365,15246,13455,14424,13210
13814: 13088
14323: 15438,14072,15593
14369: 14827,13916,13503,14593,14209,14883
14361: 13187,13393,15355,14271
15293: 13336,14671,13186,14235,14467,15294
13301: 15545,13674,14852,14340,14946,14785
14921: 14730,14117,13002,13820,14579,14559
15092: 14365,13532,15459
15201: 15715,13168,12854
13808: 15729,13381,13656
14929: 15635,12991,13034,14851,15691,12942
14999: 12857,13196,15205,14872,15738
15024: 12973,14605,13081,15017,15249,15180
12932: 
13297: 15172,13327,15737,13272,13876,15779
15745: 13531,14519,14358,13252
14391: 14277,14964,15554
15688: 15195,13435,13282,14551,12993,13883
13010: 15488,14855,14056,13004,15064,15767
14186: 
15403: 13773,15225,15456,12889,15626
14808: 15178,14176,13186,13843,14168,14467
13553: 12854,14743,14653,15768
14742: 15499,14889,13586
14585: 14579,14559,14251,14985,13810,15166
15343: 12940,15091,15112,15810,14134
13793: 14731,14111,13220,13352,14429
13952: 15427,13895,14471,15486,14588
13414: 13090,13910,15727,13476,15702,13599
13938: 14089
13222: 
14594: 15337,15603,15295
13281: 15762,14392,14776,12871,14090
15589: 14388,14426,14853,14884
12994: 14896,13185,13643,13734,12912,15157
14666: 
12990: 14248,14274,14307,13993,15324,13976
15427: 13952,13951,15486,13197,14504
13181: 13474
13503: 15240,14781,14593,14850,14827,14369
15370: 13405,13705,15638,13859
13646: 13602,15054,13397,14488,15776,15444
14828: 12847,14572,13767,14705,14641,14363
14489: 14235,14467,13554,14168
13278: 14452,13415,15015,13093,12900,12892
13446: 13249,13775,14570,15043,15354
13267: 13244,14959,14079,13783,15228
12936: 
14448: 13266,15037,13427,15424,15681
14606: 14078,15166,13050,14985,14523,13889
15139: 
15061: 13305
15761: 12820,14720,13666,14623,13016,13257
14898: 14254,13233,14433,14689,15800,14836
14812: 14655,13665,13407,15787,15723,15214
14428: 
13873: 13408,12981,15299,14167,13499,13383
14003: 13589,14857,14376,13093,15464,12900
13119: 15648
14949: 15376,14351,14284,14372,14293
15420: 13777,15335,14342,13556,14717
13833: 
14835: 
13248: 15762,13291,14952,15551,12871,15215
14477: 15656,15492
14532: 
12965: 15478,15138
15418: 14830,14130,14495,14324
15253: 13433,13019,15759,14255,12869
15645: 13343,14021,14179
13684: 13325,14918,14934,13717,13575,14760
15654: 15503,15096,14842,13737,13736,14644
14587: 12968,14905,15781,15074
12896: 14676,13282,13942,15001,14551,12866
15557: 14225,14923,14190,14327,13341,14662
15506: 15193
15151: 15136,15409,15697,13569,13226,13309
13924: 
14364: 13891,15223,14224,14249
15432: 13015,13661,15009,15182,12983,14314
13976: 15098,12944,14307,14248,12990,13392
13286: 14916,13945,13739,14456,13487,13906
13583: 15205,15145,12988
13702: 13705,15336,13837,14389,13714,15062
13044: 14895,14743,13800,14916,13945
14912: 13193,13122,14603,13127,14659,15057
14351: 15376,14949,13803,13596
14642: 13487,13167,14344,13270,14504,13945
14684: 14775,15256,13128
14179: 13208,14021,12958,15645
15238: 12831,12868,13903,13466,14416,13124
15434: 13865,15004
15071: 13720,15694,13849
13124: 14416,12831,15238,13723,14782,15491
14543: 13336,14671,14418
13839: 13099,15441,13416,15594,15792
15608: 15200,14487,14732,15065,13171,13217,13638
13299: 15575,14575,13936
14214: 13328,15312,15565,14052,12829,14882
14322: 15280,13148
15261: 
12814: 14818,13820,14061,13698,13101,15692
14027: 15371,13066,14876,13909,15447,12964
14338: 13534,14356,13319,13333,13491,15033
14601: 
15573: 13343,13964
13398: 14046
14559: 14585,14579,14251,14921,13002,15202
15579: 15611
12838: 13112,15534,13805
14751: 14658,15317
13957: 15793,15571
14861: 12982,15430,12834,14694,14488,13602
13708: 15620,13770,15235,15170,15388,15313
14926: 12917,14560,13461
13230: 13608,13828,14456,13607,14119,14409
13930: 
15530: 15704,14147,14521,15401,13288
15590: 14423,13923
13496: 
13794: 13639,13243
14496: 15711,14263,14810,14820
14134: 15802,14596,15112,15343,15105
13928: 13375,15703
15669: 15708
15801: 15192,12887
15662: 15574,14472,15449
13781: 14062,12999,15213,14267,14664
12826: 15612,14871,14276
14939: 13174,14475,15084,13310,14536,14668
12919: 12827,15452,14083,14670
14535: 14816,13673,14115,12948,14509,15633
13240: 13558,13633,13314,15288,15746,14919
15390: 15244,15305,13610,13934,13669
13266: 15037,14448,15504,15228
15472: 12850,15440,13940,15029,14016
13361: 
14798: 12986,14704,14818,14117,15173,14650
13841: 15723,14811,13508,13100,13832
15538: 15798,13359,15026,14917,13436
14990: 14577
14063: 12834,14874,14694,13232,15709,14517
14580: 14558,15776,14506,13397,14862,15630
14226: 15503,15096,14531,15747,13911,13650
13690: 13308,13683,13700,13622,13313,13642
14624: 15595,15736,15769,14415
13732: 13057,13758,15050
13994: 
13936: 14547,13299,13021,15773
15755: 15476,14309,15710
13899: 13060,13613,13456
13096: 
15731: 14458
15246: 15296,13455,12882,13990,15505,14424
14429: 15509,14994,13284,13352,13793,14111
13085: 15038
12979: 14953,15483,14971,14009,14377,14609
14301: 15657,15084,14109,12961,15597,14475
13463: 
13442: 14074,13432,15410,15797,13049,12911
14844: 14381,12998,15495
13421: 14262,14097,15298,15523,13704
13212: 15618,15203
14354: 13292,13856,15529,13680,13094
14696: 15066,14294,14192,12839,13961
13213: 12851,15583,13949,15224,15706,14600
14944: 14498,13101,14218,15004,13698
13147: 13625,15717,15069,14850,14281,13107
14706: 15295,14584,15615,15518,13866,15592
15562: 12946,15118,12952,28559,14716,15725
15309: 13368,15329,13821,13391,14446
14877: 14801,14357,13256,13115,14070,13374
12931: 13554,13211,15376,14284,28589
15051: 
13848: 13631,15431,13452,13550,15179,13896
15050: 13379,13732,13057,13242
15115: 15749,13349,15735
13544: 14928,15763,14296,13067,13401
13743: 14440,14993,15042,13925,15471
15406: 14915,12819,13647,13348,15642,13997
12886: 15162,13316,13114,13205,14062,12999
14350: 15720,14724,15412,13136,14023,13065
15750: 15371,13066,14102,13104,13609,12929
15278: 14719,15584,14744,14308,13585,13686
13277: 15323,14815,14703
15534: 12838,15248,13805
13319: 13571,13484,13333,13491,15696,14338
13174: 13568,14475,14939,13481,13310
13412: 13894,15561,28665,13969,14796,13123,13992
14483: 13220,14133,15676,15127,14615
13911: 13585,15695,14531,14226,13650,14567
13562: 15570,14073,14236,13980,14341
14143: 13183,13644,13337,15649,14316
13458: 
14309: 13762,15710,15062,15336,15755
13520: 15488,15679,15161,15767,14947,28659
14237: 13888,15499,13586,13386
15091: 15343,12940,14849,13576,14219,15810
14952: 13290,15551,15532,15629,14443,13291,13248
13173: 13175
13378: 13298,28589,14695,14235
14359: 13126,15743,13980,13493,15417,13766
15322: 
13889: 14839,15160,12902,14523,14078,14606
13823: 15449,14462
12839: 14192,15485,14696
15057: 14124,15347,14912,13122,13127,15720
14554: 13329,15128,15186,14805,14047
14403: 13855,15601,14304
15400: 13664,14310,14819,14036,13322
14236: 15036,13917,15487,13562,14341
12864: 13591,14221,15397,15409,14792
14304: 13824,14854,15601,14403
13809: 13832,14769,14756
14685: 13593,13018,14415,13483,15131
14730: 14921,14117,13002,14650,13677,13178
13822: 14408,13082,12928,15063,13395,14371,14737
15308: 14289,13228,15685,15206,15194,14486
15089: 
13858: 13876,13207,14520,13306
14497: 13784,15737,14180,12879
14410: 13625,15717,13737,13145,13736,13262
28520: 15495,14722,14157,13598,15772
15142: 13202,15001,13634,15063,14739,14737
15732: 14689,13661,14836,13043,13015,15360
13003: 14946,14785,13471,13543
15441: 13839,15785,15594
14246: 
14933: 13624,13025,14571,15714,13722,14152
15257: 12962,14164,14402,15527,14858,13492
14784: 12989,15610,14296
15344: 14750
14860: 
15576: 14602,12996,13394
15141: 13111,14205
13104: 14764,14102,15750,15227,13685,12929
13657: 
13595: 15797,15351,15535,15387,13193,14603
14121: 
14851: 13034,13772,13847,15373,15691,14929
14148: 13619,14055,13365,13210,13326
13311: 12978,13975,15342,14709,15212
13329: 14554,15128,15265,13161,13789
12823: 
13759: 14894,13905,15807,15778,14640,14583
13764: 14384,15799
15326: 14734,13959,15300,13034,15766,12942
13790: 14099,13845,13424,14118,13505
14050: 12860
15614: 14137,14787,14534,12856,15795,14520
14185: 13157,13094,15135,14507,14925,15757
14637: 15119,15087,15577,13315,13603
13209: 14234,13735,14471,15494,15179,14588
15460: 14879,14097
14434: 14966,14562,15595
13483: 15174,15769,14685,13018,14415
15492: 15719,14477
14800: 13062,14334,14332,15243,13510,13042
12948: 14450,15270,12980,13673,14535,14509
13223: 13880
13260: 13072,13541,14227,13608,13828,14344
15140: 13768
13236: 15756,15077
14291: 14154,15487,15587,13910
15291: 13358,15279,13048
13666: 14720,15761,14499,15694,15411,14623
14028: 14312,13321,14879,14514
13161: 13670,13320,13789,13329,13116
13373: 14499,15694,15484,13453
14663: 13948
13476: 13910,13414,15487,15570,13599
13847: 13465,15411,15033,13772,14851,15373
14692: 13757,15109,14319,14708,13506,13879
13272: 13876,15779,15394,12874,13784,13297
13134: 
13953: 13621,13863,14115,15633,13046,15044
14276: 12947,12826,14871,15266
13303: 13023,15119,14375,14247,12863
15794: 14243,15299,14920,14609,14167
14414: 14610,15734,13747,14438,13507,13954
15099: 14750
13034: 13772,15766,14851,15326,14929,12942
13917: 14236,15036,14018,14881,14341,13592
14064: 15292,15070,15640
14626: 14698,14045,13543,14785,14340,13198
14476: 13872,12897,12903,13165,14313,13963
14900: 15046,13141
14609: 14377,14920,12979,15483,15794
13693: 15318,13944,13555,13782,14574,13551
15456: 12967,14673,14762,13773,15403,14444
14384: 13764
15533: 
13850: 13488,13804,15239,14946,13471,14852
14997: 14527
13596: 13921,14875,15376,14351
13877: 13630,15721,14297,15327
13117: 13778
15149: 13916,15126,13485,14207,13512,14883
14336: 14459,14640,14807,15153,13244,13549
14461: 14718,12890
14149: 15510,14388,14884
14381: 14844,15495,14998,13598
15605: 15488,15679,15023,15021,14056
14963: 13755
15385: 13023,15556,12863,14975
15148: 14494,14038,13372
15726: 
15412: 15720,14724,12980,15670,14350,15347
15490: 14315,14314,12983,15032,15097,15384
15640: 14064,14399,14462
13347: 13825,15482
15073: 
13960: 14413,13388
15102: 
13768: 15140,14891
15725: 13228,14716,15685,12952,14069,15562
14916: 13945,13286,13739,13044,12849
13087: 15010,13159,13461,12908,15749,13671
14515: 15701,15446
13056: 13582,14154,14018,14630
13598: 14998,14238,14381,28520,15237,15772
13874: 15789,15479,13920
13710: 15496,15027,14887,14847,15644,15808
15143: 14675,15652,14745,14327,15020,15641
13309: 13682,14347,14955,15136,15151,13569
14564: 15254,14804,15565,14734,13959,12966
14310: 13664,15400,13322,15567
14899: 13043,14440,15360,15471
15575: 13299,13021
15255: 13005,15511,15176
13588: 
14528: 13854,14198
13385: 
14788: 15457,14002,14625,14481,14914,14702
13121: 15214,13935,15723,14811,13202,13634
14229: 14211,14400,14712,13261,15183,15282
14007: 15245,14590,13979
14511: 14873,14014,15081,14923,14190
14367: 14292,13449,12960,15189,15617,14747,15212
13789: 13161,13320,13329,15128
14491: 15323
14523: 13050,12974,12902,14268,13889,14606
13118: 15045,15079,15232,15771,13158,13655
15532: 13782,13587,14574,15629,13291,14952
13428: 15629,14228,15623,13445,14507,13587
12916: 13695,12917
13640: 15156
13785: 14713,13622,13308,15484,13453
15239: 15527,14858,12950,13804,13850,14852
15088: 
15437: 14553,13268,14667,14127,14280
13170: 
13585: 13686,15695,13911,15278,15584,14567
14469: 14712,13261,14100
14593: 15240,13503,14369,14209,14302,15180
14813: 15199,12914,15521,12942,15300,12991
12873: 14016,14859,14508,13940,13030
13436: 14934,14917,15538,14008,14760
13896: 13541,13631,13848,15179,13765,14227
14445: 13269,12986,14704,13214,13731
14256: 15250
13058: 15231,14076,13455,13581,13089,14741
13866: 13184,15592,14706,15615,12984
13224: 
15529: 12818,13338,13680,15744,13292,14354
13897: 13509
13852: 
15193: 13542,15506
14278: 13150
13063: 14204
13867: 15247,13388
14736: 15285,13017,14308,13407,14578,15609
14040: 14518,14348,12872,14244,13885,14176
14234: 13735,14604,13908,13209,14471,13614
13719: 14328,13348,14524,13997,13601,14161
15388: 14422,15170,15436,13283,15620,13708
15376: 14351,14949,14284,13921,13596,12931
14721: 15603,14066,14430,13103
14019: 14740
15584: 15278,14719,13265,13585,14567,13177
15284: 14834
14140: 13268
13755: 14963
13426: 13071,15114,14420,14620,15540
13368: 13628,15329,15309,13821,15080
14647: 13176,13515
14217: 12849,15042,14653,12828,15768
13526: 14055,13991,14175,15332,14169,14273
12964: 15045,15079,13247,15447,15371,14027
14544: 
12848: 14086,15215,13955,12871,13052
14864: 13660,15277,14889
13189: 14962,14106,15364,14380
14401: 15267
13250: 14455,14107
13359: 13004,15513,15026,15538,15035
14372: 14293,14537,14949
15772: 15237,15101,28520,13598,13205,13114
12942: 14813,13034,15326,15300,14929,12991
14039: 15297,13884,14051
14577: 14990
13993: 14307,15324,14779,13033,12990
15136: 15151,13226,13649,12837,14347,13309
14379: 13485,14017,14207,13560
14331: 
13776: 14590
14286: 15160,15025,14262,12902,13704,14969
13475: 14702,15423,15447,13752,14876,13756
14688: 14829,14472,15502,15451
14212: 
15682: 13576,14533,14479,13914,15316,14770
13163: 15425,15189,13340,15144,13326,15741
14002: 12969,12903,15457,14788,14914,14885
13546: 15415,14591,15736,15543,15595
15213: 12999,13781,15190,14141,14267
15120: 13504,13904
15636: 15216,15733,13912,13382
13796: 15068,14897,13126,15018,15743,15059
14988: 14184,15167,14660
13674: 15545,13301,14852,12950,15800,15663
15524: 13252,13033,14977,13531,14779,14252
13978: 14095,13006,15298,13923
15025: 15160,13699,14286,15316,14969,14479
12961: 13395,14927,14109,13568,14475,14301
12827: 12919,15452,15634,14670,15023,13382
15509: 14994,14429,14561,14111,13162,13606
14474: 14982,12949
13407: 13665,14812,15214,14578,14736,13017
13454: 13288,14622,13027
13459: 15279,13071,15114
13062: 14334,15426,14800,14173,14406,14332
13317: 14664,14206,14024,12875,14556
13760: 13191,14575
13607: 13110,15581,14119,14500,13608,13230
13739: 14916,13286,13906,14993,12849,15042
15415: 13546,14591,13180,13443,15543
13926: 13060,14258,15461,12930,14817,13389
15716: 
15041: 28667,14067,13601,14161,15304,14960
15158: 12963,15251
14513: 14903,14866,14902
13704: 12902,14268,15523,13421,14262,14286
15268: 14991,13821,13610,15244,13391
13273: 14764,14102,14597,13973,15783,15031
13179: 13812,14025
15582: 13570,15674,14139
13166: 15568,12892,15580,13918,15416,13636
14008: 14355,13575,14760,13436,14924
14610: 14414,15734,13747,13699,14533,14479
13235: 13653,15417,13536,15572,15548,14033
13356: 14198
13821: 14991,15268,13815,13368,15309
14590: 15198,13776,14007
15128: 13329,14554,13789
13774: 14772,14889,12832,15277
13934: 13400,13439,15390,13669
13132: 13401,15785,14296
13505: 13790,13845,13424
15558: 13271,13883,14659,13435,15387,13193
13148: 15349,13007,14322,14768
15473: 14280,14127
13629: 14845,14645,13817,13187,14271
14289: 13228,15308,13068,15194,14422,15501
14374: 13099,12971
13842: 15574,14462
15160: 13889,14839,13699,14286,15025,12902
15383: 
15771: 15232,13733,13118,13655,12975,13360
13434: 15068,14897,15206,14510,14972,13844
14962: 13189
13372: 14038,15148
13972: 12898
14708: 14305,15623,13506,15137,13879,14692
15374: 13172,14200,15083,14502
14001: 12989,14598
14295: 13300,14977,14024,12875,15146,14463,13033
14620: 13557,14362,15019,13426,14420,14725
13920: 13399,15712,15266,13874
14480: 15211,14059,13152
14487: 15200,15608,14732,15065,13516,14774,13860
14943: 13204,13540
15485: 13840,15256,15812,12839
13923: 15289,13006,15590,14976,13978
15438: 14323,14072
15369: 
13798: 13918,13537,15416,13110,15581,15498
13128: 14684
12941: 13606,15811,14974,13162,12945,13907
15252: 12878,13647,12985,14138,14328,13348
15712: 15266,13399,13920
15108: 13829,15286,14880
15335: 14342,15420,14753,13556
13455: 13058,15231,12882,14741,15296,15246
14257: 13091
14415: 14685,14624,13483
13363: 
12918: 14967,15618,15203
14518: 14040,14348,14244,13144,14075,15184
13495: 14767,13872,12897,14299,12959,15306
14834: 14373,15284
14131: 13727,14249,13246,15251
12978: 13975,13311,12957,14512,15563,12988
15265: 14047,13678,13329,15430,13116
14560: 14723,13153,15627,14926
14454: 15475,13969,14668,14907,14222,14738
14785: 14946,13003,13301,14340,14626,13543
14820: 15375,15789,14496
14083: 13912,14670,13882,12919
12821: 15497,15022,13922,14824,13968,13616
12878: 15252,13021,14549,13521,14138
14941: 
13205: 12905,15190,15772,15101,12886,13114,12999
13534: 14356,14338,13642,14794,13313,13333
13300: 14295,14024,13188,14279,14463
15199: 14813,12914,15300,13862,14678,13701
13861: 
13758: 13732
14242: 
13316: 15162,12886,14062,14250,13151
14038: 13372,15148
15163: 14996
12828: 14366,15664,14217,15042,13925,15768
15402: 
13456: 14866,14902,13231,13899,14258
13204: 14943,13540,15156
15626: 15741,15342,15144,12889,15403
15466: 13824,14260,13855,14451,14133
13176: 14647,14614
13164: 14557,13381,14337
13820: 14818,12814,15692,14579,14921,14117
15277: 12832,15515,13774,14864
12999: 14062,13781,15213,15190,13205,12886
15601: 14304,14403
13540: 13204,14943
13551: 14392,13787,13555,13693,14574,15762
14581: 
13197: 14232,13800,14092,14504,15427,13167
13594: 12893
14101: 12910
13699: 14839,15160,15025,14479,14610,15734
13086: 13106,14122,15676,14615
14703: 13384,15751,13277,13064
14855: 13113,14056,13377,12901,13010
13490: 
15190: 12905,13205,13679,12999,15213
14076: 13058,15231,13172,13143,14502,13089
13541: 13072,14005,13896,13260,13631,14227
14228: 15629,13428,14443,14507,15757
12857: 14999,14872
13180: 14216,13443,13834,14202,15543,15415
13357: 15100,13620
14472: 14829,14688,15314,15662,15449,15451
15414: 12930,14817,13402,14157,15005
13111: 15500,15141
14555: 15348,14014,13611,15738,14728
13389: 13643,14258,13926,14817
14892: 15332,15806,15229,14599,14169,14259
15685: 13228,15725,15308,14069,13844,15206
13967: 15419,15123,15221,14468
13435: 15195,15688,15410,15387,13883,15558
14506: 14580,14558,14950,15630,13668
14905: 12968,14587,15429,14089
13254: 13853,13307,12924
14267: 14141,13467,13781,15213,14613
14902: 14866,13231,13456,14513,14903,13748
13200: 
13282: 14676,12896,14551,13480,13883,15688
13031: 14794,13486,13313,14125,15197,13683
14277: 14391,13741
13752: 15331,14625,15585,13756,14702,13475
14956: 15635,12991,15521,13105,14846,14635
13269: 14445,14704,15728,13731,15624,13469
13987: 13079,13245,15210
13891: 14364,13246,15223
13898: 
15743: 13126,14359,13796,15059,13653,15417
14146: 
15634: 12827,15452,15023,15679,15161,14333
14072: 15438,14323
14129: 
13076: 13312,14565,14091,15639,12862,14777
14465: 13740,12847,14566,12862,14091,13658
14068: 13263,14758,15616,13280,14913,13208
15200: 14487,15608,13184,13171,12927,13516
15454: 13160,13574,15422,13418
13973: 15783,13507,15320,15031,15758,13273
14974: 15811,15702,12941,14786,13721,13907
13451: 14058
13612: 14326,13996,14592,14182
13663: 15769,13951,14791,15736,14232
13313: 14794,13031,13683,13690,13534,13642
14938: 13637,14158,13783
14772: 13774,14889,14151
12974: 13050,14523,15123,15093,14268
15364: 14106,13189,14380,14261,14546
14499: 13373,14253,13465,15411,13666
13098: 14807,15153,13468,15730,13425,13080
14883: 14209,13512,13539,13916,14369,15149
13055: 13310,13868,14536,14848,13182,14187
15315: 13985,13408,13295
15027: 13710,15496,14981,14240,13552,14887
13107: 14782,14281,14992,13457,15069,13147
15468: 13617,15207,15522,13870,14563
13473: 15070
14307: 13993,14779,12990,13392,13976
13744: 15774,13133,12853,13024
14021: 13343,14802,14179,15645
13472: 
12903: 12969,14002,14313,14885,13963,14476
15266: 15712,14276,13920
13557: 14620,14362,15019,15706,14600
12867: 14339,13724,15493,14211,13261
14829: 14472,14688,15314,14385,15502
14931: 14300
13039: 13195
13802: 13069,12861,13648,14196,15580,14283
15435: 14046,13369,15011,14189,14195
13437: 15305,15363,13854,13439
13244: 13267,13549,14959,14459,14336,13380
14566: 13740,14465,14715,13530,15110,13658
13477: 
12890: 14461
15351: 15797,15535,13595,13500,13049,15340
15498: 14254,14433,13798,13537,13110,13626
14057: 14904,13681,13535
15355: 13394,13393,14361
13523: 14908,15028
14520: 15795,15614,14137,13858
12938: 13323,14419,15507,14957,14077
13754: 
13422: 13718,13849
15631: 14197,13075,14184,14020
13487: 14642,14344,13828,14456,13945,13286
13631: 13452,13848,13154,14005,13541,13896
15086: 
13400: 14013,13934,14573,13237
13482: 15260,15660,13829
15055: 13165,15358,14313,14633,13970,14370
14747: 14709,15212,14292,14367,14397,14677
13905: 14894,13759,15807,12972,13770,13054
14049: 15258,13285,14530,15765,13524,13709
15545: 13301,13674,14340,15663,15013,15182
13059: 15395,15555,13256,13903,12926,12868
15787: 15518,13077,15723,13508,14655,14812
15396: 15044,14150,13863,15547,15431,15647
13522: 13152
13548: 14801,14357,14842,15717,15069,13737
15625: 14383,12860
13773: 15225,15403,15456,14757,14444
13065: 13518,13696,14724,14350,14023,15072
13131: 14112,14031,14045,13786,13315,13216
15494: 13550,15179,15273,15547,15082,13735,13209
15258: 14283,13355,13293,13285,14049,15765
14222: 14796,14407,12837,14738,13969,14454
13844: 14972,14069,13042,13434,15206,15685
14283: 15258,13293,13285,12861,13648,13802
14080: 13586,14081,13660
14189: 12872,14195,15435,13146,15011
13383: 14826,13529,13367,15299,13873,12981
14047: 13678,15265,15074,13264,14554
13619: 14148,13340,14055,14175,15397
13745: 13330,14180,15054,14088,12879
15497: 12821,15022,14052,14691,13000,13968
13215: 13296,14783,13425,14847,15655,13080
14980: 15202,15331,15585,15519,14251,13149
14945: 15030
15526: 12933
15796: 
15488: 13010,15679,13520,15605,14056,15767
14235: 14467,14489,13298,13378,15294,15293
13283: 13022,15501,14163,14422,15388,15620
13518: 14509,13696,15633,13046,13065,14724
14458: 15731
13908: 14234,13735,13274,15082,14571,13614
12822: 15619,13806
15004: 14218,12992,15434,14944
15602: 14297,15334,15327,15208,12861,14196
15646: 
14245: 15117
15003: 14438,13149,15585,13756,14110,13954
12898: 13972,15737,13327
14346: 15330,14248,14274,13662
13168: 15715,15201,13018,15131
14264: 15709,15365,15805,13232
13083: 15222
15780: 15756,13827
14694: 12834,14063,15709,13678,15430,14861
14034: 15442
12950: 15527,15239,13233,13674,14852,15800
15764: 15790,14239,15528,14084,15392,14726
12843: 14649,14632,14700,13826,15542,15671
15006: 13045,13048
15336: 13702,15638,14309,15062
14412: 
14337: 14541,13164
14689: 13661,15732,15800,15663,14836,14898
15058: 15384,14749,14888,13379
12953: 15637,12870,13662
14719: 15345,15278,15584,14744,13946,13265
15365: 14264,14748,12968,15781
15619: 12822,15393,13864
14846: 13105,14932,14956,14635,14420
13515: 14460,14647
13310: 13055,14536,14848,13481,13174,14939
14984: 
14416: 28658,13466,15520,13124,15238,13723
14749: 15097,15384,15058,13155,14241
15297: 14039,14656,13884,14353
15307: 15405,14210,14765
14840: 13682,14347,14407,15204,15652,14745
13733: 13963,15232,15771,13872,12975,15306
15553: 14162,15377,14765,13335
13625: 15717,13147,14410,14850,13262,14781
12910: 14101
14755: 12893
12915: 15346
14541: 14337,14815
13275: 14325,15317,13675,12921
15223: 13091,13891,14364
14740: 12923,14019,14880
15727: 13090,13910,13414,13075,14020
13416: 14757,15338,15792,12957,13839
15198: 14590
14757: 14444,13067,13416,13773,15225,15338
15305: 13610,13437,13854,15390
14718: 14461,15667
15800: 14689,15663,12950,14898,13233,13674
14249: 14224,14098,14364,14131
15095: 14780,14937,14865
13969: 15475,14454,14796,14222,15561,28665,13412
14533: 13576,15682,14219,14479,14610,13747
14700: 14649,12843,15542,13558,15746,14979
13390: 12842
13763: 15674,13354
15146: 12875,14519,14295,14977,13252
13227: 12835,13626,14433,14836,15775,13043
12816: 15643,13145,15270,13715,15236,13673
13066: 15371,14027,15750,15031,13909,14102
15813: 14994,14948,14561,15392,15740,13645
14388: 15589,14149
14330: 
13687: 
15706: 15224,14635,13213,13557,15019,14600
13106: 13086
14300: 14931
13778: 13117
14723: 14560,13153,15779,15172,13306
14756: 13623,15607,13809,13832
14191: 15704,14147,14995,13263
14059: 13320,13152,13330,14480,15211
15610: 12909,15763,14784
13812: 13179
15323: 13277,14815,14491
13600: 13712,15710,12876,15476
14099: 13790,13038,14128,14285
14380: 15319,13189,15364,14261
15224: 15706,14635,12914,15521,13213,13949
14221: 13591,12864,15397,13012,14175
12901: 13988,13563,14855,13113,14056
13259: 
15264: 
15697: 15151,15409,13569,14792,15425,12960
13190: 13892
14572: 13740,12847,14828,13767,12922,15713
13492: 14254,13233,15257,14402,13537,15527
14009: 13751,15548,14971,14893,14953,12979
14698: 14626,14045,13543,13786
14111: 13793,14731,13423,15509,14429,13606
15749: 12908,15115,13533,15010,13087
13293: 14283,13355,15258,14857,14376,13648
15641: 13292,13856,14662,14675,15143,14327
14446: 14930,12885,14343,13391,15329,15309
12970: 14863
13221: 14961,13510,13165,14370,14767,12897
14206: 14664,13317,14062,14250,14556
14165: 14160,13008,13777,13243,12934
13566: 15571,14135,13036,14178
15195: 15688,13435,15410,12993,13182,13432
15762: 13291,13248,13281,14574,13551,14392
15330: 14346,13878,13662
13825: 14048,13489,13347,15482
14825: 14091,13658,15639,14958
14303: 14035,13632
14922: 
14485: 
15156: 13640,13204
15537: 13493,14881,14128,14285,13766
13320: 13161,13789,14059,13152
13226: 12877,13649,15076,15136,15151,15409
13601: 14161,13719,14524,28667,15041
13956: 13026,13100,14769,13077
15077: 15047,13236,13525
13818: 13321,15247,14006,13095
13836: 
15176: 15511,15255,14682
14676: 13282,12896,13942,14643,14790,13480
14195: 14189,12872,15435,13369,15560,13885
15617: 15741,15342,15189,14367,15212
15348: 14873,14555,13611,14326,14728
15059: 13350,14486,13796,14897,15743,13653
13188: 14024,14613,13511,15104,14279,13300
13417: 
15183: 15578,15282,14229,14712
13761: 13669,13857,15244,14343
14274: 14248,12990,14435,14346
14853: 14884,15589
15465: 12880,13604,14732,15065,14120,14761
15623: 14305,14708,15137,13445,13587,13428
14794: 13031,13486,13313,14275,13534,13333
13471: 14946,13003,13488,13850
15483: 14953,12979,14400,14609,13130
12960: 15425,15189,15697,13569,14367,13449
13080: 15655,13194,13425,14807,13098,13215
14646: 15541,15328,13913
14015: 13155
14613: 14024,13188,14267,14664
13402: 15414,12930,13322,14722,15567
14411: 15785
13718: 13422,13849
14630: 14018,13056
13656: 13750,13381,15729,13808
14292: 15116,14367,13449,14955,14747,13092,14397
13654: 13741,15422
15644: 15341,15469,15808,13710,14847,14783
14142: 15241,14901,14983,14914,15358,14885
14527: 15248,15117,14997,13011
15011: 13146,13525,14046,15435,14189
14774: 15285,13516,14487,15065,13860,13686,15695
14136: 
13726: 13251
15684: 
13314: 13240,15288,14919,15234,13318,14345
15233: 15802,15197,14764,14597,13486,13685
13846: 14183
12837: 14222,14407,14738,13649,15136,14347
13022: 13283,15501,14971,14893,14163,14194
13199: 13927
15455: 13349,12856,12958
14743: 13044,14895,14653,13553
13602: 13646,15054,14088,12982,14861,14488
14787: 15614,14954,14137,13668,14558,14534
13397: 14457,14862,14488,13646,14580,15776
13113: 14855,13377,12901,13351
12998: 14105,14844
13931: 
13351: 13113
13854: 14528,14198,15363,15305,13437
12969: 12903,15457,14002,13963,15232,13158
28652: 
15433: 13175
14874: 12834,14063,15659,14517,14493,14457
12928: 14621,15063,15607,13339,13822,14408
14398: 15318,13555,13981,15177,13722,13624
14268: 12902,13704,14843,12974,14523
14734: 15326,13959,13484,15254,14564,15766
13589: 14003,14857,15249,14542,13081,15464
15789: 13874,15479,14820
13007: 15280,13148
12984: 12922,13753,13234,15615,13866
14253: 13308,15484,14356,13642,14499,13465
15550: 
15489: 15708,13053
13219: 13192,13095
14623: 13016,15373,15411,15761,13666
14517: 14636,15659,15103,14874,14063,13232
15045: 12964,13118,15079,13247,13218,13655
13618: 12995,13560,14530,14687
13470: 15428,15664,14888,13379,13057
12897: 13495,14767,13872,14476,13165,13221
12831: 12868,13457,13374,15238,13124,14782
13285: 14283,15258,14049,13709,15208,12861
13837: 13702,13705,14362,13714,13869
15552: 15673,12865
13705: 13702,13837,15638,13869,13405,15370
14538: 
14352: 15271,13578,13433,13019
15806: 15332,14892,15229,13857,13237,13404,14733
14399: 14462,15640,13037
13202: 15001,15142,13634,13121,13935,13942
13591: 12864,14221,14752,13012,15175,15076
14839: 13889,15160,13699,14078,15734,14795
14552: 13488,13804,15598,15721
13154: 13139,13631,15366,13452,15015,14005
14233: 
15164: 12935
14318: 14996
14261: 15753,15364,14380,15319,13027
14565: 13076,13312,12844,14729,14777,14869
15319: 14380,14261,15453,13027
15770: 13650,13801,13035,15503,14644,15372
14530: 12995,13618,13524,14687,13709,14049
14371: 15275,14737,13822,13395,13568
13664: 14310,15400,13258,14105
14168: 13554,13211,15357,13843,14808,14489
14760: 14008,13575,14934,13436,13684
15361: 14508,14763,15748,13572
14850: 13625,13147,14281,14827,13503,14781
14494: 15148
15656: 14477,14505
14832: 15135,13445,13688,13338,13680,14305
14761: 13115,14120,12880,15465,15747,15220
14639: 14000
15110: 13530,13703,13871,12921,14715,14566
14435: 14016,14859,12850,14274
15475: 13969,14668,14454,13868,14536,28665
15034: 14103,13538,13723,13831,15491,13902
13409: 13430
13713: 14208
14762: 14928,14845,14673,15456,14444
15493: 14100,13424,14118,12867,13724,13261
15234: 13318,14010,13314,14919,15053,13697
15481: 13937
13749: 15459,14162
13027: 13454,13288,15319,14261,15753
13970: 14406,14332,14370,15588,15055,14633
13011: 14527
13819: 15111
15342: 15626,15617,15225,15212,13975,13311
13443: 14776,13834,13180,14395,15415
14115: 14816,14535,15633,15044,14987,13953
13725: 13201
15325: 13694,15480,12925,14526,13371,14814
15334: 15602,15327,15208,14114
15166: 15519,14078,14606,14985,14585,14251
14551: 12866,13974,12993,13282,12896,15688
14216: 13614,15591,13180,14604,13834,14202
15692: 13810,15209,13820,12814,14579
15109: 14470,13500,14319,13757,12841,14692
14819: 13695,13159,13671,15400
14360: 
13613: 14231,13695,14973,13899
15270: 12948,14450,15372,15643,12816,13673
14026: 14797,14022,15597,14930,13807,14109
15286: 14880,15108
15056: 14875
15404: 14728,15121
14162: 15553,14032,13749
15500: 13111,12894
12959: 14299,15752,13495,14767,28559,15118
15426: 13062,14334,13729,12945,14173,13907
13902: 13485,14017,13538,15034,13831,15126
13682: 14347,14840,13309,14955,15116,14745
13694: 12975,15399,13360,15325,15480,14526
13572: 15718,15759,15361
14293: 14372,14949,14284,15560
14505: 15656,12833
13336: 15293,14543,13186,14390
14209: 14545,13539,14883,14369,14593,14302
13947: 15185,14904
12869: 15253,13019,12817,14037,12891
14321: 13410
14377: 14920,13958,14609,14971,14163,12979
14547: 13936,15039,15773,14683,15653
14114: 14687,13709,15208,15334
15249: 14302,14542,15180,15024,13081,13589
14596: 15802,15197,14134,15105,15339,14125
14504: 13197,15486,13270,15427,14642,13167
15594: 13401,13067,15441,13839
15228: 14158,13783,15504,13267,14959,13266
12992: 14218,14155,15004,15419,15093
12940: 15343,15091,14219,15783,15320
13521: 12825,14748,14549,12878,15805,14138
15422: 14525,13574,15454,13654
14644: 15643,13736,15654,15503,15770,15372
13824: 14260,14854,15466,14304,13183
13024: 13744,15774
15677: 14255,14220,15152,15748
13869: 13405,14725,14362,13705,13837
15591: 13614,14216,13025,14571,15060,13834
15773: 13474,13936,14547
15599: 14451,13284,13579,15564,14948
15133: 15642,14521,15401,13887,15753,14546
13239: 
14830: 15418,14130,15513,15035
15271: 14352,14135,15192,13433
15222: 13083,14298
13321: 14312,13818,14028,14711
14392: 13551,13787,15060,15762,13281,14776
15226: 13210,15144,14424,12967,12889
13662: 14618,14346,15330,12953
14770: 15316,14312,14006,15682,13914
15765: 14545,13539,13524,13355,15258,14049
14894: 13905,13759,15807,15778,13770,15235,14404
13835: 
14668: 15475,14454,14939,15084,14907,14536
14224: 14249,15672,14364
28658: 13466,15520,14416,13941
14953: 12979,15483,14400,14009,13751,14211
14578: 15214,13935,13407,14736,14643,15609
15032: 12983,14126,15490,15384,14888
14896: 12994,13185,13919,13643,13679
13167: 14642,13197,13800,14504,13945
14484: 
15185: 13827,13947
14054: 13404,14838,14752,13012,14733
14837: 13203
15504: 13194,14959,14265,13266,15228
13918: 13798,13537,15416,13636,13166,14402
13486: 14794,13031,15233,15197,14275,13685
14500: 14452,13415,13072,15581,13607,13608
13127: 14912,13946,13265,14659,14124,15057
14525: 15422
14219: 13576,14533,13747,12940,15091,15320
15040: 15367,14611
14284: 15376,14949,14293,12931,13554,13211
13194: 15655,15504,13080,14807,13549,14959
15478: 12965
15114: 13426,13071,13459,13411,15540
12904: 13827,14075,15756,13146,14244
13468: 15153,13098,14010,15053,14906,15730
15119: 13023,15087,13303,14637,14375
14713: 13073,13785,13102,15408,13622
14569: 15657,13331,14797,15597,13420,12877
14852: 13301,13674,13850,15239,12950,14946
14385: 15502,13494,15314,14829
14442: 15218,12842
12914: 15199,14813,15521,13701,15224,13949
14744: 15345,15278,14719,14308,14790,15609
14680: 15218
13388: 13960,13867
13296: 13215,14783,15445,15655,13707,14265
15443: 15007
14763: 14116,15748,13511,15361
13123: 15525,13992,15204,15744,14796,13894,13412
13478: 13691
14711: 14879,13321
14130: 15418,14830,13377,15513
14707: 14924
14419: 13323,12938,14079,13783,13637
14074: 14187,13432,13442,15693,14550,12911
14634: 
15048: 
13494: 15098,14618,15314,14385
14443: 15629,14228,13290,14952,15207
14895: 13044,14743,13800,14092,15174
13797: 14085
13169: 14824,13968,12966,13862,14678,15312
14934: 14917,13436,13779,13334,13717,14760,13684
14314: 13289,14315,15490,15009,15432,12983
13324: 14827,13916,15126,14281,14992,13831
14818: 13820,14061,12814,12986,14798,14117
12846: 
13892: 13190,15742,14537
14660: 15549,14020,14988,14184
14139: 15582
14060: 
14870: 14482,15786
13072: 14005,13541,13260,13415,14500,13608
14821: 15536,14631
13419: 
15023: 15021,13382,12827,15634,15679,15605
15313: 14979,12972,13730,14478,15170,13770,13708
15014: 
13135: 15661
14816: 13673,14115,14535,14349,15236,14987
13587: 13782,15532,15623,15137,15629,13428
14177: 
14748: 14144,13521,15805,15365
15511: 15176,13590,15255
14531: 13860,12880,15747,15695,13911,14226
13009: 15047
13632: 14035,14303
13484: 13571,13319,13491,15254,15766,14734
12830: 15715
15260: 15660,13482,13253
13249: 15566,13446,14042
14141: 14267,13467,13185,15213
14887: 15730,13425,14847,14240,13710,15027
13932: 14908,14230,15028
15042: 14217,12849,13739,14993,13743,12828
14102: 14764,13273,13104,15031,15750,13066
14656: 15297
12824: 13573,14174
15328: 13913,14628,13143,14396,14646
13961: 14192,14696
13633: 13558,13240,15288,14691,14145,15022
15094: 13245
13146: 13525,15011,14189,14244,12904
13225: 14436,15159,14942,13996,14592,14041
14370: 13970,14332,13165,15055,13510,13221
12847: 13740,14465,14828,12862,14572,14641
14227: 13765,13270,13541,13896,13260,14344
12997: 
13344: 15175,13420,14838,14752,14797,14022
14383: 15625,13904,14127
13981: 15318,14398,13479,15613,13498,15177
13630: 13877,15598,15721,14297,12962,15809
13211: 12931,13554,14168,14284,15357
15029: 12817,15718,13940,15353,15472
14884: 14853,15589,14149
13075: 14197,15631,14731,13090,15727
13734: 14447,13875,13643,12994,15157
15790: 15588,14239,15764,14726,15241,14633
13766: 14285,15572,14359,13493,15537,15417
13440: 
14004: 13358,15279,13016,14501,13105,14932
13571: 13484,13319,15696,15134,15254,15008
13187: 15474,14361,13817,13629,14271
13415: 14452,13278,14500,15015,13072,14005
14116: 14043,14763,15748,13185,12912,13467
15767: 13514,15064,14947,13010,15488,13520
13885: 15357,15560,13843,12872,14195,14040,14176
14033: 14339,13235,15683,15572,13751,15548
14710: 
14244: 12872,13146,14075,12904,14518,14040
14781: 15240,13262,13503,13625,14850,13001
15155: 14473,13635,14576,14522
13578: 15192,12887,14352,13019
13992: 13123,15525,15744,13894,13412,13013,12818
14667: 14553,15437,13268
14592: 14182,14041,13612,13996,13225
13817: 15541,13187,15474,15505,13629
15766: 13034,13772,13484,13491,15326,14734
15076: 15175,13420,13591,12877,13226,15409
13210: 15226,13326,15296,13365,14424,14148
14492: 14358,14775
15288: 13633,13240,13314,15022,13922,14345
14568: 15202,15331,14625,13002,14481,13677
14025: 12996,13179,14665
14464: 13799
15637: 12953,15574,12870
14023: 14269,13136,14350,13065,15072,15788
13133: 12853,13744
14791: 14202,15543,13951,13895,15736,13663
12913: 13120
14879: 14711,15460,14514,14097,14028
15503: 15654,15096,14226,13650,15770,14644
13512: 13539,13524,14883,14207,15149,12995
15774: 13744,13024,14631
13986: 
15049: 15184,15217,13144
15467: 
14662: 13856,15641,14327,14225,15557
14466: 15690,15612
15664: 12828,14366,13925,13470,13057
14164: 12962,15257,15809,14402,13069,13636
14051: 14039
14437: 15516,14204
13652: 14326,13996,13984,14873,14942,14529
13944: 15318,13693,13498,15137,13879,13782
12868: 12831,13374,15238,13059,13256,13903
13203: 14837
15638: 13705,15336,15370,13859
14865: 14937,15095
13067: 14757,14444,13544,13401,15594
14847: 14887,13425,13710,15644,13215,14783
13360: 12975,13694,15399,15771,15760,13655
12882: 15541,15231,13455,15246,15505
14618: 13662,15314,15098,13494
13990: 15505,14424,15246,14673
14498: 14439,14944,15349
14686: 
14150: 15044,14987,15396,12906,12951,15647
12894: 14455,15500,14107
14281: 14992,13107,13147,14850,13324,14827
13354: 13763,15674,13641
14396: 13143,14502,13097,15328,14628
15321: 
13094: 13157,13078,14185,13680,14354,13856,15135
13413: 
14746: 
13535: 13681,14057
14728: 15404,15348,14555,13611
15629: 13428,14228,14443,13587,15532,14952
15066: 14696,14294,13156,15302
13042: 14972,14069,13844,14334,14800,15243
13175: 13173,15433
13998: 
15220: 15096,13115,14761,15747,14357,14842
15650: 14629,13651
15394: 15444,12879,12874,13784,13272
15096: 15654,15503,14226,15220,15747,14842
15036: 14236,13917,14154,15487,14018
15413: 13074,14869,13941,12844
13862: 13169,12966,14678,13959,15300,15199
15069: 15717,13147,13457,14801,13548,13107
28622: 14288,14482,13692,15786,13791
15486: 13765,14588,13270,13952,15427,14504
13826: 12946,15118,15752,15671,14632,12843
14163: 13022,13283,14971,15620,14377,13958
13126: 15018,14359,15743,13980,14073,13796
13637: 14938,14419,15310
13307: 14058,13254
13255: 14823,13882
15391: 14617
13017: 14736,15285,13516,13665,12927,13407
13345: 15172
14867: 13462,13047,13246
13057: 13732,13470,15664,15050,13379
14258: 13060,13926,13231,13456,13389,13875
13004: 15513,13359,13377,13010,15064
15728: 13579,15564,13731,14316,13269,13469
15248: 14527,15534,13805
15407: 15274,13950
15424: 15681,14448
14213: 15012,15446,13129,13692,15154
13939: 14558,15776,15444,12874,14954
12921: 13675,14715,14325,13275,15110,13871
15337: 14594,13026
14460: 13515
15717: 13625,15069,13147,13737,14410,13548
15491: 14782,14992,13831,13124,13723,15034
13507: 13973,15320,15758,14414,13747,13954
14495: 15418
15431: 13452,13848,15647,15396,15547,13550
14053: 14512,14677,15081,15287,14014
13510: 15243,14961,13221,14332,14370,14800
15693: 15561,14550,14074,12911,15129,15259
13570: 15582
14715: 13675,12921,14958,15110,13658,14566
15741: 15626,15617,15144,13163,15189
13177: 14124,13528,15584,13265,13035,14567
14512: 14677,14053,14709,12978,15287,15563
15571: 13566,14405,13957
12832: 15277,14320,13774
13537: 13918,13798,14402,14254,15498,13492
12835: 13227,13626,14119,15680,14409,15775
14457: 13397,14862,14488,12834,14874,14493
14930: 14446,12885,15329,13807,14026,14022
15235: 15620,13770,13708,13958,14404,14894
13635: 14473,15155,14522,15622
28659: 15078,14306,13520,15161,15600,14947
13406: 
13964: 14995,14802,15573
13366: 13479,13605,14269,15788,12955,15177
13737: 15717,14410,13548,14842,15654,13736
15135: 13445,14832,14507,13680,13094,14185
15681: 15424,15037,14448,13712
15147: 13720,13453,14878,13073
13068: 14289,13228,14716,14940,14422,15436
15585: 15331,14980,13752,15003,13149,13756
15719: 13142,14366,15492
13709: 14687,15208,14114,14530,13285,14049
14716: 13228,15725,13068,15562,12946,14940
13268: 15437,14667,14127,14140
13678: 14047,15265,15709,13264,14694,15430
15280: 13007,14322
14797: 14026,14022,15597,13420,13344,14569
13966: 13392,13051,13156,12944
15539: 15722
14090: 13955,12871,14395,13281,14776
14455: 13250,12894,14107
12986: 14445,14704,14798,13214,14607,14818,14061
13084: 
14086: 15215,12848,15551,13020,12884
13019: 15253,14352,13578,12869
13810: 15209,15692,13396,14985,14585,14579
13032: 15593,14714,15606
15247: 13867,14413,13818
14210: 15405,14679,15307
13195: 13039
13138: 15230
14901: 14726,15241,14142,14619,14983,13178
13101: 14439,14944,13698,14607,14061,12814
15295: 14706,14584,15615,14594,13026
12930: 15414,14817,13402,13322,15461,13926
14297: 15602,15327,14196,13630,13877,15809
14408: 13822,13082,15080,13339,12928
15035: 14830,15513,13359
13697: 13054,15053,14919,12972,13730,15234
14382: 14290,14570,15043
13103: 14430,13234,14721,13530,13703,15713
15353: 14037,14151,15029,15440
13012: 14273,14733,14054,14752,13591,14221
14251: 14585,14559,15519,15166,15202,14980
15350: 15804,14616,15302
13305: 15061
13543: 14698,14626,14785,13003
13340: 13619,15397,13326,14792,15425,13163
14652: 14000,15106
13051: 13392,13966,13156,14252
13445: 15135,14832,14507,14305,15623,13428
13901: 
15612: 14466,12826
15718: 13572,13940,15759,15029
13140: 
15520: 28658,14416,14103,13723
14671: 15293,14543
14936: 13429
13218: 15760,14431,13655,15045,13247,13890
15620: 15235,13708,15388,13283,14163,13958
15398: 15072,15788,13460,12955,14152,14044
14871: 14032,12826,14276
14329: 
15593: 14714,13032,14323
13332: 14178,15152,15559,15157
13469: 14084,15740,13269,15728,15564,15624
14424: 13990,15296,15246,13210,15226,12967
14056: 14855,13988,12901,13010,15488,15605
14769: 13809,13100,13832,13956
15667: 13431,14718
13410: 14321,15122
14649: 14478,14632,12843,14700,14979
14886: 13036,15559,14903,13748,14447
14758: 14068,13263,14802,13208
14340: 15545,13301,14785,14626,15013,13198
13580: 
15540: 13426,15114,14725
13679: 12905,15005,15190,14896,13919
12899: 13418,13915,15658
14691: 13000,13371,14145,15497,15022,13633
13701: 13137,14727,14678,15199,12914,13949
15384: 15097,15058,14749,15032,15490
13556: 15112,15810,14753,15335,15420,14717
12963: 15158,14669
13843: 15357,13885,14168,14808,14176
15444: 15394,12879,13646,15054,15776,13939
13411: 15114
14519: 12875,15146,14556,13489,15745
15072: 15398,15788,13460,14023,13696,13065
13621: 15273,13953,13863,15651,13046,12943
13816: 13597
13827: 14075,15185,12904,15756,15780
15290: 
14690: 
14243: 13367,15299,15794,14920,14404,15778
13481: 15275,15596,13174,13974,13310,14848
14031: 13131,14112,13315,14375,15087
14996: 14318,15163
13353: 
13178: 14983,13677,14730,14619,14650,14901
12875: 14519,15146,13317,14024,14295
15329: 13628,13368,15309,14930,14446,13807
15256: 15485,14684
14032: 14871,14162,15377
15085: 13430,14674
13791: 15169,28622,14288,15786
13395: 14927,12961,13822,13082,14371,13568
14672: 13214,15649,14607,14159,14439
13563: 12901
12858: 14167,13499,13130,15578,15282,15477
13965: 
14183: 13846
13747: 14414,14610,14533,14219,13507,15320
15542: 14145,14814,15671,12843,14700,13558
12912: 15157,12994,13185,14043,14116
15352: 14950,13668,15616,14806,14913
14645: 14845,13629,14271,14928,15763
14726: 15241,14901,14619,15528,15790,15764
14012: 12933,13880
13198: 13689,15013,14340,14626,14045,13216
13444: 14463,13030,14859,15324
15611: 15579,15000
28667: 14067,14493,15041,15659,14524,13601
13396: 13810,15209,14155,13050,14985
14199: 13565
13245: 15094,13987,15210
14537: 15742,13892,14372
14714: 15593,13032
13079: 13987,13150
15445: 13296,14783,15341,13762,13707
15781: 12968,14587,15074,13264,15365
13575: 14355,14008,14760,13325,13684,14368
13291: 15762,13248,15532,14574,14952
13887: 15133,15642,14521,13997,14161,13738
13538: 14103,15034,14017,13902
15317: 14325,13275,15586,14751
14557: 13164,15405
14857: 14003,13589,14376,14542,13355,13293
14514: 14262,14097,14879,14028,14969
14006: 13095,14312,13818,14770,13914
13231: 14902,13456,14258,13748,13875
14991: 13821,15268,13448,13610
15192: 13578,14135,15801,15271
14125: 13031,15197,14596,13683,15339
15196: 
14471: 14234,14604,13209,14588,13952,13895
14011: 13287
14778: 15030,12853
15065: 14487,15608,14732,14774,13860,12880,15465
15399: 13694,13360,15760,12829,14526,14882
13460: 15398,15072,13696,15651,14044,12943
14395: 13955,14090,13443,14591,14394
14196: 13069,12861,13802,14297,15602,15809
13925: 15428,15471,13743,12828,15664
15700: 
13985: 15315,15477
13125: 14387,13780,14780
14702: 13475,15423,14625,13752,15457,14788
14614: 13176,13501
15267: 14401
14285: 15683,13766,15572,15537,14099
13565: 14199
14194: 13350,15194,13536,13022,15501,14893
15736: 13546,14791,15543,13663,14624,15595
15508: 
12954: 
13449: 14292,14367,13569,12960,15189,14955
15687: 
14215: 13659
13014: 
14122: 13086
15600: 15161,14333,14306,28659
14296: 15763,13544,14784,13401,13132
13038: 14099,14128,13028,13845
13738: 14161,14521,13887,14147,14822,15304
13519: 15292
14842: 13548,14357,15654,15096,15220,13737
15551: 13290,14952,13248,14086,15215
14595: 
15469: 15341,15644,15808,14201,14389,15062
13479: 15340,13605,13366,15613,12841,15177,13981
14231: 13613
15459: 13749,15092
14928: 14762,13544,14845,14645,15763
13159: 13087,13461,12917,13671,14819
14841: 15191
15043: 14570,13446,14382
13499: 14167,12858,13408,13873,15477
14806: 15616,14822,15304,14960,14950,15352
14433: 14898,14254,15498,13227,13626,14836
15707: 
15170: 15388,15436,14478,14979,15313,13708
28589: 15016,14695,12931,13554,13378
15118: 13826,15562,12946,28559,15752,12959
15231: 13058,14076,13455,13143,12882
14948: 14994,15813,15564,15599,13284,15740
15618: 12918,13212
13527: 15496,14627,12851,15583,15808,14201
13295: 13408,12981,15315,15507,14077
13623: 15607,14756,14699,13339
14062: 12999,13781,13316,12886,14250,14206
13769: 15450
14725: 13869,14620,14362,15540
14616: 15804,15350,14629,15777
14522: 15155,13635
14959: 13244,13267,13549,13194,15504,15228
15377: 15553,13335,14608,14032
13191: 13760
15554: 14391,14964
13380: 14826,13529,14459,13244,13323,14079
14175: 14055,13526,14273,14221,15397,13619
15052: 
12817: 15029,15759,12869,14037
13581: 14169,13089,13058,13991,14741
13050: 14985,12974,14523,13396,14606
13857: 13669,13761,13237,15806,13404
15709: 14264,13264,13678,14063,14694,13232
14807: 15153,13098,14336,13194,13080,13549
15208: 13709,14114,13285,15334,15602,12861
13868: 13055,14536,15475,14187,28665,14550
13569: 15151,15697,12960,13309,14955,13449
14503: 15450
15205: 13583,13851,14999
15527: 15239,14858,12950,15257,13233,13492
13099: 12971,13839,15792,15145,14374
14013: 13400,14573
14817: 15414,12930,13926,13389,15005,13919
14218: 14155,15004,12992,13698,14944,15209
13237: 13857,13400,14573,15806,15229
15428: 13925,15471,13470,14126,14888
15366: 13452,15647,12951,13139,13977,13154
13342: 
14843: 13362,14468,15523,15123,14268
15523: 14843,13362,15298,15289,13421,13704
15236: 13715,14349,14968,12816,14816,13673
15214: 13121,13935,14578,15723,14812,13407
15744: 13123,15525,13992,14675,15529,12818,13292
15241: 14726,14142,14901,15790,15358,14633
14095: 13978,13006
14918: 13325,13684,13717
15037: 14265,13266,14448,15681
15386: 14699,15080,13815
14232: 13197,14092,13951,13663,15769
14287: 13620,15375
13677: 14481,14983,13178,14730,13002,14568
15742: 14537,13892,13041
15333: 
14394: 14562,15698,13955,14395
13447: 
13554: 12931,13211,14168,14284,28589,14489
13233: 14898,14254,13492,15527,12950,15800
13464: 
13655: 15760,13218,15045,13118,15771,13360
13029: 13497,15502
13624: 14933,13025,13722,13555,14398,13787
15169: 13791,15786
15210: 13987,13245
14573: 12920,14013,13400,13237,15229
15705: 
15740: 14084,15392,13469,15564,14948,15813
15615: 15295,14706,14430,13234,12984,13866
12917: 14926,13159,13461,12916
13542: 15193
13530: 15110,13703,13103,13740,14566,15713
14107: 14455,13250,12894
15652: 14675,15143,14745,14840,15525,15204
15661: 13135,14617,13711
14118: 15493,13424,13790,13724
15314: 14618,13494,14385,14829,14472
15528: 15624,14619,15173,14084,14726,15764
13604: 13217,15165,14732,13893,14120,15465
13767: 12922,13753,14828,14572,14363,13638
13653: 13235,15417,13536,15743,15059,13350
13208: 14179,14068,14758,13280
14804: 15254,14564,15008,14651,13328,15565
13561: 12934,13547,13777,14717,15242
14574: 13782,15532,13693,13551,15762,13291
14402: 15257,14164,13918,13537,13636,13492
15763: 14296,14645,15610,14928,13544
13427: 14158,14448
14269: 13136,14123,14023,13605,13366,15788
15805: 14138,14748,13521,14264,15103
13403: 13251
15567: 15495,14722,14310,13402
15701: 14515,15107
14643: 14790,15609,13935,14578,14676,13942
15587: 14291,14154,15549,13582
13683: 13700,13031,13313,14125,13690
14077: 15507,13529,13295,12981,13323,12938
15778: 14894,13759,14404,14243,13367,14583
28665: 15561,13412,14550,13868,15475,13969
13196: 15287,15563,12988,15738,14999
13735: 14234,13908,13209,15082,15494
13348: 13719,14328,15252,13647,15406,13997
14935: 14311
14775: 14684,14492
13387: 13943
14635: 15224,15706,14956,15521,14846,15019
14648: 
15216: 15636,15733
15675: 
14732: 14487,15608,15065,13217,13604,15465
15429: 12968,14905,14089,14144
15046: 14900
12865: 15130,15552,15673
14753: 14849,13095,15335,13556
14982: 14474
13182: 13055,14848,12993,15195,14187,13432
14456: 13230,13828,13487,13906,14409,13286
14759: 15301
13271: 13480,13883,15558,14659,15345,13946
13334: 13717,14540,13779,14188,15078,14934
14771: 13746
12920: 14573,15782,13364,13792
14599: 15782,14766,14892,15229,14259
12825: 14144,13864,13521,15393,14549,15686
13060: 13899,14258,13926,15461,14973
12892: 12900,15568,13166,14452,13278,15416
14345: 13318,13552,13922,13314,15288,15569
14316: 13579,15728,13731,13183,14143
12906: 12973,14605,12951,14349,14987,14150
14263: 14496,15711,14810,15703
14767: 13495,12897,14961,13221,28559,12959
14729: 12855,14777,14565,14869,12926,15555
13568: 13174,14475,13395,12961,15275,14371
14739: 15275,15596,14737,15001,15142,12866
14174: 12824
14570: 15043,14290,13775,13446,14382
15294: 13298,13641,14235,15293
14279: 15104,14508,13188,13300,14463,13030
15093: 15419,15123,14155,12992,12974
12907: 15689,15217,15678
12833: 14505
14738: 14222,12837,14907,13331,13649,14454
15547: 15273,13863,15396,15431,13550,15494
13636: 13918,13069,15580,13166,14164,14402
14849: 14753,13576,13914,15810,15091
13700: 13683,15339,13622,14989,13690
14366: 12828,15664,15719,15768
12975: 13694,13360,15480,13733,15771,15306
13287: 14011
13498: 13757,15613,13879,15318,13944,13981
13875: 13734,14447,14258,13231
15799: 15188,13764
13152: 13522,13320,14059,14480
15784: 
15060: 14392,13787,13025,15591,14776,13834
14353: 13884,15354,15297
13394: 14674,15576,15355
14670: 13912,14083,13382,12919,12827
12860: 14050,15625,14417,14132
14695: 15016,28589,13378
15259: 15269,13013,15129,13894,15561,15693
12819: 14915,15653,15406,14546,15642
13448: 14991,13815
12836: 
12966: 13169,13862,14564,15312,15565,13959
13681: 13535,14057,14866
15411: 13465,13847,14499,13666,14623,15373
13560: 12995,13618,14379,14207
13171: 13184,13753,13638,15200,15608
15103: 14636,14517,15805,12985,13232
12902: 14268,13704,14523,13889,15160,14286
13855: 15676,14403,15466,14133
15356: 
14811: 15723,13841,14621,13121,13634
14553: 15437,14667
15283: 15038
15757: 14925,15522,14507,14185,14228
13331: 15657,14907,14569,12877,13649,14738
14020: 14660,15631,15727
14334: 13062,13729,15426,14800,14972,13042
15514: 14705,12855,15165,15395,15555,13893
13863: 15273,13953,13621,15547,15044,15396
15670: 12980,15412,13801,13528,15347,14450
15382: 
13907: 13721,12945,12941,14974,13729,15426
14968: 13715,14349,15236,13001,15017,12973
12956: 
13878: 15330,12870
15292: 13519,14064,14539
15651: 13621,13696,13046,13460,12943
13658: 14091,14825,14715,14958,14465,14566
14633: 15055,15358,15241,15588,15790,13970
15354: 13995,13446,14353
14940: 14478,14632,12946,14716,13068,15436
15708: 15669,15489
14803: 
13599: 15570,14754,15702,13414,13476,14786
15375: 14820,15711,14287,13620
13355: 15258,13293,14545,15765,14542,14857
12859: 14682
14145: 15542,14814,14691,13371,13558,13633
14127: 14383,15473,14280,15437,13268
15480: 12975,13694,15325,14299,12925,15306
13882: 13255,14823,14083
14133: 14483,13220,13352,15466,15676,13855,14451
13002: 14730,14921,14559,15202,14568,13677
13028: 15421,13038
13141: 12840,14900
12968: 14587,14905,15429,15781,14144,15365
13035: 13650,13801,15770,14567,13177,13528
14152: 12955,13722,15398,14044,14933,15714
12926: 13074,14869,14729,13059,15555,13903
12973: 14605,12906,15024,14349,14968,15017
13698: 14218,13101,14944,15209,12814
12982: 15430,14861,13116,13670,13602,14088
15699: 15039,13021,13647
13716: 
13851: 15205,15145
14558: 14580,15776,14506,13939,14954,14787
13916: 13324,14827,14369,15126,15149,14883
14188: 15078,14306,13334,14540
14169: 14259,13581,15332,14892,13526,13991
14526: 13000,13371,14882,13694,15399,15325
15015: 13415,13278,13093,13139,13154,14005
13906: 15680,14409,14456,13286,13739
14046: 15435,13398,15011
14493: 28667,14067,15659,14874,14457,14862
14508: 15104,15361,14279,13030,12873
15028: 13523,14908,13932
14426: 13659,15589
14507: 15135,13445,14185,13428,14228,15757
14423: 15590,14976
15691: 15373,14501,14851,15635,14929
15405: 14210,14557,15307
15436: 14422,15170,15388,13068,14940,14478
14655: 13665,14812,15518,15787,15592
15107: 15701,15446
13040: 
13284: 14451,15599,13352,14994,14948,14429
14420: 13426,13071,14846,14932,14620,15019
14084: 15392,15740,13469,15624,15528,15764
13489: 13825,14519,14358
15516: 15606,14437
14161: 13997,13601,13738,13719,13887,15041,15304
15596: 15275,14739,13481,12866,13974
15090: 14856
15463: 15132,14937
13288: 13454,14622,13027,15401,15530
15754: 
15714: 14933,14571,14152,13274,14044
14925: 15522,15757,13870,13157,14185,15159
14799: 
15808: 15469,15644,14201,13527,13710,15496
15583: 12851,13213,13949,13137,13527,14627
14061: 14818,12814,13101,14607,12986
15622: 15075,13635,13788
15389: 13064,13384
13528: 13177,14124,15347,13801,13035,15670
12957: 15792,13416,12978,15338,12988
14782: 14992,13107,15491,13124,12831,13457
14681: 
13376: 13913,14602
13648: 13802,15580,14283,13293,14376,15568
13531: 15745,13252,15524,13840,15812
13401: 15594,13132,13544,14296,13067
15081: 14677,14053,14831,14190,14511,14014
13461: 15010,13087,13159,12917,14926
13276: 
14815: 15323,13277,14541
13408: 13295,13873,13499,15315,15477
15653: 14915,12819,14683,15039,14547,14106
15129: 15269,15259,14319,15693,14470,12911
14509: 13518,15633,12948,14724,12980,14535
15471: 13925,15428,14899,14440,13743
13711: 15661,14373
14375: 14425,14031,15119,15087,13303
14098: 14249,13399
14373: 14834,13711
13207: 13876,13858,12874,14954,14137
13922: 12821,15022,15288,15569,13616,14345
15686: 14549,15393,12825
13977: 13139,15464,14605,12951,13081,15366
14124: 13177,13528,15347,15057,13265,13127
15733: 15636,15216,15021,13382
12884: 15367,13020,14086
13547: 13561,12934,15242,14793,13102,14989
14975: 15385
13156: 13966,13051,15066
14282: 13950
14393: 
13045: 13048,15006,12820
14450: 12948,15270,15372,13801,12980,15670
14275: 15227,13685,15696,14794,13486,13333
14404: 14920,13958,15235,14894,15778,14243
14976: 14423,15289,13923,13362,14468
12935: 15164
15689: 12907,15793
13777: 14342,15420,13243,14165,13561,12934
14854: 13824,14304,15531,13183,13644
14325: 15317,13275,15586,15462,12921,13871
14549: 15686,13021,12825,13521,12878
14502: 13143,14396,13172,15374,14076
13815: 13821,13448,15386
15063: 12928,14621,13822,15142,13634,14737
14344: 13487,14642,13260,13270,14227,13828
13929: 
15560: 15357,13885,13369,14293,14195
13728: 14875,15016,14094
12905: 15005,15190,13205,13679,15101
13740: 12847,14465,14566,14572,13530,15713
15017: 14968,13001,15240,15180,12973,15024
14417: 14132,12860,13047
14305: 14708,15623,13506,13688,13445,14832
14478: 14940,14649,14632,15170,15436,14979,15313
13228: 14289,14716,15685,15725,15308,13068
13018: 14685,13483,13168,15131
14201: 15469,15808,12851,13527,15665,14389
14965: 14910,13639,14413,15171
15635: 14929,12991,14956,14501,15691,13105
14679: 14210
15301: 14759,14638
14727: 13701,13137,14824,14678,15803,13616
15419: 15123,13967,15093,15221,12992
15659: 14636,14517,14524,14874,28667,14493
14631: 15536,15303,15774,14821
14653: 14217,12849,14743,13553
14071: 13052,15698
14992: 14782,14281,13107,13831,15491,13324
13742: 
28559: 12952,14961,14767,12959,15562,15118
14439: 14498,13101,14672,14607
12820: 14720,15761,13045
13974: 14551,12866,12993,15596,13481,14848
15068: 13796,14897,13434,15439,14510,15018
14432: 
15788: 15398,15072,14269,14023,13366,12955
13144: 14075,14518,15049
14627: 13527,15496,13137,15803,14981,15583
15026: 13514,15064,13359,15538,14917
15311: 14622
15251: 14131,13590,15158
14548: 
13206: 
14058: 13451,13502,13853,13307
15810: 13556,15112,14849,15343,15091
14705: 14641,12855,15514,14828,14363,15165
13304: 13052
14917: 14934,13436,13514,13779,15026,15538
14298: 15222
13870: 14925,15522,14436,15159,15468,14563
14441: 
14363: 13217,13638,15165,14828,13767,14705
13465: 15411,13847,15033,14253,14356,14499
14407: 14796,14222,12837,14347,14840,15204
14312: 13321,14028,14770,14006
15137: 14708,15623,13879,13944,13782,13587
13579: 15728,15564,14316,13183,14260,15599
14271: 13187,14361,13629,14645
13659: 14426,15122,14215
13318: 15234,14010,14240,14345,13552,13314
15016: 28589,14695,13921,13728
12934: 13561,13547,13777,14160,14165
15287: 13196,15563,14512,14053,14014,15738
14793: 13229,14693,14160,13547,13102,15408
14872: 13611,12857,14999
13109: 
14612: 
14546: 15753,15364,12819,15133
14752: 14054,14838,13012,15175,13344,13591
13550: 15494,15179,15547,15431,13848
15084: 15657,14301,14907,14475,14939,14668
15074: 15186,14587,15781,13264,14047
14170: 
13298: 13641,13378,15294,14235
14866: 14902,13456,13681,14513
13261: 14469,14712,12867,15493,14229
14029: 
13995: 15354
15513: 13004,13359,13377,14830,14130,15035
14876: 13756,13909,14110,13475,15447,14027
15123: 15419,13967,15093,14843,12974
15269: 13013,15129,15259,13688,14319,13506
14780: 15095,13125,14387
14897: 13796,15068,13434,15206,15059,14486
14220: 14178,15152,14255,15677,13433
14421: 15711,13620
13089: 14259,13581,13172,13058,14076
13430: 15085,13830,13409
14035: 14303,13632
13795: 
14589: 13597
13950: 15407,14282
15250: 14256
13016: 14623,14501,15761,13358,14004,13257
14357: 14877,14801,13548,14842,13115,15220
13491: 13484,13319,14338,15033,13772,15766
14272: 12845,14978
15154: 14288,14213,15012,14042
14462: 14399,13842,13823,15640
13941: 15413,13074,28658,13466
15786: 14870,28622,13791,15169
14777: 14641,14729,12855,12862,13076,14565
14085: 13797
14674: 13394,15085
13982: 14904
13669: 13857,13761,13934,15244,15390
13945: 14916,13286,13487,14642,13167,13800,13044
13232: 14063,14264,15709,14517,15103
12925: 14299,15752,15325,15480,14814,15671
15101: 15772,14157,12905,13205
12952: 15243,14961,28559,14069,15562,15725
13695: 12916,14819,13613,14036,14973
12987: 
15397: 12864,14221,14175,13619,13340,14792
15153: 14807,13098,13468,14906,14640,14336
13130: 14167,12858,15483,14400,15282
13485: 14017,14379,13902,14207,15126,15149
14810: 15544,14496,14263
14365: 13532,15092
13441: 12870,15499,13888
15668: 
14103: 13538,13723,15034,15520
13627: 14082,14611
13642: 13534,14356,13313,13308,14253,13690
13071: 13426,15114,14420,15279,14932,13459
14016: 14859,14435,12873,13940,12850,15472
14629: 15650,15804,14616
14294: 14696,15066,15302,14697
14978: 14272
13888: 14237,14539,13441
13256: 15395,13059,14070,12868,13374,14877
14542: 15249,14302,14545,13355,13589,14857
15564: 13579,15728,15599,15740,13469,14948
14238: 14998,13598,13574,15237,13160
13129: 14213,15446,13692
13425: 15730,14887,14847,13098,13215,13080
13513: 13462,14967,13005
13081: 14605,15024,15249,13589,15464,13977
15127: 14156,14615,14483,13220,14197
12879: 15444,15394,15054,13745,14497,13784
15038: 13085,15283,12909
15179: 13550,15494,13848,13209,13896,13765,14588
14444: 14757,13067,15456,14762,13773
15803: 15569,13616,14981,13137,14727,14627
13315: 15577,13216,13131,14031,15087,14637
13229: 14693,14793,15408,13450
13405: 13869,13705,15370
14187: 14074,13432,13055,13868,13182,14550
15242: 15105,13561,13547,14989,15339
14951: 
14888: 13379,14126,15032,15428,13470,15058
15100: 13357,12977
12853: 13133,14778,13744
12852: 
13102: 14989,15408,13547,14793,14713
13879: 14708,15137,13757,14692,13498,13944
14440: 14993,13743,15680,15775,14899,15471
13005: 15255,13513
15312: 14214,15565,14052,13169,13968,12966
14977: 14295,15146,13252,15524,13033
14470: 13500,13049,12911,15109,15129,14319
14766: 13172,14200,15782,14599,14259
15759: 15253,14255,15718,13572,12817
12927: 13665,13184,15592,15200,13017,13516
13675: 12921,14715,14958,13275
15807: 14894,13905,13759,13054,14906,14640
14132: 14417,12860
12841: 13757,15613,13500,15109,15340,13479
14093: 13201
13243: 13777,14342,13192,13794,14165
12991: 15635,14929,14956,14813,15521,12942
13672: 15368
14607: 14672,13214,13101,14439,14061,12986
13160: 15454,14773,14238,15237,15162
15574: 15637,15662,13842,15449
13241: 
15440: 15472,15353,13545
15566: 13249,13775,15448,15012
13431: 15667
13364: 13792,12920
13369: 15435,14195,15560
13393: 15474,14361,15355
14117: 14730,14921,14818,13820,14798,14650
13467: 14141,14267,14116,13511
13968: 14824,13169,15312,14052,12821,15497
15012: 14213,15566,15154
15371: 14027,15750,13066,12964,13247,13609
13238: 
14529: 14942,14701,13984,14225,13078,13652
14801: 14877,13548,14357,13457,13374,15069
13386: 13501,14237,14539
14561: 15509,14994,15813,13645,13162,13999
14203: 
14255: 15677,14220,13433,15253,15759
15401: 15133,14521,15753,13288,15530
13720: 15147,13453,15071
14838: 14054,14752,12885,14022,13344
13501: 13386,14614
14193: 
13853: 13254,13502,15470,14058
15194: 13350,14486,14194,14289,15308,15501
14389: 15665,13714,15469,14201,13702,15062
13775: 15566,13446,15448,14570
14005: 13072,13541,13154,13631,13415,15015
14409: 15680,13906,14119,13230,14456,12835
13000: 14691,14526,13371,14882,14052,15497
13975: 12978,13311,15338,15342,15225
15598: 13630,15721,12962,14552,13804,14858
13611: 14872,15738,15348,14555,14728
13912: 14083,14670,14823,15636
14823: 13255,13882,13912
14100: 15493,13424,14469
15458: 14087
15621: 
14677: 14512,15081,14053,14747,14709,14831,14397
15152: 13332,14220,14043,15748,15677
13555: 15318,13693,14398,13624,13551,13787
15776: 14580,14558,13939,13397,13646,15444
13258: 14105,13664
13346: 13584
12871: 13955,14090,13248,13281,15215,12848
14326: 13612,13996,13652,15348,14873
14836: 14689,15732,14898,14433,13227,13043
14091: 13658,14825,15639,14465,12862,13076
12995: 13560,14530,13618,14207,13512,13524
14138: 15805,12985,13521,15252,12878
13871: 15110,13703,14325,15462,12921
14795: 14438,13149,14839,15519,14078,15734
13559: 13097,14665
14022: 14026,14797,14930,12885,14838,13344
14262: 13421,14514,14097,13704,14969,14286
14463: 13030,13444,14279,13300,14295,13033
15735: 13349,15115
12955: 15177,13722,14152,13366,15398,15788
15022: 12821,15497,13922,14691,13633,15288
13786: 14698,14045,13131,14112
14075: 13144,13827,12904,14244,14518
13073: 14713,13615,14878,15147
13741: 14277,13654
15710: 14309,13762,12876,15755,15476,13600
15639: 14091,14825,13076,13312
14651: 13890,15380,14431,14804,15008,13328
14563: 14082,13870,15468
13806: 12822
13457: 12831,13374,14801,14782,13107,15069
14348: 14518,14040,15178,14176,15184,13667
14641: 14705,12855,14777,12847,14828,12862
14166: 
13872: 13495,12897,14476,13963,13733,15306
13497: 13029,15502
15357: 15560,13843,13885,13211,14168
14927: 13395,13807,14109,12961,13628,13082
15007: 15443,13829,15132
13668: 14950,15352,14506,14534,14787
14764: 14102,13273,13104,14597,15233,13685
13312: 13076,14565,12844,15639
14826: 13383,13529,13380,13367,14459,14583
14155: 14218,12992,15093,15209,13396
13381: 13656,13808,13164
14425: 14375,14247
14157: 14722,28520,15414,15101
13880: 13223,14012
12876: 13707,15710,13600,13712
13838: 
13727: 14131,13590,13246
13900: 
15535: 15351,13595,14603,14123,15340,13605
15442: 15002,13886,13302,14034
15237: 15772,14238,13598,13160,15162,13114
15416: 13918,13798,12892,13166,14452,15581
15188: 15515,15799
14545: 14209,13539,15765,14302,14542,13355
13493: 15537,14341,14359,13980,13766
13935: 13121,15214,14578,13202,14643,13942
15126: 13324,13916,15149,13831,13485,13902
15122: 13659,13410
13370: 
13997: 14161,15406,13719,13348,15642,13887
15121: 15404,14182
15606: 15516,13032
15202: 15331,14980,14568,14559,14251,13002
15106: 14652
14891: 13768
15758: 13973,13507,15031,13909,14110,13954
13338: 15529,12818,13680,13013,13688,14832
14919: 13240,13314,15746,13730,15234,13697
12870: 13441,13878,15637,12953
15098: 13494,12944,13976,14248,14618
15499: 14742,14657,13441,14237
14473: 15155,13635
14030: 14482,13692
15502: 14385,14829,14688,13029,13497
13165: 15055,14313,14370,12897,14476,13221
15633: 13518,14509,13046,14115,14535,13953
14571: 14933,13025,15714,13274,13908,13614,15591
14582: 
13392: 13966,13051,14307,12944,13976
14983: 14481,13677,13178,14914,14142,14901
13782: 13587,15532,14574,15137,13944,13693
12962: 15257,15809,14164,13630,15598,14858
15300: 15326,13959,13862,15199,14813,12942
13962: 
13989: 
14176: 14808,15178,13843,13885,14040,14348
15446: 14213,15107,14515,13129
13474: 15773,14683,13181
13339: 14699,15080,13623,15607,12928,14408
15536: 14631,15303,14821
14622: 13454,13288,15704,15311
13352: 13220,14133,14451,13284,14429,13793
14885: 15358,14313,14914,14142,12903,14002
14089: 13938,14905,15429
14957: 15507,12938
13590: 13727,15251,15511
14202: 14791,15543,14604,14216,13180,13895
15609: 14643,14790,14578,14736,14308,14744
15517: 
15318: 13944,13555,13693,14398,13981,13498
15075: 15622,13792,14200
13921: 13596,14875,15376,15016
13514: 13779,15064,15026,15767,14947,14917
13614: 14216,15591,14571,14234,14604,13908
15281: 
14459: 14640,14336,14583,14826,13380,13244
15392: 14084,15740,15813,14239,15764,13645
14147: 15530,15704,14191,14521,13738,14822
13617: 15468,15207,13290,13020
12880: 14531,13860,15465,15747,15065,14761
13864: 14144,12825,15393,15619
15451: 14472,14688
13717: 13334,14540,14934,13684,14918
14041: 14592,14436,13225
14190: 15557,14923,14831,13341,15081,14511
15078: 14188,14306,28659,13779,14947,13334
14733: 13012,14273,15332,15806,14054,13404
12976: 
14119: 13110,13607,13230,12835,13626,14409
13149: 14438,15003,14795,15519,15585,14980
13078: 13157,13094,13856,14225,14701,14529
14712: 14469,13261,14229,15183
14693: 13229,14793,14160
15782: 14599,12920,14766,14200
14731: 13793,14111,13423,14197,13075
15578: 15183,15282,12858,15477
12881: 
13780: 13125
13558: 13633,13240,15746,15542,14145,14700
14158: 13427,13783,15228,14938
15581: 13110,13607,14452,14500,13798,15416
15104: 14508,14279,13188,13511
14045: 14698,14626,13786,13198,13131,13216
15768: 14217,13553,12828,14366
13262: 14781,13625,14410,13145,13715,13001
15167: 14156,14615,14988,14184
14265: 15037,13296,15655,15504
15713: 12922,13530,13103,13234,13740,14572
12856: 15455,14534,13280,15614,15795
14632: 14940,14478,14649,12843,13826,12946
13186: 14808,15178,14467,14390,13336,15293
15203: 12918,13212,13771
13830: 13430
13184: 13866,13171,15592,12927,15200
15568: 12900,12892,13166,14376,13648,15580
14406: 13970,14332,15588,14586,14173,13062
15168: 15302
15417: 13653,13235,14359,15743,13766,15572
13729: 14334,15426,13721,14510,13907,14972
13274: 14044,12943,15082,14571,15714,13908
14831: 13341,13092,14397,14677,15081,14190
12861: 13802,14196,15208,14283,13285,15602
15797: 15351,13595,15410,15387,13442,13500,13049
12854: 13553,15201,13142
13573: 12824
13813: 
15793: 15689,13957
14207: 13485,14379,15149,12995,13560,13512
15010: 13087,13461,15627,15749
13328: 14214,15565,14651,14431,12829,14804
14889: 13774,14772,14864,14742
15676: 13855,13086,14483,14133
14288: 28622,15154,13884,14042,13791
13030: 14463,13444,14508,14279,12873
13552: 13318,14240,14345,15569,14981,15027
15082: 13274,12943,15273,15494,13735,13908
13091: 14257,15223
14347: 13682,14840,13309,15136,14407,12837
15263: 
15569: 15803,13616,14981,13922,14345,13552
15070: 14064,13473
13015: 15432,13661,15732,12983,15360
13142: 15719,12854
14604: 14234,14471,13614,14216,13895,14202
13586: 14080,14742,14237
14397: 14831,13092,14292,14747,14677
15802: 15233,15197,14596,14134,14597
15177: 12955,13722,13479,13366,14398,13981
13706: 
15515: 15188,15277
14773: 13160,15162,13418,13151
15525: 13123,13992,15204,15744,14675,15652
13253: 15260,15660
13784: 14497,15737,15394,12879,13272
15021: 15023,13382,15733,13988,15605
14073: 15570,14754,13562,13126,15018,13980
12889: 12967,15144,15226,15626,15403
14915: 12819,15653,15406,15039,13647
15211: 14480,14059,13330,14180,15067
13362: 14843,14468,15523,14976,15289
15470: 14317,13853
14845: 13629,14645,14673,14928,14762
14786: 15439,13721,15702,14974,14754,13599
13641: 13298,15294,15674,13354
14386: 13983
15548: 14009,13751,13235,13536,14893,14033
14247: 14425,13303,12863
14602: 15576,12996,13376
13251: 13403,13726
15221: 13865,15419,13967
15556: 15362,13023,15385
15347: 14124,13528,15057,15720,15412,15670
15696: 15227,14275,15134,13571,13319,13333
13289: 14315,13603,14314,13689,15577
13325: 13684,14918,13575,14368
15671: 15542,14814,15752,12925,13826,12843
15430: 12982,14861,13116,13678,15265,14694
12981: 13295,13873,13383,13529,14077
15769: 13663,14232,14624,13483
14687: 13709,14114,14530,13618
15809: 12962,14164,14297,13069,14196,13630
13500: 14470,13049,15109,15797,15351,15340,12841
13584: 13346
14586: 15588,14239,13645,13999,14173,14406
14069: 13844,13042,15243,12952,15685,15725
14661: 
13020: 12884,13290,13617,14086
14248: 14274,12990,14346,15098,13976
14510: 15439,13721,13729,14972,15068,13434
13257: 13358,15761,13016,13048
15360: 14126,15732,13043,14899,13015
13884: 14353,14042,14288,15297,14039
13033: 15524,14295,14977,14463,13993,14779
15368: 13672
14418: 14390,15678,14543,13564
15047: 15077,13009
13834: 13443,14776,15060,14216,15591,13180
14964: 13064,14391,15554
13779: 13514,14947,15078,14934,14917,13334
14182: 14592,13612,15121
14037: 14151,12891,15353,12869,12817
14605: 12973,12906,12951,15024,13081,13977
13685: 15227,14275,15233,14764,13104,13486
14254: 14898,13233,14433,15498,13492,13537
14479: 14533,15682,15316,13699,15025,14610
14036: 13322,15461,14973,13695,15400
13116: 12982,15430,15265,13670,13161
13650: 13035,15770,14567,13911,15503,14226
15310: 13637
13509: 13897,14270
13220: 14483,14133,13352,15127,13793
14167: 13499,13130,12858,15299,15794,13873
15053: 13054,14906,13697,15234,14010,13468
13183: 14143,13644,13824,14260,14854,13579,14316
13876: 13272,13858,15779,13207,12874,13297,13306
13429: 14936
14909: 13112
15462: 14066,14325,15586,13703,13871
12883: 
12989: 14784,14598,14001
15555: 15395,13059,14729,12855,15514,12926
13375: 13928
13330: 13745,14180,13670,14059,14088,15211
14311: 14935,14608
13703: 13530,15110,13871,14066,15462,13103
14126: 15032,15360,15428,14888
15607: 13623,14756,13339,12928,14621
14137: 15614,14954,14787,13207,14520
14447: 13748,13734,13875,14886,15559,15157
13913: 15328,13376,14646
15720: 15412,14350,15347,15057,13122,13136
15679: 15488,13520,15605,15023,15634,15161
14814: 15542,14145,15671,15325,12925,13371
15695: 13585,13686,13911,14774,14531,13860
15367: 12884,15040
14430: 13103,13234,14721,15615
12943: 13274,14044,15082,13460,15273,13621,15651
13811: 
14332: 14406,13970,14370,13062,14800,13510
13145: 15643,12816,13736,14410,13262,13715
13306: 15627,13876,13858,15779,14723
15207: 13617,15468,14443,15522,13290
14534: 13280,14913,13668,15614,14787,12856
15409: 15151,15697,14792,15076,12864,13226
14659: 13271,15558,13946,13193,14912,13127
13937: 15481
15067: 15211
13432: 14074,14187,13442,13182,15195,15410
14467: 14235,14489,14808,13186,15293
13480: 13271,13883,14790,14676,13282,15345
13105: 14846,14932,14501,15635,14956,14004
15275: 14371,15596,14739,13481,14737,13568
14584: 15295,14706,13026,15518,13077
15172: 13297,13327,13345,14723,13153
14378: 
15165: 13217,14363,13604,14705,15514,13893
13689: 15013,13198,15009,15577,13216,13289
13525: 13146,15011,15077,15756
13308: 14253,15484,13690,13622,13785,13642
14123: 14269,13136,13122,14603,15535,13605
14636: 15659,14517,14524,15103,12985,14328
14482: 14030,13692,14870,28622
13532: 14365,15092
13157: 13078,13094,14185,14701,14925,15159
13335: 14765,15553,15377
15245: 14007,13979
15395: 13059,15555,13256,15514,13893,14070
15673: 14159,15552,12865
15274: 15407
15379: 
15030: 14778,14945
13915: 12899,13151,14048
15197: 15802,15233,14596,13031,13486,14125
15753: 14261,14546,15133,15401,13027
14223: 13088
13158: 15232,15423,12969,15457,13118,15079
12929: 15380,13609,15134,13104,15750,15227
15678: 14418,13667,15217,12907,13564
13110: 15581,13607,14119,13798,15498,13626
13100: 13832,14769,13956,13841,13508
15597: 14026,14797,14109,15657,14301,14569
14583: 14459,14640,13759,15778,13367,14826
15680: 13906,14409,12835,15775,14440,14993
13108: 
12877: 13226,13649,13420,15076,14569,13331
14600: 15665,15706,12851,13213,13557
15627: 13306,14560,15010
14776: 13443,13834,14392,15060,13281,14090
15476: 15755,15710,13600
13980: 13126,14359,14073,13562,13493,14341
15795: 14520,13533,15614,13349,12856
15184: 15217,15049,14518,14348,13667
14490: 15666
15518: 13077,15787,14706,14584,15592,14655
15711: 14496,14263,15375,14421
13327: 13297,15172,15737,12898
15339: 13700,15105,15242,14596,14989,14125
15097: 15384,14749,14315,15490,15362,13155
13054: 15053,14906,13697,12972,13905,15807
14960: 14950,15630,14067,15041,15304,14806
13582: 13056,15549,14154,15587
14240: 13318,14010,13552,15027,15730,14887
13082: 13822,14408,15080,13628,13395,14927
15464: 13093,13139,13977,13081,14003,13589
14539: 13888,13386,15292
15219: 
13783: 14158,15228,13267,14419,14079,14938
14501: 13016,15691,15635,14004,13105
14208: 15510,13713
13379: 14888,15050,13470,15058,13057
13365: 14741,15296,14055,13991,14148,13210
14449: 13302
15161: 14333,15600,15634,15679,13520,28659
14156: 15127,14615,15167,14184,14197
13616: 15803,15569,14824,12821,13922,14727
13037: 14399,13112
14875: 13921,13596,13728,15056
14658: 14751,15586
14946: 14785,13003,13471,13850,13301,14852
15811: 13606,15702,12941,14974,13423,13090
15694: 13373,15071,14720,13666
13466: 28658,14416,13074,13941,13903,15238
13592: 13917,14018,15421,14881
13391: 15244,15268,15309,14446,14343
13639: 14965,13794
14724: 12980,15412,14350,13518,14509,13065
14180: 13330,13745,15211,14497
13404: 14054,13857,15806,14733
13909: 14876,14110,15031,15758,14027,13066
13193: 14912,14603,15558,14659,15387,13595
14932: 13105,14846,14004,15279,13071,14420
15080: 13339,15386,13628,13368,14408,13082
14400: 14953,15483,14229,14211,13130,15282
13046: 13518,13696,15633,13953,13621,15651
15144: 15226,13326,12889,13163,15741,15626
14611: 15040,13627
14413: 13960,15247,14910,14965
12842: 13390,14442,15218
13155: 14015,15097,14749,15362
14979: 15313,13730,14478,14649,14700,15170,15746
14987: 15044,14150,14349,14816,14115,12906
14362: 14620,13557,13714,13869,14725,13837
12993: 14551,13974,14848,13182,15195,15688
15276: 
13807: 14927,14109,13628,15329,14930,14026
15182: 15013,15009,15545,13661,15663,15432
15018: 13126,15439,14754,14073,13796,15068
15218: 14442,12842,14680
13845: 13790,13038,13505
15775: 13043,12835,13227,15680,14440
13597: 14589,13816
15008: 15254,14804,14651,15380,15134,13571
14110: 14876,13756,13909,13954,15003,15758
13322: 14036,15461,14310,15400,12930,13402
14198: 13356,14528,13854
14908: 13523,14230,15028,13932
14638: 15301
13136: 14269,14123,14023,13122,15720,14350
13439: 13934,13437
12996: 14025,14602,15576
13903: 13059,13074,12926,13466,12868,15238
15604: 
13264: 15709,15781,15074,14047,13678
15565: 13328,15312,14214,14564,14804,12966
15630: 14960,14950,14067,14862,14580,14506
13860: 14531,12880,14487,15065,14774,15695
14969: 15316,14514,14262,14286,15025
15359: 
15381: 
15191: 14841
15189: 15425,13163,12960,15741,15617,14367,13449
14989: 13102,13547,15242,13700,15339,13622
13115: 14120,14070,14761,14877,14357,15220
15544: 14810
12988: 13196,15563,12978,12957,13583
14768: 13148,15349
14270: 13509
14848: 13055,13310,13182,13481,13974,12993
15212: 14747,14709,15617,15342,14367,13311
13433: 15253,14220,15271,14352,14255
13801: 13035,15770,13528,14450,15372,15670
13954: 14110,14414,14438,15003,13507,15758
14097: 13421,14514,14262,15298,15460,14879
14591: 15415,13546,14395,14562
14765: 13335,15307,15553
15570: 14754,13599,14073,13562,13476
15039: 15699,14547,13647,14915,15653
13139: 13093,15464,13977,13154,15366,15015
13246: 13891,13727,14131,14867
12863: 13023,13303,14247,15385
13294: 
14827: 13324,13916,14369,14281,14850,13503
13577: 14280
14106: 15364,14683,13189,15653
15117: 14527,14245
14018: 14630,13056,15036,13917,13592
15079: 12964,15045,13118,15423,15447,13158
13910: 13414,15727,13476,14291,15487
15603: 14721,14594
13644: 13183,14143,13337,15531,14854
14981: 15803,15569,13552,15496,15027,14627
15132: 15463,15007,13829
13069: 13802,14196,15580,15809,14164,13636
13671: 13087,13159,14819
14597: 14764,13273,15783,15802,15233
14910: 14965,14413,13192
12933: 14012,15526
15461: 14036,13322,14973,13060,13926,12930
15595: 14624,13546,15736,14434
14890: 
13721: 14786,15439,14510,13907,14974,13729
14181: 
13001: 13715,14968,15017,15240,13262,14781
13805: 15534,12838,15248
14576: 15155
13424: 15493,14100,14118,13790,13505
13326: 13210,15144,14148,13340,13163
13090: 13414,15727,13423,13075,15811,15702
15505: 13990,12882,15541,13817,15246
14779: 14307,13993,15524,13033,14252
13074: 15413,14869,13941,12926,13903,13466
15447: 13475,15423,14876,14027,12964,15079
13367: 14243,15299,15778,14583,13383,14826
15181: 
14970: 
15672: 14224
15495: 14722,28520,15567,14844,14381
13696: 13518,13046,13065,15072,13460,15651
15408: 13102,13229,14793,13615,14713
13787: 13551,14392,15060,13555,13624,13025
13242: 15111,15050
15660: 15260,13482,13253
15496: 13527,13710,15027,14627,14981,15808
13667: 14390,15678,14348,15178,15184
14709: 14747,15212,13311,14512,14677
14200: 14766,15374,15075,15083,15782
13333: 13319,14794,14275,15696,13534,14338
12909: 15610,15038
14873: 14511,15348,13984,14923,14326,13652
12908: 15749,13087
14230: 14908,13932
13712: 13600,12876,13707,15681
14914: 14481,14983,14142,14002,14788,14885
14266: 13904,13504
13539: 14209,14545,13512,15765,13524,14883
14259: 14169,13089,14599,13172,14766,14892
14299: 15752,12925,12959,15306,13495,15480
15019: 14620,13557,15706,14635,14420
13622: 13700,14989,13785,14713,13308,13690
15229: 15806,14892,14573,14599,13237
14911: 
15487: 14291,14154,13910,13476,14236,15036
14995: 13964,15704,14191,14802
12951: 14605,12906,14150,13977,15366,15647
14701: 14942,14529,13157,13078,15159
15613: 13757,12841,13498,15340,13479,13981
15285: 14736,13017,14308,13516,14774,13686
14704: 14445,13269,12986,14798,15624,15173
13859: 15638,15370
13904: 14266,15120,14383
15738: 13611,15287,13196,14555,14999
14431: 15760,13218,12829,14651,13890,13328
14066: 15462,14721,13703
15064: 13514,15026,15767,13010,13004
14070: 13115,13893,14120,15395,13256,14877
14521: 15133,15401,13887,13738,15530,14147
15783: 13973,15320,12940,13273,14597
15171: 14965
15522: 14925,15757,13870,15468,15207
15521: 14813,12914,12991,14956,15224,14635
13828: 13608,13230,14456,13260,13487,14344
15173: 15624,14619,15528,14650,14704,14798
14204: 13063,14437
13524: 13512,13539,15765,12995,14530,14049
14735: 
13680: 15529,13338,14354,15135,14832,13094
13736: 15643,13145,14644,15654,13737,14410
13201: 14093,13725
13593: 14685,15131
14856: 15090
14536: 13055,13310,13868,14939,15475,14668
13762: 14309,15710,15062,15341,15445
13549: 13244,14959,14807,14336,13194
15062: 14309,13762,14389,15469,13702,15336
12818: 15529,13338,13894,13992,15744,13013
13323: 14419,12938,14079,13529,13380,14077
15162: 13316,12886,13114,15237,13160,14773
14120: 13115,13893,14070,14761,13604,15465
13673: 14816,14535,12816,12948,15270,15236
13649: 12877,13226,13331,15136,12837,14738
14783: 13296,13215,15445,14847,15341,15644
15577: 13315,13216,13689,13289,14637
13162: 13999,12945,15509,14561,13606,12941
15302: 15168,15066,14294,15350
13606: 15811,12941,15509,14111,13423,13162
15450: 13769,14503
14958: 13675,14715,13658,14825
15346: 12915
15083: 13788,14200,15374
14862: 14457,13397,14067,14493,15630,14580
14128: 15537,14881,14099,13038
13337: 14143,13644,14159,15649
12947: 14276,13983
15734: 14414,14610,14839,13699,14438,14795
14427: 15531,15130
15457: 12969,14002,14788,14702,15423,13158
13122: 14912,14603,15057,15720,13136,14123
14789: 
13192: 13219,14910,14342,13243
15378: 14697
13502: 14317,14058,13853
14654: 
12815: 14986
14355: 14008,13575,14368
14241: 15111,14749
13343: 15573,14021,15645
15704: 15530,14147,14191,14622,14995
13670: 13161,12982,13116,14088,13330
14154: 14291,15487,15587,13056,13582,15036
15452: 12919,12827,15634,14333
15262: 
15304: 14822,14806,14161,13738,15041,14960
15546: 
15113: 14000,15724
13112: 12838,13037,14909
15186: 15074,14805,14554
14579: 14585,14559,13810,15692,13820,14921
15206: 14897,13434,13844,15685,15308,14486
13137: 13701,14727,15803,15583,13949,14627
14302: 15249,14542,15180,14593,14209,14545
14972: 13844,13042,14334,13729,14510,13434
12862: 12847,14465,14091,13076,14641,14777
15111: 14241,13242,13819
13021: 15575,14549,15699,13936,12878
13951: 15427,13895,14791,14232,13663
14697: 15378,14294,15804
13983: 14386,12947
15240: 13503,14781,14593,13001,15017,15180
15642: 15133,13887,12819,15406,13997
15674: 13763,13354,13641,15582
13350: 15059,15194,14486,14194,13653,13536
13722: 12955,15177,14152,14398,13624,14933
14468: 14843,13362,14976,13967
12874: 15394,13939,14954,13272,13876,13207
14625: 15331,14568,13752,14481,14702,14788
14082: 14563,13627
12844: 13312,14565,15413,14869
14481: 14983,13677,14914,14625,14568,14788
15588: 14586,15790,14239,14633,14406,13970
13849: 13422,13718,15071
12922: 13767,13753,12984,15713,13234,14572
13214: 14672,15649,14607,14445,12986,13731
14475: 13174,13568,14939,12961,14301,15084
13856: 14354,15641,14662,14225,13078,13094
15423: 14702,13475,15447,15457,15079,13158
13943: 13387
14043: 14116,15748,12912,15152
14868: 
13453: 13720,15147,13785,15484,13373
15479: 13874,15789
13832: 13809,13100,14769,14756,13841
15217: 15184,15049,15678,12907
15702: 15811,14974,13090,13414,14786,13599
13933: 
14225: 13984,15557,14923,13856,14662,13078,14529
14067: 28667,14493,15041,14862,14960,14950,15630
15273: 13621,13863,15547,12943,15082,15494
15054: 13646,13602,14088,13745,15444,12879
13006: 14095,13978,13923
14550: 15561,28665,15693,13868,14074,14187
15748: 14043,14116,14763,15152,15677,15361
14320: 12832,12891
15174: 13483,14092,14895
15131: 14685,13593,13018,13168
15306: 14299,13733,13495,13872,12975,15480
15279: 13358,14004,15291,14932,13459,13071
14675: 15652,15143,15525,15744,13292,15641
14109: 14927,13807,12961,14026,15597,14301
14619: 15528,15173,14650,13178,14726,14901
14608: 14311,15377
12967: 14673,15456,12889,14424,15226
14317: 15470,13502
14699: 13339,15386,13623
13026: 13956,15337,15295,14584
15665: 14389,13714,14600,12851,14201
14567: 13650,13035,13585,13911,15584,13177
13216: 15577,13315,14045,13689,13198,13131
13890: 14651,15380,13609,13247,13218,14431
14486: 15059,13350,15194,14897,15206,15308
14280: 15473,14127,15437,13577
15282: 15183,15578,14400,14229,13130,12858
15105: 14717,15242,14596,14134,15339
14750: 15344,15099
15812: 13531,13840,15485
13840: 15485,13531,15812
12945: 13162,13999,14173,12941,15426,13907
14986: 12815
14858: 15527,15239,15598,12962,15257,13804
13252: 15524,15146,14977,13531,15745
15798: 15538,14924
15751: 14703
13097: 13788,13559,14396,14628
13008: 14165
13628: 13368,15329,15080,13082,14927,13807
15272: 
13996: 14326,13612,13652,14942,13225,14592
14192: 12839,14696,13961
13692: 14482,14030,13129,14213,28622
15187: 
14994: 15509,14948,15813,14429,14561,13284
14342: 13777,15335,15420,13243,13192
14822: 15616,15304,14806,13738,14147,13263
13529: 13383,14826,13380,12981,13323,14077
15421: 13592,13028
13756: 14876,14110,15003,15585,13752,13475
12887: 13578,15801
13714: 15665,14389,14362,13702,13837
14950: 14960,15630,15352,13668,14067,14806,14506
13382: 15023,15021,15636,15733,14670,12827
13043: 15775,14899,13227,15732,14836,15360
13804: 14552,13488,13850,15598,15239,14858
12900: 15568,12892,14003,14376,13093,13278
15134: 15380,12929,15227,15696,13571,15008
14878: 13615,13073,15147
14678: 14824,13169,13862,15199,13701,14727
14805: 15186,14554
13751: 14009,15548,14339,14033,14953,14211
15138: 12965
13634: 13202,15142,14811,14621,15063,13121
14341: 13493,14881,13562,14236,13917,13980
13371: 14691,14526,13000,15325,14145,14814
13715: 14968,15236,13001,12816,13145,13262
14947: 13514,13779,15767,13520,15078,28659
14973: 14036,15461,13695,13613,13060
13399: 13920,15712,14098
14869: 15413,13074,12926,14565,12844,14729
12949: 14474
13788: 13097,15083,15622
14197: 13075,15631,15127,14156,14731
13999: 13162,12945,14173,14561,14586,13645
15180: 15249,14302,15240,14593,15017,15024
14562: 14394,15698,14591,14966,14434
15561: 13894,28665,15693,13412,14550,13969,15259
15044: 14987,14150,15396,14115,13953,13863
13423: 14731,14111,13606,15811,13090
14000: 14639,15113,14652
13893: 14120,14070,15514,15165,13604,15395
14745: 15652,15143,13682,14840,15116,15020
15739: 14998
15559: 13036,14886,14447,15157,13332
13770: 15235,13708,12972,15313,14894,13905
14144: 12825,13864,14748,12968,15429
14184: 14988,14156,15167,15631,14660
12944: 15098,13976,13392,13966
14669: 12963
13603: 13289,14315,14637
13881: 13971
14524: 14636,15659,13719,14328,13601,28667
13052: 13304,14071,12848,15698
14628: 15328,13097,14665,14396
13660: 14864,14080,14081
14993: 14440,13743,15680,13739,15042
12885: 14930,14446,14343,14838,14022
13114: 15162,12886,15237,15772,13205
12888: 
13049: 14470,13500,12911,13442,15797,15351
13661: 14689,15732,15663,15182,13015,15432
14042: 13884,13249,14288,15154
14859: 14016,14435,12873,13444,15324
15449: 13823,15574,15662,14472
15001: 13202,15142,14739,12896,13942,12866
15320: 13973,15783,13507,14219,13747,12940
13279: 
15746: 13558,13240,14919,14700,14979,13730
13506: 14305,14708,15269,13688,14319,14692
13647: 15252,15699,15039,14915,15406,13348
15020: 13341,13092,15116,15143,14745,14327
13120: 12913
14105: 12998,13258,13664
12937: 14108
13771: 15203
13280: 14534,14913,14068,13208,12856
13036: 14886,15559,13566,14178
13605: 15340,13479,13366,15535,14269,14123
14315: 13289,13603,14314,15490,15097,15362
14160: 14165,12934,14693,14793
14904: 14057,13947,13982
13053: 15489
14094: 13728
12923: 14740,15666
13803: 14351
13374: 12831,12868,13457,13256,14877,14801
14017: 13485,14379,13902,13538
13799: 14464
13536: 13653,13235,13350,14194,14893,15548
13688: 15269,13013,13338,14305,13506,14832
13676: 
13270: 15486,13765,14227,14642,14344,14504
15663: 14689,13661,15800,15545,13674,15182
14603: 13193,14912,13122,15535,13595,14123
13290: 14952,15551,14443,13617,15207,13020
14942: 14701,14529,13984,13996,13652,13225
15303: 15536,14631
14790: 14643,15609,14676,15345,14744,13480
15358: 15055,14313,14885,14633,15241,14142
15175: 13420,13344,15076,14752,13591
15752: 14299,12925,12959,13826,15118,15671
13516: 15285,13017,14774,12927,15200,14487
12845: 14272
13730: 14979,12972,15313,15746,14919,13697
14368: 14355,13575,13325
14081: 14080,13660
14924: 14707,15798,14008
13865: 15221,15434
14673: 12967,15456,13990,14845,14762
13988: 12901,15021,14056
14796: 14222,14407,13969,13412,13123,15204
13377: 14855,13113,14130,13004,15513
13731: 15728,14316,13214,15649,14445,13269
14588: 15486,13765,15179,13209,14471,13952
14913: 14534,13280,15616,15352,14068
13358: 14004,15279,13257,15291,13016
14737: 15275,14371,14739,15063,13822,15142
14339: 12867,13724,14033,15683,13751,14211
13172: 14766,15374,14502,14259,13089,14076
13626: 12835,13227,13110,14119,14433,15498
15643: 12816,13145,13736,14644,15270,15372
14665: 13559,14025,14628
14205: 13070,15141
14954: 14137,14787,14558,13939,12874,13207
13384: 14703,15389,13064,13504
13092: 14831,15020,13341,14397,14292,15116
12891: 14037,14151,12869,14320
14065: 
15501: 13022,13283,14289,15194,14194,14422
14356: 13534,14338,13642,14253,13465,15033
13418: 12899,15454,14773
15112: 13556,15810,15343,14717,14134
15549: 14660,15587,13582
12893: 13594,14755
13077: 15518,15787,13956,14584,13508
12850: 15472,14016,14435
13979: 14007,15245
15227: 14275,13685,15696,13104,12929,15134
14260: 13824,15466,13183,13579,14451
13946: 15345,14719,13265,13271,14659,13127
15124: 
15531: 15130,14427,13644,14854
15683: 14285,15572,14339,13724,14033
14044: 13274,12943,15398,13460,14152,15714
13958: 14377,14920,14404,14163,15620,15235
15000: 15611
13023: 15119,13303,15556,12863,15385
15572: 14285,15683,13766,13235,15417,14033
14211: 14229,13751,12867,14339,14953,14400
13829: 15108,15007,15132,13482
15690: 14466
14010: 15234,13318,14240,15053,15730,13468
14682: 12859,15176
12983: 15032,13015,15432,14314,15490
15345: 14719,14744,13946,14790,13480,13271
15657: 14301,15084,14907,14569,13331,15597
15009: 13689,15013,15182,15432,14314
13088: 13814,14223,14104
14092: 13197,14232,13800,14895,15174
13574: 14998,14238,15422,15454
13504: 15120,13384,14266
13883: 13480,13271,15558,13282,15688,13435
12872: 14189,14244,14195,13885,14040
15507: 14957,14077,13295,12938
14335: 14453
13153: 14723,14560,15172
15215: 14086,12848,13248,15551,12871
14937: 15095,14865,15463
14792: 15409,15697,12864,15397,13340,15425
15087: 15119,14637,14031,13315,14375
15586: 14325,15317,14658,15462
14319: 15269,15129,14470,15109,14692,13506
13564: 14418,15678
14151: 14037,12891,15353,14772
13608: 13230,13828,14500,13072,13260,13607
13723: 14103,15034,15520,14416,13124,15491
15298: 15289,13978,15523,13421,14097
15722: 15539
14313: 13165,15055,15358,14885,12903,14476
14088: 13602,15054,12982,13670,13330,13745
14906: 13054,15053,15807,15153,13468,14640
14087: 15458
13576: 14533,15682,14219,13914,14849,15091
13750: 13656
13831: 14992,15491,15034,13902,13324,15126
15362: 15556,14315,15097,13155
13517: 
14104: 13088
15632: 
13984: 14225,14923,14873,14942,14529,13652
13707: 12876,13296,15445,13712
14961: 15243,12952,13510,13221,28559,14767
13292: 14354,15641,15744,14675,15529
15159: 14436,13225,13157,14701,14925,13870
15230: 13138
14955: 13682,13309,13569,14292,15116,13449
14617: 15391,15661
13772: 13034,15766,14851,13491,13847,15033
14907: 15657,15084,13331,14668,14454,14738
14078: 15519,15166,14606,13889,14839,14795
15439: 14786,13721,14510,14754,15068,15018
14055: 13526,13991,14175,13365,14148,13619
14333: 15161,15600,15452,15634
14880: 15286,14740,15108
15031: 13973,15758,13909,14102,13273,13066
14966: 14434,14562,15698
13757: 15613,12841,14692,13498,15109,13879
14153: 
15563: 15287,13196,12988,12978,14512
13940: 15718,15029,14016,12873,15472
14516: 
15616: 14822,14806,15352,14068,13263,14913
15724: 15113
14640: 14459,14336,14583,14906,13759,15807,15153
15225: 13773,15403,15342,14757,13975,15338
15327: 14297,15334,15602,13877
14239: 15588,14586,15790,15764,13645,15392
15655: 13194,13080,13296,13215,14265
13341: 14831,15020,13092,14327,15557,14190
13234: 14430,13103,15615,12922,12984,15713
15232: 13963,13733,15771,13158,12969,13118
12980: 14724,15412,15670,12948,14450,14509
14754: 15570,13599,14073,14786,15439,15018
15425: 13163,12960,15189,13340,15697,14792
15349: 13148,14159,14768,14498
14657: 13545,15499
15393: 15619,15686,12825,13864
15647: 15366,15431,13452,12951,14150,15396
14358: 15482,14492,13489,15745
15125: 
15541: 12882,14646,13817,15474,15505
12851: 13213,15583,13527,15665,14600,14201
15410: 15195,13435,15387,13432,13442,15797
13150: 14278,13079
15387: 13435,15410,15558,13193,15797,13595
13349: 15455,15795,15735,15115
13450: 13615,13229
13620: 14287,15375,14421,13357
13610: 15305,14991,15268,15390
15316: 14969,14770,15025,15682,14479
15013: 13689,13198,15009,15182,15545,14340
14171: 
15324: 13993,13444,14859,12990
14863: 12970
15130: 15531,12865,14427
14096: 
13048: 13045,15006,13257,15291
14306: 14188,15078,28659,15600
15243: 12952,14961,13510,14800,14069,13042
13800: 13197,14092,13167,13945,13044,14895
13452: 13631,15366,15431,13848,15647,13154
14376: 14003,14857,13293,13648,12900,15568
15649: 14672,13214,14143,13337,13731
15592: 13184,13866,14706,15518,14655,12927
14290: 14570,14382
14327: 15143,15020,13341,15641,14662,15557
13041: 15742
13638: 13217,14363,13767,13753,13171,15608
14452: 13415,13278,14500,12892,15416,15581
13651: 15650
13615: 13450,14878,15408,13073
13247: 12964,15045,15371,13890,13609,13218
15005: 12905,13679,15414,14817,13919
14882: 14526,13000,12829,15399,14214,14052
13064: 14964,15389,14703,13384
14575: 13760,13299
12924: 13254
14135: 13566,15271,15192
15624: 15528,15173,13269,14704,14084,13469
13895: 13952,13951,14604,14471,14791,14202
13792: 13364,15075,12920
13691: 13478
12866: 14551,13974,15001,15596,14739,12896
14387: 13125,14780
13462: 13513,14867
14048: 13825,15150,13915
13645: 14586,14239,15392,15813,14561,13999
15747: 14531,12880,14761,15096,14226,15220
14664: 14206,13317,13781,14613
14159: 15673,15349,14672,13337
13949: 13213,15583,12914,13701,13137,15224
13508: 15723,13841,13100,13077,15787
15331: 15202,14625,15585,14980,14568,13752
15703: 13928,14263
14052: 15312,14214,13000,14882,13968,15497
14717: 15105,15420,13556,15112,13561
12972: 15313,13730,13770,13054,13697,13905
13919: 14896,14817,13643,15005,13679
14967: 12918,13513
13686: 13585,15695,15285,14308,14774,15278
13265: 14719,15584,13946,13177,14124,13127
13748: 14447,14902,13231,14903,14886
15580: 13069,13648,13802,15568,13166,13636
13093: 13139,15464,14003,12900,13278,15015
12971: 13099,14374
14173: 13999,12945,14586,14406,13062,15426
13013: 15269,15259,13688,13894,13992,12818,13338
13971: 13881
13185: 14896,12994,12912,14141,14116
13567: 
13927: 13199
15756: 13236,13525,15780,13827,12904
15289: 15298,13923,14976,13362,15523
12985: 14138,15252,14328,14636,15103
15628: 
13746: 14113,14771
13955: 12871,14090,14395,12848,14394
15715: 13168,15201,12830
12834: 14874,14063,14694,14861,14457,14488
13217: 14363,13638,15165,13604,15608,14732
15033: 13465,13847,14356,14338,13491,13772
14422: 15388,15436,14289,13068,13283,15501
12895: 
14451: 15599,13284,14260,15466,14133,13352
12977: 15100
15209: 13810,15692,13396,14218,14155,13698
13991: 14055,13526,14169,13581,14741,13365
15648: 13119
14540: 13334,13717,14188
13095: 14753,14006,13818,13219
14113: 15510,13746
12946: 13826,15562,15118,14716,14940,14632
14453: 14335
14720: 12820,15761,13666,15694
13643: 13389,13734,14896,12994,13919
13609: 13890,15380,12929,15371,15750,13247
14324: 15418
14349: 14968,15236,14816,12973,12906,14987
15474: 13187,13393,15541,13817
15477: 13985,13499,12858,15578,13408
14014: 14511,14555,15081,14053,15287
14308: 14736,15285,15609,13686,15278,14744
15512: 
15723: 13841,14811,13508,15787,14812,13121,15214
15453: 15319
15729: 13808,13656
13665: 14655,12927,14812,13407,13017
13545: 14657,15440
14971: 13022,14893,14163,14009,14377,12979
15204: 13123,15525,14796,14407,14840,15652
14903: 14513,14902,13748,14886
14741: 15296,13365,13581,13058,13455,13991
15658: 12899
13914: 13576,15682,14770,14849,14006
15341: 15469,15644,14783,15445,13762
13963: 15232,13733,12969,12903,13872,14476
15543: 14791,14202,13180,15415,13546,15736
15157: 12912,13734,14447,15559,12994,13332
15777: 14616
13047: 14867,14417