12986: 16800
17682: 17327,13781,17659
13089: 13796,12859
13583: 8075,12972,12968,7847
16228: 17619
13310: 13584
10087: 16286,17406
13182: 12825
13230: 17002,13700,13109
13760: 
13197: 16919,13502
13762: 12815,12857
9340: 7370,16906,8180
13436: 12821,13701,13046
13250: 13588,8090,13612,13086,13806
16970: 13424
13718: 13377,12817,13287
13746: 5168,7053
13534: 13207,13161,13385
13690: 13533,13569,13073,16949
13336: 13287,17372,13339
13511: 13024,13590,12848,13060
13466: 13505,17561,13206,13036,13243
17564: 13142,4333,3438
13389: 12831,13733,7370,13671,13169
13050: 9786,13707,13163
13736: 5379,13644,5029
8093: 13480,8559,17669,13774,12823
16841: 
13297: 13684,17413,13309
16107: 
8679: 
17195: 
13446: 13813
13643: 13594
17392: 13752
13596: 
2797: 12940
16831: 
13394: 13337,13018,13234,13019
13656: 13603,13620,13383
17290: 17575
13675: 4207,12915,12851,12995,13637,12894
12872: 13513,6911,12980,16565,13442
13541: 13810,13537,13143
13492: 8217,13484,17538,13460
13343: 13516,17256,13798
13028: 17349,17579,17522
13705: 13055,12991
13595: 13072,13003,13669
13496: 13502,13006
13739: 13022,17640,13107,12870,12936
13530: 13473
13214: 13667,16934,12926,13601,17643
13177: 13788,13588,7848
13254: 7296,17570,13292,17091,13812
17344: 
13387: 13671,13169,13062,13719
13778: 13274
16372: 5177,13641,6105
13601: 13464,17526,13731,17643,13667,13214
17685: 16675,7268
17161: 
13001: 16924,13244,13390
13413: 13777,12892,13532,13660,13515
9880: 16108,8314
13098: 12995,13637,17491,13358
17229: 16844
13490: 17522,13033,13524
13789: 
12867: 
13489: 17142,15027,17221
8199: 
13036: 12977,13468,13466
13383: 13102,13656,5955
13356: 12961
12928: 13698,13636,13106,13785,13076
12836: 13804,13696,13024,13485,17130
12946: 13509,9015
7883: 8112
13378: 13232,13574,13245
13651: 13795,15117,12828
13268: 13767,13065
13545: 
12842: 12829,16777,17580
13327: 13374,13107,2698,16098
13234: 17101,17633,13640,12920,13394
12987: 
3231: 16977
17031: 13598,17296
14889: 17433,17452
17698: 17320,16615
13597: 13145,12884,13370,8208,8551,13775
5008: 13400,12933,13632,13167,13298,13069
7172: 
17171: 17553,17695,17634,17173
15315: 13761,12929,13546,10918,17097
17518: 13017,13611,17650,17687
16877: 16039,15730,7429
12932: 8306,13682,13195
13714: 8889,13563,13810
13120: 17671,17398,16208,13077,12841
16658: 15890
4341: 12998
13683: 3100,13536
13008: 12881,13666
13037: 13655,16987,13019
13443: 9015,13166,13472
13404: 
16883: 13049,13754,12858,5254
13097: 13721,13396,13207
13096: 
13078: 9315,6331,8439,12942,13321,13265
13472: 12960,13443,13710
17574: 16538,17061
15226: 3102,13233,12959,13495,13647
15889: 
17450: 17042,13433,17671,16806
13081: 17652
13580: 17274,12874
13403: 13094
13313: 13808,17559,13180
13300: 13793
13469: 12871,13220,13066,13169
8883: 
13110: 13753,13420,13083,12980,13513
13316: 17357
13208: 9217,13726,8757,17512,13247
13704: 13648,13191,12890
13294: 9590,16727
13418: 13170,12924
13278: 13155,13386
17591: 6426,17302,5951,17027
13782: 13053,16307,13282,13248,12869,13423
16395: 
17430: 
17617: 16811
16132: 10220
13731: 12819,13677,13601,17526,13774,13667
17143: 17105
12997: 13227,13607,12927
13150: 13453,17521
13031: 12939,17640
13102: 13383,5955,13638,17247
13752: 17392,17378,17605,13258
16887: 17645,11625
13350: 13058
14581: 
12938: 12879,13441,17378,13258
13141: 13653
13779: 13298,13725,13069,13340,13138
12827: 12846,13345,13648,13025
13151: 9750,13012
17176: 17301,8118,17514
17035: 
16704: 17385,17350
12975: 6195,13650,13189,12851,13477
12961: 13356
17625: 9427,16095
12990: 10305
12982: 13042,13332
13155: 4683,13278,12826,13366
15544: 17607
13273: 7056
13145: 13144,13597,16987,13370
17566: 
8204: 8090,7158,13222,12966
13409: 13286,13552,13007,12822,13577
13797: 13554,13261,16932
17385: 16704,17350,8364,17303
13187: 13320,13582,15449,9476,16660
12994: 12908,13009,4207,12915,12973
17584: 14097
17356: 
13795: 13651,12828,13092
13478: 
5168: 13219,13746
16353: 16247,13695
12924: 13175,13397,13086,13418
7282: 16488
16386: 15431,17462,17453
17256: 13157,13708,13807,13633,13343
13039: 13355,13772,13188,12860
13190: 13608,13423,13248,7638
13573: 13027,12948,13775,13237,13654
15504: 17635
13761: 12841,15315,12859,13566,12929
13584: 13310,13450
13811: 13455
17266: 
16455: 5745,6210
17632: 17529
13213: 
13529: 4695,13029
13042: 12982,12877,13210,13571
12819: 16388,13677,13731,16307,13282,7748,17526
17317: 
13063: 4923
13073: 12887,13332,13690
13308: 17378,17605,13184,13133,12879,12965
13422: 17400,16932,13554,13463
17374: 17623
17668: 17108,17005,15810,11559,16954
14710: 10220,15043
13455: 13811
13139: 17297,13582,13180,12923
4333: 16535,4103,17564,13142,3438
13170: 13418,12952
13106: 13743,13785,12928,12856,13076
13071: 13425
13634: 4774,13379,17409,13606,13514
13470: 6445,13224
13206: 17561,13619,12898,13468,13466
12915: 13675,4207,12851,12994,13477
13621: 17643,13447,13434
13735: 13424
17236: 7525
13590: 13511,13696,12848,13040,17489
13715: 13122
13528: 12917,13382
14608: 16798
13419: 6002,16339,13246
13122: 13715
17396: 
13429: 13366,13642,17306,13038
12927: 13694,12997
4329: 
12833: 13010,13104
13575: 13381,13295,13562,12974
13542: 4441
16921: 
7016: 6896,13080,8191,17597
13193: 13474
12972: 8075,13583,13748,12964
17462: 15431,16386
16686: 8628
7619: 
17677: 17208,17666,15742,17690
2974: 15026,2664
12855: 13048,13716
4679: 3761
13499: 13199,17130,13804,13054,8559,17669
13427: 8781,13406,12878,8314,17405
13611: 17650,17540,17518
12926: 16934,13214,13075
3959: 17613,17581
13614: 17413,13803,13185,12971,12948,13454
17300: 13608,13423,7869,7748,13464
7766: 
13306: 
17320: 17698,16615
17654: 14813
13640: 13019,17633,13234
13432: 4771,13589,12985,6196,13318
13449: 13493
17607: 15544
13526: 13358,4904,13125,13679
16541: 17649
13010: 12833,12871,13099
12995: 13098,13637,13212,13675
13619: 17561,13206,13401,12823,12898,13467
17316: 13627,17026
7367: 16357,13666
13289: 
17345: 17495
13441: 13137,13261,12938
13285: 
17429: 
13577: 13618,13007,13409,13286
17525: 16814
17666: 17677,17690,17540
12910: 13263,12888,12949
13131: 13549,13572,13014
13202: 17490,13165,16527,4771,13589
12823: 13401,13774,13480,8093,12898,13619
7144: 12969
13765: 12993,13756
6456: 7279
6340: 13029
13381: 13575,13562
13411: 13011,13688,13003,5752
13757: 17394
9666: 13618,16793
13014: 13702,13131
13770: 
16090: 
7965: 
17129: 
16750: 7869,13608
17643: 13621,13447,13601,13214
17608: 
17622: 
13332: 13500,13571,12982,13073,12887
13007: 15790,13409,13577
8439: 6331,13078
16527: 17490,13202
13425: 12916,13071
13503: 13652,12817
7257: 12980,17470,13753,17401
15449: 12862,13162,13320,13187,16660,13095
12902: 6896,13392
13593: 13605
13750: 13255
12964: 12972,8539
13556: 6309,13173,13161
12870: 13739,13301,12953
17263: 16565,17470
12825: 13748,13182
17355: 
13201: 13154,9590
13670: 
5137: 4678,13504
16397: 17499
12934: 13245
4688: 4933
12960: 13472,13166
13354: 12877,13056,9016,13210
16876: 17330,17623,17590
13363: 13657,13194
17671: 17398,16208,13120,17450,17053
13572: 13228,13272,13549,13131
13245: 13378,12934
13748: 12825,12968,12972
4658: 4774,13179,5835,13725,13544
13788: 13041,13177,13144
17324: 
13793: 6080,12917,13300
13038: 17306,13429,13642,13147
13184: 13133,12879,13308
13017: 17518
13103: 13624
13406: 8781,13427,13563,8889,17405
13358: 13526,13098,13637
14960: 17573,17626
13293: 4771,12831,13066
13077: 13130,13566,16208,13120
16170: 17694,15508,17670
13783: 10001,10414,13405
13812: 12840,13292,13254
13722: 
17330: 16876,17623,4646
13604: 17575,6922,13270
17026: 17316,15314
13658: 12929,13546,13048
13508: 13101,13568
13710: 13791,13472
17522: 13490,6544,12901,13028
13147: 13038
13164: 13476,13786
8112: 7883
16047: 13260
13205: 
13305: 12882
14203: 
17699: 11523
15804: 
13082: 13012,9750
12953: 13301,12870
17189: 15638,16912,17486,707,17552,17688
13298: 13779,5835,13167,13725,5008,13069
13717: 13408,17448,13555
12896: 13085
13407: 12939,12838,12820,13452,12940
16910: 17057
12921: 
16874: 
5745: 16455,6210
16905: 17281,2241,2967
7037: 
13018: 13257,13394,13019,13068,13576
17540: 17650,17666,13611,16251
13099: 13444,13033,13747,12871,13010
16574: 17414
13453: 13249,13150,17673,17521,13090
13101: 13557,13023,12844,13508
13784: 13733,13196,13128
16536: 
13129: 17033,13550,13064
17408: 12923,17297,10220,15043,13713
17400: 16932,13422,10819
16880: 5295,16450
5138: 12959,12856,13743,3102
13240: 7185,13473,17655
13709: 13390,13807,6071
13426: 13191,13532,13515
13785: 13106,13159,12928
17101: 17633,13234,13148,13286,12920
12834: 
13314: 5939,13535,13719,16906,8180
12826: 13155,13366
13787: 17665,13457
12996: 13026,13454,12971,13706,13221,13537
6661: 17302,13585,15600,13275,16741
13048: 12855,13716,13658
12862: 15449,12863,13320
13644: 5029,13736
13054: 13451,12943,13804,13499,8559,13430
17383: 13728,5869,13124
9043: 16482,17155
12911: 8217,12918,17190
15274: 
12913: 13693
13040: 13723,12918,13484,13590,17489
12977: 13036,12925,13468,12957,13569
17694: 16170,17370
13442: 12822,12872,6911,16979
13587: 13520,13191,13606,13780
13523: 9016,13094
15026: 2974,17455
13720: 7281
13479: 
16039: 16877,17664
17601: 771,16944
16906: 13671,9340,7370,8180,13314
14968: 16013
13264: 16767,13635
13012: 13082,13151,13280
13279: 
12869: 13522,13712,12905,13782,13053,16307
12882: 13463,13305,16208
13384: 12824
8090: 8204,7158,13086,13250
13203: 13638
12846: 12827,13574,13025
17405: 13427,13406
8234: 7049
13680: 13669,13481
16960: 6088
17626: 17346,17283,14960,16755
16783: 17105
12880: 13247,13295,13195,13083
5779: 17652
17337: 5065,16419,16824
17597: 9217,8191,7016,6896,13726
13620: 13514,13656,13178
12857: 16742,3761,13135,13762
12933: 13699,13400,5008,13632,13745
13616: 
12890: 13704
13759: 7848,13806,17002
17370: 17670,17528,17694
13198: 13558,9016,13094,13769
13359: 13525,13417,17692,13013
13654: 13192,13074,13573,13027,13237
13244: 16924,13001,17587
4933: 4688
3102: 15226,13233,13149,12959,5138
13506: 13562,12919,13351
13114: 13431,9483,17530
13522: 17489,13485,13712,12869,12905,13696
17614: 17046
13220: 12871,13469,13066,12985,13747
16940: 
16563: 
13019: 13640,13655,13037,13018,13394
15730: 17687,7429,16877,17664
13125: 13730,13526,13679,12912
13639: 13178
16591: 2600,17653,17492,15658
13776: 
13046: 13701,13226,17177,13436,12931
17051: 
13257: 13337,13018,13068,13398,12873
16806: 17042,17450
16045: 17376,15664
12908: 13009,12994,13679,13637,4207
13021: 13410,13176
5752: 17517,13411,13003
13476: 13164,17122,13786
13537: 13221,13026,12996,13541
17442: 
10305: 10802,12990,13486
13725: 13779,5835,13298,4658,13544
17286: 12830,11221,11211
5523: 
17407: 17117,17354,13445,16708,15472
13260: 16047,12883
15957: 
13322: 
8762: 13513,6911,13420,13790,13681
13559: 
13075: 13626,13467,16934,12926,13126
7296: 17570,13254,17091
17534: 15403
12860: 9134,13568,13188,13039
10633: 13808,17559,17592
486: 15685
12985: 13432,17610,6196,13220,13747
17025: 17596,17178,17571
6748: 
7295: 
13228: 13572,13235,12983,12952
13698: 17295,12928,13227
13562: 13506,13575,13381,13295
13569: 13533,13690,12925,13456,12977
7638: 13248,13190
17633: 17101,13234,13148,12922,13640
13324: 
13126: 12849,13075,13626
17002: 13230,13759
13740: 17409,3862,12843,13520
13329: 5833
13194: 13657,13363,13465
12992: 13649,13681,13549,13552,13148
13806: 7848,13759,13612,13250
13161: 6309,13556,13534
13415: 13222
16824: 5771,17337,16419
13399: 17201,12973,13057,12984,13167
7494: 
17394: 13757
13803: 17413,13309,13614,12884,12948,13775
13457: 13771,13787
13754: 12858,16883,5254
13435: 13123
16606: 
17631: 13128
17539: 
13239: 4441,17493
13682: 17457,8757,17512,12932
12861: 
12816: 13391,13801
2285: 16969,12899,16912,17688
17675: 
13627: 17316,15314
6714: 17215,13676
13372: 13180,13079
12993: 13765,7049
13430: 13480,8559,13054,12943,13115
13210: 13769,13673,13354,13042,13571
17296: 17031
13664: 6195,13650,12845,13591,12892
13756: 13765
6450: 
13480: 8559,8093,13430,12823,12898,12957,13115
16694: 16854
17248: 17657
15982: 17552,17688
6533: 13538,6293
13123: 12820,13452,13435
17628: 4221,13729
17273: 16649
15361: 17634,17653,17686
12909: 
16784: 17505
13459: 13118,13551,13482,13237,13192
15428: 17627
16818: 17646
17372: 17639,3223,13336
17318: 17691,17062,17506
13066: 13220,13469,13293,12831,13169
17411: 4356
13156: 12983,13335
7895: 16203
17357: 13316
13022: 17640,13739,13380,13107
16387: 7996,13291
9322: 13074,13067,13088,12878,8781
13571: 13500,13223,13332,13673,13210,13042
10301: 9776
17670: 15508,17370,16170
17638: 10918,17398,17053
17437: 17094
8191: 9217,17597,13458,7016,13080
13256: 13068,13576,8208,8551,8884,13118
12943: 13451,13054,9891,13430,13005
11523: 17699
13451: 13054,9891,12943,17531,17576
13589: 13432,4771,13202,13165,13318
13582: 13139,13087,13187,9476
10812: 9118,12951
17657: 17248
17461: 
13148: 17101,17633,12992,12922,13286,13552
13315: 
13685: 12895,4667,13732,13751
13388: 
12965: 10001,13133,13308
13641: 16372,5177,6105
13218: 13412,13079
13766: 12881,16866
13743: 13106,13330,12856,5138
7429: 17687,15730,15768,16877
17100: 17695
13027: 13573,12948,13026,13454,13654,13074
17630: 12568
13065: 13767,13268,13274
17488: 17510,17307,16476,8118
2676: 3765,17554,17549,12941
16257: 
13049: 16883,5017
12843: 13646,13241,13108,3862,13740
17003: 17419,16258,17449
13307: 17306,12958
13192: 13654,13459,13482,13237,13088
4932: 
5951: 17027,16741,17302,17591
17664: 16039,15730
16727: 13334,13294,17592,17559
14818: 
17690: 17677,17666,16251
12865: 13361,12815
12906: 13805
13121: 13565,7158,13346
17251: 13360
13365: 
14813: 15626,17654,17458
16754: 
13730: 13125,12912,12858
17510: 17307,17488
8551: 8208,13370,13597,13576,13256
13304: 13674,13727,12885
13694: 17612,12927,3761
13353: 13737
8559: 13480,8093,13430,17669,13499,13054
13745: 13632,12933
16208: 17671,13120,12882,13077,13433
17590: 16876
11180: 15864,17678
5234: 6050,17479
13251: 13088,12878,13482,8888
17487: 17454
12958: 5029,13630,13307,17306
15724: 2171
15472: 16708,17354,17407
7746: 
17274: 13580,12874
3438: 13159,13813,4333,17564,13142
17034: 13109,13185
13056: 13354,12877,10208,13132
13172: 
12922: 13549,17633,13148
17142: 15027,13489
13647: 13368,15226,12959,13607,13543
15027: 17142,13489,17221,16844
13460: 17538,6569,13492
17181: 
13176: 13697,13021,13410
11664: 
17058: 17059
5955: 13686,13383,13102,17247
16089: 
13574: 12846,13345,4654,13378
13128: 7370,13784,17631
17109: 
13631: 12853
13702: 13014,13397,12976
17283: 17626,17346,16755
13588: 13250,13175,12839,13177
13033: 13444,13099,13490
16726: 17387
13662: 17260,7056,13284
13732: 13189,13685,12845,13650
13679: 12908,13009,13526,13125,12912
7279: 6456
17247: 13112,13102,5955
17532: 1243
17149: 15823
17555: 9794,12916
13737: 16759,13578,13353
6083: 
17350: 16704,17385,8364
16755: 17626,17283
13465: 13527,13194,13318
13629: 
4120: 
7185: 13240
15790: 13007,16979
13777: 13567,13413,13591,16773
6341: 
16013: 14968
12957: 12898,13468,13115,13480,12977
13391: 13521,13755,12981,12816
17052: 17693,2470
17697: 15370
17179: 17481
9680: 13137
16895: 3796
4550: 4904,5017
13696: 13024,13590,13522,17489,13485,12836
16059: 17148
12954: 13349
16761: 
13603: 13514,13656,13379,13200
3096: 
13781: 13417,17682
10209: 12854,16127
17080: 
13433: 17042,17450,13463,16208
13370: 13655,16987,13145,13597,13576,8551
8781: 13427,13406,9322,13067,13563
12852: 13328,13376
17483: 6347
2468: 15649,17160
13087: 13320,12864,13582
13444: 13099,13033,13747,17610,13581
17665: 17186,16624,17619,13787
13497: 17575
13243: 13805,17561,13626,13466
7535: 7887,16920,9267
17515: 16866,13259,6426,5705
5487: 17572,4904
2679: 17554,17549,15649
13196: 17289,13784
13676: 6714,17215,13000,12967,13687
13618: 9666,13577,13286,16793,12920
17599: 17276
707: 17189,17486,17552
17455: 15026
13650: 13664,6195,12975,13189,13732,12845
12837: 
12892: 13413,13591,13664,13660
5996: 6118,13687
13697: 13176
13512: 
13171: 6809,6818
9267: 7887,7535
17231: 
5017: 13049,4550
13462: 13566,13130
13701: 13046,13436,12828,12931
13483: 
17576: 13769,13673,13558,17531,13451,9891
13009: 12908,12994,13679,3303
13079: 13218,13372
9016: 13523,13198,13354,13769
17580: 17032,16777,12842
17359: 17223,17097,16927
17178: 17025
17589: 17365
17304: 
17469: 17476
13186: 17595
13599: 13357
12873: 8884,13174,13257,13068,13398
17452: 14889,17433
12991: 17674,4094,13705
12959: 13607,12856,5138,3102,15226,13647
17425: 
13252: 13477,12973,12984
3081: 
17495: 17345
17650: 15768,17540,13611,17518,17687
13728: 17383,13124
5978: 12930
13178: 13639,13025,13620
13229: 
17479: 17162,17177,5234
17006: 16756,17696
13236: 13772
7261: 
16854: 16694,17701
13652: 13503,4111,13493
4287: 16398
12854: 10209,10414,16127
9800: 
17000: 13369,13721
10601: 10801
13485: 13522,13712,13696,12836,17130
17573: 14960,16837
12891: 17361
7971: 
9015: 13443,13689,12946,9355
13626: 13075,13126,13805,13243
4335: 17676
13566: 13462,13077,13130,12841,13761
13352: 
8217: 12911,17190,13492
6105: 13641,16372
10208: 13132,13056
4207: 13675,12915,13637,12908,12994
771: 17601,16624
17575: 13604,17290,13497
13440: 13693,16767
12196: 15847,12904
13238: 13360,12849
13525: 13359,13579,13013
13772: 13355,13039,13236
13807: 16924,13709,13633,17256
13749: 6896,13726,13351
13219: 13560,5168
13612: 13346,13250,13806
12885: 13304,13269
13540: 13092,13369
12881: 13766,13008
13798: 13343,13231
13330: 13168,12853,13743
17593: 16715,13140
16585: 5065,16419,13758
12895: 17020,13685,17500,17226
13633: 13516,16924,13501,13807,17256
8208: 8551,13597,13256,13775,13118,13237
13274: 13778,13065
8888: 16108,8314,13251
12850: 
13576: 13068,13256,13370,13018,8551
13729: 13507,17628
13232: 13378,13708,13367
17199: 
6426: 17591,17027,5705,17515,13259
13547: 13663,16203
2600: 16591,2109
17681: 5367
15688: 10802,17259
17298: 
13338: 13004,13661
13439: 
13005: 12925,13456,9891,12943,13223,13115
13168: 13330,12853,13142
13699: 13400,12933,3303,12945,17201
17605: 17378,13308,13414,13752
15408: 17606
2877: 
17508: 13364
13674: 13304,13691
13068: 13576,13256,13257,13018,8884,12873
11221: 11211,17286
17145: 17060,9550,17642
6196: 17610,13799,13318,13432,12985
17615: 16929
16109: 
8075: 13583,12972
15847: 12196,13095,17117,15227
9417: 9427
9775: 10191
13067: 13563,9322,13074,8781
17354: 17117,15227,17407,15472
17443: 6465,13093
17460: 
3552: 4111
13043: 13771,12829,17077
5855: 
13346: 13612,13121
17528: 17433,17370
13211: 9456
12970: 12989,16614,9794
13016: 
2387: 16872
15403: 17534
13271: 13296
17454: 17487
17022: 13013
17117: 15227,17354,17407,15847,13095
13221: 13537,13706,12996
13282: 13782,16307,13423,12819,16388,7748
13721: 13097,13393,15117,17000
2466: 
12878: 13088,13251,9322,13427,8314
16247: 16353
5833: 13329,6080,12917
10819: 13258,17400,16932
13753: 13195,13110,12980,7257
4197: 17587,16739,13501,13070,12944
16255: 17498
13408: 13333,13717,13555,13605
13687: 6118,5996,13676
13808: 10633,13313,12923
12945: 3303,12912,12858,13699
6445: 13224,13470
16524: 
13262: 13023,13557
8895: 
13657: 13363,13194
13747: 13444,13099,12985,12871,13220
13805: 13243,13626,12906
13320: 13087,13187,12863,15449,12862
13023: 13262,13557,13101
17519: 1706
13112: 17247
8757: 13682,17512,13208,13247
13567: 13777,13515,13594
13270: 6922,13604
16826: 
5295: 16030,16880,16450
16934: 13667,13214,12926,13401,13075,13467
13703: 
13758: 16585,13669
9483: 16532,13114,17410,17245
13678: 13475
13605: 13593,13555,13408
17684: 
13809: 
13622: 13461,13570
17449: 7887,16920,17003
17667: 6195,4773,13660,13241
8308: 13235,13518,13342,13111
13774: 13401,12823,13677,13731,8093,17669
13474: 13193
13610: 13532,13660,13241,13520
17661: 16333
13351: 13726,12919,13749,13506
13546: 12929,13658,15315,17097,16927
4896: 13606,13780
12856: 12959,13607,5138,13743,13106,13076
8881: 
17297: 13139,17408,12923,9476,13713
13794: 
17634: 15361,17653,17171,17173,15658
17619: 17186,17665,16228,17502
17470: 12980,7257,17401,17263,16565
12866: 13564,13642
3223: 17372
6911: 12872,13513,8762,13681,13442,12822
17023: 11779,17645
6544: 13333,13524,17522,12901
16702: 
17560: 16645,17678
16793: 17484,12920,9666,13618
15649: 2468,2679
17088: 
17656: 
13667: 16934,13214,13731,13601,13401
13094: 13523,13403,13198
13344: 12978
13287: 13336,13339,13377,13718
17417: 
13447: 13621,17643,7869,13464
17585: 15815,17410
17193: 
16964: 17499,17094,16825
13608: 17300,13190,16750,7869
13025: 13178,12846,12827
13771: 13457,13043
5747: 
13379: 13634,4774,13544,13603,13200
16624: 17186,17665,771
7053: 13746
12174: 17387,13414
17659: 17327,17682
10220: 16132,17408,15043,14710
16924: 13244,13501,13807,13001,13633
7145: 6320
13695: 16353
17602: 17492,17686
13188: 13557,13039,13568,12860
16535: 3765,4333,4103
16949: 13416,13533,13690,13653
4567: 
13080: 7016,13458,8191
13564: 12866
13549: 12922,13131,13572,13649,12992
13649: 13681,12992,13272,13790,13549
13711: 13553,13448,13317
13516: 13633,13343,13070
13323: 12864
13259: 17515,16866,6426,13635
17302: 6661,13585,16741,5951,17591
7268: 17685
13791: 13710,16614,13371
17130: 13199,13499,13485,13712,12836,13804
13707: 9786,13050
13116: 
17155: 9043,16482
12847: 
13072: 13595
13348: 13154
13347: 17215,13802
16944: 17601
17669: 8559,8093,13199,13499,13677,13774
17011: 
13686: 5955,12981
16430: 16945,14038
17242: 1440,16971,1979
13617: 
16339: 16156,13419,15643,13246
3010: 
13734: 13763
17691: 9134,17506,17318
13013: 17692,13525,13359,17022
15643: 13246,13481,16339,16156,17511,5771
14097: 17584
17421: 
13532: 13610,13660,13413,13426
13716: 13600,13048,12855
17687: 15730,7429,17650,17518
12848: 13265,12942,13511,13590
9134: 17598,17691,12860,17203,17506
17648: 
13768: 9577
17435: 13519
16927: 17359,13546,17108
13030: 13504
17191: 17163
12828: 13275,13701,13651,13795
13224: 6445,13470
17627: 15428
13334: 16727,13412,17559
13335: 13272,13790,13156,12974
4103: 12941,16535,4333,13142
3534: 17674
13179: 13057,13108,5835,3862,4774,4658
17652: 5779,17680,5423,13081
13371: 16614,13416,13791
13204: 12976,13041,12839,16987
16000: 17259
13646: 12843,4773,13241,12984
17104: 16643
13509: 12946
9118: 10812,16523
4227: 
17501: 16643,17456
12929: 13658,13546,12859,15315,13761
17498: 16255
17463: 
16398: 4287
17521: 13090,13150,13453
8628: 16686
13623: 
13199: 13499,17130,13712,16388,13677,17669
17132: 2241,2967
13275: 12828,15600,6661
13448: 13070,12944,13711
13000: 13676
13502: 13496,13706,13197,16919
13400: 13699,12933,5008,17201,13167
6461: 
17511: 5771,16156,17516,15643
13159: 13813,3438,13785
10918: 17638,15315,17097
13216: 9217,17234,17512
13673: 13769,17576,13210,9891,13223,13571
3538: 17160
13032: 17438
12851: 13675,12915,12894,13189,12975
8884: 13174,12873,13068,13256,13118,13551
15831: 16788,15129
13169: 13671,13387,13389,13469,13066
12941: 4103,13127,2676,3765,17549
13780: 4896,13606,13587,13648
13560: 13219
13565: 7158,13222,13121
13504: 13030,5137
12971: 13185,13006,13614,13706,13454,12996
16468: 
5114: 16100
13272: 12983,13335,13790,13572,13649
5751: 17033,13550
7281: 13720
8219: 13166,9355,9786
12871: 13220,13469,13099,13747,13010
16776: 16476,13609,7999
17177: 17479,17162,13046,13226
17672: 17603,3455
13434: 13395,13621
13533: 13569,13690,13153,16949,13416
13085: 12963,12896
13764: 13349,13209
13064: 17562,13129,7162
17378: 17605,13308,12879,12938,13752,13258
7887: 16920,7535,17449,9267
13390: 13709,13001
13724: 13051
16742: 12857,3761
13486: 13672,10305,13402
13366: 13429,13642,4683,13155,12826
13373: 12935
13136: 
17481: 17179
13340: 13069,13779
17376: 16045,15664
16709: 17557
13672: 13486,13299,13402
17517: 5752
10204: 
13648: 13704,13780,12827
13138: 13544,13146,13779,13290
16245: 
16649: 17273,16326
17645: 16887,17569,17023
13149: 3102,13233,13539
12893: 13290
17019: 
12937: 13437,10414
14418: 
16977: 3231
13638: 13102,13203
17255: 
13113: 13263
12568: 17630
2698: 13327,16098
13398: 13152,13257,12873
12979: 12899
17655: 13240
17062: 17506,17318
16450: 16880,5295,16030
13222: 8204,7158,13415,13565,12966
13090: 17673,17521,13453
13349: 13209,12954,13764
13024: 13511,13696,12836,13517
13158: 
14613: 
15508: 17670,16170
17163: 17406,17191
13303: 
16957: 17595
4771: 13432,13589,13202,13293
17695: 17100,17553,17171
12831: 13389,13570,13293,13066
17618: 15748
7848: 13759,13806,13177,13684
13015: 
16156: 16339,17516,15643,17511
13368: 13215,13647,13607,17612
13507: 13729
16302: 
13107: 13327,13022,13739,12936
13111: 13342,13518,8308
13108: 13057,13179,12984,12843,3862
13119: 12988,4667,13751
13045: 
13467: 13075,13401,16934,17561,13619
17623: 17374,17330,16876
6331: 8439,9315,13078
13550: 17033,13129,5751
12884: 13144,13597,13803,13309,13775
17592: 16727,10633,17559
13261: 13325,13441,13797,13625
13755: 13200,13146,13521,13391,12981
13452: 13123,12820,12940,13302,13407
13475: 13678
17072: 
12980: 17470,7257,13753,13110,12872,13513
13552: 13409,13286,12992,12822,13148
13146: 13544,13138,13200,13755
17211: 4575
17637: 15114,11779
13397: 13175,12924,13702,12976
4923: 13063
9891: 13451,12943,13673,17576,13223,13005
9456: 13143,13047,13211
17639: 17372
6071: 13709,13157,4654
13280: 13012,5939
15815: 17410,17530,16780,17585
16798: 14608
16919: 13197,13428,13502
13183: 
17467: 
8314: 9880,8888,12878,13427
17676: 4335
16675: 17685
8101: 17565,17203
6701: 12832
13070: 13448,12944,4197,13501,13516
17674: 2664,4094,3534,12991
4694: 
12978: 13344
9590: 13294,13201
5367: 17681
5177: 16372,13641
13481: 15643,5771,13680
17512: 8757,13682,13216,13208,17234
9750: 13151,13082,9210
13628: 13377
15834: 17577,17642
17579: 17349,13028
17020: 12895,4667
12905: 13484,17538,13522,17489,12869,13053
16538: 17574
13311: 13585,13092,13635
16127: 12854,10209
13531: 
16912: 15638,17189,17688,2285
13144: 13145,12884,13041,13788,13309
4441: 13239,13542
13723: 12918,13040
13265: 12848,13078,12942
12864: 13087,13323,12863
13364: 17508,13613
13086: 13175,12924,8090,13250
6896: 7016,12902,13749,17597
17678: 11180,16645,17560
13461: 13622,17490
17603: 17672,15893,3455,13044
6050: 5234,17651,12931
4575: 12815,17211
16969: 17428,12899,2285,17662
13395: 13434,12849
12956: 13209
17410: 15815,17530,9483,17585,17245
8889: 13714,13406
12935: 13373
17068: 
13246: 15643,13419,16339,13665
12859: 13089,13761,12929
9776: 10301,13402
12644: 
9872: 
16788: 15831
4094: 2664,17674,12991
16739: 17587,4197,12944
17427: 
3679: 17440
13712: 13522,13485,12869,16307,13199,17130,16388
13517: 17531,13024,13558
13319: 
7162: 13064,7510
13468: 12898,12957,13206,13036,12977
11559: 16954,17668
2146: 
12949: 12888,12910
13700: 13109,13230,13684
13011: 5873,13665,13411,13688
13041: 12839,13788,13204,13144
12899: 17428,16969,2285,12979
13775: 13573,12884,13597,13803,8208
17226: 12845,13591,17500,12895,4186
15431: 17462,17453,16386
16270: 
17349: 17579,13104,13028
3657: 
17057: 16910,17505
13691: 13674
12883: 13260
17414: 16574,13727
6351: 
13375: 
6569: 13460
2109: 2600
13602: 13524,13581,12947
13044: 15893,17603
12898: 13468,12957,13480,12823,13619,13206
13594: 13515,13643,13567
13002: 
13255: 13750,13773
13117: 12897,13362
13505: 13466,12989
16987: 13655,13370,13037,13204,13145
13104: 17349,12833
6191: 
13369: 17000,13540
16746: 16668
11779: 17637,17023
12844: 13101
5960: 
17094: 17437,16964,16825
13142: 17564,4333,4103,3438,13168
16030: 5295,16450,16945
17440: 3679
17244: 
17476: 17469,17496
13165: 13202,13589
13223: 13500,13571,13673,9891,13005,13456
1243: 17532
1244: 17502,13742
6680: 17537,6796
15114: 17637
12968: 13583,13748
12923: 17408,13808,17297,13139
9217: 8191,13208,17597,13216
13606: 4896,13780,17409,13587,13634,13514
13115: 12957,13480,13430,12925,13005
6210: 16455,5745
13514: 13603,13634,13606,13620
16324: 
13249: 13453
16811: 17617
13741: 13100
16603: 
6465: 17443,13093
16936: 
17609: 
13428: 16919
6228: 16526,5870
2967: 16905,17281,2241,17132
17514: 8118,17307,17176
13713: 15043,16708,17297,17408,13445
13578: 13737
3841: 16765
5029: 13644,12958,5379,13736
12931: 6050,13701,13046,17651
13127: 12941,17549
3455: 15893,17672,17603
17696: 16756,17006
12973: 17201,13399,12994,13252
13069: 13340,5008,13632,13779,13298
13157: 17256,13708,6071,13367
13337: 13257,13394,17484
13558: 13198,17531,13517,13769,17576
13174: 8884,12873,13152,13551,10191,9200
15370: 17558,17697
15531: 17303,16258,17419
13034: 17165
13493: 13449,13652
12976: 13204,13397,13702,12839
12835: 
12944: 13070,13448,16739,4197
12967: 17215,13676
16445: 17458
12940: 2797,13452,13407
13302: 13084,13452
17327: 6826,17682,17659
16659: 15129,16482
16734: 13438
13004: 13338
16966: 
4328: 16976
16286: 10087,17406
13215: 13368,13543
16780: 15815,17530,17272
5257: 
16976: 4328
13341: 
4678: 5137,16333
10406: 
17571: 17596,17025,17600
7748: 13464,17526,13282,17300,13423,12819
13053: 13782,12905,17538,13248,12869
16482: 9043,16659,17155
9466: 
16932: 17400,13422,13554,13797,10819
17448: 12947,13555,13717
13813: 13159,3438,13446
17173: 15658,17658,17634,17171
17148: 16059,17423
17428: 16969,12899,17662,16828,13181
5835: 13167,13298,13725,13057,13179,4658
17436: 
13536: 17611,3100,13683
13132: 10208,12877,13056
13786: 17122,13360,13164,13476
13181: 16828,17636,17428
17409: 3862,13740,13634,13606
17673: 13090,13453
17468: 
13592: 6347
13396: 13207,16922,13097
17596: 17025,17571,17600
16866: 17515,13259,13766
1329: 
12841: 13761,13566,17398,13120
17077: 13043,12829
8306: 12932
13209: 13349,13764,12956,13609
4667: 13119,17020,13685,13751
6205: 17537
17139: 
16715: 17593,13140,17295
17342: 
13088: 12878,13251,13482,13192,9322
16495: 
17208: 17677,15742
7869: 16750,13608,17300,13447
17506: 17062,17203,9134,17691,17318
13773: 14956,16203,13255
13386: 4683,13278,13792
16837: 17573,17346
15685: 486
13191: 13520,13426,13587,13704
13105: 
13598: 17031,13450
13689: 9015,13288
5254: 16883,13754
17688: 15982,17552,16912,17189,2285
17537: 6205,6680
13727: 17414,13304
13482: 13459,13192,13088,13251
15742: 17680,17208,17677
13515: 13594,13567,13413,13426
12897: 13362,13117
12963: 13085
12888: 12949,12910
13130: 13077,13462,13566
16283: 
13281: 13668
5379: 13736,5029
13374: 13327,17683
12820: 13123,13452,12838,13407
17381: 17137
13093: 6465,17443
12877: 13354,13056,13132,13042
11162: 17473
12930: 5978
17492: 17602,17686,17653,16591
13799: 17610,6196,13527
17554: 2679,17549,2676
13226: 13046,17177,13553
13464: 13601,7748,17526,17300,13447
17420: 13744,17612
16410: 
16708: 15043,13713,17407,15472
15117: 13651,12821,13393,13721
14417: 
8656: 
17091: 7296,13254
17701: 17644,16605,16854
13392: 12902
9981: 
12874: 17274,13580
17014: 
17662: 17326,17428,16969
16526: 6228,5870
17293: 17358
16872: 2387
13006: 13185,12971,13496,13706
13405: 13357,13783,10001
17438: 13032
4774: 13634,13379,4658,13179
16814: 17525,17059
5720: 
13237: 13459,13118,8208,13573,13192,13654
16098: 2698,13327
6810: 6809
17222: 
12907: 
16533: 
17260: 6347,16306,13662,7056
13416: 16949,13533,13371
9794: 17555,12916,12970
9210: 13242,9750
17611: 13536,17308
2664: 17674,4094,2974
14962: 
13600: 13487,13716
13414: 12174,17605
16985: 
12981: 13686,13755,13391
13180: 13372,13313,13139
4573: 
6309: 16922,13556,13161
17346: 17626,17283,16837
16429: 
17473: 11162
16307: 13782,13282,13712,12869,12819,16388
13767: 13065,13268
16971: 1979,17242,17646
9550: 17145,17577
12830: 17286,11211
9235: 
4326: 
13380: 12939,12838,17683,13022,17640
17612: 13694,13368,17420
16767: 13264,13440
13248: 7638,13782,13053,13190
13296: 13271
12989: 12970,13505,16614
13263: 12910,13113
13091: 
13076: 13227,13106,12928,12856
16995: 1979
1440: 17242
13059: 
17500: 12895,4186,17226
13258: 10819,17378,12938,13752
13463: 12882,13422,13433
13642: 13429,13366,13792,4683,12866,13038
4649: 17386
13267: 
12853: 13330,13168,13631
13367: 4654,13157,13708,13232
12879: 13184,17378,13308,12938
12868: 
13519: 17435
13060: 12886,13511
13671: 16906,13169,13387,13389,7370
17640: 13022,13739,12939,13380,13031
13291: 17679,7996,16387
13376: 12998,12852,13328
17285: 
14306: 
17389: 
13137: 9680,13441
13309: 17413,13803,13297,12884,13144
17531: 13804,13517,13558,17576,13451
13518: 17616,8308,13111
13317: 13711,12814
13769: 13673,17576,13210,9016,13558,13198
15227: 17117,17354,15847
15600: 17651,13275,6661
13615: 
17583: 17635
17245: 16532,9483,17410
17307: 17510,17488,17514
10414: 12854,12937,13783
16759: 13737
16929: 17615
13058: 13350
5607: 
13412: 13218,13334
13420: 12974,13083,13110,13513,8762
7158: 8204,8090,13222,13565,13121
16258: 15531,17003,17419
13733: 13784,13389,7370
17598: 9134,17203
13143: 9456,13541
17556: 13802,13051
16825: 16964,17094
6320: 7145
16945: 16430,16030
10802: 10305,15688,17259
16741: 6661,17302,5951
17060: 17145
17295: 13698,13636,16715
12832: 6701
17493: 13239
13020: 17616
8799: 
13401: 13774,12823,13667,16934,13619,13467
16623: 
13609: 16776,13209,7999
17550: 
16614: 13371,12989,12970,13791
13661: 13338
17165: 13034
12988: 13119,13212,12894,13751
9427: 17625,9417
17561: 13619,13206,13467,13466,13243
13431: 13114
17272: 17453,16780
17557: 16709
7847: 13535,13583
15864: 11180
16460: 4221,15782,13061
13269: 13124,12885,5869
15043: 16708,13713,17408,10220,14710
17644: 17701
13613: 13364
1517: 16828,17641
17582: 
4695: 13529,13800,13029
5509: 
13325: 13261,13625
16523: 9118
7999: 17600,16776,13609
13362: 12897,13117
12849: 13126,13395,13238
17581: 17613,3959
17587: 16739,4197,16100,13244
12939: 12838,13380,13407,13031,17640
17301: 17176,16532
15782: 4221,16460
15638: 16912,17189,17486,17032
13195: 13753,12880,12932
6796: 6680,12903
17059: 17058,16814
12966: 8204,13222
12925: 13005,13456,13115,13569,12977
13185: 12971,13006,17034,17413,13614
13437: 12937,13134
12840: 13812
13488: 
13581: 13602,17610,12947,13444
17642: 17145,15834,17577
16487: 5423,17700,5065
3761: 16742,12857,13694,4679
13555: 17448,13605,13717,13408
17262: 17516
13487: 13600
13802: 13738,13347,17556
2241: 17132,16905,2967
17388: 
3765: 16535,2676,12941
13035: 16922,13231
13003: 13688,13411,5752,13595
17203: 17506,9134,17598,17565,8101,13548
17484: 16793,13337
15893: 3796,3455,13044,17603
17543: 
13585: 6661,17302,13092,13311
3449: 5520
13792: 4683,13386,13642
4186: 17500,17226,16773
13360: 13238,17251,13786
17162: 17479,17177
13231: 13798,13035
16758: 
13318: 6196,13465,13432,13589
17653: 15361,17634,17492,17686,15658,16591
17529: 17632
17456: 16643,17501
15275: 11625
17686: 17492,17602,15361,17653
13092: 13540,13795,13585,13311
13477: 4773,13252,12915,12975
16605: 17701
6922: 13604,13270
13100: 13741
17207: 
4929: 
17267: 
13140: 17593,16715
17259: 16000,13402,10802,15688
13189: 12894,13732,13751,12851,13650,12975
17190: 8217,12911
8180: 9340,16906,5939,13314
13217: 13810
5602: 
6818: 13171
5870: 16526,6228
7370: 9340,13128,13733,13389,13671,16906
17595: 16957,13186
17457: 13682,17234
16333: 17661,4678
17215: 6714,13676,13347,12967
17453: 15431,16386,17272
13061: 16460
7885: 17459
13548: 13355,17203
9213: 
16922: 6309,13035,13396
13570: 12831,13622
17578: 
13326: 
13290: 12893,13138,13521
17306: 13307,13038,13429,12958
17265: 17223,17097
13288: 13689
4111: 3552,13652
16326: 16649
13495: 13543,15226,13233
13790: 13272,13335,8762,13649,13681
16251: 17690,17540
13494: 
17042: 17450,13433,16806
17621: 17258
13763: 13734
17308: 17611,13361
16488: 7282
6002: 13419,5873
17413: 13803,13309,13614,13297,13185
15962: 16095
5359: 
16979: 16565,15790,13442
17398: 17671,13120,12841,17053,17638
15626: 14813,17458
13663: 13547,13473
13625: 13554,13261,13325
13084: 13302
12815: 4575,13762,13361,12865
13241: 13610,13660,17667,4773,13646,12843
17491: 17572,3858,13098
15759: 
12904: 13162,12196
16828: 17636,13181,17428,1517
13810: 13541,13217,13714
12983: 13272,13156,13228
15658: 17173,17658,17634,17653,16591
13284: 13662
13382: 13528
13175: 12924,13397,13086,13588,12839
13520: 13191,13610,13740,13587
17329: 
13804: 17531,12836,13499,17130,13054
13484: 12905,12918,13492,13040,17538
13212: 12995,3858,12988
17426: 
12936: 13339,13107,13739
17221: 15027,13489,16844
13424: 16970,13735
17600: 7999,17571,17596
13692: 17361,12889
12984: 13057,13108,13252,13399,13646
17663: 17542
7525: 17236
16835: 
17424: 17641
13292: 17570,13254,13812
7056: 13273,17260,13662
6088: 16960
12876: 
9355: 9015,8219
13277: 
13410: 13021,13176
13655: 16987,13370,13037,13019
16476: 16776,17488
13295: 13575,12919,13562,12880,13247
10269: 
9677: 13668
17526: 13601,7748,13464,12819,13731
13498: 
12894: 13189,13751,12988,13675,12851
17577: 15834,9550,17642
13342: 13111,13235,8308
16882: 
13312: 
12916: 17555,9794,13425
17105: 17143,16783
17563: 13471
13160: 
13134: 17542,13437
15545: 
15874: 
17693: 17052
17499: 16397,16964
16362: 
17569: 17645
5161: 
17423: 17148
4773: 13477,6195,17667,13241,13646
16615: 17320,17698
8436: 
17046: 17614
5869: 13269,17383
13109: 13700,17034,13230
13561: 
13173: 13556
13095: 15847,15449,13162,16660,17117
13524: 13602,6544,13490
17338: 7049
6293: 6533
5157: 
17459: 17137,7885
13055: 13705
15752: 
12974: 13420,13083,13575,13335
17702: 17567
1706: 17519
17489: 13522,13040,12905,13696,13590
13247: 12880,13208,12919,8757,13295
12914: 6809
17433: 14889,17452,17528
17538: 13460,13492,13484,12905,13053
16862: 
7038: 
5705: 13538,17027,6426,17515
13083: 13420,12974,12880,13110
16419: 17337,5065,16824,5771,16585
8692: 
10801: 10601
13742: 16908,16777,1244
13333: 13408,6544,12901
13653: 13141,16949
13801: 12816
13339: 12936,13287,13336
9577: 13768
12952: 13170,13228
13377: 13301,13628,13287,13718
13052: 
12838: 12939,13380,13407,12820,17683
12917: 13793,5833,13528
12817: 13718,13503
13133: 13184,10001,12965,13308
13450: 13598,13584
12818: 
17033: 13129,13550,5751
17507: 
16100: 5114,17587
13402: 17259,13486,13672,9776
13454: 13026,12996,13614,12971,13027,12948
7520: 
17565: 8101,17203
13471: 17563
17496: 17476
13473: 13240,13530,13663
17586: 17660,13242
13235: 8308,13342,13228
15768: 17650,7429
17276: 17599,14956
13393: 12821,15117,13721
4356: 17411
16756: 17696,17006
13738: 13802
13500: 13223,13571,13332
12886: 12942,13060
13153: 13533
12822: 13442,6911,13681,13409,13552
11625: 15275,17689,16887
13539: 13233,13149
13057: 13108,13179,12984,13399,5835,13167
13632: 13745,12933,5008,13069
17679: 13291,7996
11211: 11221,17286,12830
17368: 
17081: 
16457: 
6080: 13793,5833
13163: 13050
12962: 
17516: 17262,16156,17511
16730: 
16908: 16777,13742
13744: 17420
17613: 3959,17581
17253: 
17223: 17359,17265
13162: 15449,12904,13095
15129: 15831,16659
13355: 13039,13772,13548
17387: 12174,16726
17303: 8364,17385,15531,17419
13456: 12925,13005,13223,13569
12942: 13321,12886,13078,12848,13265
15969: 
17552: 15982,17688,707,17189
12863: 13320,12864,12862
12824: 13384
13423: 17300,13190,13782,13282,7748
12918: 12911,13723,13040,13484
12814: 13553,13317
13421: 
3858: 17491,17233,13212
2470: 1884,17052
16928: 
17559: 10633,13313,16727,13334,17592
9315: 13078,8330,6331
17692: 13013,12900,13359,13417
13276: 
17441: 
9786: 13707,13050,8219
16800: 12986
13607: 12959,12856,12997,13368,13647
17689: 11625
13579: 13525
17635: 17583,15504
13553: 13711,13226,12814
6826: 17327
16357: 7367,13666
13510: 
6809: 13171,12914,6810
13660: 13610,13532,13241,17667,13413,12892
17651: 15600,6050,12931
3979: 
13645: 13357
7384: 
13227: 12997,13076,13698
13438: 16734
13681: 13649,12992,13790,6911,8762,12822
5065: 17337,16419,16585,16487
13118: 13459,13551,13237,13256,8208,8884
8330: 9315
13636: 17295,12928
13635: 13311,13259,13264
12875: 
16660: 13445,9476,13187,15449,13095
13321: 12942,13078
13074: 9322,13654,13027,13067
13051: 17556,13724
17629: 
5520: 3449
17097: 17359,15315,13546,17265,10918
12821: 13436,13393,15117
12912: 3303,12945,13730,13125,13679,12858
17160: 3538,2468
3663: 
12948: 13573,13027,13803,13614,13454
13684: 13297,7848,13700
13665: 5873,13011,13246,13688
13491: 
13688: 13003,13011,13665,13411
17419: 17003,15531,17303,16258
13266: 
15664: 17376,16045
17210: 
16844: 17229,15027,17221
13062: 13387,13719
17053: 17671,17398,17638
13283: 
13200: 13755,13379,13146,13603
13233: 3102,15226,13149,13539,13495
12839: 13041,13175,13588,12976,13204
12900: 17692
17361: 12889,13692,12891
6118: 5996,13687
17233: 3858
17558: 15370
13242: 17660,9210,17586
4646: 17330
8197: 
13719: 13535,13314,13387,13062
13135: 12857
13207: 13396,13534,13097
7500: 
15890: 16658
13167: 5835,13298,13399,13400,5008,13057
17076: 
13225: 13361
13563: 13067,8781,13406,13714
3563: 
17326: 17662
17096: 
17061: 17574
13668: 9677,13281
17458: 14813,15626,16445
14891: 
16984: 
9476: 13445,16660,13187,17297,13582
13299: 13672
15814: 
4221: 17628,16460,15782
13535: 5939,13314,13719,7847
15810: 17108,17668
17486: 15638,17189,707,17032
12903: 6796
17186: 16624,17619,17665
1884: 2470
12969: 7144
17636: 16828,13181
17122: 13786,13476
13666: 16357,7367,13008
13328: 12852,13376
7996: 16387,17679,13291
13124: 13269,17383,13728
17700: 5423,16487
1893: 17641
2171: 15724
17647: 16768
16306: 6347,17260,13253
12901: 13333,6544,17522
16943: 
17610: 6196,13799,12985,13444,13581
17365: 17589,17548
12889: 17361,13692
13543: 13495,13215,13647
5939: 13535,13314,8180,13280
13357: 13405,13599,13645
16643: 17456,17501,17104
12951: 10812
17505: 17057,16784
17502: 1244,17619
13568: 12860,13188,13508
12845: 17226,13732,13664,13650
13557: 13101,13188,13262,13023
13624: 13103
4683: 13155,13386,13792,13366,13642
17201: 13399,12973,3303,13699,13400
7289: 
6347: 16306,17260,17483,13592
5374: 
5727: 
13026: 13454,12996,13027,13537
10191: 9775,9200,13152,13174
12887: 13073,13332
16954: 11559,17005,17668
13693: 13440,12913
13501: 16924,4197,13070,13633
13385: 13534
12955: 
7606: 
12999: 
12919: 13726,13351,13506,13247,13295
13166: 8219,13443,12960
4654: 13367,6071,13574,13345
13047: 9456
17570: 7296,13292,13254
16920: 7887,7535,17449
13345: 12827,13574,4654
17281: 16905,2967
17406: 17163,10087,16286
17680: 15742,17652,5423
13751: 12894,13189,4667,12988,13119,13685
17553: 17171,17695
13796: 13089
16645: 17678,17560
17321: 
16914: 
14956: 13773,16203,17276
7510: 7162
17386: 4649
16777: 16908,13742,17580,12842
17032: 17580,15638,17486
13301: 13377,12953,12870
12829: 12842,13043,17077
16765: 3841
17530: 15815,17410,16780,13114
16993: 
17616: 13518,13020
6195: 13664,13650,17667,12975,4773
3100: 13536,13683
4904: 4550,5487,13526
13029: 6340,4695,13529
16565: 17263,16979,17470,12872
13513: 12872,6911,8762,13110,13420,12980
17401: 17470,7257
17258: 17621
17683: 15314,12838,13380,13374
17641: 1893,17424,1517
17646: 16971,16818
16996: 
13445: 9476,16660,13713,17407
17524: 
17127: 16822
15856: 
7049: 17338,8234,12993
9200: 10191,13174,13551
13554: 13797,13625,16932,13422
13253: 16306
16822: 17127
15748: 17618
13458: 13080,8191
1979: 16971,16995,17242
13521: 13391,13290,13755
13361: 12865,17308,13225,12815
17027: 5951,17591,6426,5705
16108: 9880,8888
17649: 16541
5619: 13331
17542: 17663,13134
13591: 17226,13664,13777,12892
16532: 9483,17301,17245
15314: 17683,13627,17026
13331: 5619
17234: 13216,17457,17512
8539: 12964
16095: 15962,17625
17658: 17173,15658
13527: 13465,13799
8118: 17488,17176,17514
17358: 17293
17606: 15408
13630: 12958
5873: 13011,6002,13665
17490: 13202,13461,16527
17660: 13242,17586
16203: 7895,13547,14956,13773
13677: 12819,16388,13731,13199,17669,13774
17562: 13064,13800
16773: 4186,13777
17108: 17005,17668,15810,16927
13538: 6533,5705
17397: 
13706: 13502,12971,13006,12996,13221
8223: 
17212: 
12858: 13754,13730,16883,12945,12912
12920: 16793,17101,13234,13618
13551: 13459,13118,8884,13174,9200
17137: 17459,17381
13669: 13680,13595,13758
3862: 17409,13740,12843,13108,13179
13417: 13781,13359,17692
13637: 13098,12995,13358,13675,4207,12908
12947: 17448,13602,13581
16668: 16746
14038: 16430
16388: 12819,13677,13712,16307,13282,13199
13726: 12919,13351,13749,13208,17597
12950: 
17005: 17108,17668,16954
13586: 
13708: 17256,13157,13367,13232
5771: 17511,16824,15643,13481,16419
17380: 
17549: 2679,17554,2676,12941,13127
13154: 13348,13201
17548: 17365
10001: 13783,13405,13133,12965
12998: 13376,4341
15823: 17149
13800: 4695,17562
13152: 13398,13174,10191
3303: 12945,12912,13009,17201,13699
13286: 13409,13552,17101,13148,13618,13577
16503: 
2858: 
17568: 
5378: 
13544: 13138,13146,13725,13379,4658
16631: 
17572: 17491,5487
3796: 16895,15893
5423: 16487,17700,17680,17652
17289: 13196
13659: 
17567: 17702
8364: 17303,17385,17350
16768: 17647
5975: 