9266: 9454,9523,9602,9877,9718,9348
9886: 9694,9832,9312,9413,9702,9426
9339: 9337,4893,4697,9440,9804,3777,4891
9882: 9840,9745,10008,9474,9245,9895
9378: 9292,9640,9420,9545,9277,9456
9556: 9297,9317,9982,9571,9629,10005
9762: 9752,9857,10030,10039,10003,9789
3486: 9974,3786,9487,9940,9865,9837
4811: 9503,5138,9397,4322,9454,9602
9361: 9758,2778,9630,9747,2509,9542
5975: 9805,7360,9508,9379,9355,5882
8475: 
9376: 9484,9346,9413,7965,9426
10012: 7847,6682,9768,10031,9880,10009
9954: 9973,2806,9474,9451,9745,9948
9562: 3903,9784,9429,5138,9409,9249
9512: 6085,6280,9406,6348,9540,9543
9482: 9574,9352,9408
10017: 9871,9574,9985,9808
10007: 8970
9833: 9953,9910,9783,9687
10011: 9932,10036,9891,9576,9925,9878
9394: 9605,4169,9619,9533,9410,9455
9721: 9929,9718,9751,6420
5403: 9846,9627,5792,9639,9636
9962: 10026,9439,9879,9663,2699,2609
9590: 9248,9441,9804,9366,9430,9337
9690: 9763,9944,10034,9347,9695,9989
9354: 9402,9310,9465,9458,9499,9550
9568: 8333,9423,9625,7383,9349,9391
9990: 9713,9516,9815,9771,10041,9957
9774: 9986,9747,9899,9874,9425,9669
9768: 6682,10012,9684,9898,9714,10031
9848: 9776,9964,5564,9884,9710,10019
9958: 9746,9380,9298,9818,9865,9757
9890: 10028,9921,9897
9294: 9703,10025,9503,9454,9523,9480
9663: 9962,9879,2778,9918,2699,2509
9392: 9700,9761,9269,9483,9459,9633
9451: 9730,9973,9954,9948
40: 
6085: 9512,9860,6280,9406,9696,9915
9533: 9410,9311,4057,2968,4169,9394
9362: 9244,9377,9529,9398,9476,10042
9782: 9907,9338,9537,9446,9460,10040
9265: 9901,4950,9909,9968,9490,9305
9317: 9556,9297,9982,7988,7318
9588: 9622,9593,9379,9967,5775,9252
9834: 9375,9396,9620,9947,9693
9746: 9958,9298,9757,9853,9657,9441
7988: 9795,8225,9617,9317,9982
9633: 9357,9280,9670,9392,9761,9459
9280: 9357,4322,9633,9670,9602,9877
9322: 9445,9611,10001,9810,9607,9403
9645: 2649,9813,9717,3119,9709,9335
9295: 9918,9414,9247,9528,9758,2778
9607: 9403,9308,9322,9638,9377,9810
1740: 
4322: 9357,9280,9397,4811,9602
9469: 9494,9417,9309,9908,9847,9801
9935: 9304,9955,9814,2928,9328,9262
9945: 9719,9821,9826,9730
9779: 9977,10031,9880,9753,9627,5408
9914: 9896,9341,9847,9685,9906,10016
9851: 9850,9732
9943: 9650,9920,9638,9529,9435,9647
4893: 9339,9337,4697,9553,9911,9644
9374: 9899,9665,9424,9772,9332
9631: 7146,9253,9517,9274,9616,9271
9855: 6695
9566: 9445,9611,9324,9428,9315,9431
9829: 9707,9760,9270,9798,9655,9736
9434: 9447,9373,9711
9683: 9293,9594,9842
9709: 9246,9296,9335,9645,9717,9700
4891: 3777,9432,9475,9440,9339,4697
9519: 9285,10030,9340,9594,9842
9928: 9486,9729,9390,9733,10024,9484
9325: 9398,9476,10033,9364,9463,9261
9854: 9787,9767,9889,9926,10043,9691
9508: 9561,9643,9301,5975,7360,9310
10023: 9327,9579,9542,9965,9970,9671
9398: 9325,9476,10033,9659,9244,9362
9765: 3743,9677
9699: 9775,9329,9345,9950,9791,9883
9629: 9600,9894,9960,9556,9297,10005
9415: 9637,9251,9283,9372,2492,9737
9510: 10010,10001,9822,9675,9997,9862,9286
9814: 9825,9897,9922,9935,9955,9328
5640: 
9766: 9921,9978,9876,9927,9922
9691: 9800,9450,9787,9854,9889,9292
9922: 9814,9897,9876,9766,9921,9955
9853: 9440,9698,9657,9746,9441,9804
9617: 9795,7988,8225,10029,9938,9448
7318: 8885,8770,9649,9795,9297,9317
9880: 9977,10031,9779,10012,9517,10009
9698: 9853,9440,9969,9883,9657,9807
9787: 9438,9767,9854,9634,9800,9691
3321: 9704,9927,9790,3722,3715,9966
9931: 9888,9891
9738: 9764,9835,9754,9846,5408
9279: 9250,9715,9296,9254,9481,9443
9907: 9782,9338,9326,9273,10040,9589
9754: 9885,9303,9835,9852,9738,9846
9819: 9399,9500,1950,9748,9972
9857: 9762,9752,9356,8309,10030,9340
9565: 9806,9515,9487,9775,9329,9416
9918: 9295,9414,2778,9879,9663
9788: 10002,9940,9933,9321,9547,3786
8225: 7988,9617,9448,9752,9982,10003
9426: 9836,9702,9376,9413,9886
9722: 9708,9720,9813,9715,9903,9335
4083: 3502,4498,9668,9259,3903
9660: 9584,9444,9661,9368,9767,10043
9761: 9392,9700,9246,9342,9357,9633
9852: 9835,9915,9622,9593,9303,9754
9456: 9686,9277,9545,9378,9984
9858: 9996,9794,9827,9811
6682: 9359,7847,10012,9768,9714,9466
9724: 9309,9601,9860,9696,9764,9801
10010: 9510,10001,9675,9659,9244,9810
9609: 9327,9579,9582,9572,9591,9555
9729: 9486,9928,9705,9472,7617,10024
9405: 9949,9682,9551,9612,9257,9748
9878: 9576,9925,9972,9255,10011,9500
4485: 3471,9570,9900,9807,9969,3983
9589: 9923,9809,9907,9326,9598,9273
9514: 9743,9321,9812,9488,9264,9388
9964: 9776,9848,5564,5754,9792,9873
9713: 3722,9520,9990,9516,9957,9816
9838: 10000,9689,9994,9866,9870,9887
9899: 9374,9874,9665,9425,9332,9774
9982: 9556,9317,7988,8225,9571,10003
4463: 4146,9522,9799,4057,9331,5064
9490: 9658,9578,9367,9901,4950,9265
1729: 
9245: 9980,9363,9895,9552,9474,9882
9467: 7811,9563,9550,9478,9458,9477
9974: 3486,3786,9487,9869,9933,9809,9806
9868: 4941
141: 
9884: 9603,9667,9261,9848,5564,10019
9572: 9986,9630,9582,9597,9327,9609
5564: 9964,9848,5754,9364,9884,9261
1793: 9806,9515,9626,10040,9869,9706
3119: 9717,3121,2928,9913,2649,9645
7719: 6930,6916,9436,9346,8333,7965
9431: 9300,9315,9324,9288,9464,9566
9619: 9605,9394,9595,9608,9463,9455
5870: 9601,9575,9433,9506,9860,6280
3121: 9717,3119,2928,9262,9521,9269
9407: 7811,9563,9661,9892,9438
10033: 9659,9532,9595,9463,9325,9398
9401: 9726,9668,9259,9553,9911,9979
9441: 9248,9804,9590,9746,9298,9853
9536: 9577,9358,9268,9380,9298,9248
9708: 9720,9722,1553,9365,9470,9903
9644: 9896,10020,9341,4893,4697,9911
9382: 2133,2305,9255,9399,9500,9637
9246: 9296,9709,9700,9761,9342,9443
9985: 9632,9755,9808,10017,9871,10018
9957: 10038,3715,10041,9713,3722,9990
9578: 9658,9872,9490,9367,9410,9455
10002: 9818,9316,9388,9788,9940,9321
9606: 9635,9389,9905,9780,9267,9961
9692: 9750,9336,9786,9893,9293
9630: 9986,9572,9747,9361,9327,9542
9421: 2133,2305,10037,9655,9371,9496
9983: 8970
9292: 9640,9378,9889,9545,9450,9691
9485: 9585,9333,9759,9924,9796,9697
9324: 9527,9428,9464,9473,9566,9431
9319: 9585,9333,9624,9720,2649,9813
9446: 9461,9803,9782,9537,9460,9263
10005: 9664,9556,9824,9571,9960,9629
9495: 9488,9264,9530,2733,9365,1553
9413: 9376,9484,9733,9312,9886,9426
9843: 9856,9934,9770,9281,9586
9523: 9266,9454,9348,9703,9294,6118
9736: 9769,9823,9829,9270,9821,9798
9648: 9666,9849,9701,9559,9518,9400
9751: 9959,9670,9877,9718,9721
9332: 9620,9772,9374,9899,9425,9396
9601: 9309,9511,9724,5870,9575,9860
9253: 9631,9517,9977,9274,9299,9636
9581: 9881,9681,9653,9492,9844
9596: 9368,9497,9971,5792,9639,8631
9259: 9401,9668,9553,9366,9430,4083
9895: 9245,9363,9840,9882,9780,9635
7570: 9307,9919,8496,9260,9640,9420,9237
9367: 9410,9311,9539,4950,9578,9490
9258: 9573,9412,9723,9498,9513,9538
9299: 9274,9639,8631,9636,9253,6385
9893: 9786,9651,9831,9437,9336,9692
9433: 9330,6348,9313,9506,6280,5870
1950: 9257,9281,9748,1592,9819
9450: 9545,9800,9739,9691,9292,9828
9741: 9912,9744,10036
9881: 9581,9653,9995,9716
9700: 9392,9761,9269,9717,9246,9709
9650: 9943,9920,9773,9647,9805,9967
4941: 9868
9669: 2685,9247,9874,9774,9747,9758
9369: 9626,9580,9323,9946,9706,9991
9976: 9391,9641,9625,9634,9800,9739
9385: 9791,9900,9288,9345,9300,9370
9662: 9527,9428,2609,9997,9742,9822
8807: 
2778: 9758,9361,9295,9918,2509,9663
9870: 9947,9693,9999,9866,9838,9994
9815: 9771,10041,9990
9586: 9674,9956,9856,9843,9281
9961: 10021,9859,9554,9267,9389,9606
10000: 9838,9462,9797,9689,9994,9422
9583: 9861,9701,9249,9360,9452,9785
9849: 9648,9666,9979,9726,9861,9701
9269: 9392,9700,9483,9717,3121,9521
9941: 9992,9792,9873,9901,9658,10035
9908: 9847,9278,9685,9309,9511,9469
9920: 9943,9650,9773,10042,9529,9839
9569: 9734,9328,9825
9544: 9988,9917,9359,9952,9386,9712
9484: 9376,9346,9413,9928,9390,9733
9529: 9362,9638,9377,9943,9920,10042
9997: 9671,9742,9862,9662,9510,9822
9656: 9769,9728,9781,9338,9793,9537
9681: 9581,9653,9641,9739,9844,9828
9887: 9599,9513,9646,9866,9838,9689
7965: 8333,9423,7719,9376,9346
9749: 9615,9567,9546,9827,9811,9863
9716: 9995,9864,9381,9881,9653
9470: 9365,9557,9708,9577,9358,9902,9903
9515: 9565,1793,9806,9706,9272,9416
5064: 9350,9539,4146,4463,4057,9311
9677: 3743,9765
9769: 9728,9736,9823,9656,9798,9781
9462: 10000,9797,9442,9422,9489,9256
9261: 9603,9884,9364,9325,9476,5564
9248: 9441,9590,9298,9536,9268,9430
9970: 9351,9845,9579,10023,9671,9862
9965: 2699,2509,9542,10023,9671,9742
9667: 9839,9603,9884,9561,9301,10019
9461: 9803,9446,9496,9642,9393,9263
9593: 9588,9622,5775,9406,9852,9915
7775: 
9373: 9434,9447,9711,9678,9452,9998
9723: 9646,9412,9258,9513
9570: 3471,4485,9506,9370,9900,9330
9594: 9750,9683,9293,9519,9340,9842
9637: 9251,9415,9255,9372,2305,9382
2305: 9372,9421,2133,9382,9637,9371
9971: 9368,9596,8631,9926,9930,10043
9575: 9601,9511,5870,3471,9506,9384
9830: 9841,9826,9674,9956,9276,9719
9445: 9322,9566,9611,9315,9403,9287
9673: 9811,9863,9794,9672
9612: 10004,9770,9551,9405,9257
9516: 9713,9520,9990,9771
10035: 9867,9471,9305,9901,9992,9941
7899: 9219,9079,9081,9419,9504,9560
9406: 9512,6085,9540,9593,5775,9915
9824: 9571,10039,9727,9664,10005
10006: 9975,9725,9817,9867,9992,9680
9822: 9510,10001,9997,9428,9662,9611
10031: 9880,9779,9753,9684,10012,9768
9917: 9988,9938,9544,9386,9353,9334
9478: 9355,5882,9458,9290,9477,9467
9832: 9694,9886,9702,9981
9257: 1950,9281,9748,9770,9612,9405
9296: 9246,9709,9335,9279,9715,9443
9237: 9640,9919,7570
9582: 9597,9375,10032,9572,9591,9609
9874: 9899,9665,2685,9669,9737,9774
274: 
9791: 9900,9385,9807,9699,9345,9883
9344: 9395,9505,7146,9271,9740,9875
9418: 9424,9621,9772
9486: 9928,9729,9705,9289,9534,9390
9357: 4322,9280,9633,9761,9342,9397
2609: 9527,9662,2699,9962,9439,9742
9592: 9353,9356,9334,9437,9336,8309
1044: 
3471: 4485,9506,9384,9570,3983,9575
9969: 9440,9698,9807,4485,3777,3983
9546: 9749,9567,9560,9610,9827,9564
9909: 4950,9265,9968,9755,9404,9549
9793: 9338,9728,9656,2806,9383,9326
9481: 9254,3502,9493,9250,9279,3701
10037: 9798,9781,9655,9421,9803,9496
9494: 9753,9684,9469,9417,9847,10016
6695: 9855
3786: 9974,3486,9933,9788,9940
9794: 9858,9996,9811,9673
3983: 3777,9475,9969,3471,4485,9384
9979: 9666,9849,9726,9401,9911,10020
9726: 9401,9668,9784,9849,9979,9861
10042: 9920,9476,9362,9529,9839,9603
9473: 9468,9464,9439,9676,9527,9324
299: 411
9613: 9610,9564,9618,9420,9307,9277
9686: 9277,9456,9618
9801: 9764,9309,9724,9469,9417
10029: 9795,9617,9395,9988,9938,9740
9307: 7570,9504,9420,9613,9564
9755: 9985,9632,9404,9549,10018,9909
9489: 4057,2968,9331,9462,9797,9256
9682: 9949,9405,9888,9748,9925,9972
9772: 9620,9332,9418,9424,9374
10036: 9932,10011,9891,9741,9744
9836: 9587,9702,9426,9423,9688
9585: 9485,9333,9319,9913,9697,2649
9542: 2509,9965,9630,9361,9327,10023
5754: 9364,9608,9872,9873,9964,5564
9500: 9399,9819,9878,9972,9255,9382
9733: 10024,9951,9312,9928,9484,9413
316: 
9888: 9931,9949,9682,9891,9925
9291: 9635,9389,9363,9812,9264,9530
9712: 9395,9505,9359,7847,9988,9544
5841: 
10025: 9703,9294,9480,9678,9711
9916: 9995,9587,9688,9864
10038: 9957,3715,10041,3820
9428: 9527,9324,9662,9822,9566,9611
9410: 9533,9367,9311,9394,9578,9455
9503: 9429,4811,5138,9454,9480,9294
9411: 9535,9541,9351,9845,9605,9479
9714: 9898,6009,9525,6682,9768,9466
9597: 9582,9375,9396,9425,9986,9572
9580: 9626,9369,9460,9263,9323,9946
9873: 9941,9792,9658,9872,5754,9964
9599: 9498,9887,9513,9689,9522,9799
9803: 9461,9446,9496,10037,9781,9537
9624: 2733,9491,9333,9319,9720,1553
9327: 9579,10023,9609,9630,9572,9542
9875: 9649,9740,9284,9344,9904,9271
9643: 9508,9561,9936,10034,9402,9310
9420: 9640,9378,7570,9307,9277,9613
9753: 9684,9494,9417,10031,9779
9951: 9733,10024,9312
2699: 2509,9965,9962,9663,9742,2609
9778: 9831,9437,9963,10022,9386,9353
9745: 9882,10008,9948,9954,9474
3722: 9713,9957,3715,9816,3321,9790
9744: 9741,9912,9932,10036,9621,9756
7340: 
9926: 9889,9919,9930,10043,9971,9854
9826: 9830,9841,9654,9945,9719
8333: 7965,9568,6916,7719,7383
9912: 9741,9744,9621
9352: 10013,9573,9482,9408
10024: 9733,9951,9472,9928,9729
3345: 
9316: 9818,10002,9388,9557,9380,9577
10003: 9571,10039,8225,9762,9752,9982
9697: 9304,9679,9913,9796,9485,9585
6420: 9929,9721
7581: 8885,8770,9219,9081,9126,9125
9649: 9740,9284,9875,9795,7318,8770
9891: 10011,10036,9931,9888,9925
9720: 9708,9722,1553,9624,9319,9813
9557: 9365,9470,9488,9316,9388,9577
9757: 9865,9837,9950,9958,9746,9657
9911: 9401,9553,4893,10020,9644,9979
9987: 8044
9821: 9945,9719,9270,9730,9736,9823
9792: 9992,9941,9873,9776,9964,9817
9689: 9838,10000,9797,9887,9599,9799
9541: 9535,9411,9256,2968,9605,4169
9628: 9616,9904,9260,9623,9079,9419
6140: 
9289: 9989,9314,9763,9486,9705,9534
9701: 9861,9583,9648,9849,9785,9400
9671: 9997,9742,9862,10023,9965,9970
9748: 9257,1950,9405,9682,9972,9819
376: 
9499: 6916,9354,9465,9550
9584: 9444,9660,9509,9449,9368,9497
9329: 9699,9775,9565,9487,9837,9950
9476: 9325,9398,9362,9603,9261,10042
9929: 9718,9348,9721,6420
9463: 9364,9608,9619,10033,9595,9325
9813: 2649,9645,9319,9720,9722,9335
9330: 9313,9433,9370,9526,9506,9570
9271: 9616,9904,7146,9631,9344,9875
9984: 9844,9828,9545,9456
9276: 9760,9270,1592,9674,9830,9719
9608: 5754,9364,9463,9455,9619,9872
9391: 9381,9976,9641,9568,9625,9349
9249: 9861,9583,9784,9562,9429,9360
9454: 9266,9523,9602,4811,9503,9294
9455: 9608,9410,9619,9394,9578,9872
9379: 9588,9967,5975,9805,9355,9252
9866: 10027,9646,9870,9999,9887,9838
9616: 9628,9904,9271,9274,9631,9623
9668: 9726,9401,9259,4083,3903,9784
9312: 9733,9951,9413,9694,9886
9328: 9734,9569,9262,9935,9814,9825
2364: 
9549: 10018,9755,9909,9968
9444: 9584,9660,9661,9509,9477,9563
9975: 9725,10006,9680,9910,10015,9783
10016: 9898,9906,9847,9914,9684,9494
9311: 9533,9367,9410,4057,9539,5064
9780: 9937,9905,9840,9895,9635,9606
9540: 9435,9543,9647,9512,9406,5775
9802: 9507,9548,9672,10014
9331: 9489,4057,9797,4463,9799
9638: 9377,9529,9607,9308,9943,9435
9752: 9448,9762,9857,9356,8225,10003
411: 299
9488: 9264,9495,9514,9388,9365,9557
9760: 9829,9707,9276,9270,1592
9646: 10027,9866,9723,9887,9513
9397: 9320,9342,9357,4322,4811,5138,9409
9759: 9731,9816,9924,9796,9790,9485
9081: 7899,9219,9419,9284,7581,8770
9640: 9292,9378,9420,9237,9889,9919,7570
9900: 9791,9385,9807,9370,4485,9570
9679: 9304,9955,9697,9876,9704,9796
9343: 9680,9652,9614,9867,9471
9847: 9908,9685,9914,9494,9469,10016
9303: 9449,9885,9754,9622,9852,9453
1019: 1340
9555: 9591,9442,9579,9609,9535,9351
9247: 2685,2492,9669,9528,9427,9758,9295
9595: 9479,10033,9532,9605,9619,9463
9968: 9265,9909,9549,9306,9305
10039: 9824,9571,10003,9762,9789,9727
7811: 9407,9550,9467,6916,7383
9255: 9576,9878,9500,9637,9251,9382
9877: 9266,9602,9280,9670,9751,9718
10026: 9962,9439,9879,9946,9676,9991
3820: 10038
9539: 9404,9350,5064,9367,9311,4950
9309: 9601,9511,9724,9908,9801,9469
9551: 9612,9949,9405
8885: 7581,7318,8770,9297,9126,9600
2492: 2685,9247,9737,9415,9372,9427
9797: 10000,9462,9689,9799,9489,9331
9693: 9947,9870,9999,9834
9341: 9914,9896,9644,9432,4697,9685
9996: 9858,9794
10008: 9840,9745,9882,9948
9517: 7146,9631,9253,9977,9880,10009
3743: 9765,9677
9784: 3903,9562,9726,9668,9861,9249
9942: 9998,9531,9447,9831,9963,9651
449: 
8044: 9987
9448: 9752,9938,9356,9334,8225,9617
9492: 9581,9844
9371: 9642,9427,9372,9421,2305,9496
9973: 2806,9954,9451,9730,9728,9823
5792: 9885,9846,5403,9497,9596,9639
9573: 9412,9258,10013,9352,9538,9408
9988: 9917,9938,9544,9395,9712,10029
9666: 9648,9849,9979,10020,9518
9933: 9923,9809,9547,9974,3786,9788
9938: 9988,9917,9334,9617,10029,9448
9365: 9470,9557,9488,9495,9708,1553
9552: 9980,9245,9474,9383,9598,9275
9300: 9370,9526,9315,9431,9288,9385
6930: 7719,9436
9360: 9480,9678,9452,9429,9583,9249
9799: 9522,4463,9599,9797,9689,9331
9665: 9374,9899,9874,9283,9737
9475: 3777,4891,9432,3983,9384,9278
9432: 4891,9475,4697,9278,9685,9341
9615: 9749,9567,9387,9125,9863,9548
9670: 9280,9633,9459,9959,9751,9877
9561: 9508,9643,9301,10019,9667,9936
9850: 9851,9732
9995: 9916,9716,9864,9881
9408: 9302,9538,9352,9573,9482,9574
9731: 9759,9816,9924,9520,10021,9859
9809: 9923,9933,9589,9273,9869,9974
2133: 9421,2305,9382,9399,9707,9655
9414: 9295,9918,9528,9393,9323,9879
9449: 9885,9303,9453,9509,9584,9497
9496: 9461,9803,9421,10037,9642,9371
9466: 9952,9735,9714,9525,9359,6682
9840: 9882,10008,9937,9780,9895
9711: 9434,9373,9678,10025
9717: 3121,3119,9645,9709,9700,9269
9946: 9369,9580,9323,10026,9879,9991
8770: 7581,8885,7318,9649,9284,9081
9550: 7811,9467,9354,9458,9499
9277: 9686,9456,9378,9420,9613,9618
4498: 4083,9254,3502,9320,3903,9409
9079: 7899,9419,9260,9628,9504
9460: 9626,9580,9263,9446,9782,10040
9777: 
9627: 9846,5403,5408,9977,9779,9636
1529: 
9577: 9358,9536,9316,9470,9557,9380
1246: 
9527: 9324,9428,2609,9662,9439,9473
9602: 9266,9454,9877,4322,9280,4811
9524: 9282,9459,9483,9959
9739: 9800,9450,9976,9641,9681,9828
5138: 9429,4811,9503,9409,9397,9562
9359: 7847,6682,9952,9466,9712,9544
2669: 
9334: 9353,9592,9356,9917,9938,9448
9785: 9998,9531,9400,9583,9701,9452
9842: 9594,9683,9519
9427: 9642,9528,9371,9372,2492,9247
9320: 9342,9397,9443,9254,4498,9409
9930: 9926,9919,9971,8631,8496,6385
9632: 9985,9755,9808,9604,9404,9350
7880: 
513: 
9828: 9844,9984,9545,9450,9739,9681
9531: 9998,9942,9785,9400,9457,9963
9603: 9839,9667,9884,9261,9476,10042
9353: 9592,9334,9386,9778,9437,9917
9416: 9775,9272,9565,9515,9468
9684: 9753,9494,9898,10016,10031,9768
9652: 9680,9910,9343
9252: 9290,9453,9588,9622,9379,9355
9436: 9534,9390,9993,6930,7719,9346
9805: 5975,7360,9650,9773,9379,9967
9823: 9769,9728,9736,9821,9730,9973
9318: 9558,9894,9960
9286: 9479,9532,9845,9862,9510,9675
9564: 9610,9613,9307,9504,9546,9560
9621: 9418,9424,9912,9744,9756
9903: 9250,9715,9470,9708,9722,9902
6916: 9499,7719,7811,8333,7383
9474: 2806,9954,9745,9882,9383,9245,9552
9871: 10017,9985,9820,10018
9310: 9402,9354,9508,9643,5882,9458
9346: 9376,9484,9390,9436,7719,7965
9902: 9493,9358,9470,9250,9903
3903: 9784,9562,4083,4498,9668,9409
10009: 9505,9880,7847,10012,7146,9517
9545: 9450,9292,9378,9984,9828,9456
9393: 9642,9528,9461,9414,9263,9323
9273: 10040,9869,9907,9589,9809
9525: 9559,9518,6009,9714,9466,9735
9703: 9294,6118,10025,9523
9283: 9251,9415,3947,9665,9737
9278: 9908,9685,9384,9432,9475,9511
9507: 9802,9548,9387,9501,9558
7002: 
9366: 9430,9590,9337,9259,9553
9919: 9889,9926,9930,8496,9640,9237,7570
9464: 9288,9468,9473,9324,9431
9807: 9791,9900,9698,9969,9883,4485
9905: 9937,9780,9267,9606
9293: 9683,9594,9750,9692
10014: 9802,9672
9518: 9525,9559,9648,9666,6009,9906
9425: 9899,9332,9597,9396,9986,9774
9479: 9532,9286,9595,9411,9845,9605
4146: 9522,4463,9604,4448,9350,5064
9825: 9814,9897,10028,9569,9328
9267: 9905,9606,10021,9961
9658: 9578,9872,9490,9901,9941,9873
10032: 9582,9375,9947,9994,9591,9422
9756: 3947,9744,9932,9424,9621
9614: 9306,9471,9343
9883: 9698,9657,9699,9950,9791,9807
4448: 9604,9302,9538,9498,4146,9522
9879: 10026,9962,9663,9918,9414,9946
9396: 9597,9375,9834,9620,9332,9425
9991: 9706,9272,9676,9946,9369,10026
10004: 9934,9770,9612
9402: 9354,9310,9465,9643,9944,10034
9404: 9350,9539,9632,9755,4950,9909
9381: 9391,9641,9349,9864,9716,9653
9275: 9743,9547,9598,9980,9552,9923
9587: 9836,9702,9688,9981,9916
10015: 9989,9314,9783,9975,9725,9347
10034: 9690,9944,9936,9695,9643,9402
9844: 9984,9828,9581,9681,9492
9675: 10010,9510,9659,9532,9286
9459: 9524,9392,9483,9633,9670,9959
9687: 9314,9783,9833,9953,7617,9705
9563: 9407,9467,9477,9444,9661
9659: 10033,9532,10010,9675,9398,9244
9953: 9833,9687,7617
9775: 9699,9329,9345,9416,9565
9966: 3715,3321,9927,9978
9977: 9880,9779,9627,9636,9253,9517
9898: 6009,9714,9906,10016,9684,9768
9537: 9782,9338,9781,9656,9803,9446
9773: 9650,9920,9839,9301,9805,7360
5332: 
9657: 9853,9698,9883,9757,9950,9746
9618: 9610,9613,9686,9277
9767: 9787,9438,9854,9660,9661,10043
9672: 9802,9548,9673,9863,10014
9904: 9616,9628,9271,9284,9875,9419
6280: 9512,6085,9860,6348,9433,5870
8658: 
9308: 9502,9607,9403,9638,9435,9543
9702: 9587,9836,9426,9832,9886,9981
9763: 9690,9944,9989,9289,9534,9993
9281: 9257,1950,9770,9843,9586
9676: 9272,9991,10026,9439,9468,9473
9298: 9958,9746,9380,9536,9248,9441
9447: 9434,9373,9998,9942,9651
9678: 9480,9360,9452,10025,9373,9711
9377: 9244,9362,9638,9810,9529,9607
9956: 9586,9674,9856,9830,9841
9409: 5138,4498,9320,9397,3903,9562
9955: 9304,9935,9679,9876,9814,9922
9750: 9594,9336,9692,8309,9293,9340
9740: 9649,9875,9395,9344,9795,10029
9994: 9838,10000,9947,9870,10032,9422
9251: 9637,9415,9283,9576,9255,3947
9694: 9832,9886,9312
9718: 9929,9348,9721,9751,9266,9877
3545: 
9579: 9327,10023,9609,9555,9351,9970
9287: 9313,9445,9526,9315,9502,9403
9653: 9881,9581,9681,9381,9641,9716
9605: 4169,9619,9394,9411,9541,9479,9595
9422: 9591,9442,10032,10000,9462,9994
2685: 2492,9247,9669,9737,9874
9386: 10022,9952,9778,9917,9544,9353
9288: 9464,9345,9300,9431,9385
9522: 4146,4463,9799,9498,9599,4448
9867: 10035,9471,9992,9680,9343,10006
9861: 9583,9701,9249,9726,9784,9849
1592: 9674,1950,9760,9276
9634: 9625,9892,9787,9438,9976,9800
9923: 9933,9589,9809,9598,9547,9275
3502: 4083,9254,4498,9481,3701
9728: 9769,9823,9656,9973,2806,9793
9358: 9577,9493,9902,9536,9268,9470
9250: 9279,9715,9903,9493,9902,9481
7353: 
1006: 
9535: 9411,9541,9256,9555,9442,9351
9685: 9908,9847,9278,9432,9914,9341
9297: 9556,9317,8885,7318,9600,9629
9468: 9464,9473,9272,9676,9416
9388: 9316,10002,9321,9514,9488,9557
9636: 9639,9299,5403,9627,9977,9253
9696: 9835,9915,6085,9860,9724,9764
9429: 9503,5138,9562,9249,9480,9360
645: 
2928: 3121,3119,9304,9935,9913,9262
9493: 9358,9902,9268,9250,3701,9481
9554: 9859,9961,9389,9530,2733,9491
9967: 9588,9379,5775,9650,9647,9805
9894: 9600,9960,9629,9501,9558,9318
9342: 9320,9397,9443,9246,9761,9357
9845: 9351,9970,9411,9862,9479,9286
9948: 9745,10008,9451,9954
9715: 9250,9279,9903,9722,9296,9335
9816: 9731,9759,9713,3722,9520,9790
9978: 9766,9966,9927
9333: 9485,9585,9319,9924,9624,9491
9438: 9787,9767,9407,9661,9892,9634
9509: 9290,9453,9477,9449,9584,9444
2658: 
9301: 9508,9561,9839,9667,9773,7360
9511: 9309,9601,9575,9384,9908,9278
9526: 9300,9370,9315,9330,9313,9287
9776: 9964,9848,9792,9817,6249,9710
9559: 9525,9457,9518,9648,9400,9735
9372: 2305,9637,9415,2492,9371,9427
9370: 9300,9526,9900,9385,9330,9570
9443: 9320,9342,9279,9246,9296,9254
9623: 8496,9260,6385,9274,9616,9628
9314: 9989,9289,10015,9783,9687,9705
9818: 9316,10002,9940,9865,9958,9380
9260: 8496,9623,9628,7570,9504,9079
9758: 9361,2778,9247,9669,9747,9295
3701: 9430,9493,9268,3502,9481
7439: 
9989: 9314,9289,10015,9347,9763,9690
9502: 9403,9308,6348,9313,9287,9543
9642: 9528,9371,9427,9393,9461,9496
2733: 9624,9491,9554,9495,9530,1553
9285: 10030,9519,9939,9789
9506: 3471,9570,9330,9433,5870,9575
9480: 9360,9678,9429,9503,9294,10025
9125: 9387,9126,9219,7581,9615,9567
9364: 5754,9608,9463,9325,5564,9261
9924: 9731,9759,9859,9491,9485,9333
9811: 9673,9863,9827,9749,9858,9794
9626: 9369,9580,9460,10040,9706,1793
9491: 9624,2733,9859,9554,9924,9333
9560: 9567,9546,9504,7899,9219,9564
9661: 9444,9660,9407,9563,9438,9767
9256: 9535,9541,9462,9442,9489,2968
9770: 9934,10004,9612,9843,9257,9281
9812: 9743,9514,9980,9363,9291,9264
9384: 3471,9475,3983,9511,9575,9278
9771: 9815,9990,9516
9786: 9651,9893,9692
7152: 
9326: 9383,9598,9907,9338,9793,9589
9532: 9479,10033,9659,9286,9595,9675
9654: 9841,9826
9651: 9786,9893,9942,9447,9831
9695: 6249,9936,9710,9347,9690,10034
9925: 9878,9972,9888,9682,10011,9891
9290: 9453,9509,9477,9252,9355,9478
9934: 10004,9770,9843
9244: 9362,9377,9810,9659,10010,9398
707: 
9952: 10022,9386,9466,9735,9359,9544
9963: 9778,9831,9457,9531,9942,10022
10018: 9549,9871,9985,9755,9820
9869: 9273,9809,1793,9806,9974
9513: 9498,9887,9599,9723,9646,9258
9315: 9300,9526,9431,9566,9445,9287
10013: 9352,9573,9412
9458: 5882,9478,9354,9310,9550,9467
9437: 9778,9831,9893,9353,9592,9336
2509: 2699,9542,9965,9361,2778,9663
9576: 9878,9255,9932,10011,3947,9251
9440: 9853,9698,9969,9804,3777,4891,9339
9889: 9926,9919,9854,9691,9292,9640
9340: 10030,9519,9594,9750,8309,9857
9274: 9299,9631,9253,9623,6385,9616
9892: 9625,9634,7383,9407,9438
9395: 9505,9712,9344,9988,9740,10029
7383: 9625,9892,6916,7811,8333,9568
9349: 9688,9864,9568,9423,9381,9391
6348: 9313,9433,9502,9543,9512,6280
10001: 10010,9510,9822,9322,9611,9810
3947: 9756,9932,9576,9251,9283
9350: 9404,9539,5064,9604,4146,9632
9380: 9958,9298,9818,9316,9577,9536
9981: 9832,9587,9702
9896: 9914,10020,9341,9644,9906
10022: 9952,9386,9735,9457,9778,9963
9571: 9824,10039,10003,9556,9982,10005
9272: 9706,9676,9991,9515,9468,9416
9735: 10022,9952,9466,9525,9559,9457
9430: 9366,3701,9268,9248,9590,9259
9863: 9811,9673,9749,9615,9548,9672
9337: 9339,4893,9804,9590,9366,9553
9219: 7899,9081,7581,9567,9560,9125
9521: 9734,9262,3121,9269,9483,9282
10028: 9890,9825,9897
9435: 9540,9543,9647,9638,9308,9943
9986: 9630,9572,9774,9747,9425,9597
9635: 9389,9291,9606,9780,9363,9895
3715: 10038,9957,9966,3722,3321
9622: 9588,9593,9852,9453,9252,9303
10019: 9561,9848,9667,9884,9936,9710
9610: 9827,9613,9564,9618,9546
9465: 9402,9354,9944,9993,9499
7360: 5975,9805,9773,9508,9301
8309: 9750,9336,9592,9356,9857,9340
9804: 9441,9590,9853,9440,9339,9337
9906: 9898,6009,10016,9914,9896,9518
9356: 9592,9334,8309,9448,9752,9857
9347: 9725,6249,9695,9989,10015,9690
1553: 9708,9720,9495,9624,2733,9365
9399: 9819,9500,9707,2133,9382
760: 
9864: 9688,9349,9381,9995,9916,9716
9574: 9482,9302,9408,10017,9808
9992: 9941,9792,9867,10035,9817,10006
9743: 9321,9514,9812,9547,9275,9980
9783: 9314,10015,9687,9910,9975,9833
9910: 9680,9652,9975,9833,9783
9706: 9272,9991,9626,9369,1793,9515
9664: 10005,9824,9960
4697: 9339,4893,4891,9432,9341,9644
9452: 9360,9678,9583,9998,9785,9373
6385: 8496,9623,9274,9299,8631,9930
9390: 9534,9436,9486,9928,9484,9346
9304: 9935,9955,9679,9913,9697,2928
9806: 9565,1793,9515,9869,9974,9487
9348: 9929,9718,9266,9523
6009: 9898,9714,9906,9525,9518
9800: 9450,9739,9691,9634,9787,9976
9457: 9559,9531,9400,10022,9735,9963
9417: 9753,9494,9469,9801,5408
9959: 9751,9524,9459,9670
9254: 3502,4498,9481,9279,9320,9443
9423: 7965,9568,9836,9688,9349
9655: 10037,9798,9829,9707,9421,2133
9781: 10037,9798,9769,9656,9803,9537
9412: 9573,9258,9723,10013
9639: 9299,8631,9636,5792,5403,9596
9859: 10021,9554,9961,9731,9924,9491
9338: 9907,9782,9793,9537,9656,9326
9795: 7988,9617,10029,9649,9740,7318
9817: 9725,10006,9992,9792,9776,6249
9936: 9695,9710,9561,9643,10019,10034
9901: 9265,9658,9490,10035,9305,9941
9705: 9486,9729,9314,9289,9687,7617
9980: 9245,9363,9552,9743,9812,9275
7617: 9472,9953,9687,9729,9705
9306: 9614,9968,9471,9305
9620: 9772,9332,9834,9396
9737: 2685,2492,9415,9283,9874,9665
10021: 9859,9961,9267,9520,9731
9534: 9390,9436,9993,9289,9763,9486
9313: 9330,6348,9433,9287,9526,9502
9383: 9326,9598,2806,9474,9793,9552
9497: 9368,9596,9449,5792,9885,9584
8496: 9260,9623,6385,9919,9930,7570
9263: 9580,9460,9323,9393,9461,9446
9913: 9304,9697,9585,2649,3119,2928
9268: 9493,9358,9536,9248,3701,9430
9742: 9997,9671,2699,9965,2609,9662
959: 
9363: 9980,9245,9895,9635,9291,9812
9674: 9586,1592,9956,9830,9276
9641: 9381,9391,9976,9739,9681,9653
9284: 9649,9875,9904,9081,9419,8770
9730: 9451,9945,9821,9823,9973
9553: 9401,9259,9911,9366,9337,4893
9483: 9392,9269,9521,9524,9282,9459
9939: 9789,9727,9285
9439: 10026,9962,9676,9527,2609,9473
9937: 9905,9780,9840
9915: 9696,9835,9852,6085,9406,9593
9798: 10037,9781,9655,9829,9769,9736
8695: 
9725: 9975,9817,10006,9347,6249,10015
9998: 9531,9942,9785,9452,9447,9373
8970: 10007,9983
9944: 9763,9690,10034,9402,9465,9993
9932: 10011,10036,9744,9576,3947,9756
9345: 9699,9775,9288,9791,9385
9487: 9974,3486,9565,9806,9329,9837
9972: 9925,9878,9682,9748,9819,9500
9704: 9876,3321,9927,9796,9790,9679
9336: 9750,9692,8309,9437,9893,9592
9820: 9871,10018
10043: 9926,9660,9368,9971,9767,9854
7146: 9631,9517,9505,9344,10009,9271
9400: 9531,9785,9648,9701,9559,9457
1340: 1019
9625: 9892,9634,7383,9568,9391,9976
2968: 9489,4057,9541,9256,9533,4169
9865: 9837,9757,3486,9818,9940,9958
9389: 9635,9291,9606,9554,9961,9530
9897: 9814,9825,9922,9921,10028,9890
2806: 9973,9954,9474,9728,9793,9383
9305: 10035,9471,9901,9265,9968,9306
9501: 9387,9126,9600,9894,9507,9558
9680: 9910,9652,9343,9867,9975,10006
9872: 9658,9578,5754,9608,9455,9873
9860: 6085,6280,9601,9724,5870,9696
5408: 9627,9738,9417,9779
9302: 9604,4448,9538,9408,9574,9808
9810: 9244,9377,10010,10001,9322,9607
5250: 
4950: 9265,9909,9404,9539,9367,9490
9368: 9497,9596,9971,9584,9660,10043
9547: 9743,9321,9275,9923,9933,9788
6531: 
9947: 9870,9693,9375,10032,9834,9994
7847: 9359,6682,10012,9505,9712,10009
10030: 9285,9519,9340,9762,9857,9789
6118: 9703,9523
861: 
4057: 9489,2968,9331,4463,5064,9533,9311
9387: 9501,9126,9125,9615,9507,9548
5882: 9355,9478,9458,5975,9310
9548: 9802,9507,9672,9615,9387,9863
9528: 9642,9427,9393,9247,9295,9414
9375: 9582,9597,10032,9834,9396,9947
9282: 9524,9734,9521,9483
10041: 9815,9990,10038,9957
9442: 9591,9555,9422,9462,9535,9256
9049: 
9321: 9743,9514,9547,10002,9388,9788
9876: 9704,9927,9766,9955,9679,9922
9323: 9369,9580,9263,9393,9414,9946
9270: 9829,9760,9276,9719,9821,9736
9747: 9986,9630,9774,9669,9758,9361
9940: 9818,10002,9788,3486,3786,9865
9790: 3321,9704,9796,3722,9759,9816
9600: 9894,9629,8885,9297,9501,9126
9719: 9945,9821,9830,9826,9276,9270
9927: 9876,3321,9704,9966,9766,9978
9505: 9395,9712,9344,10009,7847,7146
9591: 9555,9442,9422,9582,10032,9609
9520: 9713,9516,10021,9731,9816
9262: 9734,9328,9521,9935,3121,2928
9424: 9418,9621,9756,9772,9374
9710: 6249,9936,9695,9776,9848,10019
10020: 9896,9644,9911,9666,9979
9647: 9540,9435,9943,9650,9967,5775
9732: 9851,9850
9707: 9829,9760,9399,2133,9655
9837: 9865,9757,9950,3486,9487,9329
9598: 9383,9326,9552,9923,9589,9275
9498: 9599,9513,9258,4448,9538,9522
9504: 9307,9260,7899,9079,9564,9560
5775: 9588,9593,9967,9540,9647,9406
9558: 9318,9501,9894,9507
9999: 9870,9693,10027,9866
9841: 9830,9826,9956,9654
9831: 9778,9437,9963,9942,9651,9893
9419: 7899,9079,9081,9628,9904,9284
9688: 9349,9864,9423,9587,9836,9916
9846: 5403,9627,9738,5792,9885,9754
8631: 9639,9299,9596,9971,9930,6385
10027: 9646,9866,9999
2649: 9645,9813,9585,9319,9913,3119
9335: 9296,9709,9722,9645,9813,9715
9471: 9867,10035,9305,9614,9306,9343
9472: 7617,9729,10024
6249: 9695,9710,9776,9725,9817,9347
9835: 9696,9852,9915,9764,9738,9754
9993: 9534,9436,9763,9944,9465
9856: 9843,9586,9956
9808: 9985,9632,9574,9604,9302,10017
9604: 4448,9302,4146,9632,9808,9350
9538: 4448,9302,9408,9573,9258,9498
9264: 9488,9495,9530,9291,9514,9812
978: 
9126: 9387,9501,9125,7581,8885,9600
9543: 9540,9435,9502,9308,6348,9512
9567: 9749,9615,9546,9560,9219,9125
9839: 9603,9667,9920,9773,10042,9301
9827: 9610,9749,9546,9858,9811
9885: 9449,5792,9303,9754,9846,9497
9351: 9970,9845,9555,9579,9535,9411
10040: 9273,9907,9782,9626,9460,1793
9727: 9939,9789,9824,10039
9403: 9502,9607,9308,9322,9445,9287
3777: 4891,9475,3983,9440,9969,9339
9796: 9704,9790,9759,9485,9679,9697
9789: 9939,9727,9762,9285,10030,10039
9530: 9264,9495,9389,9291,9554,2733
9764: 9801,9738,9724,9696,9835
9960: 9894,9629,9664,10005,9318
9950: 9837,9757,9699,9329,9883,9657
9734: 9569,9328,9262,9521,9282
9611: 9322,9566,9445,9428,10001,9822
9477: 9290,9509,9478,9563,9467,9444
9921: 9766,9897,9922,9890
9355: 5882,9478,5975,9379,9290,9252
4169: 9605,9394,2968,9541,9533
9453: 9290,9509,9252,9622,9449,9303
9949: 9405,9682,9551,9888
9862: 9997,9671,9970,9845,9286,9510