9266: 9348,9523,9602,9877,9718
9886: 9426,9702,9413,9694,9312,9832
9339: 4891,4893,9337,9804,9440,3777
9882: 9840,9745,9474,9245,9895
9378: 9640,9420,9545,9292,9456,9277
9556: 9982,9317,9297,9571,9629,10005
6507: 7152
3486: 3786,9974,9487,9940,9837,9865
4811: 6018,4719,3210,5138,9503,9454
3874: 9575,5870,3471,9506,4485,9384
5975: 5876,9355,9805,6731,9379,9588
8475: 
9376: 9484,7719,9346,9426,9413,8033
10012: 9768,6967,9714,10031,9880,10009
9954: 9474,9948,9451,3491,9730,3991
9562: 9249,9784,4603,5138,9429
1556: 9530,9554,9495,9491,1225,2733
9482: 9574,9352,9408
10017: 9871,9574,9985,9808
10007: 8970
9833: 9953,9687,9783
10011: 9576,9891,9878,9925,10036,9932
9394: 9410,9533,2968,4169,5574,9455
2280: 2189
9092: 10014
9962: 9663,9879,2699,10026,9439
7010: 9289,9534,9465,9993,9499,7014
9690: 10034,9695,6155,9763,6249,9944
9354: 9550,9499,9458,9310,9465,9402
4218: 4521,3607,3121,9262,2540,9521,9269
30: 
9774: 9874,9899,9669,9986,9747
9768: 9714,10012,9684,6009,9898,10031
9848: 10019,9710,9884,5475,5070,5466
9958: 9746,9298,9380,9865,9818,9757
7009: 7014,7641,9436,6930,6916,7292
9294: 9503,9480,9523,9454,10025,9703
9663: 9962,9879,2699,9758,9918,2778
9392: 9269,4525,4004,9483,9633
8694: 9919,6665,6385,9930,9260
40: 
6085: 9860,7123,9512,6280,5478,9406
9533: 4164,2968,4347,4771,9410,9394,9311
9362: 10042,9476,9398,9244,9377,9529
9782: 9907,9338,9446,10040,217,9460
9265: 5856,9909,9549,9306,9968,9305
9317: 9982,9556,9297,8770,7901
9588: 9252,9622,9593,9379,5975,9355
6884: 
7345: 7080
2600: 2585,9758,2685,9669,9247,9295
9633: 9670,9392,4004,9459,9483,9280
9280: 4322,9602,9670,9877,9633
9005: 
9645: 9709,9717,3119,2649,9335,9813
9295: 9528,9918,9427,2600,9758,9247
56: 
1740: 
4322: 9280,9602,4004,4719,4937
9469: 9309,9801,9417,9908,9847,9494
5010: 3903,4498,5207,6508,9668,9401
9945: 9826,9821,9719
9779: 9753,10031,9880,9627,5408,9977
9914: 9341,9685,9896,10016,9847,9906
9851: 687,492
9943: 9638,9435,9529,9920,9650,9647
4893: 4891,4697,9337,9339,5202,9553
8150: 9692,9336,9750,9356,9592,8309
5475: 9364,9261,5754,5070,9848,9884
9855: 6695
9566: 9315,9431,9428,9324,9445,9611
9829: 9798,9760,9270,9736,9707,9655
9434: 9447,9711,9373
73: 336
9709: 9645,9717,9335,9761,9700,9246
4891: 4697,4893,9339,9475,3777,9432
9519: 9340,10030,9594,9285
4979: 2678,9607,9322,10010,10001,9810
9325: 9364,9261,10033,9463,9476,9398
9854: 9926,9889,9767,9800,9787,9691
9508: 9310,7360,9561,9301,9643
10023: 9579,9970,9327,9542,9671,9965
9398: 9362,9476,10033,9244,9659,9325
9765: 3743,9677
9699: 9775,9345,9329,9950,9791,9883
9629: 9960,9894,9600,9556,9297,10005
9415: 2492,2305,9251,9637,9737,9283
9510: 9997,9862,10010,9286,9822,9675
9814: 9328,9825,9897,9935,9955,9922
5640: 
7355: 
9691: 9450,9545,9292,9800,9854,9889
9922: 9921,9766,9876,9814,9897,9955
9853: 9804,9441,9440,9746,9657,9698
9617: 9938,10029,9795,7494,8513,7988
7318: 7581,8766,9284,9649,7494,7899
9880: 10031,9779,10012,9977,9517,10009
9698: 9883,9657,9807,9440,9853,9969
9787: 9800,9634,9892,9438,9854,9767
3321: 9790,3722,3715,3712,9704
2523: 9743,9321,9275,9923,9547,9788
9738: 9835,9754,9764,5400,6849,9846
8710: 8296,8770,8225,9752,9982,10003
9907: 9338,9782,9326,9793,217,9273
9754: 9835,9738,9852,9846,9885,9303
9819: 9399,9500,9748,1950,9972
9857: 7992,9752,8309,9340,10030,9762
9565: 9775,9416,9515,9806,9487,9329
9918: 9528,9414,9295,9758,9663,9879
9788: 10002,9940,9321,2523,9547,3786
8225: 7992,9752,9448,8296,8710,7988
9426: 9702,9886,9413,9376,9836,8033
9722: 9335,9296,9813,9715,9708,9720
5400: 9627,5408,6849,9738,9846,5403
3982: 4498,5207,3504,2333,4083,9259
9761: 3907,9700,9357,9342,9246,9709
9852: 9835,9754,9915,9622,9593,9303
9456: 9686,9984,9828,9545,9378,9277
9858: 9827,9811,9996,9794
6682: 7417,6967,9525,9466,7146,7505
9724: 9860,9696,9601,9309,9801,9764
10010: 9510,10001,9822,9675,9810,4979
9609: 9579,9327,9572,9555,4139
9729: 9705,7617,9486,9472,10024,9928
9405: 9551,9949,9612,9257,9682,9748
9878: 9972,9925,9500,9576,10011,9255
4485: 3983,9475,3284,3471,3874,9384
127: 
7119: 7811,9019,6916,7641,7383,8867
9964: 5564,5466,9872,9873,9776,6349
9713: 9990,9516,9957,3722,9520
9838: 9866,9994,9870,9689,10000
9899: 9774,9874,9374,9665,9425
9982: 9317,9556,8710,8770,10003,9571
4463: 4155,4255,4146,4569,4164,4347
2333: 9366,9430,3701,4083,9259,3982
1729: 
9245: 9363,9980,9895,9882,9552
9467: 6071,6460,9478,9290,9477,7811
9974: 3486,3786,9487,9869,9933,9806
9868: 4941
141: 
9884: 9848,10019,5475,9261,9667,9603
9572: 9630,9986,3850,9609,9327
5564: 5070,9964,9578,9455,9872
1793: 9626,10040,217,616,683,9869
3119: 9645,9717,2649,9913,1727,3607
3540: 3345
9431: 9315,9300,9566,9464,9324,9288
9619: 2580,4169,9595,9463,9605,9608
5870: 9575,6280,3874,5478,9433,9506,6348
3121: 2928,1727,9935,3607,4218,2540
9407: 9661,9563,9019,8867,9892,9438
5578: 9553,4486,5202
9401: 9726,9979,9668,6508,5010,9911
155: 
156: 
9708: 9722,9715,1553,2721,9720,9903
9644: 9911,9896,5202,4486,6508,9341
9382: 1525,9637,9255,9399,9500,2133
9246: 9761,9342,9335,9296,9709,9443
9985: 9632,9808,9871,10017,10018,9755
9957: 10038,10041,9990,9713,3715
8921: 
10002: 9788,9818,9940,9321,9316,9388
9606: 9389,9780,927,9267,9905,9635
4521: 3607,4218,9717,9700,9269,4525
2858: 3835
1225: 1553,2733,1556,9491,9624
9983: 8346
7934: 9683,9842
9485: 9759,9796,9697,9924,9333,9585
9324: 9473,9464,9428,9527,9431,9566
9319: 9720,9624,9333,2649,9585,9813
9446: 9338,9782,9537,9803,9263,9460
3607: 4521,4218,3121,1727,9717,3119
2194: 
9413: 9426,9886,9312,9484,9733,9376
9843: 9934,9856,9281,9770,9586
9523: 9348,9266,9454,9294,9703
9736: 9270,9821,9823,9798,9829,9769
9648: 9400,9701,9849,9666,9518
8766: 7581,7318,8991,7565,7899,9081
3504: 3903,4498,3982,4083,9481,9254,4293
9601: 9724,9860,9575,6280,9511,9309
9253: 9977,9517,9636,9299,9274,9631
9581: 9881,9653,9844,9492
9596: 9497,5792,9639,9368,9971,8631
9259: 9553,4486,6508,2333,9366,3982,5207
9895: 9363,9245,9635,9882,9840,9780
8264: 
9367: 9410,9578,9311,9539,9490
9258: 9538,9498,9573,9513,9723,9412
9299: 9636,9639,9253,8631,6385,9274
9893: 9437,9692,9336,9786
9433: 9313,9502,9330,9506,6348,5870,5478
1950: 9257,9281,1592,9819,9748
9450: 9545,9691,9800,9739,9976,9828
9741: 
9881: 9716,9995,9653,9492,9581
9700: 9761,3907,9709,9717,4521,4525
9650: 9805,9647,6731,9943,9773,9920
4941: 9868
9669: 2585,2600,2685,9774,9874,9747
9369: 9323,9580,9626,9991,9946,9706
9976: 9739,9641,9625,9800,9634,9450
9385: 9370,9791,9900,9288,9345,9300
9662: 9611,9822,9742,9428,2609,9997
1594: 
2778: 9361,2509,2585,9758,9663,2699
9870: 9994,9947,9693,9838
9815: 9990,9771,10041
9586: 9674,9956,1592,9843,9856,9281
6071: 9467,6460,9478,5882,9550,9458
10000: 9462,9797,9838,9994,9422,9689
7080: 7345
9849: 9648,9701,9666,9726,9979,9861
217: 1793,10040,9907,9782,9273,616
9941: 9992,9792,9873,9901,9658,10035
9908: 9278,9511,9685,9469,9309,9847
9920: 9839,9773,10042,9943,9529,9650
9569: 9734,9262,9328,9825
9544: 9386,9952,10022,9778,9359,9712
7901: 9081,8990,8991,9317,9297
9529: 9638,9943,9377,9362,10042,9920
7292: 7719,8333,9346,7641,7009,9436
9656: 9728,9781,9769,9537
9681: 9653,9844,9739,9984,9828
7494: 9795,9649,9617,7581,7318,8513
7965: 7719,8333,8046,8033,9423,9568
8904: 
9716: 9995,9864,9881,9381,9653
9470: 9557,2721,9365,9358,9577,9902
9515: 9806,9706,683,9272,9416,9565
5064: 4771,4569,5256,4448,4858,4347
9677: 3743,9765
9769: 9781,9798,9736,9823,9656,9728
9462: 9797,9256,10000,9489,9422,9442
9261: 9364,5475,9325,9476,9884,9603
9248: 9430,9268,9298,9536,9441,9590
9970: 9579,10023,9671,9845,9351,9862
9965: 9671,9742,2974,2509,9542,10023
9667: 9839,9301,9603,10019,9884,9561
9461: 9803,9263,10037,9642,9496,9393
9593: 9622,9588,5775,9379,9852,9915
8391: 
9373: 9711,9678,9452,9998,9434,9447
9723: 9513,9412,9258
9570: 3471,9330,9506,9370,9900,3284
9594: 9519,9340,9750,9293
9637: 9382,1525,9255,9251,9415,2305
2305: 2492,9372,9415,1525,9637
9971: 8631,6385,9930,9596,10043,9368
9575: 6280,5870,3874,9384,9511,9601
9830: 9826,9674,9956,9276,9719
9445: 10001,9611,9315,9566,9322,9287
9673: 9672,9863,9811,9794
9612: 9551,9405,10004,9257,9770
9516: 9990,9771,9713,9520
10035: 9471,9305,9901,9941,9992,9867
7899: 6483,7570,9079,7565,9284,7318,8766
9406: 5775,9967,9512,9540,6085,7123
9824: 9664,10005,10039,9571,9727
10006: 9975,9992,9792,9817,9725
9822: 10001,9611,9662,9997,9510,10010
10031: 9753,9779,9880,9684,9768,10012
9917: 9386,9353,9712,9988,9334,9592
2391: 9541,3166,3860,4255,2580,4057
9832: 9981,9702,9886,9694
9257: 1950,9281,9770,9405,9612,9748
9296: 9335,9722,9715,9279,9443,9246
5856: 5051,4950,9909,9265,9901,9305
9582: 9591,9375,9597,10032
9874: 9774,9899,9737,9665,2685,9669
274: 
275: 
2476: 
9418: 9912,9621,9772
9486: 9289,9534,9705,9729,9390,9928
8046: 7383,7723,7965,8333,9568
2609: 9428,9527,9742,2974,9662
9592: 9356,9334,9353,9917,8150,9336
2585: 2600,9758,9669,9747,9361,2778
3471: 9570,9506,3983,4485,3284,3874
9969: 3983,3777,3284,9698,9807,9440
9546: 9567,9749,9610,9560,9564,9827
9909: 5856,4950,9265,9404,9755,9549
9793: 9326,2806,9907,9338
9481: 4083,3502,9250,9279,9254,3504
10037: 9781,9798,9655,9496,9803,9461
9494: 10016,9847,9684,9469,9417,9753
6695: 9855
3786: 3486,9974,9933,9547,9788,9940
3907: 9761,9700,9357,4710,4525,4004,4937
3983: 9475,4485,3777,3284,9969,3471
9979: 9726,9401,10020,9911,9849,9666
9726: 9979,9668,9401,9784,9861,9849
10042: 9362,9476,9529,9839,9603,9920
9473: 9464,9468,9324,9676,9527,9439
299: 411
9613: 9277,9618,9610,9420,9564,9307
9686: 9456,9984,9277,9618
9801: 9469,9309,9417,9724,9764,6849
10029: 9938,9617,9988,9740,9395,9795
9307: 9504,9564,9237,9420,9079,9613
9755: 10018,9549,9632,9985,9404,9909
8296: 8513,8710,7996,7988,8770,8225
9682: 9972,9925,9888,9405,9949,9748
9772: 9621,9424,9418,9620,9332
10036: 9744,9932,9891,10011
9836: 8033,9423,9426,9702,9587,9688
9585: 2649,9913,9485,9697,9319,9333
9542: 9361,2509,9630,10023,9327,9965
5754: 5574,9455,9608,9364,5475,5070
9500: 9399,9819,9878,9972,9382,9255
9733: 9484,9928,10024,9951,9413,9312
316: 
9888: 9925,9682,9949,9891,9931
9291: 9812,9264,9363,9635,927,9530
9712: 9359,9395,9386,9917,9544,9988
3860: 4155,4255,9256,9489,3166,2391
10025: 9711,9678,9294,9480,9703
9916: 9587,9688,9995,9864
6155: 9776,9817,6349,9695,9690,6249
9428: 2609,9527,9324,9611,9662,9566
9410: 9367,9578,9394,9311,9533,9455
9503: 5138,9294,9429,9480,4811,9454
9411: 9845,9479,9351,9541,9535,9605
9714: 9768,6967,10012,6009,9525,9518
9597: 9425,9396,9582,9375,9986
9580: 9323,9369,9263,9626,10040,9460
9873: 9941,9792,9658,9872,9964,9776
9599: 9887,9799,9513,9646,9498,9522
9803: 9461,9263,9781,10037,9446,9537
3533: 
9327: 9579,10023,9609,9572,9630,9542
336: 73
9643: 10034,9936,9310,9508,9561,9402
9420: 9640,9237,9378,9613,9277,9307
9753: 10031,9779,9417,9684,9494,5408
9951: 10024,9733,9312
2699: 9663,9962,2509,2778,2974
9778: 10022,9831,9386,9544
2024: 9665,9283,9756,3947,9374,9424
3722: 9790,3321,9816,9520,9713
9744: 10036,9756,9932,9912,9621
7340: 
9926: 9854,9889,9767,10043,9930,9919
9826: 9830,9945,9719
8333: 7965,7719,7292,7641,8046,7383
9912: 9744,9418,9621
6731: 9650,9805,9773,7360,5975,5876
10024: 9472,9729,9928,9733,9951
3345: 3540
9316: 9557,9388,9818,10002,9380,9577
10003: 9762,10039,9571,8710,9752,9982
9697: 9796,9485,9679,9913,9585,9304
6420: 
7581: 7318,8766,8991,7494,8513,7996
359: 874,9760,9399,9707,2133
9891: 9931,9925,9888,10036,10011
4486: 9259,5578,9553,6508,5202,5207,9644,9911
2906: 2244
9757: 9950,9837,9958,9746,9865,9657
9911: 9644,10020,9896,4486,6508,9979,9401
9987: 9214
9821: 9270,9736,9719,9945,9823
6849: 5408,5400,9801,9417,9738,9764
9689: 9887,9799,9838,9866,9797,10000
3850: 9572,9986
9628: 9419,9260,9616,9623,9271,9904
6140: 
1666: 
9701: 9648,9400,9849,9861,9785,9583
9671: 9965,9742,9970,10023,9997,9862
9748: 9819,9405,1950,9257,9972,9682
376: 492
9499: 9354,9550,9465,7010,7014,6930
9584: 9368,9660,9509,9497,9449,9444,9661
9329: 9950,9837,9487,9775,9699,9565
9476: 9362,10042,9398,9261,9325,9603
9929: 9721,9718,9348
9463: 10033,9595,9619,9608,9364,9325
9813: 9335,9722,9720,9319,2649,9645
9330: 9570,9506,9370,9433,9313,9526
9271: 8081,9344,9616,9628,9875,9904
9984: 9456,9686,9828,9844,9681
9276: 874,9760,9674,9830,9270,9719
9608: 5574,5754,9619,4169,9463,9364
9391: 9349,9568,9381,9641,9625
8879: 9560,9504,7565,9081,8990,9219
9454: 9523,4719,4811,9602,9503,9294
9455: 5574,5754,9410,9578,9394,5564
9379: 5775,9967,9805,5975,9593,9588
2459: 
9616: 9274,9623,9631,9271,8081,9628
9668: 9726,9401,5010,3903,4603,9784
9312: 9886,9413,9694,9733,9951
7723: 8046,7383,8867,9634,9892,9625
2364: 
9549: 10018,9755,9909,9265,9968
9444: 9661,9563,9509,9477,9584
9975: 10006,9725,10015,9783
9145: 
9311: 9410,9367,4771,9533,9539
1996: 
9540: 9512,9543,9435,9647,9406,9967
9802: 9507,9672,9548
9331: 9522,4146,9799,9797,9489,4155
9638: 9435,9943,9308,9377,9529,9607
9752: 8225,7992,9857,8710,9762,10003
411: 299
9488: 9557,9388,9514,9264,9495,9365
7123: 9860,9696,6085,5775,9406,9915
9646: 9513,10027,9887,9599
9397: 6018,3210,9320,9357,9342,9409
4771: 5064,5256,9533,4347,9311
9081: 7901,8990,7565,8766,8991,8879
9640: 9237,6480,9420,9378,8205,9292
9900: 9370,9791,9385,9807,9570,3284
9679: 3612,3810,9704,9796,9697,9304
9343: 9867,9614,9471
9847: 10016,9494,9908,9914,9685,9469
9303: 9885,9449,9622,9754,9852,9453
424: 1529
9555: 3559,4139,9579,9609,9535,9351
9247: 2600,2685,2492,9372,9427,9295
9595: 10033,9463,9532,9605,9479,9619
9968: 9306,9549,9265
10039: 9762,10003,9571,9789,9727,9824
7811: 7119,9019,6916,9467,6460,9477,9563
9255: 9382,9637,9878,9500,9251,9576
9877: 9751,9670,9280,9602,9266,9718
10026: 9676,9991,9946,9962,9879,9439
3820: 3715,3712,10038,9966,9927
9539: 9350,9404,9367,9311,4950
9309: 9469,9801,9511,9908,9724,9601
9551: 9405,9949,9612
8885: 9126,9125,8990,9219,9297,9600
8513: 8296,7996,7988,7494,9617,7581
9797: 9462,10000,9489,9689,9799,9331
9693: 9834,9870,9947
9017: 
9996: 9858,9794
10008: 9840,9745,9937
9517: 9977,9253,9880,6389,10009,9631
3743: 9765,9677
9784: 9249,9562,9861,4603,9726,9668
9942: 9531,9651,9998,9457,9447,9963
449: 
6018: 4719,4811,9397,3210,4937,9357
9448: 9356,9334,9938,7988,8225,7992
7958: 
9371: 9427,9642,9496,9421,9372
9973: 9823,9728,3295
5792: 9846,9885,9497,9596,9639,5403
456: 
9988: 9938,10029,9395,9712,9917,9334
9666: 9648,9849,10020,9979,6204
9933: 9809,616,9547,3786,9974,9869
9938: 9617,10029,9988,9334,9448,7988
9365: 2733,2721,9495,9488,9557,9470
5129: 
9300: 9315,9431,9370,9385,9288,9526
8991: 7581,8766,7996,7901,9081
9360: 9452,9583,9249,9429,9480,9678
466: 
9665: 9737,9283,2024,9374,9874,9899
9475: 3983,4485,3777,4891,9384,9278,9432
9432: 9341,9685,9475,4891,4697,9278
9615: 9567,9749,9387,9125,9863,9548
9670: 9959,9751,9877,9633,9459,9280
9561: 9508,10019,9301,9667,9936,9643
9850: 978,9732
9995: 9716,9864,9881,9916
9408: 4855,9302,9352,9573,9482,9574
2540: 9262,3121,9328,9935,4218
9809: 9273,9933,616,9589,9923,9547
2133: 9707,9421,9399,359,9382,1525
9414: 9528,9918,9323,9393,9879,9946
9449: 9885,9497,9303,9453,9509,9584
9496: 9371,9642,9655,9421,10037,9461
9466: 9525,9559,9457,7417,9735,6682
9840: 10008,9882,9745,9937,9895,9780
9711: 10025,9678,9373,9434
9717: 9645,9709,3119,4521,3607,9700
9946: 10026,9991,9414,9323,9369,9879
8770: 8296,8710,7996,9982,9317
9550: 9354,9499,9458,6071,6460,6930
9277: 9613,9618,9420,9378,9456,9686
4498: 5010,3903,3982,5207,3504,4083,4293
9079: 7570,7565,7899,9237,9504,9307
492: 376,687,9851
8599: 
9627: 5408,5400,9779,9636,5403,9977
1529: 424
9577: 9358,9536,9316,9557,9470,9380
1246: 
9527: 9428,2609,9439,9473,9324
1709: 2244,2153
9524: 9459,9282,9959
9739: 9641,9976,9450,9681,9828
5876: 5882,5975,9355,6731,7360
9359: 9505,9395,9712,9952,7847,9544
8737: 
3284: 3983,4485,9969,9900,9807,3471,9570
9785: 9452,9583,9400,9701,9531,9998
9842: 9683,7934
9427: 9371,9642,9372,9247,9528,9295
7259: 
4134: 
9632: 9985,9808,9604,9350,9404,9755
7880: 
513: 
9828: 9456,9984,9739,9450,9545,9681
9531: 9942,9998,9400,9785,9559,9457
9603: 9839,9667,9261,10042,9476,9884
9353: 9386,9917,9437,9592,9336
9416: 9775,700,9565,9272,9515,9468
9684: 10016,9494,9898,9753,10031,9768
9652: 7002,9680,9910
9252: 9622,9588,9355,9478,9290,9453
9436: 7014,7009,9534,9390,7292,9346
9805: 9650,9647,6731,9379,9967,5975
9823: 9973,9736,9821,9769,9728
9318: 9960,9894,9558
9286: 9510,9862,9845,9479,9532,9675
9564: 9560,9504,9307,9613,9610,9546
9621: 9424,9772,9912,9744,9756,9418
9903: 9902,9493,9715,9708,9250
6916: 7811,7119,6460,7641,7009,6930
9474: 9954,9948,9882,9745,3991
9871: 10017,9985,9820,10018
9310: 9508,9643,9402,9354,9458
6480: 9640,9237,6665,8205,8496,7570
535: 
3903: 5010,4498,3504,4293,4603,9668
537: 
9545: 9450,9292,9691,9378,9456,9828
9393: 9323,9642,9461,9263,9528,9414
9273: 9809,616,9907,9589,9326,217
9525: 9559,9466,9518,6967,9714,6682
9703: 9294,9523,10025
9283: 9737,9665,2024,9251,3947,9415
9278: 9384,9511,9908,9475,9432,9685
9507: 9558,9802,9501,9387,9548
7002: 9652,9680
2153: 1709
9919: 6665,8694,8205,9930,9926,9889
9464: 9473,9468,9324,700,9431,9288
9807: 9883,9698,9791,9900,3284,9969
9905: 9937,9780,9606,9267
9293: 9786,9692,9750,9594
10014: 9092
9518: 9525,9559,6009,9648,9400,9714
9425: 9332,9396,9597,9374,9899
9479: 9845,9411,9286,9595,9532,9605
4146: 9522,9331,4450,4155,4463,4569
9825: 9328,9814,9897,10028,9569
9267: 9389,9606,9905,10021,9961
9658: 9490,9872,5051,9901,9941,9873
561: 760
9756: 9744,9932,3947,9621,9424,2024
9614: 9306,9471,9343
9883: 9657,9698,9807,9699,9950,9791
4448: 5064,4569,9538,4450,4855,4858
9879: 9663,9962,9918,9414,10026,9946
9396: 9425,9332,9597,9834,9620,9375
9991: 9272,10026,9676,9946,9369,9706
10004: 9934,9612,9770
2468: 2189,2658
9404: 9539,9350,9632,9755,4950,9909
2721: 1553,2733,9365,9470,9902,9708
9275: 9743,2523,9923,9552,9598,9980
9587: 9916,9688,9702,9836,9981
10015: 9725,9347,9975,9687,9783,9314
10034: 9936,9643,9695,9690,9944,9402
9844: 9653,9681,9984,9581
4004: 4525,9392,3907,4937,4322,9633
9459: 9483,9282,9524,9959,9670,9633
9687: 9833,9953,9783,10015,9314,7617
9563: 9444,9661,9407,9477,7811,9019
9659: 9244,9675,9810,10033,9532,9398
9953: 9833,9687,7617,9472
1873: 
7014: 7009,9436,6930,9499,9534,7010
9977: 9517,9253,9627,9779,9880,9636
9898: 6009,6204,9906,10016,9684,9768
9537: 9338,9446,9781,9656,9803
9773: 9839,9301,9920,9650,6731,7360
5332: 
9657: 9883,9698,9757,9950,9746,9853
9618: 9613,9277,9610,9686
9767: 9926,9854,10043,9660,9787,9438
9672: 9863,9548,9673,9802
9904: 9875,9649,9271,9419,9628,9284
596: 731
8614: 
9308: 9638,9435,9607,9403,9502,9543
8318: 
9763: 9347,6249,9989,9690,9944,9993
9281: 1950,9257,9770,9843,9586,1592
9676: 9272,10026,9991,9439,9473,9468
9298: 9958,9746,9380,9536,9441,9248
9447: 9434,9373,9651,9942,9998
9678: 9711,10025,9373,9480,9452,9360
9377: 9638,9529,9244,2678,9607,9362
4710: 3907,9357,4937
9409: 4293,4603,9320,9397,3210
9955: 9814,9935,3810,9922,9876,2928
9750: 9692,8150,9293,8309,9340,9594
9740: 9344,9505,9395,9795,9875,10029
1571: 
9251: 3947,9576,9637,9255,9283,9415
614: 
9718: 9929,9721,9751,9877,9348,9266
616: 9273,9933,9809,1793,217,9869
9579: 9970,10023,9609,9327,9555,9351
9287: 9313,9526,9403,9445,9315,9322
9653: 9844,9681,9716,9881,9581
9605: 9595,9541,9479,9411,9619,2580
9422: 9994,10032,9591,9462,10000,9442
2685: 2600,9669,9247,9737,2492,9874
9386: 9353,9917,9544,9778,9712
9288: 9385,9464,9345,700,9300,9431
3835: 2858
9867: 9343,9471,10035,9992
9861: 9249,9784,9726,9701,9849,9583
1592: 9674,9586,1950,9281,874
8596: 8081,9344,7146,6389,7505,7847,9505
3295: 2806,9730,9973,9728
3502: 4083,9481,9250,9493,3701,9268
7641: 7009,7119,6916,8333,7292,7383
9358: 9577,9536,9470,9902,9493,9268
634: 
7353: 
2678: 9607,9322,4979,9244,9810,9377
5466: 5070,9964,9848,9710,6349
9685: 9432,9341,9914,9278,9908,9847
9297: 9317,9556,7901,8885,9629,9600
9468: 9473,9464,9272,9676,9416,700
9388: 9316,9488,9557,9321,9514,10002
9636: 9639,5403,9299,9627,9977,9253
9696: 9724,9860,7123,9835,9764,9915
9429: 5138,9503,9480,9249,9562,9360
645: 
2928: 9304,3121,1727,3810,9935,9955
9493: 9902,9903,9358,3701,9268,3502,9250
5051: 5856,4950,9901,9490,9658
9967: 5775,9379,9406,9540,9805,9647
9894: 9960,9629,9600,9501,9318
9342: 9761,9357,9246,9320,9443,9397
7565: 9079,7899,8766,9504,8879,9081
9948: 9954,9474,9451,9745
4255: 3860,4155,4463,2391,4164,4057
9816: 9790,3722,9520,10021,9731,9759
7936: 
9333: 9624,9319,9924,9491,9485,9585
9438: 9787,9892,9661,9407,9660,9767
9509: 9290,9453,9477,9449,9444,9584
2658: 2468
5426: 
9511: 9384,9278,9908,9575,9601,9309
9526: 9287,9313,9315,9300,9370,9330
9776: 6155,9817,6349,9964,9792,9873
9559: 9525,9466,9518,9457,9400,9531
9372: 2492,2305,9427,9371,9247
9370: 9900,9385,9300,9526,9570,9330
9443: 9320,9279,9254,9296,9342,9246
9623: 9274,9616,6385,9260,9628
4164: 9533,2968,4347,4255,4463,4057
9818: 10002,9940,9316,9958,9380,9865
9260: 8496,9419,9628,9623,6665,8694
9758: 2585,2600,9918,9295,2778,9663
3701: 2333,9430,9268,9493,4083,3502
7439: 
9989: 9763,9347,9993,9705,9314,9289
9502: 9433,9313,9403,9308,6348,9543
9642: 9427,9371,9496,9461,9528,9393
2733: 1225,1553,2721,9365,1556,9495
9285: 9789,9939,9519,10030
9506: 3471,9570,9330,9433,5870,3874
9480: 9503,9294,9429,9360,10025,9678
683: 9515,9806,9706,9626,1793,9869
3712: 3715,3820,3321,3612,9704,9927
9924: 9859,9491,9731,9759,9485,9333
3491: 2806,9730,9954,9383,3991
687: 9851,492
9491: 9924,9859,1556,1225,9624,9333
9560: 9504,8879,9564,9219,9567,9546
9661: 9444,9407,9563,9584,9660,9438
9256: 9462,9489,3559,9442,3860,3166
9770: 9257,9281,9934,10004,9843,9612
4139: 9555,3559,9442,9591,9609
9384: 9278,9511,9475,4485,9575,3874
9771: 9990,9516,9815
9786: 9293,9893,9692
7152: 6507
9326: 9589,9383,9793,9907,9273
9532: 10033,9595,9479,9286,9675,9659
700: 9775,9416,9345,9464,9468,9288
9651: 9942,9447,9831,9963
9695: 10034,9936,9690,9710,6155,6349
9925: 9878,9972,9682,9888,9891,10011
9290: 9453,9509,9477,9252,9467,9478
9934: 10004,9843,9770
9244: 9659,9810,2678,9362,9398,9377
707: 
9952: 7417,7847,9735,10022,9359,9544
709: 9841,9654
2580: 9619,4169,4057,9541,2391,9605
9869: 9974,1793,9933,616,9806,683
9513: 9646,9723,9599,9498,9258
9315: 9300,9431,9566,9445,9287,9526
10013: 9412,9352
9458: 9354,9550,9310,5882,6071
9437: 9893,9353,9336
2509: 9361,9542,2778,2699,9965,2974
9576: 9251,3947,10011,9878,9932,9255
9440: 9804,9853,9698,3777,9969,9339
9889: 9926,9854,9919,8205,9292,9691
9340: 9519,8309,10030,9594,9750,9857
9274: 9616,9623,9631,9299,9253
9892: 9634,9787,9438,9407,7723,8867
9395: 9359,9505,9712,9740,10029,9988
8081: 9271,9344,8596,6389,9616,9631
9173: 
6348: 9512,9543,9433,9502,5870,5478
10001: 9445,9611,9822,10010,9322,4979
2953: 
9350: 9539,9404,5256,9632,9604
731: 596
3517: 10038
9896: 9644,10020,9911,9341,9914,9906
10022: 9831,9963,9778,9952,9735,9544
4131: 9777
9272: 9676,9991,9515,9706,9468,9416
9735: 7417,9952,9466,9457,10022,9963
9430: 2333,9366,3701,9248,9268,9590
9863: 9672,9548,9673,9811,9615,9749
9337: 4893,9339,9804,9590,9366,9553
9219: 8990,9560,8879,9567,8885,9125
9521: 9734,9262,4218,9269,9483,9282
10028: 9890,9825,9897
9435: 9638,9943,9308,9543,9540,9647
7191: 
5478: 6280,5870,9433,6348,9512,6085
3715: 3820,3712,10038,9957,3321
9622: 9252,9593,9588,9852,9453,9303
10019: 9848,9710,9884,9667,9936,9561
4855: 4858,9302,9408,9538,9573,4448
9465: 9944,9993,9402,9354,9499,7010
7360: 9508,9301,9773,6731,5876
8309: 9340,9356,8150,9750,7992,9857
9804: 9441,9440,9853,9590,9337,9339
9906: 6204,9898,9914,10020,9896,10016
9356: 9334,9448,9592,8150,7992,8309
9347: 9725,9763,6249,9989,10015,9314
1553: 1225,2733,2721,9720,9624,9708
9399: 9819,9500,359,9382,2133
760: 561
9864: 9716,9995,9349,9381,9916,9688
9574: 9482,9302,9408,10017,9808
9992: 9941,9792,10035,9867,10006
9743: 9321,2523,9275,9980,9812,9514
9783: 9833,9687,9975,10015
9910: 9652,9680
9706: 9515,683,9369,9626,9272,9991
9664: 9824,10005,9960
4697: 4891,4893,5202,9432,9341
6665: 9919,8694,8205,8496,9260,6480
6385: 9971,8631,9930,9299,9623,8694
9390: 9484,9928,9486,9534,9436,9346
9304: 2928,1727,9697,3810,9679,9913
9806: 9515,683,9974,9487,9869,9565
9348: 9523,9266,9929,9718
6009: 6204,9898,9768,9714,9518
2198: 
9457: 9559,9466,9531,9942,9735,9963
9417: 9469,9801,9494,5408,6849,9753
9959: 9751,9670,9459,9524
9254: 9320,9279,9443,9481,3504,4293
9423: 9836,8033,7965,9349,9568,9688
9655: 9707,9421,9798,10037,9829,9496
9781: 9798,10037,9769,9656,9803,9537
9412: 10013,9352,9723,9258,9573
9639: 9636,5403,9299,5792,9596,8631
9859: 9924,9491,9731,9961,9554
9338: 9907,9446,9782,9537,9793
9795: 9875,9649,7494,9740,9617,10029
9817: 9776,6155,9792,10006,9725,6249
9936: 10034,9643,9695,10019,9710,9561
9901: 5856,5051,9658,10035,9305,9941
9705: 9314,7617,9729,9989,9289,9486
8346: 9983,8970
7617: 9705,9314,9729,9953,9687,9472
9306: 9968,9614,9265,9471,9305
9620: 9834,9772,9332,9396
9737: 9665,9283,2492,9415,9874,2685
10021: 9961,9267,9816,9520,9731
9534: 9289,9486,7010,7014,9436,9390
9313: 9433,9287,9526,9403,9502,9330
9383: 9589,9326,3491,9598,3991
2974: 9965,9742,2509,2699,2609
5574: 5754,9455,9608,4169,9394
9263: 9803,9461,9446,9323,9580,9393,9460
9913: 2649,9585,9697,9304,1727,3119
9268: 9430,3701,9248,9358,9536,9493,3502
4293: 9409,4603,9320,9254,3903,4498,3504
6389: 7146,10009,9517,9631,8081,8596
9363: 9980,9245,9895,9635,9812,9291
9674: 9586,9956,1592,9830,874,9276
2244: 1709,2906
9284: 9419,9649,9904,6483,7899,7318
9730: 2806,3491,3295,9451,9954
9553: 9259,5578,4486,9366,4893,9337,5202
7265: 
7996: 8513,8296,8770,7581,8991
3810: 3612,9679,9876,9304,2928,9955
9937: 9905,10008,9840,9780
1617: 1044
9798: 9781,10037,9829,9769,9736,9655
8695: 
9725: 9347,6249,10015,9817,9975,10006
9998: 9531,9942,9452,9785,9373,9447
8970: 10007,8346
9944: 9465,9993,9402,10034,9690,9763
9932: 10036,9744,9756,3947,9576,10011
7086: 
9487: 3486,9974,9806,9565,9329,9837
9972: 9878,9925,9682,9819,9500,9748
9704: 3612,9679,9790,3321,3712,9796
9336: 9692,8150,9353,9437,9893,9592
9820: 9871,10018
10043: 9368,9660,9971,9930,9926,9767
7146: 6389,7505,10009,6967,6682,8596
9400: 9648,9701,9785,9559,9518,9531
1340: 1019
9625: 9641,9976,7723,9634,9391
2968: 9533,4164,4169,4057,9394
9865: 9958,3486,9818,9940,9757,9837
9389: 9606,927,9267,9961,9554
9897: 9825,9814,9922,9921,9890,10028
2806: 3491,9730,3295,9793
9305: 9471,10035,5856,9265,9901,9306
9501: 9507,9558,9126,9387,9894,9600
6508: 9259,4486,5010,5207,9644,9911,9401
8205: 9919,6665,9889,9292,9640,6480
848: 
5408: 9627,5400,6849,9417,9753,9779
9302: 4855,4858,9408,9574,9808,9604
9810: 9244,9675,9659,10010,2678,4979
4603: 9409,4293,3903,9668,9784,9562
3559: 9555,4139,9442,9256,9535,3166
5256: 4771,5064,4858,9604,9350
7248: 
6531: 
9947: 9994,9870,10032,9834,9693,9375
7847: 7417,9952,7505,8596,9359,9505
10030: 9519,9340,9857,9762,9285,9789
6118: 
861: 
4057: 2580,4169,4255,2391,4164,2968
9387: 9126,9125,9615,9548,9507,9501
5882: 5876,9355,9458,6071,9478
9548: 9672,9863,9615,9387,9507,9802
9528: 9918,9414,9295,9427,9642,9393
9375: 9582,9834,9396,9597,10032,9947
9282: 9459,9483,9734,9521,9524
10041: 9957,9815,9990
9442: 3559,4139,9422,9591,9462,9256
9049: 
9321: 9743,2523,9514,9788,10002,9388
6349: 9776,6155,5466,9964,9710,9695
874: 359,9760,9276,9674,1592
9270: 9736,9821,9719,9760,9276,9829
9747: 9630,9986,9774,2585,9669,9361
9940: 9788,9818,10002,3486,3786,9865
9019: 7811,7119,9407,9563,8867
9600: 9629,9894,9297,9126,8885,9501
9719: 9270,9821,9826,9830,9945,9276
1727: 9304,2928,3121,9913,3119,3607
9505: 9359,9395,7847,9344,8596,9740
9591: 9582,10032,9422,4139,9442
9520: 3722,9816,9516,9713,10021
9262: 9734,9569,2540,9521,9328,4218
9424: 9374,9621,9772,9756,2024,9332
9710: 9848,10019,5466,6349,9936,9695
10020: 9911,9896,9979,6204,9906,9666
9647: 9650,9805,9435,9943,9540,9967
9732: 9850
9707: 9655,9421,2133,359,9760,9829
9837: 9329,9757,9950,3486,9487,9865
9598: 9552,3991,9589,9383,9275,9923
9498: 9538,9258,9513,9599,9522,4450
9504: 9560,8879,9564,9307,9079,7565
5775: 9379,9406,9967,7123,9593,9915
9558: 9507,9501,9318
9999: 9866,10027
9841: 709,9654
9831: 10022,9963,9778,9651
9419: 8496,9260,9628,9284,9904,6483
9688: 9916,9587,9836,9423,9349,9864
9846: 9885,5792,9738,9754,5400,5403
8631: 9971,6385,9596,9639,9299
10027: 9866,9999,9646,9887
6204: 6009,9906,9898,10020,9666
9335: 9296,9722,9813,9645,9709,9246
9471: 10035,9305,9306,9614,9343,9867
9472: 10024,9953,7617,9729
910: 
9835: 9738,9754,9764,9852,9915,9696
9993: 9944,9465,9763,9989,9289,7010
9856: 9843,9586,9956
9808: 9632,9985,9604,9574,9302,10017
9604: 9632,9808,4858,9302,5256,9350
9538: 9498,9258,9573,4450,4855,4448
9264: 9812,9514,9291,9530,9495,9488
4937: 6018,4719,3907,9357,4710,4004,4322
9126: 9387,8885,9125,9600,9501
4719: 6018,4811,4937,4322,9602,9454
9567: 9615,9546,9749,9560,9219,9125
2551: 
9827: 9858,9811,9610,9546,9749
1619: 
9351: 9845,9411,9555,9579,9970,9535
10040: 9626,1793,217,9460,9782,9580
927: 9389,9606,9635,9291,9530,9554
9403: 9287,9313,9502,9607,9322,9308
3777: 3983,9475,9969,9440,4891,9339
9796: 9759,9485,9697,9790,9679,9704
9789: 9285,9939,9727,10030,9762,10039
9530: 9554,1556,9495,927,9264,9291
9764: 9835,9738,9724,9696,9801,6849
9960: 9629,9894,9664,10005,9318
9950: 9329,9757,9837,9699,9883,9657
2189: 2280,2468
9611: 9445,10001,9662,9822,9428,9566
9477: 9290,9509,9467,7811,9444,9563
9921: 9922,9766,9890,9897
9355: 5882,5975,5876,9252,9588,9478
3991: 9552,9598,3491,9954,9474,9383
9453: 9290,9509,9252,9622,9449,9303
9949: 9551,9405,9682,9888
4450: 9522,4146,9538,9498,4569,4448
2492: 9372,9415,2305,9737,2685,9247
4858: 4855,9302,5064,5256,4448,9604
7383: 8046,7723,8867,7641,7119,8333
3251: 
9981: 9832,9702,9587
9368: 9584,10043,9660,9497,9596,9971
9439: 9527,9962,10026,9676,9473
9715: 9296,9722,9708,9903,9250,9279
4155: 3860,4255,4463,9489,9331,4146
9552: 9598,3991,9980,9245,9275
5633: 
6967: 9714,10012,9525,7146,10009,6682
6323: 
7992: 8225,9752,9857,9356,9448,8309
959: 
6460: 6071,9467,9550,6930,7811,6916
9250: 9481,3502,9903,9493,9715,9279
9923: 2523,9275,9547,9589,9598,9809
9380: 9958,9298,9818,9316,9577,9536
9269: 4525,9392,4521,4218,9521,9483
10032: 9994,9947,9422,9582,9591,9375
9794: 9858,9811,9996,9673
8044: 
9902: 9903,9493,9470,2721,9358
9812: 9514,9264,9291,9363,9980,9743
9745: 10008,9882,9840,9474,9948
9875: 9795,9649,9904,9271,9344,9740
5138: 9503,9429,4811,3210,9562
8033: 9836,9423,9376,7965,7719,9426
9249: 9784,9562,9861,9429,9360,9583
9800: 9634,9787,9854,9976,9450,9691
9364: 5475,9261,9325,9463,5754,9608
8867: 7383,7723,7119,9019,9407,9892
978: 9850,1052
9374: 9424,9665,2024,9425,9332,9899
9568: 9391,9349,7965,8046,9423
9876: 9922,9766,3612,3810,9927,9955
9483: 9459,9282,9521,9269,9392,9633
9421: 9707,9655,2133,1525,9371,9496
9720: 9624,9319,1553,9722,9813,9708
9790: 3722,3321,9816,9759,9796,9704
9366: 2333,9430,9590,9337,9259,9553
9930: 9971,6385,10043,9926,9919,8694
9332: 9425,9396,9374,9424,9772,9620
9845: 9479,9411,9351,9970,9862,9286
10009: 7146,6389,9880,6967,10012,9517
8807: 8917
4950: 5856,5051,9909,9539,9404
9451: 9730,9954,9948
9573: 9538,9258,9412,9352,4855,9408
3545: 
9578: 9410,9367,9455,9490,9872,5564
9381: 9391,9349,9641,9716,9864
9460: 10040,9263,9446,9782,9580
9799: 9887,9689,9599,9797,9522,9331
9495: 9530,1556,9264,9488,2733,9365
9630: 9572,9986,9747,9361,9542,9327
9547: 2523,9923,9933,9809,3786,9788
9536: 9358,9577,9298,9380,9248,9268
9320: 9443,9254,9342,9409,4293,9397
9728: 9656,9973,9823,9769,3295
1006: 
9557: 9316,9488,9388,9470,9365,9577
10016: 9847,9684,9494,9914,9906,9898
7719: 7965,8333,7292,9346,9376,8033
9792: 9941,9992,9873,9776,9817,10006
9749: 9615,9567,9546,9827,9811,9863
7570: 6483,9079,7899,8496,9237,6480
7988: 8513,8296,9938,9617,9448,8225
9762: 10039,10003,9752,9857,10030,9789
2669: 
9328: 9825,9814,9935,9262,9569,2540
9834: 9693,9620,9396,9947,9375
9872: 9490,9658,9578,5564,9964,9873
1019: 1340
9344: 9271,8081,8596,9740,9505,9875
9349: 9391,9568,9381,9423,9688,9864
9811: 9827,9858,9749,9794,9863,9673
9727: 9789,9939,10039,9824
9602: 4322,9280,4719,9877,9266,9454
8658: 
9484: 9390,9928,9733,9376,9346,9413
5403: 9636,9639,9627,5400,9846,5792
9478: 6071,9467,5882,9355,9252,9290
9997: 9510,9862,9671,9742,9662,9822
9980: 9363,9245,9552,9743,9275,9812
9766: 9922,9921,9876,9978,9927
8261: 
5207: 5010,4498,3982,9259,4486,6508
9631: 9274,9616,9517,9253,6389,8081
9860: 9724,9696,6085,7123,9601,6280
9301: 9839,9773,9667,9508,7360,9561
10018: 9755,9549,9871,9985,9820
5841: 
5202: 4697,4893,5578,9553,4486,9341,9644
7417: 9952,7847,9735,6682,9466,7505
10038: 9957,3517,3715,3820
1525: 9382,9637,9421,2133,2305
9323: 9369,9580,9393,9263,9414,9946
1044: 1617
4347: 9533,4164,4463,4771,5064,4569
9966: 9978,3820
3839: 
2649: 9913,9585,9319,9813,9645,3119
9334: 9356,9448,9592,9917,9938,9988
9862: 9997,9510,9286,9970,9671,9845
9489: 9462,9797,9256,9331,3860,4155
1052: 978
9978: 9966,9927,9766
9731: 9924,9859,10021,9961,9816,9759
9721: 9929,9718,9751
8496: 9419,9260,6665,6480,6483,7570
9775: 9416,9345,700,9699,9565,9329
9635: 9363,9895,9780,9606,927,9291
9634: 9800,9787,9892,7723,9976,9625
6930: 7014,7009,9550,9499,6460,6916
9361: 2509,9542,2778,2585,9630,9747
9214: 9987
9279: 9443,9254,9296,9715,9481,9250
9641: 9739,9976,9625,9391,9381
9885: 9846,9497,5792,9449,9303,9754
4083: 9481,3502,2333,3701,4498,3982,3504
8990: 7901,9081,9219,8879,8885
9346: 7719,7292,9436,9390,9484,9376
9839: 9301,9773,9667,9603,9920,10042
9734: 9262,9569,9521,9282
9535: 9541,3166,9555,3559,9411,9351
9543: 6348,9512,9540,9502,9435,9308
9742: 9671,9965,2974,2609,9997,9662
9890: 9921,9897,10028
9680: 7002,9652,9910
9994: 9870,10032,9947,9422,9838,10000
9352: 9412,10013,9573,9482,9408
9654: 709,9841
9649: 9795,9875,7494,9904,9284,7318
9961: 10021,9389,9267,9554,9859,9731
9292: 9545,9691,9889,8205,9640,9378
5070: 5564,5466,5754,5475,9848
9963: 10022,9831,9457,9651,9942,9735
9626: 1793,10040,9369,9580,9706,683
4169: 9619,2580,4057,2968,9394,5574,9608
9571: 10039,10003,9982,9556,9824,10005
7775: 
4525: 9269,9392,4004,4521,3907,9700
5250: 
9011: 
9607: 2678,9322,4979,9403,9638,9308,9377
9986: 9572,9630,9747,3850,9597,9774
9590: 9804,9441,9366,9430,9248,9337
9583: 9452,9785,9360,9249,9861,9701
9683: 9842,7934
9746: 9958,9298,9757,9657,9441,9853
9660: 9584,10043,9368,9661,9438,9767
9322: 2678,9607,4979,9445,10001,9287,9403
3947: 9251,9576,9756,9932,9283,2024
9990: 9516,9771,9713,9815,10041,9957
9554: 9530,1556,9389,927,9961,9859
9512: 6348,9543,9540,5478,9406,6085
4569: 5064,4448,4450,4146,4463,4347
9452: 9785,9360,9583,9678,9373,9998
9341: 9432,9914,9685,4697,5202,9644,9896
9935: 9328,9814,9955,2928,3121,2540
3166: 9541,9535,2391,9256,3559,3860
9751: 9959,9670,9877,9721,9718
9939: 9285,9789,9727
7505: 7146,7417,7847,6682,8596
9780: 9606,9840,9905,9937,9895,9635
9866: 9838,9999,10027,9887,9689
9314: 9705,7617,9347,9989,10015,9687
8917: 8807
9927: 3612,3820,3712,9978,9766,9876
10005: 9824,9664,9556,9571,9960,9629
9694: 9886,9312,9832
9522: 9331,4450,4146,9799,9599,9498
9514: 9812,9264,9743,9321,9488,9388
9237: 9640,6480,9420,7570,9079,9307
6249: 9725,9763,9347,6155,9817,9690
9760: 359,874,9276,9270,9707,9829
9624: 9720,9319,9333,9491,1225,1553
9492: 9881,9581
9610: 9613,9618,9564,9827,9546
9791: 9900,9385,9345,9699,9883,9807
5331: 
9928: 9390,9484,9733,9729,9486,10024
9125: 9126,9387,8885,9219,9615,9567
9441: 9804,9853,9590,9746,9298,9248
9589: 9383,9326,9598,9273,9809,9923
9931: 9891,9888
9915: 9835,9852,5775,9696,7123,9593
7176: 
9357: 9761,3907,4710,9342,6018,9397,4937
9675: 9659,9810,9510,10010,9286,9532
6280: 9575,5870,5478,9860,6085,9601
9345: 9775,700,9699,9791,9385,9288
9490: 9658,9872,9367,9578,5051
9497: 9885,5792,9449,9596,9584,9368
9402: 9944,9465,10034,9643,9310,9354
9289: 9486,9534,7010,9989,9993,9705
9887: 9689,9799,9599,10027,9866,9646
9692: 8150,9336,9750,9893,9786,9293
9702: 9426,9886,9836,9981,9832,9587
3612: 3810,9679,9704,9927,3712,9876
3210: 6018,4811,9397,9409,5138
6483: 7570,7899,8496,9419,9284
9759: 9796,9485,9790,9816,9924,9731
9777: 4131
9541: 9535,3166,2391,9411,2580,9605
10033: 9595,9463,9532,9659,9325,9398
9956: 9674,9586,9856,9830