14621: 15136,13391,13628
28593: 
13143: 14831,13344,15456,15231,13163,14999
14985: 14848,14692,14619,15280
12849: 14791,15543,14993,14571,13663
28616: 14611,15561
14328: 13454,13664,13181,13348
15299: 
15380: 13328,15565,15312,15045,13890,14214
15145: 13067,13089,14424,13817,15348,13326
13511: 13386,14352,15499,13111,14058,13444
13765: 15498,13471,14202
14273: 14198,14599,13368,14446,13623,15386
15510: 15506,12859,13109,14287
14172: 
15340: 15532,14159,14843
13959: 14824,13968,13484,13169,15254,12966
14722: 
15448: 14570
13438: 15309,13821,13854
14250: 14381,13160,15772
13724: 
13533: 15010,12916,13830,13613
12829: 15760,13218,15399,15045,14882,14214
12939: 13033,15660,14080,14780,15754
12855: 14777,14705,15514,14729,14641,14869
14343: 15063,14454,13623,15080,14955
13151: 15650,14295
13942: 15295,12922,13103,15337,14430,14655
15785: 15779,15792,28171,14679,14391,14728
13420: 13225,12837,13449,14873,13569
13886: 13287,14778,15478,14204
14390: 13211,13186,15222,14195
14436: 13974,14574
13061: 
14824: 13959,13968,13484,14627,12821
15666: 
13488: 14283,14376,15800,12900,13802,14552
14556: 15256,14773
14112: 13301,13786,13230
13025: 14398,13281,15060,13735,15215
13894: 15626,13996,13814,15116,15697,14907
13263: 15401,15455,14575,15573
12840: 14710,14986,15250,15708,13776
14405: 15188,15559,12873
14881: 13580,14615,14122,13414,13106
15804: 13300,14997
13753: 13182,13480,13234
14598: 14199,14758
15338: 13187,14840,13311,14741,13727,12988
14998: 
14252: 14859,14346,13497,13662
14488: 13297
15372: 15654,15096,15670,14567,13650,13736
15484: 13819,13704,13308
15779: 15785,15792,14679,15441,14057,13885
14108: 13584
13302: 14458
15116: 13814,13341,15404,15617,13894,13996
14833: 14528,13364
15737: 15128,14875
15482: 14844,14977
12958: 12968,14950,13806,14546,13181
15178: 14244,14467,13670
15254: 15199,12966,13959,14727
13948: 13841,13669,14013,14528,15274
14438: 13273,13479,15623,15783
14923: 14784,12989,15287
15373: 13102,15050,13073,13242
14809: 13494
14802: 13027,15686,12819,15781
13070: 14060
15519: 15159,14607,14468,13352,13579,12814
15363: 13950
15792: 15779,15785,12957,12917,15441
14683: 13329,13189,15619,14063
14079: 15469,14725
15791: 14911,14516,14139,13586
14024: 13112,13252,14307,12839,12990
15721: 15082,14297,13895,15327,13285
12911: 15398
15760: 12829,13218,15399,13655,15079,13360
15698: 15736,14562,13443,13142,13952,15051
14920: 13958,14377,14583,13751,15778,13759
14650: 14798,14427,14061,15123,14619
15002: 14034,14778,14146,14908,14204
15244: 13400,14408,14860,15622,13792,13012,14221
14178: 14062,14613,14238,14463
15730: 
15150: 13531,15677,13347,14763,13112
14893: 13796,13917,14073,13493,13350,15059
15332: 14752,15782,28643,13591,13067,15374,15806
15296: 13581,15563,14014,14175,13365,14148
13814: 13341,15116,15741,14225,15697,13894
14323: 12853,15043
14369: 13916,14883,14827,13503,15180,14209
14361: 13456
15293: 15352,13306,14467,14861
13301: 14112,13951
14921: 14952,15468,14218,14726,13756
15092: 
15201: 13315,14217,14415,13379,15556,14966
13808: 14182,14391,14104,14277,14935,15729
14929: 15091
14999: 15657,14292,15342,13163,13344,13143
15024: 14349,15236,14115,15568,13139,13648
12932: 15089,14984,14331,14007,14978
13297: 13161,14457,14488,12904
15745: 15739,13418,14613,15658
14391: 13808,14728,15785,28171,14935
15688: 13956,15592,14737,14578
13010: 15538,13382,14333,13325
14186: 
15403: 13581,15563,15374,14424,15144,13340
14808: 15054,14520,13208,14380,13272
13553: 13315,14217,13626,13689
14742: 15526,15070,14107,13307,12852
14585: 13693,13782,14942,13820,13269
15343: 13547,14713
13793: 14944,14468,13617,15740,12865
13952: 13981,13443,14562,15698,12836
13414: 15127,13106,15702,14184,14122,14881
13938: 14517,13161
13222: 15152,14889,15637,12912,15314
14594: 14584,13202,14812,14676,15603
13281: 13025,15215,15434,14097,15273
15589: 13542,14249,14113,13874,14421
12994: 13643
14666: 
12990: 14024,15141,14859,13781
15427: 14392,13810,14398
13181: 14926,13348,14147,12968,12958,14328
13503: 15249,15180,15017,14850,14369,14827
15370: 12876,14265
13646: 15614,14168
14828: 13658,12847,14641,14715,14705,14363
14489: 13535,12931,14094,15376,14372
13278: 15602,14858,13069,14302,13355,14196
13446: 13998,15169,15566
13267: 14826
12936: 15539,13364,13610,14528,15274
14448: 15037
14606: 13699,14795,13534,14110
15139: 13827
15061: 13513,13375,13716,14669,14257,13713
15761: 15655,14720
14898: 13003,14045,14202,14044,13550
14812: 13956,15592,14594,13202,15603
14428: 13465,15458
13873: 15421
14003: 13977,13166,13046,14852
13119: 13842
14949: 13264
15420: 14717,15590,14499,15408
13833: 13440,15058,13388,14965,13794,13229
14835: 15125,14970,13768
13248: 14097,15273,13052,15762,13639
14477: 14523,13955,13614,13168,14090,13006
14532: 15579,15245,15089,13141,13417
12965: 13299,13224,15805
15418: 12901,15035
15253: 14206,13566,15748,14463
15645: 14021,13671
13684: 
15654: 15220,15096,14842,15372,13737,13736
14587: 13322,14547,15429
12896: 15695,13442,14124,14744,13077,13740,13866
15557: 15085,13565,12909,14709,14001
15506: 12977,14215,13109,15510,14193
15151: 15409,15425,15121,13822
13924: 15446,14482
14364: 14426,13659
15432: 15097,13227,13023,15182
13976: 
13286: 14637,13661,14440,15111
13583: 14347,15226
13702: 13701,13869,13527,14627,14678,15803
13044: 14504,14993,12835,15182,14571
14912: 13686
14351: 13564,13190,13641,12879
14642: 13155,14624,15768,14653,13270,15775
14684: 15168,15292
14179: 13430,14075
15238: 12831,13124,13466,12868,13903,14416
15434: 12871,14879,15215,15769,13281,14097
15071: 14015
13124: 14782,12831,15238,13723,14416,15491
14543: 15444,15441,14137,12957
13839: 15646,15344,15467,15099,13393,13416
15608: 13860,14572,13442,14531,15596
13299: 12965,15191
14214: 14052,14882,15045,12829,15380,15312
14322: 13269,14316,15159,13820,12814,14451
15261: 13170,15546,15512,15382
12814: 14133,13579,15159,15519,14322,14451
14027: 15447,15585,15423,15371,13954
14338: 15691,13718,13642
14601: 14272,15536,14978,14714
15573: 12998,12916,15401,13263,15567
13398: 15560,14293
14559: 13178,14818,14925,14730,14479
15579: 13852,14532,13417,13108,13632
12838: 
14751: 13026,14721,15317,14066
13957: 13519
14861: 13939,13695,14203,13306,15293
13708: 13770,15235,15388,15170,15313,15620
14926: 13181,13348,14147,14954
13230: 12962,13786,13630,14112
13930: 
15530: 14524,15653,14915,14518,12856
15590: 14717,15420,14764,14286,15242
13496: 15030
13794: 13700,14965,13833,13720,14160
14496: 13755,13532
14134: 15093,15242,14717,14989,13785
13928: 12963
15669: 14038,14494,12842
15801: 13572,15759,13853,13084,14255,13231
15662: 14012,14490
13781: 14859,14346,12990,14358
12826: 14675,12857,13727,14811
14939: 13649
12919: 13255
14535: 12980,12948,14987,14115,13139,14933
13240: 13558,15746,14145,14691,13314,15234
15390: 13669
13266: 13910,14156,12867,14099
15472: 12912,13444,14657,13030,15574
13361: 14321,13462,14964,12961,14990,13212
14798: 14650,14427,14061,14768,14704,15392
13841: 13948,13669,14699,14013,13400
15538: 13010,13912,14333
14990: 12961,14577,13212,13597,13361
14063: 15619,14683,15252,13189,15753
14580: 13146
14226: 15465,15503,15747,15065,15584,15412
13690: 13507,13509,14597,15033,14125,13973
14624: 13155,14642,14685,14653,13483,12828
13732: 15032,13379,15556,15577
13994: 14464,14233,14272
13936: 14085,15481,15155
15755: 13529
13899: 15311,15049,15610
13096: 
15731: 14841,13640,15048,15073
15246: 14444,13913,12996,14076,13455
14429: 15728,15392,13698,14445,13284,13606
13085: 14174
12979: 14971,15794,14163,13022,14377,14583
14301: 15175,12928,13391,14892,15136,12864
13463: 13387
13442: 15695,14124,12896,15608,13407
14844: 15482,15422
13421: 14342,15408
13212: 14990,13597,14964,15100,13361
14354: 
14696: 
13213: 15803,13701,13137,15279,13949
14944: 14843,13793,14468,13396,14607
13147: 15240,14850,14781,15069,14281,13107
14706: 13026,14721,14658,15462,14736,15001
15562: 15725,14716,28559,12952,15118,12946
15309: 13438,13237,14769,13437
14877: 15395,14070,13256,13374,14801,13548
12931: 14489,13535,13570,14094,14513,13354
15051: 12854,14895,13167,13142,15736,15698
13848: 13293,13877,15527,14283,15800
15050: 14160,13073,13720,15373
15115: 15010,13858,13964
13544: 15657,14292,14840,15143,14512,13226
13743: 14440,15111,15490,14315,15088,14969
15406: 14485,14995,12998
12886: 13160
14350: 13665,14774,13184,15615
15750: 14839,13104,14102,15298
15278: 14774,13184,13673,13177,15770,13688
13277: 13094,15529
15534: 13125,13725,14909
13319: 13104,15134,14102,13890,14651,13328
13174: 15204,15607
13412: 15121,13832
14483: 14854,15466,14020,14304,14672
13911: 14567,14644,13432,15347,13879,14724
13562: 14988,13855,14341,14731,15549,13599
14143: 15004,14084,15728,15601,15676
13458: 13584,13011
14309: 13712,14240,14783,14887,15483,14807
13520: 13563,13334,28646,13436,12827,14760
14237: 14789,12937,14460
15091: 14929,13685
14952: 14921,15269,15797
13173: 15433,14050,13331,13504,14121
13378: 14845,13159,14555,15444,14298,14397
14359: 15282,14609,13261,13845,13766
15322: 14707,14170
13889: 15215,15769,14743,13362,13955
13823: 13346,13502
12839: 14307,14024
15057: 13435,14724,13528,13585,15345,15788
14554: 14189,12834,14636,14806,14521
14403: 15036,14260,13824,15531,14854,15466
15400: 14758,12882,13140
14236: 14786,15570,15018,13582,13855,14341
12864: 14792,13992,14022,14301,14892,15144
14304: 13644,14122,14672,14483,14020,14615
13809: 13854,13395,14446,14733
14685: 13155,14624,13483,14366,14232,14241
14730: 14251,14507,14123,14479,14559
13822: 13868,15084,15409,15151
15308: 14486,15194,14289,15206,13228,15685
15089: 14984,14303,12932,13141,14532,15245
13858: 15567,15704,15115
14497: 15172,15222,14695,13972
14410: 13145,15717,14070,13548,13262,15643
28557: 13030,15104,15157,14772,15146,15361
15142: 15040,14023,15410
15732: 13951,15042,13260,13197
13003: 14898,14045,14005,13550
15441: 14555,14543,12957,15779,15792,14057
14246: 13223
14933: 13139,15651,12980,14535,13953,15072
15257: 15044,12943,14500,13696
14784: 14923,13986,13517,15379
15344: 13839,15467,14982,13393,13058
14860: 14408,15244,13854,13012
15576: 13559,14051,15646
15141: 12953,13497,13112,12990,14859
13104: 13319,15134,14102,14839,15750
13657: 15391,14570,14000,14652
13595: 13652,13680,14023
14121: 13134,14050,13173,13504,15625
14851: 
14148: 13365,14054,15296,14175,13619,14371
13311: 14840,15338,14741,14872,14222,14292
13329: 14683,13997
12823: 15012
13759: 15778,15710,13549,13958,14920
13764: 13170,13019,13940,12887,14139,13259
15326: 14651,13847,12966
13790: 15743,13653,13476,14754
14050: 13173,13984,14121,13134
15614: 13646,14862
14185: 
14637: 13110,13661,13286,15111,13040,13018
13209: 14552,13589,15800,15527,13608
15460: 12848,14342,14071
14434: 14028,14910,15595,14764,14268,13639
13483: 13555,13167,12828,14624,14685,14241
15492: 13925,14888,14505,14899,15124,14749
14800: 13062,14334,14332,13510,13042,15243
12948: 12980,14535,14150,13127,14987,12816
13223: 14246,12891
13260: 14976,14119,15732,13197
15140: 15774,13813,14803,15000,15028,14401
13236: 15756,13803,13354,13535,14284
14291: 14111,15466,15036,15130
15291: 14623,13897,14597,15033,14635,15635
13666: 12914,14813,14956
14028: 28647,14434,14910,15595,14711,15682
13161: 14457,13297,13938
13373: 15766,15706,13016
14663: 13394,14330,14282
13476: 14754,14660,13790
13847: 14804,15326,15199
14692: 15351,15123,15177,14985
13272: 13876,14819,13343,14380,15054,14808
13134: 14121,14050,14525,15437,15625
13953: 15072,13122,15651,14933,13046,13977
14276: 14667,14417,14681,13047,13331
13303: 13898,14247,13229,14160,13073
15794: 14971,14009,12979,14583,13845,13261
14414: 12964,14564,15134
15099: 14645,14665,13839,15646,13416,13851
13034: 15383,13313,13257,15694
13917: 14893,13796,15018,14341,14073,15549
14064: 
14626: 13608,15598,13804,15498
14476: 13495,13872,13963,14313,12903,12897
14900: 15000,13390,28609,13744,14329
14609: 15282,14359
13693: 14585,12986,15419,15649,14305
15456: 13629,15231,14646,13455,13163,13143
14384: 14036,13060,13825,13578,13679
15533: 14096
13850: 15581,14254
14997: 15804
13596: 14047,15742
28535: 13644,14122,14498,15702,15564
13117: 14945,14718
15149: 13916,14883,13485,14207,15126,13512
14336: 13529,13323,13296
14461: 15319
14149: 14223,14884,15377,14311
14381: 14250,12930,14258,28520,13160
15605: 15452,15021,13882
14963: 13164,14815
15385: 15384,14171,14375
15148: 15267,15107
15726: 13207,15038
15412: 13944,13432,15584,15503,14226,13650
15490: 14440,13743,13289,14315
15640: 
13347: 13531,15150,13317,13993,13252
15073: 15731,15048
13960: 13978,13561,14095,14693,15058,13388
15102: 15009,14126,13131,15428,15124,15171,14087
13768: 14970,15675,15125,14835,14755
15725: 14716,13228,15685,15562,14069,12952
14916: 15367,14471
13087: 15575,15689,14411
14515: 14652
13056: 13824,13148
13598: 13402,13574,13389
13874: 14113,15589,14421
13710: 14847,13459,15655,14959
15143: 14327,15741,13099,14512,15657,13544
13309: 15348,12967,13326,14327,14014,15404,13341
14564: 14414
14310: 14282
14899: 15428,15124,12863,15492,14888,15700
15575: 13322,13087
15255: 14589,15508,13691,13771
13588: 13943,13372
14528: 14833,12936,13948,13669
13385: 15369
14788: 13909,14702,14625,13677
13121: 13516
14229: 
14007: 15536,12881,14978,14331,12932
14511: 
14367: 14741,14872,15205,15287,13517
13789: 
14491: 
14523: 14477,13955,15769,13006,13546,14879
13118: 15232,15771,15423,13158,13655,15447
15532: 15340,14152,14159
13428: 
12916: 12998,15573,15567,13830,13533
13640: 13133,13024,14996,15731
13785: 13008,14989,13720,12888,14134,13700
15239: 14588,15334,14114,13630
15088: 14029,13219,14969,15111,13743,13018
15437: 14525,13984,13134
13170: 13019,15546,13764,14139,15261
13585: 13035,15345,15275,15366,15057,13528
14469: 14197,14630,13536,13235,13653
14593: 14302,15580,13093,15180,14209,14545
14813: 14727,12914,13666,13862
12873: 14902,13940,14405,14036,14690
13436: 28646,15078,15216,14188,13563,13520
13896: 14216
14445: 14948,13698,15813,14429,15509,13606
14256: 12915,12815,13063,14799
13058: 13393,15355,15344,15328,13179,14982,14444
13866: 15337,14430,14643,14744,15695,12896
28609: 14900,15000,14072,15250,13813,12846
15529: 13094,13277
13897: 14623,14932,15291,14004,15635
13852: 15579,15245,13594,13108
15193: 12859
14278: 
13063: 14453,14799,13141,14256,14303
13867: 13321,15247,14092,13865,14413,13243
14736: 15586,14308,15462,15603,14706,15001
14040: 14787,14762
14234: 14402,13216,14852,13589,13674
13719: 14954,14138,14636,12985,14059,14521
15388: 14422,15436,15170,13283,13708,15620
15376: 14094,15172,14489,14372
14721: 13026,14751,14706,14658
14019: 
15584: 15596,15720,15065,14531,14226,13944,15412
15284: 14639
14140: 
13755: 14496,13532,13399
13426: 15197
13368: 14446,14733,14109,13623,14273,14454
14647: 15668,13660
14217: 13315,15201,13553,13689,14366,14415
13526: 13395,15268
12964: 14414,13747,14980,15134,13066
14544: 28654,15656,15664,13014,15032,15632,13470
12848: 15460,14006
14864: 15190,14135
13189: 15252,13021,14686,14683,14063
14401: 15028,14449,15774,15140,14034,14908
13250: 13300
13359: 15023,14540,14008,13255,14306
14372: 15376,14489,13667
15772: 14250,12930
12942: 14270,15766,14065
14039: 
14577: 14990,14654,12977,15612
13993: 14307,13392,13347
28607: 15251
14379: 14017,14207,13560,12995
14331: 14710,13776,12881,14007,14984,12932
13776: 15218,15708,12840,14710,14331,14984
14286: 14268,13923,15590,12940
13475: 13158,12969,14002,15320,14702,13247
14688: 15443
14212: 13144
15682: 15339,14711,14028,14910,13556,15093
13163: 15342,14053,15456,13143,14999
14002: 13475,12969,14702,14885,12903
13546: 14413,13006,15289,14523,14879,15316
15213: 14037,13840,12870,14508,13531,15677
15120: 13891,14098,14853,14311,15377,28371
15636: 15705,13351,14306,14056
13796: 14893,13917,15068,15018,15439,15059
14988: 13855,13562,13090,15127,13106,14731
13674: 14836,13589,14234,13608
15524: 14116,14629
13978: 13960,13561,14423,14849,14095,13095
15025: 15008
12961: 14990,14321,13361,15479,12977,14215
12827: 14918,15798,13520,13334,14760
15509: 12945,12941,13162,14445,15813,13606
14474: 15274,14473,14602,15328,14766
13407: 13217,14531,14430,15695,13442,12922
13454: 14328,13664,13806,15401,13342
13459: 13557,15665,13710
13062: 14800,14334,14332,14173,14406,15426
13317: 13392,13840,13531,13347
13760: 
13607: 15471,13015
13739: 13043,13057,15768,13198
15415: 12835,13800,13274,13828,13227
13926: 14206,13332,13566,13060,12817
15716: 15109,13445,13337,15351
15041: 28298,14560,15616,14493,13153,13397
15158: 14884,15377,14867,14820,15544,13375
14513: 13354,15674,13570,28589,13745,12931
13704: 15408,13450,13308,15484
15268: 15329,13526
13273: 14438
13179: 15328,14766,13058,12996,14444
15582: 14238,15748,13185
13166: 14857,15809,13046,14003
14008: 14670,13359,14540,13255
14610: 13756,14117,15280
13235: 13536,13493,15548,14009,14630,14469
13356: 
13821: 13437,13438
14590: 12915,13138,15218,14799
15128: 15737,14875,13602,15265
13774: 12869
13934: 
13132: 13812,13986
13505: 
15558: 15535,14739,15366
13148: 15036,13824,13056
15473: 13984,15554,15307,14557
13629: 15456,15231,13455,14076,13773,15505
14289: 15308,15194,13228,14422,13068,15501
14374: 14928,13937,14674,14787
13842: 13119
15160: 
15383: 13034,13486,15694
15771: 15232,13733,13118,13655,12975,13360
13434: 14972,14510,13844,14897,15206,15068
14962: 14915,15704,13348,14805
13372: 14360,13588
13972: 13892,14094,15222,14497
14708: 15398
15374: 13067,14424,15782,15332,13340,15403
14001: 14931,14709,15225,13565,15557,14673
14295: 13151
14620: 15019,13616,13869,13527,15665,14201
13920: 13268,13381
14480: 15365,13763,12982
14487: 14074
14943: 
15485: 13392,13915
13923: 14262,13304,14286,15762,12940
15438: 15604,14631,14778
15369: 13385
13798: 12951,13518,13696
13128: 
12941: 12945,15509,15811,13606,13907,14974
15252: 13189,13021,14063,14106,15753
15712: 14326,15522,15626,15652,13634
15108: 
15335: 14661,15656,14092,13219,13192,13321
13455: 13629,15456,14646,14076,15246,13913
14257: 13305,14589,14669,15061,14208,13713
14415: 14366,14232,15201,14217,14966,12833
13363: 
12918: 12947,14321,13462,13513,13620,13713
14518: 13343,12856,15530,15653,14380,15304
13495: 13872,14476,12959,14767,12897,14299
14834: 
14131: 15684,14771,13005,14634,13816,14967
12978: 15348,12967,14831,13817,13344,13099
15265: 14537,15128,14088,15185
14560: 15041,15616,13668,14176,13153,13152
14454: 15063,14343,13368,14109,13623,13404
14785: 13233,13908,15082,13895,13415
14820: 15450,15544,14884,15158
14083: 
28647: 14028,15595,15316,14711
12878: 15805,14686,13647
14941: 
13205: 13643,14267
13534: 13050,14110,14606,13752,15734
13300: 14205,15804,13250
15199: 15254,12966,13847
13861: 
13758: 
14242: 
13316: 15101
14038: 13053,14494,15669,14856,12842,14680
15163: 13540
12828: 13555,13483,14653,14776,14791,14624
15402: 
13456: 13921,13336,14361
13204: 14129,12825,14378,14746
15626: 13894,13996,15652,13634,14907,15712
15466: 14854,14483,15036,14403,14291
13176: 12891
13164: 15323,13706,14815,14963,14765
13820: 15159,15551,14942,14585,13269,14322
15277: 15286
12999: 
15601: 13183,15728,14143,13423,13284
13540: 15163,13287
13551: 15209,14550
14581: 13417,13778,13632
13197: 13834,13260,14976,15732
13594: 15611,13852,13108
14101: 
13699: 14606,13149,12974,14110,15758
13086: 
14703: 14132,15122
14855: 14707,14368,13477
13490: 
15190: 14864
14076: 12996,13238,15246,15505,13629,13455
13541: 13415,13492,14164,15360
14228: 15692
12857: 12826,14675,13187,13727,14190,13856,13226
13180: 14232,14241,12830,14895,12833,15715
13357: 15511,14964,28371,13891,14634,15100
14472: 14385
15414: 14235
13111: 15029,13545,14058,14657,13444,13511
14555: 15444,15441,13378,14057,14298
13389: 15162,13598,14258
14892: 14169,15144,14301,12928,12864
15685: 15725,13228,14069,13844,15206,15308
13967: 15494
13435: 14724,15057,14644,14450,13801,15788
14506: 
14905: 12968,14950,14517,15659
13254: 15094
14267: 13467,13205,14866
14902: 12873,13940,14582,12887
13200: 13482
13282: 14655,15110,13530,13935,15518,13103
13031: 13642
14277: 14935,14417,15729,12954,13808,15290
13752: 14155,15734,13534
14956: 15696,12991,13666
13269: 12992,14322,14316,14585,13820
13987: 
13891: 14098,15120,14634,13357,28371
13898: 13303,14247,13229,13440,15124,14749,15171
15743: 13790,13424,15572
14146: 14908,13979,13523,15002,14204
15634: 15679
14072: 14680,14986,15250,14856,14329,28609
14129: 13204
13076: 13312,14565,14091,15639,12862,14777
14465: 12847,13275,12862,13703,14091,13675
14068: 15481,15319
15200: 14732,12880,13860,13665
15454: 
13973: 28618,14846,13507,13690,14597,13615
14974: 14786,15570,12941,15811,13907,13721
13451: 14886,12832,13672,15029,15271,15368
13612: 13449,14225,13157,13856,14873,14668
13663: 14653,13270,13603,14993,14791,12849
13313: 15411,13257,13034,15694,13507
14938: 
14772: 13919,12870,15146,15361,14508,28557
12974: 13149,15331,13101,13699
15364: 15393
14499: 15408,13450,14717,15420,14989
13098: 15062,13837,15808,15504,13712
14883: 13916,14369,15149,13539,14209,13512
13055: 14592
15315: 13296
15027: 15569,15644,14010,13552,15504
13107: 14281,14992,14782,13457,15069,13147
15468: 14921,12841
13473: 13150
14307: 13993,14024,13252,12839
13744: 15303,12935,12913,14329,14900,13390
14021: 15699,15781,15645,15621
13472: 
12903: 14885,14313,12969,14002,14476,13963
15266: 14810,14263,14386,14638,14113,13478
13557: 13459,15279,15300
12867: 15130,14154,14156,13266,14018
14829: 13501,13206
14931: 12960,15594,15474,14001,15225
13039: 14330,14573
13802: 15464,12900,15809,13488,14552
15435: 13224,15191,15039,15346
28371: 15511,13357,13891,15120,14853
13244: 
14566: 13883,13017
13477: 14368,14855
12890: 15297,13687,14996
15351: 14692,15123,15177,15716
15498: 13765,15598,14626,13471
14057: 14298,14541,13885,14555,15441,15779
15355: 13393,13058,14025,14444,13409
13523: 14146,13979,15536,12881,14714,14204
14520: 14808,15776,13208,14534,13939,14231
12938: 14404,14211,15778,15710,14953,14243
13754: 
13422: 13333,13453
15631: 13980,13126,13038,15683,14754
13487: 13274,14340,15042,13828
13631: 15647,14500,15431
15086: 13950
13400: 14408,15244,13841,14699,14013,13792
13482: 13200
15055: 14370,13165,13970,14633,15790,15358
14747: 13565,14271,12989
13905: 13054,14906,12972,13770,14894,15807
14049: 15258,12861,14530,15765,13524,13709
15545: 14031,12863,15119,13110,14425,14888
13059: 13256,12868,15555,13903,12926,14729
15787: 14790,14584,13202
15396: 14659,15366,13035
13522: 13327,15138,15709
13548: 13625,14801,14877,14070,14410,13262
15625: 14121,13134
13773: 15083,15505,13629,15231,14259,13990
13065: 14659
13131: 15013,15700,15428,14698,14087,15102
15494: 13967,13052,14392,15273
15258: 12861,13285,14049,13709,15208,15327
14222: 14872,15342,14757,14292,13311
13844: 14972,13434,15206,14069,13042,15685
14283: 13488,14376,15800,15580,13069,13293,13848
14080: 14255,14780,12939,13888
14189: 12904,14554,14457,14636,15103
13383: 12876,15469,14265,13425,28491
14047: 13596,15742,28656
13619: 14371,15617,14797,14175,14148,13996,15652
13745: 28589,15011,15047,13564,14513,15674
15497: 13633,13314,13000,13922,14691,13371,15288
13215: 14419,14389,13080
14980: 15371,13954,14431,15031,13747,12964,13066
14945: 13117
15526: 14742,15070,15754,15660,13307
15796: 15302
15488: 13113
14235: 15749,15414,12907
13283: 15501,14163,14422,15388,14377,15620
13518: 13798
14458: 15267,12853,13302
13908: 14785,13415,13492,14409
12822: 
15004: 14143,14084,15740,12865,15727,15676
15602: 13278,14858,14196,14297,14227,13636
15646: 13839,15576,15099,14665
14245: 
15003: 14479,14568,14507,13479,15623
12898: 12982,12904,12834
14346: 14252,13781,13441,14358
13168: 28653,14514,14090,14477,13777,13865,13006
14264: 12874,14493,13397,15056,14067
13083: 14191,14138,14161,14059,14524,15653
15780: 15430,14822,14806,14161,15616,13668
14694: 14397,12889,12907,14904
14034: 14631,14778,15002,14755,14449,14401,14908
12950: 13293,13877,14858,13636,15015,14344
15764: 13469,15528,15173,14239,14901
12843: 14649,14632,15671,13826,15542,14700
15006: 13045,13772,13411,13453,13358,13333
15336: 
14412: 15230
14337: 15290,14681,13335,28171,14679,14503
14689: 14471,15714,15179
15058: 13440,13833,13388,13960,14693,14505
12953: 15141,13497,14618,14763
14719: 13871,13883,15723,13077
15365: 14480,14874,14168
15619: 14063,14683,14546
14846: 28618,13973,14597,14623,14932,13045
13515: 12852,13433,14789
13310: 15607
14984: 15089,14303,12932,14331,13776,15218
14416: 13723,28591,28644,13466,15238,13124
14749: 15124,15492,14505,13440,13898
15297: 15169,14891,12890
15307: 14280,15554,15749,15473
14840: 13187,15338,13311,14292,13544,13226
28620: 28657,28645
15553: 14223,14383,14132
13625: 15069,14801,13548,13262,13001,14781
12910: 
14755: 14631,14034,13768,14449,15675,15125
12915: 14590,14256,15489,13932,13138,12815
14541: 14057,14298,13885,12997,15184,14280
13275: 13658,12847,14465,13703,13530,12921
15223: 14132,15122,14871,14311
14740: 12924,15451
15727: 12865,13352,15004,15676,13075,15564
13416: 13393,14025,13839,15099,14709,13851
15198: 15046
14757: 15342,14053,12960,15474,15205,14872,14222
15305: 12824
14718: 13117,15784
15800: 14283,13488,14552,13209,13848,15527
14249: 14113,13478,13620,12947,15589
15095: 15007,15286,14455
13969: 13092,15226,14475
14533: 15105
14700: 13558,15746,15542,14649,28558,12843
13390: 14900,15000,13744,12935,14442
13763: 14480
15146: 13919,14772,14896,14279,15192,15157,28557
13227: 15432,15097,15415,12835,15182
12816: 15643,14987,13145,15270,13127,12948
13066: 13890,12964,14980,14431,15134
15813: 14948,14445,15673,14994,15509,13162
14388: 15684,14771,13769,13246
14330: 13039,14663
13687: 13024,14821,12890,15181
15706: 15033,14635,14125,15224,13373
13106: 15127,13414,14731,15167,14988,14881,13580
14300: 12882
13778: 13417,14581,14453,13811
14723: 15610,13876,15054,15776,14199
14756: 13078,15076,13628
14191: 13083,14176,14161,15653,13668,13887,15304
14059: 14806,14161,14521,13719,14138,13083
15610: 14723,13899,14199,14758
13812: 14271,15038,13132,12989
15323: 13164,13706,15729,12954,14765
13600: 15341,28491,14826
14099: 13266,14100
14380: 13208,15304,13343,14518,13272,14808
15224: 15766,14356,15706,14125
14221: 15075,13012,15244,15622,14502,13761
12901: 15418,15035,13004,14917
13259: 13672,15264,13940,13019,13764
15264: 13259,13672,13019,15271,13965
15697: 13449,14225,13814,13894,13569
13190: 14351,13564,13641,13554,15674
14572: 13860,15608,13665,15596,13177
13492: 13541,13908,14409,15680,14005
14009: 14971,15794,15548,13235,14285,14630
14698: 14171,14087,13131,15013
14111: 14291,15130,14018
15749: 14235,13682,12889,15307
13293: 13848,13877,12950,14283,14858,13069
15641: 13410,13611,14182,14210
14446: 13368,13809,15229,14273,14198
12970: 13692,13971,15303
13221: 14370,13165,13510,14961,14767,12897
14206: 13926,15253,13332,15748
14165: 13102
13566: 13926,15253,14279,14463,12817
15195: 12866
15762: 14268,13248,13304,13052,13923
15330: 15378
13825: 13060,14135,14384,15188
14825: 14091,15639,13675,14958
14303: 15089,14984,13063,14799,13141
14922: 14495,14830
14485: 15406,12908,14995
15156: 
15537: 
13320: 15394,14067
13226: 14190,13544,13187,14840,12857
13601: 14960,15630,14822,28298,12874,14493
13956: 14812,15688,15592,15214,15609
15077: 14418,13264,13186,15357
13818: 14253
13836: 12971,13611,13982
15176: 15618
14676: 14658,15462,15603,14594
14195: 15222,14180,14390,14695
15617: 13619,14175,15404,15116,13996
15348: 12978,12967,13309,13326,15145
15059: 13350,14897,14893,13796,15068,14486
13188: 14447,13643
13417: 13778,14581,15579,14532
15183: 15228
13761: 14502,15541,15622,13991,14221,13635
14274: 14141,14492
14853: 15120,15377,14867,13716,15511,28371
15465: 15503,14226,15747,13767,13604,14761
15623: 15783,13002,13101,14438,15003,14568
14794: 15114,12902
13471: 15015,15598,15498,13765
15483: 14339,14807,14640,15153,14887,14309
12960: 14931,15474,15205,14673,14757
13080: 13215
14646: 15456,13455,13913,15594,15474,14053
14015: 14006,15071
14613: 13418,14062,14178,15745,15739
13402: 13598
14411: 15689,13087,14576
13718: 14338,15411,13257,13642,13683
14630: 14197,14285,14469,13235,14009
13656: 13504,13384,13047,15389,13750
14292: 14999,15657,13544,15342,14222,14840,13311
13654: 14258,15495,15461,15237,12930
15644: 15027,15569,15019,15496,15062
14142: 14586,15790,14983,15241,14481,14633
14527: 15292
15011: 28589,15276,13745,15357,15047
14774: 15278,13184,13673,14350,15615
14136: 
13726: 
15684: 14388,14771,14131,13816
13314: 14345,13633,15497,14691,13240,13318,15234
15233: 12820,13683,15114,12902,15810
13846: 13370
12837: 13225,13420,13904
13022: 15501,14163,15194,14194,14971,12979
13199: 14668,13904,14675,14701
15455: 15401,13263,13342,14575
14743: 15736,14562,13362,13955,13614,13889
13602: 14088,28634,15128
14787: 14040,14374
13397: 15056,14203,15041,14264,14493,13153
13113: 15550,15488
12998: 15573,12916,15406,13830
13931: 14803,14442,14035,15028,14177
13351: 14918,15023,14760,15705,15636
13854: 13809,13438,14860,15229
12969: 13475,13158,14002,12903,15232,13963
28652: 
15433: 13173,13335,12899,13331
14874: 15365,12982,14558,14960
12928: 14301,15175,14930,14055,14169,14892
14398: 13025,13735,14392,15427,15273
14268: 14764,14286,15762,13639,14434
14734: 
13589: 13209,14542,14234,14852,13608,13674
15789: 14654,13769,14682,13246,14759
13007: 15349
12984: 15518,13103,12927,14308,15337,14643
14253: 13818
15550: 13113,14934,13575
15489: 13932,13120,13138,12915
13219: 14029,15088,14969,13192,14661,15335
14623: 13897,14932,15291,14597,14846
14517: 13938,14905,15103
15045: 13890,12829,13218,15380,14214
13618: 13560,14530,13709,14687
13470: 13289,14315,15577,15032,15664,14544
12897: 14767,14313,13221,13165,13495,14476
12831: 13374,14782,13457,15238,13124,12868
13285: 15258,12861,14196,15721,14297,15327
13837: 13098,15808,13712,12851,15540,13714
15552: 13214
13705: 12902,13411,15802
14538: 15281
14352: 13386,13511,15499,13572,13033,14780
15806: 13067,13089,13591,14396,14838,15332
14399: 
13202: 14594,14584,15787,14812
13591: 15397,28641,14838,15332,28643,15806
14839: 12929,15750,13104
14552: 13209,14542,13802,15809,13488,15800
13154: 12955,13977,13122,12892,14452
14233: 15478,14714,14272,13994
15164: 13692,14042,14373,13971
14318: 12825,15346
14261: 14547,13419
14565: 28584,13312,12844,13076,14869,14777
15319: 13413,14461,14068
15770: 15720,13177,15278,13944,15347,13688
14530: 13560,12995,13618,13524,13709,14049
14371: 13619,14797,14054,14148,15020
13664: 13454,14328,15401,15567
14168: 15630,15365,13646
14760: 15023,14540,13520,28646,12827,13351
15361: 14772,14508,13030,28557,15574,12944
14850: 15240,13147,14281,14827,13503,15017
14494: 13053,14038,15669,15090
15656: 28654,14661,15664,14544,28628,15335,13014
14832: 
14761: 15220,15096,13604,15465,15503,14120
14639: 15284,15786
15110: 13703,13530,13282,13935,14325,14066
14435: 15440
15475: 
15034: 13902,14103,15520,13831,13723,15491
13409: 14444,13913,15355,14025,15225,15594
13713: 13620,14208,13513,15061,13716,14257,12918
14762: 13140,14674,14040
15493: 
15234: 13318,15053,14919,15746,13240,13314
15481: 14068,13936,15689
13749: 15450
13027: 14802,15781
13970: 15055,14370,15790,15588,14406,14332
13011: 13458
13819: 15484,13576
15342: 14053,13163,14757,14222,14999,14292
13443: 13142,13945,13787,13981,13952,15698
14115: 15236,15024,13715,14987,14535,13139
28613: 14713
15325: 14145,13371,13694,15480,14526,14814
15334: 14588,15239,15208,14114,15327
15166: 
14551: 14744,15723,14737,12927,14578,14643
14216: 13896,15714,15179
15692: 14228,15207,13587
15109: 15716,13445,13337,13396,15387
14819: 13272,13876,15049,13343,14105
14360: 13372
13613: 14522,15010,13533
15270: 13145,13737,13736,13127,13265,12816
14026: 
15286: 15007,15095,15277
15056: 13397,14203,13306,14264,14067
15404: 14014,14175,13309,13341,15116,15617
14162: 
15500: 
12959: 28559,14767,13495,14299,15118,15752
15426: 13729,13907,14173,12945,13062,14334
13902: 15034,14103,13538,13831,13485,15126
13682: 15749
13694: 15480,12975,13360,14526,15399,15325
13572: 15801,14352,15499,14255,14780
14293: 14537,13330,13398
14505: 15492,13925,14693,13440,15058,14749
13336: 13456
14209: 13539,14545,14883,14369,15180,14593
13947: 13797,13474
12869: 13774
14321: 12947,13361,13462,12918,12961,15479
14377: 13958,14920,15620,14163,13283,12979,14583
14547: 14261,14587,15429
14114: 15208,14687,15334,15239
15249: 13503,15180,15017,13081,12906,13093
14596: 13547
14504: 13603,14993,13044,15719,15182
15594: 14931,15474,15225,13913,13409,14646
15228: 15183
12992: 13269,14316,13214,14439
12940: 14342,14071,14286,13923,14262
13521: 13838
15422: 14220,14844,13185,14141
14644: 15670,14567,13911,13435,14724,14450
13824: 15531,13056,15036,13148,14403
13024: 13687,13133,13640
15677: 13531,15150,15213,14508,12944,14763
13869: 13701,13702,13527,14620,13949,15665
15591: 15174,13015,14591,13624
15773: 15429,14748
15599: 15531,15349,14439
15133: 15753,13806,13342
13239: 13586,14043,15512
14830: 14922
15271: 15368,14151,13451,13672,15264,13965
15222: 14195,14390,14695,13892,13972,14497
13321: 15247,14423,13867,15335,14092,13192
14392: 15427,14398,15494
15226: 15597,14475,13969,13583
13662: 14107,15449,14889,14252,15070
14770: 
15765: 13539,13524,14545,12861,13355,14049
14894: 15807,15153,13770,15235,13905,13549
13835: 12895,13986,13196
14668: 13199,14873,13856,14675,13612
14224: 14326
28605: 15701
14953: 13323,15710,14158,12938,14243
14578: 15586,12927,15688,15592,14737,14551
28595: 15541,15083,13172
14896: 14279,14463,14062,13734,13919,15146
13167: 13555,13483,13142,14895,15051
14484: 15272,14200,13788,13610,14548
15185: 13009,14537,15265
14054: 13365,14569,14148,14371,15020
14837: 14353,13464,15724
15504: 13098,15027,13552,13712,14240
13918: 15581,14946
13486: 14356,13685,15383,15694,13509
14500: 13072,13621,15257,13696,13631
13127: 13265,14509,15270,12816,12948,14150
14525: 15437,13134
14219: 
15040: 15629,15561,14611,13757,15142
14284: 13803,13236
13194: 
15478: 14233,14714,14204,13886,15517
15114: 14794,15233,12902
12904: 14189,12834,14457,13297,12898
13468: 
15119: 14031,15545,13110,13661
14713: 15343,28613
14569: 13365,14054,13992,14022
14852: 14234,14402,14003,13589,14542
14385: 14472
14442: 14803,13931,14863,15000,13390
12914: 14727,14813,13666,15696
14744: 14551,15723,13077,13866,14643,12896
28655: 13243,15339,14711,15289
13388: 15058,13833,13960,13561,13622,14965
13296: 14336,15315
15443: 15463,14688
14763: 12944,15677,15150,12953,14618
13123: 13628
13478: 14249,14113,14638,13620,14208,15266
14711: 13243,15339,28655,15682,15289,15316,14028,28647
14130: 13004
14707: 15161,15322,14855
14419: 13427,13215,14783,14339,14807,14389
14074: 14487,15615
14634: 13590,13005,13891,13357,14967,15100,14131
15048: 15784,15731,15073
13494: 14809
14443: 13013,13680
14895: 12854,12830,15051,13167,14241,13180
13797: 13947,13474,12908
13169: 15565,12966,13959,13968
14934: 15021,15550,13575
14314: 
13324: 14281,14992,13831,15126,13916,14827
14818: 14559,14983,13731,14901,15241
12846: 14710,28609,15250,13813,12893
13892: 14094,13972,13211,15222,13570,15276
14660: 13038,13476
14139: 14516,15791,13170,13764
14060: 13070
14870: 
13072: 14500,13621,12943,13193,14604
14821: 15566,13687
13419: 12819,14261
15023: 13359,14540,14760,13351,14306
15313: 13730,12972,14979,15170,13770,13708
15014: 14180,13009
13135: 14482,13203,13249,14030,14035
14816: 13193,14604,14603,12980,15072
13587: 14159,15692,14152
14177: 15028,15675,14617,13931
14748: 13401,15773
15511: 13357,14964,28371,14853,13513,13716,13462
28298: 15041,15616,14822,13601,14493
13009: 13041,15185,15014
13632: 15579,14581,13108
13484: 14824,13959,14627,15803,13862
12830: 12854,14895,13180,15715,14514,14090
15260: 15321,13253
13249: 13135,14030
14141: 14274,14519,15422
14887: 15807,15153,14906,14309,14240,15483
13932: 15489,12915,14335,12815
15042: 15732,15663,13487
14102: 13104,13319,15750,14651
14656: 15106,14441
12824: 15305
15328: 14602,14766,13179,14982,14474,13058
13961: 14817,13840,15658,13915
13633: 14345,14981,13314,15497,15288
15094: 14393,13254
13146: 14580
13225: 12837,13420,14032
14370: 15055,13221,13165,13510,13970,14332
12847: 13658,13275,14828,12862,14465,14641
14227: 14164,13636,15602,14297,13895
12997: 14397,12889,14298,14541,14280
13344: 14831,13143,14999,15657,12978,13099
14383: 15553
13981: 13366,13952,13945,15174,13443
13630: 12962,13230,14588,15239
13211: 14390,13186,15357,15276,13892
15029: 13545,13111,14058,12832,13451,15368
14884: 15158,15377,14223,14149,14820
13075: 15702,14184,15564,15727,15676,13220
13734: 14037,13418,14062,14896,13919,12870
15790: 14142,14586,14633,15588,15055,13970
13766: 14404,14211,13845,13751,14359,14459
13440: 15058,13833,14505,14749,13898,13229
14004: 13071,15635,13897
13571: 13048,15766
28650: 13243,15339,15247,14849,12934
13415: 13541,13895,14164,14785,13908
14116: 12875,15718,15524,14629
15767: 
13885: 14057,14541,15779,14679,15184
14033: 14243,14118
14710: 12840,14331,12846,15250,12893,13776,12881
14244: 15178,14467,14231
14781: 15240,13147,15069,13625,13001,14968
15155: 13276,13936
13578: 14016,15192,12817,13060,14384,13679
13992: 14792,12864,14569,12877
14667: 13175,14276,14417,12954,14608
14592: 13055,15525
13817: 14831,14396,13990,13089,15145,12978
15766: 15224,12942,13373,13571
15076: 14756,13078,14955,15175,13391,13628
13210: 13094
14492: 12875,14274,14519,15739
15288: 12821,14678,13922,14981,13633,15497
14568: 14479,15003,15623,13002,14625
14025: 13393,15355,13416,14709,15225,13409
14464: 13994,15517
15637: 15152,13222,15574,12912,14618
14023: 13338,15142,13652,13595
13133: 13640,13024,13431
14791: 14776,15543,12849,14653,13663,12828
12913: 12842,13294,13744,15303
14879: 12871,15434,15316,14523,15769,13546
15503: 15465,14226,15412,15096,14761,13650
13512: 13539,13524,14207,14883,15149,12995
15774: 13813,15140,12893,14401,14908,13979
13986: 13132,14784,15379,13835
15049: 13876,14819,14105,15311,13899
15467: 13097,14051,14548,13839,15344,14982
14662: 
14466: 
15664: 28654,14661,15656,14544,14315,13470,14969
14164: 14227,13895,15360,13415,13541
14051: 15467,14548,15576
14437: 15107,13032
13652: 13680,13595,14023,13338,13500
13944: 13432,15412,15347,15720,15770,15584
12868: 13256,13059,13903,13374,12831,15238
13203: 13135,14373,14863,14035
15638: 
14865: 
13067: 15374,13089,14424,15145,15806,15332
14847: 13710,14201,15062,15808,14959
13360: 13694,12975,13655,15771,15760,15399
12882: 15400,14300,13975,13140
14618: 12953,15574,12944,14763,15152,15637
13990: 14259,14396,13773,15231,14831,13817
14498: 14133,13579,13352,15564,13644,28535
14686: 15067,12878,13189,13021
14150: 12980,12948,13127,14509,14603
12894: 
14281: 13107,13324,14992,13147,14850,14827
13354: 14513,13554,13535,12931,13236
14396: 14259,14838,13990,13817,13089,15806
15321: 15260
13094: 13210,15529,13277
13413: 15319
14746: 13204
13535: 14489,12931,13354,15756,13236,13667
14728: 14391,14210,12971,12917,15785
15629: 15040,13338,14611,13020
15066: 
13042: 14069,15243,14800,14334,14972,13844
13175: 14667,14608,13047,15389
13998: 14382,13446
15220: 15654,15096,14842,14761,14120,13115
15650: 13151
15394: 13320,14067
15096: 15654,15220,14761,15372,15503,13650
15036: 13148,14403,13824,15466,14291
15413: 13074,13941,12844
13862: 15803,13484,14727,14813,13137
15069: 13625,14801,13457,13107,13147,14781
28622: 15446
15486: 14394
13826: 15118,12946,15752,15671,12843,14632
14163: 15501,13022,13283,14971,12979,14377
13126: 13980,15631,15167,13038,13910
13637: 
13307: 14742,15526,15754
13255: 12919,14008,13359
15391: 14570,14000,13657,15701
13017: 13871,14566
13345: 13647
14867: 15158,15377,14853,13375,13716
13057: 13739,13043,15768,15719,13603,13270
14258: 13654,13389,14381,12930
13004: 14917,12901,14130,13717
15728: 14429,14704,15392,14143,14084,13284,15601
15248: 
15407: 14750
15424: 12876
14213: 14891,14841
13939: 14467,14231,14861,13695,14534,14520
12921: 14655,13530,15295,13658,13275,15713
15337: 14430,13866,14643,13103,12984,13942
28651: 15026
15717: 14410,13145,13737,14842,14070,14357
15491: 14992,13723,14782,13124,15034,13831
13507: 15694,13690,13509,13313,13615,13973
14495: 13988,14922
15431: 12892,13621,15647,13631
14053: 15342,13163,14757,15474,14646
13510: 14370,13221,14800,14332,14961,15243
15693: 14470,14086
13570: 28589,15276,13892,14094,14513,12931
14715: 13767,13604,15713,13658,14828,14363
15741: 15143,14327,14512,13157,13814,13341,14225
13177: 15596,15720,15770,14572,15278,13184
14512: 15143,15741,13544,13157
15571: 14317
12832: 14886,13679,13451,14016,15029,13545
13537: 14452,15647
12835: 15415,13800,13227,13044
14457: 13161,13297,15103,12904,14189
14930: 15080,13448,14955,14055,15175,12928
15235: 13770,13708,13958,15620,14894,13549
13635: 15083,15505,13991,13238,13761,15541
28640: 15013,15700,14031,12863
13406: 
13964: 14915,15115,15642
13366: 13981,15613
13737: 13145,15717,15270,13736,15654,14842
15135: 
15681: 15583
15147: 13308,13429,13450
13068: 14422,15436,14940,14716,13228,14289
15585: 15423,13247,15758,14027
15719: 13023,13603,14504,13043,13057
13709: 15208,14687,14530,13618,15258,14049
14716: 15725,13228,15562,12946,14940,13068
13268: 13920,13399,15751
13678: 14418,13264,13681
15280: 15221,14117,14619,14610,14985
14797: 13619,14371,15652,14041
13966: 
15539: 12936,13610,13097,15274,14602
14090: 14514,13168,12854,12830,14477,13614
14455: 15095,14320
12986: 13693,13782,15649
13084: 13853,15801,13231
14086: 15259,15693
13019: 13170,15546,13764,13259,15264
13810: 15427
13032: 15138,14437,13431
15247: 13321,14423,14849,13867,13243,28650
14210: 14182,14728,12971,13611,15641
13195: 14573
13138: 13120,15708,15489,14590,12915
14901: 13645,15241,15173,13731,14818,15764
13101: 15623,15783,13002,13609,13149,12974
15295: 13638,12922,13942,14655,12921,15713
12930: 14381,14258,13654,15461,15772
14297: 15721,13895,13285,14196,15602,14227
14408: 13400,15244,14860,14699
15035: 13575,13795,15418,12901,14917,14355
13697: 13730,12972,15053,14919,14010,13054
14382: 13998
28558: 14649,14979,15746,14700,14919,13730
15353: 
13012: 15075,15229,14221,15244,14860
14251: 14925,14730,15797,14269,14123
15350: 
13305: 14638,13771,14257,14589,14208,14386
13543: 14836,13216,14946,13136
13340: 14169,15144,15782,15374,15403
14652: 14515,14000,13657,15154
13051: 
13445: 15716,15109,15123,14061,15387
13901: 14290,15043,13403,15181
15612: 14577,14654
15718: 14116
13140: 14762,15400,12882,13975
15520: 15034,14103,13723,28644
14671: 13803
14936: 14975,13040,13018,14095,13095,14029
13218: 12829,15760,14431,15079,15045
15620: 13958,14377,15388,13283,13708,15235
15398: 14708,12911,15410
14871: 15122,15301,15223,14098,13590
14329: 14856,13744,14900,14072
15593: 15012,15516
13332: 13926,14206,13467,14135
13469: 15673,15764,15528,13645,14561,14994
14424: 13067,15374,15145,13326,15403,15563
14056: 15636
14769: 15309,13237,13807,14699
15667: 
13410: 14104,15641,14553
14649: 14478,14979,28558,12843,14632,14700
14886: 13679,12832,13451,14036,13672,14690
14758: 15400,15610,14598
14340: 13274,13487,15663
13580: 14156,14881,13106,15167,13910
15540: 14420,13837,15808,14959,13714
13679: 14886,12832,14384,14036,14016,13578
12899: 15184,14503,15554,13335,15433,14557
14691: 14145,13371,13240,13314,15497
13701: 13869,13702,15803,13213,13949
15384: 15385,12983,14375
13556: 13622,12934,12888,15339,15682,15093
12963: 12859,13928,13109,14421,13542
13843: 
15444: 14555,14543,14845,13378
13411: 15006,13772,13705,13333
14519: 14220,14141,14492,15739
15072: 13953,13122,14816,13193,14933
13621: 14500,13072,13193,15431
13816: 13005,15684,14131
13827: 15139
15290: 14337,14681,28171,14277,14935,14417
14690: 13672,14036,12873,14886
14243: 14033,12938,14953,13323
13481: 14078
14031: 15545,12863,15119,28640
14996: 12890,13640
13353: 
13178: 14559,14983,14479,14625,13677
12875: 14116,14492,14629,14817
15329: 15268,14109
15256: 14556
14032: 13569,14907,13225
15085: 13565,15557,12909,14928,14271
13791: 13995
13395: 13526,13809,14733
14672: 13644,14304,14133,14854,14483
13563: 13520,13334,15513,15216,14924,13436
12858: 
13965: 13567,12933,15264,15271
14183: 13370,14441,15219
13747: 12964,15031,14980
15542: 13558,14700,15671,12925,14814,12843
12912: 15472,13444,13386,13222,15637,15314
15352: 15293,14348
14645: 15099,14665,14674,12909,13851
28643: 14752,15332,15397,28641,13591,12885
14012: 15662,14880,14490
13198: 15775,13626,13739,15768
13444: 15472,12912,14657,13111,13386,13511
15611: 13594
28575: 15733
13396: 15109,15387,14944,14843
14199: 13921,15776,14723,15610,14598
13245: 
14537: 15265,14293,14088,15185
14714: 15478,14233,14204,13523,15536,14601
13079: 12976,13156
15445: 14720
15781: 14021,12819,14802,13027
13575: 13795,15035,15550,14934
13291: 
13887: 13208,15304,14191,14176,13152,14534
13538: 13902,14103,13485,14017
15317: 14325,14958,14066,14751
14557: 12899,15554,15473,13984
14857: 13166,15809,15568,13648,15464
14514: 28653,13168,14090,12830,13593,15715
14006: 12848,14015
13231: 15801,13084,14255
14991: 
15192: 14016,13578,12817,15157,14279,15146
14125: 15033,15706,14356,15224,13690,13509
15196: 13120,15708,13053,14680,14986
14471: 15367,14916,15179,14689
14011: 
14778: 14631,14034,15002,13886,15438
15065: 13217,14531,15584,14226,15747
15399: 12829,15760,13694,13360,14526,14882
13460: 
14395: 14776,15543,13945,13015,13787
14196: 12861,13355,13285,13278,15602,14297
13925: 15492,14425,14888,14693,14505,14975
15700: 13131,15013,28640,12863,15428,14899
13985: 
13125: 15534
14702: 15320,14788,13909,13475,14002
14614: 
15267: 14458,15107,12853,13403,15148
14285: 14197,14630,14009,15282,13261
13565: 15085,14747,15557,14001,14673
14194: 15548,13350,14486,15194,13022
15736: 14743,14562,15698,12854,15051,13614
15508: 15255,13691
12954: 14277,14417,15729,15323,14667
13449: 14225,15697,13612,14873,13569,13420
15687: 
14215: 12977,15506,12961,15479,13542
13014: 28654,15656,14544,28628,15632,15131,13593
14122: 13644,14304,28535,15702,13414,14881,14615
15600: 14670
14296: 13196
13038: 13126,15631,14660
13738: 13280
13519: 13957
14842: 15654,15220,13115,14357,15717,13737
15551: 15159,13820,14607,14942,14843
14595: 
15469: 14079,14265,13425,14725,13383
13479: 14507,14536,14438,15003
14231: 13939,14467,14520,15776,14244
15459: 14263,15703
14928: 12909,14374,13937,15085
13159: 14845,13378
14841: 15731,14213
15043: 13901,14290,14323
13499: 
14806: 14161,14059,14521,14554,12834,15430,15780
14433: 14836,13804,13136
15707: 15606
15170: 15388,15436,14478,14979,15313,13708
28589: 13570,15276,15011,13745,14513
15118: 13826,12946,15752,28559,12959,15562
15231: 13629,15456,13773,13990,14831,13143
14948: 13698,14445,15813,15624,15673
15618: 15301,15176,13590
13527: 13869,13702,14678,14981,14620,13616
13295: 13323,14339,14640,13427
13623: 13368,14273,14454,14343,15080,15386
14062: 13418,14178,14613,14896,14463,13734
13769: 14654,15789,14388,14771,13597,13246
14725: 13425,15583,14079,15469
14616: 15440
14522: 13613,13461
14959: 15655,14847,13710,15808,15540
15377: 14884,15158,14867,14149,15120,14853
13191: 
15554: 12899,15184,14280,15307,14557,15473
13380: 
14175: 14014,15404,15296,15563,14148,13619,15617
15052: 14048
12817: 15192,13578,13926,13566,13060
13581: 15296,15403,15563,15144,14022,13365
13050: 15031,13534,14110,15734,15371
13857: 14198,14599,15075,14502,15397,13439,28641
15709: 13522
14807: 14339,15483,14309,14783,14419
15208: 13709,14687,14114,15258,15334,15327
13868: 13822,15409,14041,13064,13649
13569: 14032,14907,13449,15697,13420
14503: 12899,15184,14337,13335
15205: 15287,14673,12960,14757,14367,14872
15527: 13848,13877,15800,13209
13099: 15143,14327,13344,15657,12978,12967
14013: 13841,13948,15274,14473,13400,13792
14817: 13961,12875,15101
14218: 14726,15173,14921,14239,13756
13237: 15309,14769,13807,13437
15428: 14899,15124,13131,15700,15102
15366: 15275,15558,13585,15396
13342: 15401,15455,15133,13454
14843: 14944,13396,15340,15551,14607
15523: 13914,13290
15236: 14349,14968,15024,14115,13715,13001
15214: 15609,13956
15744: 15405
15241: 14901,13645,14983,14818,14142,14586
14095: 14975,14936,13095,13960,13978,14693
14918: 12827,13351,15798,14324,15705
15037: 14448
15386: 15080,13448,12885,13623,14273,14599
14232: 14366,14415,14241,13180,14685,12833
14287: 14193,15510
13677: 14481,13178,14788,14625
15742: 13596,14047
15333: 
14394: 13735,15486,12836,13362,15060
13447: 
13554: 13354,15674,13190,15678
13233: 14785,12962,13786,14119
13464: 14837
13655: 15447,15079,15771,13118,15760,13360
13029: 
13624: 13722,12884,15591,14591
15169: 15297,13446,15566
15210: 
14573: 13039,13195
15705: 14368,15636,14324,14918,13351
15740: 15004,14084,13617,14768,13793,12865
15615: 12993,14350,14074,14774
12917: 12957,12971,14728,15792
13542: 15479,15589,14215,12963,13109,14421
13530: 14655,15110,13703,12921,13282,13275
14107: 13662,15449,14742,15070
15652: 15626,13996,13619,14797,15712,15522
15661: 14951
14118: 14211,14033
15314: 13033,15660,12912,13386,13222
15528: 15673,13469,15764,14239,15624
13604: 13767,14715,15465,14120,14363,14761
13767: 14715,13604,15713,13638,15465,15747
13653: 15683,13536,14754,14469,13790
13208: 13887,14380,15304,14534,14520,14808
14804: 13847
13561: 13960,13978,14849,13622,12934,13388
14574: 14436
14402: 14234,13216,14852,12955,14254,15581
15763: 14153,15453
13427: 14419,14339,13295,13529
14269: 15269,14078,15129,14123,14251
28641: 15397,13439,13591,13172,13857,14838,28643
13403: 13901,12853,15267
15567: 13858,15401,13664,15573,12916
15701: 28605,15219,15391,14000
14643: 15337,13866,12927,14744,14551,12984
15587: 
13683: 12820,15233,13718,15411,13642
14077: 
15778: 15710,13759,14920,13751,14404,12938
28634: 13602
13196: 14296,13835
13735: 14394,15060,14398,13025
13348: 14926,13181,14328,14962,15704
14935: 14277,14391,13808,28171,15290
14775: 
13387: 13463
14635: 15033,15706,13859,15291,15635
14648: 14265
15216: 15513,13882,14188,13563,13436
15675: 15028,14449,14177,13768,14755
14732: 13100,13480,12880,13860,15200
15429: 15773,14547,14587
15046: 15198
12865: 13352,15727,13793,14468,15004,15740
14753: 13914
14982: 14602,15328,13097,15467,15344,13058
13182: 13753,13100,13480
14456: 
14759: 14682,15789
13271: 13673,12993,14739,13946
13334: 13563,13520,13795,14355,12827
14771: 15684,14388,14131,14967,13597,13769
12920: 15722,12987
14599: 14273,14198,13857,15397,15386,12885
12825: 13204,14378,14318
13060: 13825,13926,14384,13578,12817
12892: 15431,13122,13154,14452
14345: 14981,13633,13314,13318,13616,15496
14316: 12992,13269,14322,14439,14260,14451
12906: 12900,13081,15249,13093,14376
14263: 15266,14810,14386,15459,15703
14767: 28559,14961,12959,12897,13221,13495
14729: 12855,15514,14869,13059,15555,12926
13568: 
14739: 12993,13516,13271,15535,15558
14174: 13394,13085
14570: 15391,13657,15448
15294: 15678,15793
14279: 14896,14463,13566,15192,15146
15093: 14134,15682,14910,13556,12888
12907: 14904,14694,14235
12833: 15131,14966,15715,14415,14232,13180
14738: 15081
15547: 15044,12943,15345,15788,15633
13636: 14227,15602,14858,12950,14344
14849: 15247,14423,28650,13978,13561,12934
13700: 14965,13794,12888,13785,13720
14366: 14415,14232,13689,13155,14685,14217
12975: 13694,15480,13360,13733,15771,15306
13287: 13886,13540
13498: 15204,28553,13292
13875: 
15799: 14043,14166
13152: 13153,13695,14534,14176,14560,13887
15784: 15048,14718
15060: 13362,13735,14394,15215,13025
14353: 14837,13676
13394: 14663,13258,14174
14670: 14008,15600,15078
12860: 14669,15544
14695: 15222,14195,14497
15259: 14086
12819: 13419,14802,15781
13448: 14930,15080,15386,12885,14055,14752
12836: 13952,15613,14394
12966: 15199,15254,15326,14651,13169,13959
13681: 15047,12879,14418,13678
15411: 13313,13257,13718,13615,13683
13560: 14530,12995,13618,14379
13171: 15285
15103: 15659,14517,14457,14189
12902: 13705,15810,15233,15114,14794
13855: 14988,13582,13562,14341,13090,14236
15356: 
14811: 15597,14677,15672,12826
14553: 13410,14815
15283: 13727,14677,12988,15189,15212,13929
15757: 
13331: 13047,14681,14276,15433,13173
14020: 14483,14304,14615,15130,14154
14334: 14800,13062,13729,15426,13042,14972
15514: 14705,12855,14729,15165,15555,13893
13863: 12951,13035,15044
15670: 14567,14644,15372,13736,13265,14450
15382: 13279,15261,15512
13907: 13729,13721,15426,12945,12941,14974
14968: 14349,15236,12973,13001,15240,14781
12956: 
13878: 14880
15292: 14684,14527
15651: 13139,13648,14933,13953,13046
13658: 12847,13275,14828,12921,14715,15713
14633: 14481,14914,14142,15790,15358,15055
15354: 
14940: 15436,13068,12946,14716,14478,14632
15708: 15196,13120,14986,12840,13776,13138
14803: 13931,14442,15000,15028,15140
13599: 15549,15417,13562,14731,13980
15375: 14266,14745,15690
13355: 12861,14196,15765,14545,14302,13278
12859: 12963,13109,15510,15193
14145: 14691,13371,15325,14814,13558,13240
14127: 
15480: 13694,12975,12925,15306,14814,15325
13882: 15513,15216,15605,14823
14133: 13579,14498,12814,14451,13644,14672
13002: 15623,13101,14568,13609,13909,14625
13028: 
13141: 13063,15089,14303,14532
12968: 14950,12958,14905,15659,13181,14147
13035: 13585,15345,15396,15044,13863
14152: 15207,13587,15532
12926: 13059,13903,28584,14869,14729,13074
12973: 14349,14968,15240,15017,14605,13081
13698: 14948,14445,14427,14429,15392
12982: 12898,14480,14874
15699: 14021
13716: 13513,15061,14867,14853,15511,13713
13851: 14709,15099,14645,12909,13416
14558: 15430,14822,14874
13916: 14883,14369,14827,15149,13324,15126
14188: 13779,15216,15078,13436
14169: 14892,15144,13340,14055,15782,12928
14526: 13694,15399,13000,14882,13371,15325
15015: 14344,13471,13877,15598,12950
13906: 15471
14046: 
14493: 12874,14264,13601,28298,15041,13397
14508: 12870,14772,15361,15213,15677,12944
15028: 14449,15675,14401,14177,14803,13931,15140
14426: 15251,14364,13659,13532
14507: 14123,13479,14730,15003
14423: 13321,15247,14849,14029,13192,13095,13978
15691: 14338,15197,13257
15405: 14347,15744
15436: 14422,15388,15170,14940,13068,14478
14655: 13530,12921,13282,13103,15295,13942
15107: 15267,14437,15148
13040: 14975,14936,13018,14637,13110,14425
13284: 13423,15811,13606,14429,15728,15601
14420: 15540,13707
14084: 14143,15004,15740,14768,15728,14704
13489: 14779
15516: 13933,13881,14951,15593
14161: 14806,14059,15780,14191,13083,13668
15596: 15720,13177,15584,15608,14572,14531
15090: 14494
15463: 15443
13288: 15686
15754: 15526,12939,13888,13307
15714: 15179,14216,14689
14925: 14251,15797,14726,13731,14559
14799: 13063,15218,14590,14256,14303
15808: 13098,15062,13837,14847,14959,15540
15583: 15681,14725
14061: 14798,14650,15123,13445,14768
15622: 13241,13792,13991,15244,14221,13761
15389: 14365,13750,13175,13047,13656
13528: 14724,15057,13879,13946,15275,13585
12957: 12917,13349,14543,15441,15792
14782: 13457,12831,13124,13107,14992,15491
28618: 14846,13973,15521,13045,13772
13376: 12949,14181,15722
13648: 13139,15651,15024,15568,14857,13046
13531: 15677,13347,15150,13840,15213,13317
13401: 14748,13671
15081: 12895,14738,15738
13461: 14913,13258,14522
13276: 15155,15795
14815: 13164,13706,14553,14104,14963
13408: 
15653: 14524,15530,14191,13083,14518,15304
15129: 14078,14269,14123,14536
14509: 13127,13265,14450,13801,14603,14150
15471: 14571,13607,13906
13711: 
14375: 14171,14087,15009,15385,15384
14098: 13891,15120,14311,14871,13590
14373: 14482,13203,14042,15446,15164
13207: 15726
13922: 14052,13000,15022,12821,15288,15497
15686: 13525,13288,15805,14802
13977: 14003,13154,13953,13046
14124: 13442,12896,13740,13860
28619: 13586
12884: 13624,14591
13547: 14596,15343
14975: 14936,13040,14095,14425,13925,14693
13156: 12976,13079
14282: 14310,14663
14393: 15094,15262
13045: 15006,13772,28618,14846,14932,13358
14450: 13265,14509,15670,14644,13435,13801
14275: 
14404: 13766,14211,12938,13751,15778
14976: 14119,14409,13260,13197,13834
12935: 13744,15303,14863,13971,13390
15689: 15795,14411,13087,15481
13777: 14092,13865,13593,28653,13168,28628
14854: 14483,15466,14260,14672,14403
14325: 15317,14958,14066,15110,13703,13675
14549: 
14502: 13761,15541,15075,14221,13857,13439
13815: 15272,14200
15063: 14454,14343,13404,14927,13078
14344: 15015,15360,12950,13636
13929: 15738,15672,15212,15283,14677
15560: 13398
13728: 13116
12905: 15162,13574
13740: 13077,13100,14124,12896
28653: 14514,13168,13593,15715,28628,13777,13865
14417: 14277,12954,15290,14681,14667,14276
14305: 14942,14159,15419,13693
14478: 14649,14979,14632,15436,15170,14940
13228: 15725,14716,15685,15308,14289,13068
13018: 14936,13040,15111,14029,15088,14637
14201: 14847,14620,15019,15665,15062
14965: 13700,13794,13622,12888,13833,13388
15635: 14004,14635,13859,13897,15291
14679: 15779,15785,28171,13885,14337
15301: 15122,14871,15618
14727: 12914,14813,15254,13862
15419: 14563,15649,14305,13693
15659: 15103,12985,12968,14905
14631: 14034,14778,14755,15125,15438
14653: 13663,13270,14791,14624,14642,12828
14071: 12940,14262,15460
14992: 14281,13107,13324,15491,14782,13831
13742: 
28559: 14961,12959,14767,12952,15118,15562
14439: 15349,13214,12992,14316,15599,15531
12820: 13615,15521,15233,13683,15810
13974: 14436,15207
15068: 13796,15439,14510,13434,14897,15059
14432: 14628,12883,14153
15788: 13801,15633,13435,15057,15345,15547
13144: 14212
14627: 12821,14678,14824,13484,13702
15026: 28651
15311: 14105,14075,15049,13899
15251: 14426,28607
14548: 13097,14051,15467,14484,13788,13610
13206: 13433,15168,14829
14058: 15029,13111,15368,13511,15499
15810: 12902,12820,15521,15233,13772
14705: 12855,15514,14828,14641,15165,14363
13304: 13052,15762,13923,14262
14917: 13004,12901,15035,13377,13717
14298: 14057,14541,14555,13378,12997,14397
13870: 
14441: 14656,15106,14183,13370
14363: 14120,15165,14828,14715,13604,14705
13465: 14428
14407: 13082
14312: 15105
15137: 14876,14536
13579: 14133,14498,12814,15519,13352
14271: 13812,15038,15735,15085,14747,12989
13659: 14426,14364
13318: 15053,15234,14345,13314,15496,15569
15016: 13116,13641
12934: 13622,13556,14849,28650,15339,13561
15287: 15205,14673,14923,14367
14793: 15105,14878
14872: 14367,14741,14222,15205,14757,13311
13109: 12859,12963,13542,15506,15510
14612: 13567,13279
14546: 13806,15619,15753,14950,12958
14752: 15782,15332,28643,13448,12885,14055
13550: 13003,14898
15084: 13822,13064
15074: 
14170: 15322
13298: 13667
14866: 14081,14267
13261: 15282,14359,15794,14285,13845
14029: 13219,15088,13192,14423,14936,13018,13095
13995: 13791,14891
15513: 13882,15216,14924,15021,13563
14876: 15137
15123: 15351,14692,13445,14650,14061
15269: 14269,14952
14780: 14255,14080,14352,13572,12939,13033
14897: 13434,15206,15068,14486,15059
14220: 14519,15422,13185,14238
14421: 12963,13542,15589,13874
13089: 13067,15145,15806,14396,13817
13430: 14181,14622,14075,14179
14035: 14030,13135,13203,13931
13795: 13575,15035,14924,13334,14355
14589: 14669,15255,13305,14257
13950: 15086,15363
15250: 14072,14986,28609,12840,14710,12846
13016: 13859,13373,14600
14357: 15395,14070,13893,13115,14842,15717
13491: 13137
14272: 14601,14233,13994
15154: 14288,14652
14462: 
13941: 15413,13466,13074,28591
15786: 14639
14777: 12855,12862,14641,14565,13076,14869
14085: 13936
14674: 14762,14645,14665,14374
13982: 13349,12971,13836
13669: 13841,13948,15390,14528
13945: 15174,14395,13787,13443,13981
13232: 
12925: 15671,14299,15306,14814,15480,15542
15101: 14629,13316,14817,13915
12952: 14069,15243,28559,14961,15725,15562
13695: 13153,13152,14534,14203,13939,14861
12987: 12920
15397: 13439,28641,13591,13857,14599,12885,28643
15153: 14894,15807,14887,13549,14158,15483,14640
13130: 
13485: 14017,14207,15126,13902,13538,15149
14810: 15266,14263,15703
14365: 15389,13750,14796
13441: 14358,14346
15668: 14647
14103: 15034,13902,15520,13538
13627: 13686
13642: 13031,14338,13718,13683
13071: 14004
14016: 15192,13578,15157,13679,12832,15104,13545
14629: 15101,14116,12875,15524
14294: 14773
14978: 15536,14007,12932,14601,15245
13888: 14080,15754
13256: 13059,12868,15555,14877,15395,13374
14542: 14552,13589,15809,14852
15564: 13075,15702,13352,15727,14498,28535
14238: 15582,14220,14178
13129: 
13425: 14725,15310,15469,13383,28491
13513: 15061,13716,15511,13713,13462,12918
13081: 14605,12900,12906,12973,15249,15017
15127: 13414,13106,13090,14184,14988
12879: 15047,13681,14351,13564
15038: 14271,13812,15735,15726
15179: 15714,15367,14471,14216,14689
14444: 15246,13913,13409,13179,13058,15355,12996
15803: 13862,13213,13484,13701,13702
13315: 15201,14217,13553,15556
13229: 13303,13898,13440,13833,14160
13405: 14501
14187: 
15242: 14134,14910,14764,14717,15590
14951: 15724,15661,15516,13881
14888: 15492,14425,13925,15545,12863,14899
15100: 14967,14634,13357,14964,13212
12853: 14323,13403,15267,14458
12852: 14742,13515,12850,14789
13102: 14165,15373
13879: 13688,13946,15347,13911,14724,13528
14440: 15111,13743,15490,13286
13005: 13590,14634,13816,14131
15312: 15565,15380,14052,15022,14214,13968
14977: 15482
14470: 15693,13013
14766: 15328,13179,14474,14473,13241,13573
15759: 15801,14151,12933,13853
12927: 15586,14578,14308,14551,12984,14643
13675: 14091,14825,14325,14958,13703,14465
15807: 14894,15153,14887,14906,13905
14132: 15223,14703,15553
12841: 15468
14093: 
13243: 28650,15339,28655,14711,14413,15289,15247,13867
12991: 14956
13672: 13259,14690,15264,14886,13451,15271
14607: 15159,15519,15551,14944,14843,14468
13160: 28520,12886,14250,14381
15574: 12944,15361,15472,14618,15637
13241: 15622,13792,13991,14473,14766,13573
15440: 14435,14616
15566: 14821,13446,15169
13431: 13251,13133,13032
13364: 12936,13610,14200,14833
13369: 
13393: 13058,15355,14025,13416,13839,15344
14117: 15221,15280,14610,15624
13467: 14267,13332
13968: 14824,13959,13169,15565,15312,15022
15012: 12823,15593
28171: 15785,14679,14391,14935,15290,14337
13238: 12996,13573,14076,13991,13635,15505
14529: 
14801: 15069,13625,13548,14877,13374,13457
13386: 13511,14352,12912,13444,13033,15314
14561: 13999,14994,15588,13645,13469,14586
14203: 13397,15056,13306,13153,13695,14861
14255: 14080,14780,13572,15801,13231
15401: 15455,13263,13342,13454,13664,15573,15567
13720: 13008,13785,13700,13794,15050
14838: 14259,14396,28641,13591,13172,15806
13501: 14358,14829
14193: 14287,15506
28644: 13723,28591,14416,15520
15194: 15308,14486,14289,14194,15501,13022
14389: 13714,14783,12851,14419,13215
13775: 
14005: 15680,13492,13003
14409: 14976,14119,13908,13492,15680
13000: 14052,14882,13922,14526,13371,15497
13975: 13559,12882,13140,14665
15598: 13877,14626,15015,13471,15498
13611: 12971,13836,15641,14210
13912: 15538
14823: 13882
14100: 14099
15458: 14126,15362,14428
15621: 13474,13671,14021
14677: 15283,13727,13929,15672,14811
15152: 13222,14889,15637,13497,14618
13555: 13483,13167,12828,13787,14776,13142
15776: 15054,14520,14231,14723,14199
13258: 14913,13394,13461
13346: 13823,13502
12871: 14879,15434,15316,14097,15595
14326: 15712,15522,14224
14836: 13543,13674,13804,13136,14433
14091: 15639,14825,13675,12862,14465,13076
12995: 13560,14530,14207,14379,13524,13512
14138: 14954,13719,14059,14521,14524,13083
13871: 13017,14719,13883
14795: 15331,14606
13559: 15576,13975
14022: 12864,15144,13581,13365,14569
14262: 13923,13304,12940,14071
14463: 14896,14279,15253,13566,14062,14178
15735: 13937,14271,15038
12955: 13154,14452,14254,14402
15022: 14052,13922,15312,13968,12821
13786: 12962,13230,13233,14112,14119
14075: 15311,13430,14179
13073: 15050,14160,13303,15373
13741: 
15710: 15778,13759,13549,14158,12938,14953
15639: 14091,14825,13312,13076
14651: 15326,13319,14102,13328,12966
14563: 15419,14579
13806: 14546,15133,12958,13454
13457: 13374,14782,12831,15069,14801,13107
14348: 13306,15352
14641: 12847,14828,12862,14777,14705,12855
14166: 14043,15799
13872: 13495,14476,13963,13733,14299,15306
13497: 15141,12953,15152,14252
15357: 13211,13186,15077,14418,15276,15011
14927: 13404,15063
15007: 15095,15286
13668: 14560,15616,14161,15780,14191,14176
14764: 14268,14434,14910,15242,15590
13312: 14565,12844,13076,15639
14826: 13267,13600
14155: 13752,15227
13381: 13920,15751
14425: 13925,14888,13110,14975,13040,15545
14157: 
13880: 
12876: 15370,13383,15424
13838: 13521
13727: 15283,14677,12988,13187,15338,12826,12857
13900: 14378,13962
15535: 15558,14739,13508
15442: 14042,13692
15237: 15461,15495,13654
15416: 
15188: 14405,15559,13825
14545: 13539,15765,14209,14302,14593,13355
13493: 15548,13350,14893,14073,13536,13235
13935: 15001,15518,13026,14066,15110,13282
15126: 13485,13902,13831,13324,13916,15149
15122: 15301,14871,14703,15223
13370: 14183,14441,13846
28553: 13498
15121: 13412,12877,13832,15425,15151
15606: 15707
15202: 15331,15783
15106: 14656,14441
14891: 15297,13995,14213
15758: 15585,13699,15457,13149,14110
13338: 15629,14023,13020,13652,13500
14919: 15053,15234,15746,28558,13730,13697
28628: 15656,13014,13593,28653,13777
15098: 13201
15499: 13511,14352,14058,14151,13572
14473: 14474,15274,14013,14766,13241,13792
14030: 14617,14035,13135,13249
15502: 
13165: 15055,14370,13221,14313,15358,12897
15633: 13801,15788,14603,15547,12943,14604
14571: 15471,14993,13044,12849
14582: 13036,14902
13392: 13317,13915,15485,13993
14983: 13178,14818,15241,14481,14142
13782: 14585,12986
12962: 13786,13230,13630,14588,15082,13233
15300: 15279,13557
13962: 13900
13989: 
14176: 14191,14560,13668,13887,13152
15446: 28622,13924,14482,14373
13474: 15621,13797,13947
13339: 
15536: 14007,14978,13523,14714,14601
14622: 15010,15627,13430
13352: 12865,15727,14468,15519,13579,14498,15564
14885: 14313,15358,12903,14914,14002
14089: 15039
14957: 14400
13590: 13005,14634,14871,15618,14098
14202: 14898,14045,13765
15609: 15214,15285,13956
15517: 14464,15478
15318: 
15075: 15229,13012,14221,14502,14198,13857
13921: 14199,13456
13514: 
13614: 14477,13955,12854,14743,15736,14090
15281: 13884,14538
14459: 13766,14211
15392: 14429,15728,14704,14798,14427,13698
14147: 14926,13181,12968,12985
13617: 14768,15387,13793,15740
12880: 14732,13480,13234,14319,15200
13864: 
15451: 14740,12924
13717: 13377,13004,14917,15161
14041: 14797,15020,13868,13649
14190: 13157,13856,13226,12857
15078: 28646,13436,14188,14670
14733: 13368,14109,13395,13809
12976: 13079,13156
14119: 14976,14409,13786,13233,13260
13149: 15457,13609,12974,13101,13699,15758
13078: 14756,15076,15063,14955
14712: 
14693: 13925,14505,14975,14095,13960,15058
15782: 14752,15332,14055,15374,14169,13340
14731: 13106,15167,14988,13562,13599,13980
15578: 
12881: 14007,12893,14710,14331,13979,13523
13780: 
13558: 15746,15542,13240,14700,14814,14145
14158: 15710,13549,15153,14640,14953
15581: 13918,13850,14254,14402
15104: 14657,13030,28557,14016,15157,13545
14045: 13003,14898,14202,15360
15768: 13739,13057,13270,15775,13198,14642
13262: 13715,15643,13001,14410,13625,13548
15167: 13106,14731,13580,13980,13126,13910
14265: 15469,14648,15370,13383
15713: 13767,14715,12921,15295,13638,13658
12856: 13343,14518,14915,15530,15642
14632: 14478,14649,12843,13826,12946,14940
13186: 14390,13211,15357,15077
15203: 
13830: 12998,12916,13533
13184: 14774,15278,13665,14350,13177
15568: 14349,15024,13648,15464,14605,14857
14406: 14173,13999,15588,13970,13062,14332
15168: 13433,14684,13206,12937
15417: 14073,15549,13599,15683
13729: 13907,13721,15426,14334,14972,14510
13274: 13487,14340,13828,15097,15415
14831: 13817,13344,13143,15231,13990,12978
12861: 15258,13355,13285,14196,14049,15765
15797: 14925,14251,14952,14726
12854: 12830,14895,15051,15736,14090,13614
28584: 14565,12844,14869,13074,12926
13813: 15774,15140,12893,15000,28609,12846
15793: 15294
14207: 13485,14017,14379,15149,12995,13512
15010: 13533,15115,14622,13613
13328: 15565,15380,13319,13890,14651
14889: 15152,13222,15660,13662
15676: 13183,13220,14143,15004,15727,13075
14288: 15154
13030: 14657,15104,28557,15361,15472
13552: 13054,14906,15027,14010,15504,14240
15082: 15721,15327,14588,12962,14785
13091: 
14347: 13583,13904,15405
15263: 
15569: 15027,15644,14010,13318,15053,15496
15070: 14742,15526,15660,13662,14107
13015: 15591,13607,15543,14395
13142: 13443,13555,13167,13787,15051,15698
14604: 14816,13193,15633,14603,12943,13072
13586: 28619,15791,13239
14397: 12997,14694,13378,14298
15802: 13705
15177: 15351,14692,14848
13706: 15323,13164,14815,14104,15729
15515: 15359
14773: 14294,14556
15525: 13292,15204,14592
13253: 15260
13784: 
15021: 14934,15605,15513,14924
14073: 15549,15417,14893,13917,13493,15683,13536
12889: 12997,14694,15749
14915: 14962,13964,15530,14805,15642,12856
15211: 13525,15039
13362: 15060,14743,14394,15215,13889
15470: 
14845: 13159,13378,15444
14786: 14974,14236,15570,15018,15439,13721
13641: 14351,13190,13116,15016
14386: 15266,14263,13305,14638,13771
15548: 13493,13350,14194,13235,14009
14247: 13303,13898,15171,15087,14735
14602: 15328,14982,15539,13097,14474
13251: 13431
15221: 14117,14619,15280,14427,15624
15556: 13732,13379,13315,15201
15347: 13944,13432,15770,13688,13879,13911
15696: 14956,12914
13289: 14315,15577,13470,15490
13325: 14333,13010
15671: 12925,14299,13826,15752,15542,12843
15430: 15780,14558,12834,14806
12981: 
15769: 15215,13889,14523,13955,14879,15434
14687: 13709,15208,14114,13618
15809: 14857,13166,15464,13802,14552,14542
13500: 13338,13652
13584: 14108,13458
14586: 14142,15790,13645,15241,14561,15588
14069: 13042,15243,12952,13844,15725,15685
14661: 15656,15664,15335,13219,14969
13020: 15629,13338
14248: 
14510: 14972,13434,13729,13721,15439,15068
13257: 15411,13313,13034,15691,13718
15360: 14344,14164,13541,14045
13884: 15281
13033: 12939,15314,13386,14352,14780
15368: 15271,14151,13451,15029,14058
14418: 15077,13678,15357,15047,13681
15047: 13681,12879,14418,15011,13745,13564
13834: 13197,14976,15680
14964: 15511,13357,15100,13361,13462,13212
13779: 14188
14182: 13808,14210,14104,15641
14037: 13840,15658,15213,13734,13418,12870
14605: 15464,12900,13081,14349,15568,12973
13685: 15091,13486
14254: 14452,12955,14402,15581,13850
14479: 15003,14568,14730,13178,14559
14036: 14384,12873,14886,13679,14690
13116: 15016,13728,13641
13650: 14567,15503,13432,15412,15096,15372
15310: 13425,28491,15341
13509: 15694,13507,13690,14356,13486,14125
13220: 13183,15676,13090,13075,14184
14167: 
15053: 13318,15234,14919,13697,15569,14010
13183: 15601,15676,13220,13090,13423,13582
13876: 13272,14819,15049,15054,14723
13429: 13008,13450,15147
14909: 14890,15534
15462: 14658,14676,15603,14736,14706
12883: 14432,14628,14750
12989: 14923,14747,14271,13812
15555: 13256,13059,15514,14729,15395,13893
13375: 15061,15544,15158,14867,14669
13330: 14293,14180
14311: 14098,15120,14149,15223
13703: 15110,13530,14325,13675,13275,14465
14126: 15102,15009,15171,15087,15362,15458
15607: 13310,13174
14137: 14543
14447: 13188
13913: 14444,15246,13409,15594,14646,13455
15720: 15596,13177,15770,15584,13944
15679: 15634
14814: 12925,15480,14145,15325,13558,15542
15695: 13442,12896,14430,13866,13407
15367: 14471,14916,15179
14430: 15337,13866,15695,12922,13942,13407
12943: 15547,15257,15633,14604,13072
13811: 14453,13778
14332: 14800,13062,14406,14370,13510,13970
13145: 14410,15717,13737,15270,15643,12816
13306: 15056,14203,14861,15293,14348
15207: 14152,13974,15692,15209
14534: 13695,13152,13208,13887,14520,13939
15409: 15425,15020,15151,13868,13822
14659: 15396,13065
13937: 14928,14374,15735
15067: 14686,13647,13997
13432: 13944,15412,15347,14567,13911,13650
14467: 13939,14231,15293,15178,14244
13480: 14732,13100,12880,13182,13753
13105: 
15275: 15366,13946,13528,13585
14584: 14594,13202,15787
15172: 14497,15376
14378: 13900,12825,13204
15165: 14120,13115,14363,14705,15514,13893
13689: 15775,13626,13155,14217,13553,14366
13525: 15686,15211,13224
13308: 15147,13704,15484
14123: 14507,15129,14269,14730,14251
14636: 12985,14189,14554,13719,14521
14482: 13135,14373,15446,13924
13532: 13399,13755,14496,14426
13157: 14190,13856,15741,14512,14225,13612
13335: 14337,14681,12899,14503,15433
15245: 13852,14532,14978,15089
15395: 14877,14070,14357,13893,13256,15555
15673: 13469,15528,14948,15813,15624,14994
15274: 14474,14473,12936,15539,13948,14013
15379: 13517,15189,14784,13986,15212
15030: 13496
13915: 13392,15101,13961,15485
15197: 15691,13426
15753: 15133,15252,14063,14546
14223: 15553,14149,14884
13158: 13475,12969,15423,13247,15232,13118
12929: 14839
15678: 13554,15294
13110: 14637,13661,13040,15545,15119,14425
13100: 14732,13480,13182,13740
15597: 15226,14811,14701
14583: 13845,13751,12979,15794,14377,14920
15680: 14005,13492,14409,13834
13108: 15579,13852,13594,13632
12877: 15121,13832,14792,13992,15425
14600: 13048,13016
15627: 15642,14622
14776: 14791,15543,14395,13555,12828,13787
15476: 
13980: 13126,15631,14731,15167,13599
15795: 15689,13276
15184: 12899,14503,15554,14541,13885,14280
14490: 14012,15662,13725
15518: 15001,13935,13103,12984,14308,13282
15711: 
13327: 13522,15138
15339: 13243,28650,28655,14711,15682,13556,12934
15097: 15432,13227,13274
13054: 13552,14906,13905,13697,12972,14010
14960: 15630,13601,14874,14822
13582: 13855,13423,13183,13090,14236,15570
14240: 13712,14309,13552,14906,14887,15504
13082: 14407,14792,13832
15464: 14605,12900,13802,15568,14857,15809
14539: 13150
15219: 15701,14183
13783: 
14501: 13405,13707
14208: 13620,13713,13305,14638,14257,13478
13379: 13732,15032,15556,15201,15632,14966
13365: 14569,14054,14148,15296,13581,14022
14449: 15028,15675,14401,14034,14755
15161: 14707,13377,14324,13717
14156: 13580,14615,12867,14154,13910,13266
13616: 14620,15019,15496,14345,14981,13527
13037: 
14875: 15128,15737,13041
14658: 15462,14676,14721,14706
14946: 13918,13543
15811: 13423,13284,13606,12941,14974,15570
15694: 13507,13509,15383,13034,13486,13313
13466: 13074,13941,13903,28591,14416,15238
13592: 15572,13424
13391: 14301,15175,15076,13628,14621,15136
13639: 14268,13248,14097,14434,15595
14724: 13435,15057,13528,13879,13911,14644
14180: 15014,13330,14195
13404: 14927,14109,15063,14454
13909: 15320,14788,14702,14625,13002,13609
13193: 14816,14604,13072,13621,15072,13122
14932: 14623,13897,14846,13045,13358
15080: 14930,13448,15386,14955,13623,14343
14400: 14957
13046: 13166,15651,13648,13953,14003,13977
15144: 14169,14892,13340,15403,13581,12864,14022
14611: 28616,15561,15629,15040
14413: 13006,13546,15289,13865,13867,13243
12842: 12913,14856,14038,15669
13155: 14624,14642,14685,15775,13689,14366
14979: 14478,14649,28558,15170,13730,15313
14987: 13715,15643,12816,14535,12948,14115
14362: 
12993: 15615,13516,14739,13271
15276: 13570,28589,15011,13211,15357,13892
13807: 13237,14769
15182: 13023,15432,13227,14504,13044
15018: 14786,14236,15439,14341,13796,13917
15218: 13776,14590,14984,14799
13845: 14583,13751,15794,14359,13261,13766
15775: 13626,13198,13689,15768,13155,14642
13597: 14990,13212,14967,14771,14654,13769
15008: 15298,15025
14110: 13050,13534,13699,14606,15758
13322: 15575,14587
14198: 14273,13857,14599,15075,15229,14446
14908: 14146,13979,14401,15774,14034,15002
14638: 13305,14208,15266,14386,13478
13136: 13543,14836,14433
13439: 15397,28641,13172,14502,15541,13857
12996: 13238,13573,14076,13179,14444,15246
13903: 13059,12868,12926,13466,13074,15238
15604: 15125,15438
13264: 15077,13678,14949
15565: 13169,13328,15380,15312,13968
15630: 14168,14960,13601,12874
13860: 15608,13665,14572,14732,14124,15200
14969: 13219,15088,14315,14661,15664,13743
15359: 15515
15381: 13799
15191: 15435,13299
15189: 13517,15379,14741,15212,15283,12988
14989: 13008,13785,14134,14717,14499
13115: 14120,15165,15220,14842,14357,13893
15544: 15450,14820,15158,12860,14669,13375
12988: 15283,13727,14741,15189,15338
14768: 13617,14798,14061,14704,14084,15740
14270: 12942,14065
14848: 14985,15177
15212: 15189,15379,15283,13929
13433: 15168,13206,13515,14789
13801: 15788,15633,14603,13435,14450,14509
13954: 14980,15371,14431,15447,15079,14027
14097: 13248,13281,12871,15434,13639
14591: 15591,15174,13624,12884
14765: 14608,15323,13164
15570: 14786,14974,14236,13423,15811,13582
15039: 14089,15346,15435,15211
13139: 15651,13648,14933,14535,15024,14115
13246: 14682,14388,15789,13769
12863: 14031,15545,14888,15700,28640,14899
13294: 15303,12913
14827: 13916,14369,14281,13324,14850,13503
13577: 
14106: 15252
15117: 
14018: 15130,12867,14111
15079: 13655,15447,13954,14431,15760,13218
13910: 13266,15167,14156,13580,13126
15603: 15462,14676,14594,14812,15592,15586,14736
13644: 14122,14304,28535,14672,14133,14498
14981: 14345,13633,14678,15288,13527,13616
15132: 
13069: 13278,14858,14302,15580,14283,13293
13671: 15621,15645,13401
14597: 13690,15033,14846,13973,14623,15291
14910: 14028,14434,15682,14764,15093,15242
12933: 13567,13965,15759,13853
15461: 15237,13654,12930
15595: 14028,28647,14434,12871,15316,13639
14890: 14909
13721: 13729,13907,14786,14974,15439,14510
14181: 13430,12949,13376
13001: 13715,13262,13625,14781,14968,15236
13805: 
14576: 14411,15453
28646: 15078,13436,13520,14540,14760
13326: 15348,13309,14424,15145,15563,14014
13090: 13183,13220,14184,14988,13582,13855,15127
15505: 15083,13773,13635,13238,14076,13629
14779: 15005,13489
13074: 15413,13466,13941,28584,13903,12926
15447: 13655,15079,14027,15423,13954,13118
13367: 
15181: 13901,13687
14970: 13768,14835
15672: 13929,15738,14677,14811,14475
15495: 13654,15237
13696: 15257,13798,14500
15408: 14499,13704,13450,15420,13421
13787: 13555,14776,14395,13945,13443,13142
13242: 15373
15660: 12939,15314,14889,15526,15070
15496: 15019,13616,14345,13318,15569,15644
13667: 15756,13535,14372,13298
28657: 28645,28620
14200: 15272,14484,13815,13364,13610
13333: 13422,15006,13411,13453
12909: 14928,14645,13851,15085,15557
14873: 14668,13449,13612,13420
12908: 14485,14995,13797
14230: 
13712: 14309,14240,12851,13098,13837,15504
14914: 14481,14633,14885,15358
14266: 15375,13634
13539: 15765,13524,14209,14545,13512,14883
14259: 14396,14838,13990,15083,13773,13172
14299: 15671,12925,15306,13495,13872,12959,15752
15019: 14620,13616,15496,15644,14201,15062
13622: 13556,12934,12888,13561,13388,14965
15229: 15075,13012,13854,14446,14198
14911: 15791
15487: 
14995: 14485,15406,12908
12951: 13798,13863
14701: 14675,15597,13199
15613: 13366,12836
15285: 13171,15609
14704: 15728,15392,14798,14768,14084
13859: 13016,14635,15635
13904: 13199,14347,12837
15738: 13929,15672,15081
14431: 14980,13954,15079,13066,13218
14066: 15317,14325,13026,14751,13935,15110
15064: 15733
14070: 14877,15395,14357,14410,15717,13548
14521: 14806,14059,14636,14554,13719,14138
15783: 15623,13101,14438,15202
15171: 15124,13898,14247,15102,14126,15087
15522: 14326,15712,15652
15521: 12820,13615,28618,15810,13772
13828: 13274,13487,15415
15173: 14218,14726,13731,14239,14901,15764
14204: 15478,14714,15002,14146,13523,13886
13524: 13539,15765,13512,14530,12995,14049
14735: 15087,14247
13680: 13652,13595,14443
13736: 13737,15270,15654,15372,15670,13265
13201: 15098
13593: 15131,15715,28653,14514,28628,13014,13777
14856: 12842,14329,14038,14072,14680
14536: 13479,15129,15137
13762: 
13549: 15710,13759,14158,15235,14894,15153
15062: 13098,15808,15019,15644,14847,14201
12818: 12866
13323: 14953,13295,14243,14336
15162: 13574,13389,12905,28520
14120: 15165,13115,14363,13604,15220,14761
13673: 14774,15278,13688,13946,13271
13649: 14041,13868,14939
14783: 14309,12851,14807,14389,14419
15577: 13289,13470,13732,15032
13162: 12945,15509,15813,14173,13999,14994
15302: 15796
13606: 15811,13284,14445,14429,12941,15509
15450: 14820,15544,13749
14958: 15317,14325,14825,13675
15346: 15039,14318,15435
15083: 13773,13635,15505,15541,28595,13172,14259
14862: 15614,12874,14067
14128: 
13337: 15716,15109
12947: 14321,12918,13620,14249,15479
15734: 13752,13050,15031,13534
14427: 14798,14650,15221,14619,13698,15392
15457: 13609,13149,15320,13247,15758
13122: 13953,15072,13193,12892,13154
14789: 14237,13515,12852,13433
13192: 14029,13219,15335,13321,14423
15378: 15330
13502: 12924,13823,13346
14654: 15789,13769,14577,13597,15612
12815: 14335,15230,13932,12915,14256
14355: 13377,13795,15035,13334,15798
14241: 14232,13180,14685,13483,14895
13343: 14518,12856,14380,13272,14819
15704: 14962,13348,13858
13670: 15178
14154: 15130,12867,14020,14156,14615
15452: 15605
15262: 14317,14393
15304: 13208,13887,14380,15653,14191,14518
15546: 13170,13019,15261,13567
15113: 13676
13112: 14024,13252,15150,15141
15186: 12845
14579: 15649,14563
15206: 13434,13844,14897,15685,15308,14486
13137: 15279,13862,13213,13491
14302: 15580,14593,14545,13355,13278,13069
14972: 14510,13434,13844,14334,13729,13042
12862: 12847,14465,14641,14091,13076,14777
15111: 14440,13743,15088,14637,13286,13018
13021: 15252,13189,14686
13951: 15732,15663,13301
14697: 
13983: 
15240: 13147,14850,14781,14968,12973,15017
15642: 15627,14915,13964,12856
15674: 14513,13554,13745,13564,13190
13350: 13493,15548,14194,15059,14893,14486
13722: 13624
14468: 14944,13793,15519,14607,12865,13352
12874: 14264,14493,15630,13601,14862
14625: 14788,13909,13002,14568,13178,13677
14082: 
12844: 28584,13312,14565,15413
14481: 13677,14914,14633,14983,14142
15588: 13999,14561,14406,14586,15790,13970
13849: 13358
12922: 15295,13638,13942,14430,13217,13407
13214: 15349,14439,15552,12992
14475: 15226,15672,13092,13969
13856: 14190,13157,14675,12857,13612,14668
15423: 15585,13247,13158,15447,14027,13118
13943: 13588,13053,13120
14043: 14166,15512,15799,13239
14868: 
13453: 13358,15006,13333,13422
15479: 13542,12947,14321,12961,14215
13832: 15121,13412,12877,14792,13082
15217: 15756,13803
15702: 13075,14184,15564,14122,28535,13414
13933: 15516,13881,12845
14225: 13449,15697,13612,15741,13157,13814
14067: 15394,13320,14264,14862,15056
15273: 13248,14398,13281,15494
15054: 14808,15776,13272,13876,14723
13006: 14413,13546,13168,14523,14477,13865
14550: 13551
15748: 15582,14206,15253
28591: 28644,14416,13466,13941
15174: 15591,13945,14591,13981
15131: 15632,14966,13593,12833,15715,13014
15306: 12925,14299,13733,13872,15480,12975
15279: 13137,13213,13949,13557,15300
14675: 12826,12857,14701,13856,13199,14668
14109: 13368,14733,15329,13404,14454
14619: 15221,15280,14985,14650,14427
14608: 14765,14667,13175,14796
12967: 12978,15348,13309,14327,13099
14317: 15262,15571
14699: 13841,14769,13400,14408
13026: 14721,14751,14706,15001,13935,14066
15665: 13459,13869,14620,14201
14567: 15670,13911,14644,13650,13432,15372
13216: 14234,14402,13543
13890: 13066,15045,13319,15134,13328,15380
14486: 15308,15194,14897,15206,13350,14194,15059
14280: 15307,14541,12997,15184,15554
15282: 14609,14359,13261,14285,15572
15105: 14793,14878,14312,14533
14750: 14153,15407,12883
15812: 
13840: 14037,15658,15213,13961,13317,13531
12945: 12941,15509,13162,14173,13907,15426
14986: 14072,14680,15250,15196,15708,12840
14858: 13278,15602,13069,13293,12950,13636
13252: 14024,13112,13347,14307
15798: 14918,12827,13377,14324,14355
15751: 13399,13268,13381
13097: 15467,14548,15539,14602,14982
13008: 14989,13785,13429,13720
13628: 13123,14756,15076,13391,14621
15272: 14200,14484,13815,13788
13996: 15626,13894,15652,15116,13619,15617
14192: 
13692: 15164,15442,14042,12970
15187: 
14994: 13999,14561,15673,13469,15813,13162
14342: 12940,15460,13421
14822: 15780,14558,14960,13601,28298,15616
13529: 14336,13427,15755
15421: 13873
13756: 14239,14921,14610,14218
12887: 14516,14902,13940,13764
13714: 14389,13837,12851,15540
14950: 12968,12958,14905,14546
13382: 13010,15733
13043: 13739,13057,15719
13804: 14836,13608,14626,14433
12900: 15464,14605,13802,13081,12906,13488,14376
15134: 13104,13319,14414,12964,13066,13890
14878: 15105,14793
14678: 14627,12821,15288,14981,13702,13527
14805: 14524,14954,14962,14915
13751: 14583,13845,14920,15778,13766,14404
15138: 13032,13327,13522
13634: 15626,14907,15712,14266
14341: 13855,13562,14236,15018,13917,15549
13371: 14145,14691,15325,14526,13000,15497
13715: 13262,15643,13001,14987,15236,14115
14947: 
14973: 
13399: 13532,15751,13268,13755
14869: 28584,14565,14777,12855,14729,12926
12949: 13376,14181
13788: 15272,14484,14548
14197: 14285,14630,14469
13999: 14173,14561,14994,15588,14406,13162
15180: 15249,13503,14369,14209,14593,13093
14562: 14743,15736,15698,13952
15561: 28616,14611,15040
15044: 15547,15257,13035,13863
13423: 15811,13284,15601,13183,15570,13582
28654: 15656,15664,14544,13014
13893: 15395,14357,15514,15165,13115,15555
14745: 15375
15739: 15745,14519,14492,14613
15559: 13036,14405,15188
13770: 13708,15235,12972,15313,13905,14894
14144: 
14184: 13075,15702,13220,13090,15127,13414
12944: 15574,14763,15361,14508,15677,14618
14669: 12860,14589,15544,13375,15061,14257
13603: 14504,14993,15719,13057,13663,13270
13881: 15516,13933,14951
14524: 15530,14805,15653,14138,13083
13052: 15494,13304,13248,15762
14628: 14432,12883
13660: 14647
14993: 13603,14504,13044,14571,13663,12849
12885: 13448,15386,14599,15397,14752,28643
13114: 
12888: 13622,13556,15093,13700,14965,13785
13049: 
13661: 14637,13110,13286,15119
14042: 15442,15164,13692,14373
14859: 14252,13781,15141,12990
15449: 13662,14107
15001: 13935,15518,14736,14308,13026,14706
15320: 13909,14702,15457,13609,13247,13475
13279: 15382,14612
15746: 13558,13240,14700,28558,15234,14919
13506: 
13647: 15067,13345,12878
15020: 15409,14054,14371,14041
13120: 15196,15708,13943,15489,13138
14105: 15311,14819,15049
12937: 15168,14237,14460
13771: 13305,15255,13691,14386
13280: 13738
13036: 14582,15559
13605: 
14315: 13289,13470,15664,13743,15490,14969
14160: 15050,13073,13794,13303,13229
14904: 12907,14694
13053: 14038,14494,15196,13943
14094: 13892,13972,15376,13570,14489,12931
12923: 15628
13803: 15756,13236,14284,14671,15217
13374: 13457,12831,13256,12868,14877,14801
14017: 13485,14207,14379,13538
13799: 15381
13536: 15683,13235,13653,14073,13493,14469
13688: 13879,13946,15770,15278,13673,15347
13676: 14353,15113
13270: 14653,13663,13603,13057,15768,14642
15663: 13951,15042,14340
14603: 13801,15633,14509,12980,14150,14816,14604
13290: 13914,15523
14942: 14305,14585,15551,13820
15303: 13744,12935,13294,12970,12913
14790: 15787
15358: 14885,14313,14914,14633,15055,13165
15175: 14301,12928,13391,14930,14955,15076
15752: 15118,13826,12959,15671,14299
13516: 12993,14739,13121
12845: 15186,13933
13730: 13697,12972,15313,14979,28558,14919
14368: 15705,14855,13477
14081: 14866,13748
14924: 15513,15021,13795,13563
13865: 13777,14092,28653,13168,14413,13006,13867
14673: 15205,15287,13565,12960,14001
13988: 14495
14796: 14608,14365
13377: 14324,13717,14355,14917,15798,15161
13731: 14726,15173,14925,14818,14901
14588: 15334,15239,15082,15327,12962,13630
14913: 13258,13461
13358: 13453,13849,14932,13045,15006
14737: 13883,15688,14578,14551,15723
14339: 15483,14807,14640,13295,14419,13427
13172: 13439,28641,15541,28595,15083,14259,14838
13626: 15775,13198,13689,13553
15643: 13715,13262,14987,12816,14410,13145
14665: 15099,14645,13975,14674,15646
14205: 13300
14954: 13719,14138,14926,14805
13384: 13504,13656,13750
13092: 14475,13969
12891: 13223,13176
14065: 14270,12942,14356
15501: 14163,13022,13283,15194,14289,14422
14356: 13486,15224,14065,13509,14125
13418: 14062,14613,15745,14037,15658,13734
15112: 
15549: 14073,15417,13599,13562,14341,13917
12893: 15774,13813,14710,12846,13979,12881
13077: 13740,14719,14744,15723,12896
12850: 12852
13979: 14146,14908,13523,15774,12893,12881
15227: 14155
14260: 14451,14316,15531,14854,14403
13946: 13688,13879,13673,15275,13271,13528
15124: 15428,14899,14749,15171,15492,13898,15102
15531: 13824,15599,14439,14260,14403
15683: 13536,13653,14073,15417,15631,14754
14044: 14898
13958: 14377,14920,15620,15235,13759
15000: 14900,13390,28609,14803,14442,13813,15140
13023: 15719,15182,15432
15572: 13592,15743,15282
14211: 13766,14404,12938,14459,14118
13829: 14937
15690: 15375
14010: 15027,15569,15053,13697,13054,13552
14682: 13246,14759,15789
12983: 15384
15345: 13035,13585,15057,15788,15547
15657: 14999,14292,13544,13344,15143,13099
15009: 15102,14126,14087,14375
13088: 
14092: 13777,13865,15335,13321,13867
13574: 15162,13598,12905
13504: 13656,13384,13173,14121
13883: 14737,14566,13871,14719,15723
12872: 
15507: 
14335: 15230,12815,13932
13153: 13695,13152,14560,15041,13397,14203
15215: 15769,13889,13362,15060,13025,13281,15434
14937: 13829
14792: 13992,12864,15136,13082,12877,13832
15087: 15362,14735,15171,14247,14126
15586: 12927,14736,14578,14308,15592,15603
14319: 13234,12880
13564: 14351,13190,15047,12879,13745,15674
14151: 15271,15368,15499,15759
13608: 14626,13209,13589,13674,13804
13723: 28644,14416,13124,15034,15520,15491
15298: 15008,15750
15722: 13376,12920
14313: 14885,15358,12903,13165,14476,12897
14088: 13602,14537,15265
14906: 13054,13552,13905,15807,14887,14240
14087: 14698,14171,14375,13131,15102,15009
13576: 13819
13750: 15389,14365,13656,13384
13831: 15034,13902,13324,14992,15491,15126
15362: 15087,14126,15458
13517: 15189,15379,14784,14367,14741
14104: 13410,14182,13808,13706,14815
15632: 15131,14966,15032,13379,14544,13014
13984: 15473,14557,14050,15437
13707: 14420,14501
14961: 28559,14767,13221,13510,15243,12952
13292: 15525,15204,13498
15159: 15519,15551,13820,14607,14322,12814
15230: 14335,12815,14412
14955: 14930,15080,14343,13078,15076,15175
14617: 14030,14177
13772: 13045,15006,13411,15521,28618,15810
14907: 13569,14032,15626,13894,13634
14078: 15129,13481,14269
15439: 14786,15018,13721,14510,13796,15068
14055: 14930,13448,14752,15782,12928,14169
14333: 13010,15538,13325
14880: 14012,13878
15031: 13050,15734,13747,14980,15371
14966: 15632,15131,12833,15201,14415,13379
13757: 15040
14153: 15453,15763,14750,14432
15563: 15296,15403,13581,14424,13326,14014,14175
13940: 14902,12873,12887,13259,13764
14516: 12887,14139,15791
15616: 28298,14560,15041,13668,14822,15780
15724: 14951,14837
14640: 14339,15483,15153,14158,13295
15225: 14709,14025,13409,14931,15594,14001
28645: 28657,28620
14239: 13756,14218,15173,15764,15528
15655: 14959,15761,13710,14720
13341: 13814,15116,13309,14327,15741,15404
13234: 14319,13753,12880
15232: 13733,15771,13118,13158,12969,13963
12980: 14535,12948,14150,14603,14816,14933
14754: 13476,15631,15683,13653,13790
15425: 15409,15151,15121,12877
15349: 13214,14439,13007,15599
14657: 13030,15104,13545,13111,15472,13444
15393: 15364
15647: 13631,15431,13537
14358: 13441,13501,14346,13781
15125: 15604,14835,13768,14631,14755
15541: 14502,13761,28595,15083,13635,13439,13172
12851: 13712,14783,13837,13714,14389
15410: 15398,15142
13150: 13473,14539
15387: 13617,15109,13445,13396
13349: 13982,12957
13450: 14499,13704,15408,13429,15147
13620: 14208,13713,12947,12918,14249,13478
13610: 12936,15539,13364,14200,14484,14548
15316: 12871,14879,13546,15289,14711,28647,15595
15013: 13131,15700,28640,14698
14171: 14698,14087,14375,15385
15324: 15777
14863: 13971,13203,12935,14442
15130: 12867,14154,14020,14111,14291,14018
14096: 15533
13048: 13571,14600
14306: 13359,15023,15636
15243: 14069,13042,12952,13510,14800,14961
13800: 15415,12835
28491: 13425,15310,13383,13600
14376: 14283,13488,12900,12906,15580,13093
15649: 14579,15419,13693,12986
15592: 13956,14812,15688,15603,15586,14578
14290: 13901,15043
14327: 15143,15741,13099,12967,13309,13341
13041: 13009,14875
13638: 15295,12922,13217,13767,15713,15747
14452: 14254,13537,12892,12955,13154
13651: 
13615: 12820,15521,15411,13507,13973
13247: 15585,15423,15457,15320,13475,13158
15005: 14779
14882: 14052,13000,14214,12829,15399,14526
13064: 13868,15084
14575: 15455,13263
12924: 13502,14740,15451
14135: 13825,14864,13332
15624: 14948,15221,14117,15673,15528
13895: 15721,14297,14164,14227,14785,13415
13792: 13241,15622,14013,14473,13400,15244
13691: 15508,15255,13771
12866: 12818,15195
14387: 
13462: 14321,13361,12918,13513,15511,14964
14048: 15052
13645: 14901,15241,13469,14586,14561
15747: 15465,14226,13638,13217,15065,13767
14664: 
14159: 13587,15340,15532,14305
13949: 13213,13701,13869,15279
13508: 15535
15331: 15202,14795,12974
15703: 15459,14810,14263
14052: 13000,14882,15022,14214,13922,15312
14717: 15590,15420,14134,15242,14989,14499
12972: 13730,13697,15313,13770,13054,13905
13919: 12870,14772,15146,14896,13734
14967: 15100,14634,14771,14131,13597
13686: 13627,14912
28656: 14047
13748: 14081
15580: 14302,14593,13093,14283,14376,13069
13093: 15580,14593,15249,15180,12906,14376
12971: 13611,13836,13982,12917,14210,14728
14173: 13999,14406,12945,13162,13062,15426
13013: 14443,14470
13971: 14863,15164,12970,12935
13185: 14220,15422,15582
13567: 12933,13965,14612,15546
13927: 
15756: 13803,13236,13667,13535,15217
15289: 14413,13546,15316,13243,28655,14711
12985: 14636,15659,14147,13719
15628: 12923
13746: 
13955: 14523,14477,13614,14743,15769,13889
15715: 15131,13593,12833,13180,12830,28653,14514
12834: 12904,14554,12898,14806,15430
13217: 15065,14531,13407,13638,12922,15747
15033: 14635,15706,14125,13690,14597,15291
14422: 15388,15436,13068,14289,15501,13283
12895: 13835,15081
14451: 14260,14322,14316,14133,12814
12977: 15506,14215,12961,14577
15209: 13551,15207
13991: 13241,15622,13238,13573,13761,13635
15648: 
14540: 13359,15023,14760,28646,14008
13095: 14936,14095,14029,14423,13978
14113: 14249,13478,15266,15589,13874
12946: 15118,13826,14716,15562,14632,14940
14453: 13063,13778,13811
14720: 15445,15655,15761
13643: 13205,12994,13188
13609: 15457,13149,13002,13101,15320,13909
14324: 13377,14918,15798,15161,15705
14349: 14968,15236,15024,15568,12973,14605
15474: 12960,14931,15594,14646,14053,14757
15477: 
14014: 14175,15404,13309,13326,15296,15563
14308: 15586,12927,14736,15001,15518,12984
15512: 14043,15261,13239,15382
15723: 14744,14551,14737,13883,14719,13077
15453: 14153,15763,14576
15729: 14277,12954,13808,15323,13706
13665: 13860,14572,15200,14350,13184
13545: 15029,13111,14016,12832,14657,15104
14971: 14009,12979,15794,14163,13022
15204: 13498,13174,15525,13292
14903: 
14741: 14367,14872,13517,15189,15338,13311,12988
15658: 14037,13840,15745,13418,13961
13914: 14753,13290,15523
15341: 13600,15310
13963: 13872,14476,12969,12903,15232,13733
15543: 14776,14791,14395,12849,13015
15157: 14016,15192,15146,15104,28557
15777: 15324
13047: 13331,13175,14276,15389,13656
13103: 15518,12984,15337,14655,13282,13942
14531: 13217,15065,13407,15608,15596,15584
15136: 14621,14301,13391,14792
13853: 13084,12933,15759,15801
15805: 12878,12965,15686
13452: 
13224: 15435,12965,13525
14709: 13851,15225,14025,13416,15557,14001
14460: 14237,12937
13997: 13329,15067
13187: 14840,15338,13727,13226,12857
14615: 14156,14881,14122,14304,14020,14154
12870: 13919,14772,14508,14037,15213,13734
15733: 15064,13382,28575
28520: 13160,15162,14381
15017: 15249,13503,15240,14850,12973,13081
13877: 13293,13848,15527,15598,12950,15015
13265: 13127,14450,14509,15670,15270,13736
15327: 15721,15082,15208,15258,13285,14588,15334
13437: 15309,13237,13821
14681: 15290,14337,13335,14417,14276,13331
13424: 15743,13592
14726: 14218,15173,13731,14921,14925,15797
13733: 15232,15771,13872,13963,12975,15306
15371: 14980,13954,13050,15031,14027
13725: 14490,15534
14320: 14455
14000: 15391,13657,15701,14652
13573: 12996,13238,14766,13241,13991
12821: 14627,14678,15288,15022,13922,14824
14680: 14072,14986,14856,14038,15196
15032: 13732,13379,15632,15577,13470,14544