9266: 9280,9877,9602,9718,9348,9523
9886: 9312,9413,9426,9694,9702,9832
9339: 9553,9337,9440,1057,1133
4658: 4858,5062,4655,4553,4661,4660
9378: 9277,9640,9237,9292,9545,9456
5: 
4797: 4697
6185: 6283
8579: 8513,8710,8995,8296,8770,9127
8704: 8766,8824,8365,8703,9081
3176: 3079,3275
8276: 8046,7965,8422,8044,8121,8688
8460: 7679,9942
10012: 9880,10031,10009,9714
7073: 6983,7164
9562: 5338,5136,9249,9429,5225,5129
3451: 3452,3847,3550,2961,3255,3942
8649: 8449,8301,9982,8943,10003,9752
18: 
3625: 3929,3526,3425,3727,3722
9833: 9953,9783
10011: 9891,10036,3545,3449,3742,9932
22: 23,50
23: 22
5930: 5931,9701,6028
9962: 683,10026,9946,9879,1611
5277: 5278,5177,5475
27: 56
5688: 
4218: 4319,4216,4427,4117,4320
30: 60
4104: 4004
7801: 8333,7719,8042,8033,7962,8120
33: 133,9851,62
34: 
7009: 6916,7010,9550,7103,7014,7008
9294: 9523,9703,10025,9454,9503,9480
3904: 3903,4004,3803
4306: 4307
39: 40
40: 39
6085: 6084
9533: 9394,9410,5359,5157,5755,5159
9362: 9377,6056,7086,9529,10042
7319: 7581,7231,7318
9265: 6140,6336,9306,9305
46: 
8878: 8429,8820,8983,8636,8499,8701
6884: 7160,6886,7070,7163
7345: 7344,7080
50: 22
4010: 3810,3712,4117,4216
3665: 3764,3664,3564,3464,3765
6347: 6058,6349,6155,6537,9607,6629
9645: 1820,9813,9709,9335,9717,2826
8540: 8338,8479
56: 27
57: 91
8960: 8861,8743,9017
5060: 5755,5159,4858,5062,5361
60: 30
9945: 77,9826
62: 133,33,134
9914: 9685,9341,9896,9847,10016,9906
64: 275
9943: 9435,9647,9638,9920,9529,9650
66: 386,387,334,446
8150: 7992,8227,7911,7909,8225
8661: 8593
9855: 6712
6593: 7252,6105,6204,6201,7066
9829: 9760,9736,9798,9655,9707
3634: 9927,9966,3729,3731,3734
73: 336,283
8144: 8219,8221,8066,7311,7742,8143
8175: 9842,9683,8097
4677: 
77: 9826,9945,115
7744: 7579,7743,7988,7402,7318,7494
3789: 
6658: 6564,6847,6939
81: 
9398: 9463,9659,9810,9476,9244,9325
9765: 1579,9677
4637: 4838,4839
8120: 7884,8616,7801,8042,7962
6244: 6337,6335,6242,6339,9490,6144
3380: 
7207: 7117,7209,7380,7974,7383
6403: 6974,6209,9779,6405
7355: 
91: 57
9922: 9876,9955,9814,9897,9921
93: 133,9851
9617: 8453,9448,9334,8380,8455,9938
4480: 4580,4481
9880: 10012,7434,9977,10031,9517,10009
3897: 3898,3998
9787: 9892,9438,9854,9800,9634,9691
3321: 3222,3127,2836,3519,3517
100: 2333,2616,9433,181
9738: 7564,9846,7302,9754,9835
7979: 7733,7899,7818,8061,8639,8058
4566: 4569,4565,4367
5490: 5390
6100: 6003
3185: 3284
8587: 8776,8655,8891
9918: 9879,9663,9414,9528,9295,9758
9788: 9940,10002,9321
4393: 4293,4292,4494
3449: 3545,3448,3153,3742,3251,10011
7902: 7821,8292,8365,7737,8291,7901
5400: 5300
6576: 6480,6575,6671,6672
115: 77,116
116: 115
6910: 7360,9301,6912,7002
118: 307,309
4565: 4566,4364,4367,4665,4463
3513: 3412,3514,3417,3027,3121,3316
121: 127
9609: 9572,2022,9579
4427: 4319,4218,9269,4320,4422,9392
5422: 5225,5722,5124,5136,5224,5621
9878: 9255,9925,9972,9500
126: 167
127: 121
8478: 8475,8677,8614
9964: 6249,6437,9873,9872,9776,6248
6437: 6249,6055,9964,5956,6052,9872
131: 220
6021: 5724,6022,9384,5722,5920
133: 93,9851,33,134,62
134: 176,133,62
3211: 2824,3210
5211: 5110,5312
4343: 4155,3953,4139,4053,4045,9256,9442
9467: 9290,9478,7973,8497,9477,8565
9974: 512,9869,9487,9837
9868: 4840
141: 
7181: 
9572: 9986,9609,9630,9327,9579
5564: 5663,5664,5466,9455,5662,9578
6461: 6744
146: 
3540: 3246,3345
7837: 7670,8386,7836,8236,8526
149: 
150: 
3121: 3027,2928,3119,3316,3513
9407: 9892,8688,9438,8422,9019,9661
8882: 8766,8824,8705,8991,9037,8989
4660: 5163,4865,4661,5062,4658
155: 157,9803,10037,9496,251,156
156: 251,811,157,155,886,959
157: 966,9446,155,9803,886,156
9644: 6038,9401,9896,9911,10020
159: 
9246: 9709,9761,9335,9296,9443,9342
6712: 9855,6617
9957: 10041,3729,10038,9990,3335,9713
163: 208
7850: 7769,7936,7767
6003: 5904,6100
4529: 4836,9670,4322,9633,4525,4527
167: 126
168: 
6248: 6246,7086,9817,6249,9964,9776
7934: 7935,8015,7771
9485: 9585,9697,9796,9759
9324: 9464,9473,9527,9428,9566,9431
6007: 6105,6204
8521: 8230,8450,8451,9356,9592,8591
5285: 5185
176: 134
9413: 9886,9312,9426,9733,9484,9376
9843: 9770,9934,9956,9856,9281,9586
9523: 9703,9294,9266,9602,9348,9454
7217: 7735,7128,7127,7393
181: 2151,9506,100,2523,2335
5084: 5185
8018: 7855,7937
6068: 6164,6350,5970,6256,5873,5973
185: 
9581: 9881,9492,9653,8273,8271,8485
187: 283,285
9259: 9366,9553,9430,1973,1709,1134
5453: 5253,5251
9027: 8495,8627,9112
9367: 5662,9578,5951,9311,9539,9490
8799: 8481,8679,8480
9299: 9253,9636,7252,6303,9639,9274
9893: 9336,9692,9786,9437
9433: 9506,9313,9330,9502,100
8380: 9649,8383,9795,8453,9617,8455
5724: 6021,6022,5424,5722,5426,6219
4579: 4580
7142: 7050,7836,7141,7582,7918,8236
9232: 9987,9211
9650: 9805,9920,9647,9943,9773
8450: 8230,8521,9132,9857,8715,8591
9669: 9874,9747,1935,9737,9361,2021
3731: 3734,3829,3335,3628,3729,3634
8625: 7641,7888,8352,8560,9563,8867
206: 362,309
5451: 5250,6238
208: 163,426
8462: 8008,8163,8599
9870: 9693,9947,9994,9838
9815: 9771,9990,10041
3663: 3858,3860,3661,3166,3763,3664
6071: 5975,5876,5973,6072
10000: 9994,9422,9838,9462,9689,9797
7080: 7344,7520,7345
8005: 7761
217: 9383,1045,424,368,9907
9941: 9873,9658,9901,10035,9992,9792
3627: 3425,3230,3727,2841,3431,3531,3628
220: 131
9569: 9328,9262,4336,9734
5167: 4969,4968,5069,5064,5363,5462
7901: 8291,7818,7819,7735,7737,7902
4736: 4837,4939
7292: 7548,7550,7462,7293,7631
9656: 9769,9728,416,808
9681: 9739,9828,9984,9844
7494: 7831,7318,7832,7744,7579
6375: 6376
6617: 6712
9716: 9995,9864,9653,9381,8343,8620
9470: 1806,1225,1306,9316,9557,716
233: 9345,9883,700,697,834,9969
5064: 5163,4865,4867,5363,4968,5167
9677: 1840,1579,9765
5329: 5327,5727,5331
237: 
238: 338,288
7130: 7039,7569,7396
240: 344,291
9965: 9742,9671,9542,1747,10023
9667: 9848,9884,9603,9301,10019,9561
243: 
9593: 9379,9588,9252,9915,9622
245: 
246: 
247: 301
9570: 9370,9900,9506,9330
5312: 5413,5211
7145: 6964,7146,7670,7413
251: 672,811,156,155,9496,9642
5150: 4950,5051,4849,4852,5148,4845
7393: 7127,7565,7649,7217,7735,7899
9830: 9956,9270,9719,9276,9674
7692: 7344,7520,7521
6238: 5452,5451
5251: 5353,5453,5352
7560: 7386,8208,9355,7298,7646,9588
7939: 
7899: 7733,7979,7393,7649,7735,7818
4323: 4328,4115,4117,4330,4331,4320
3755: 3949,4139,3656,3850,3559,3856,4045
10006: 9792,9776,9817,9975
8808: 8273,9102,8271,8908
8153: 8451,8378,8304,8154,8453,9448
5224: 5421,5621,5620,5124,5123,5422
7974: 7209,7207,8208,7383,8356,7811
8304: 8378,8153,8228,8152,8154,8376
9257: 1261,9551,9770,9281,948,9612
7721: 7638,7723,7719,8042,7885
5856: 6047,5662,5951,5663,5761
5710: 5709
7631: 8032,7877,8186,7375,7462,7548,7292
274: 
275: 438,498,64
8881: 8703,9081,8061,8639,8879,8987
9418: 9621,3339,9912,9424
278: 387
8292: 7821,7902,8365,7903,8766,8142
7836: 7050,7142,7052,7837,7670,8236
4405: 
6336: 6338,5852,5455,6140,9265
283: 187,288,73,336
7777: 7176
285: 338,187
9909: 9404,9755,9968,9549,5455,6140
4117: 4010,4115,4323,4218,4320
288: 283,238,336
3487: 3486,3586
4196: 
291: 344,240
3786: 3686,3787
3907: 
3983: 4083,3982
9979: 9726,9666,9668,9401,9911
5965: 5672,5868,6062,6349,5964,6631
8417: 8681,8346,8419,8555
7884: 9625,8120,8042,7885,7965
299: 411
3106: 3204
301: 247
8976: 8982,10007,9063
10029: 9740,9795,8455
3372: 3470,3471,3373
9755: 9404,9909,10018,9632,9985,9549
6138: 6618
307: 118,309
9772: 3536,9332,9620,9424
309: 362,206,118,307
6339: 9539,9490,5256,5355,6244,6242
9585: 9485,9697,9319,9913,9333
312: 316,370
6934: 6749,7119,6932,7026,7117
9500: 9382,9399,9972,9819,9255,9878
9733: 9951,10024,9928,9484,9312,9413
316: 312,370,426
9888: 9931,2767,2672,9949,9682
3452: 3847,3451,3255,3555,3552,3947
4068: 4168,3867,4069,4169
7344: 7692,7520,7080,7345,7521
10025: 9703,9294,9711,9480,9678
7929: 9373,9998,7248,7340,8170,8006
323: 
9428: 1622,9611,9527,9324,9566
8609: 
4156: 4164,4057,4255,4347,4260,4263
8779: 8835,8718,8891,8655,9005
9714: 9768,10031,9753,10012
329: 2148,2057,9611,9445,9322
5505: 5504
9873: 9658,9872,9941,9964,9792,9776
7079: 
9803: 9446,157,155,9537,10037,9781
334: 9850,9732,387,66,446
9327: 9630,9542,9572,9579
336: 73,288,283
3998: 3897,3898
338: 285,238
3856: 3956,3857,4045,3559,3755
4826: 4730,4823,4918,4821
341: 1216,989,1136,9248,1297
4504: 4605
343: 397
344: 291,240
7550: 7548,7292,7555,7293,7380,7467
346: 519,650,647
9926: 9854,9767,9889,10043,9930,9919
9826: 77,9945
4298: 4399
9912: 9621,9418,9744
7733: 8056,7899,7979,7649,8498,8058
10024: 9951,9928,9733,9729,9472,7952
3345: 3639,3248,3540,3246
9316: 1306,1145,9940,9557,10002,9470
7831: 7911,7494,7832,7579
9697: 9485,9585,9796,9913,9304,9679
8137: 8363,9079,8431
358: 9769,807,9736
359: 9427,1110,9371,1263,1108,1187
9891: 10036,10011,3545
4486: 4485,4385
362: 309,206,420
3200: 
5983: 
9987: 9232
366: 9626,424,368,750
6849: 6941,6848,6662,7033
368: 10040,424,9907,9626,217,366
3850: 3656,3458,4141,3849,3949,3755
370: 312,316,426
371: 9589,9923,9793,9383
372: 897,1124,1202
9701: 5931,5930,9849,9648
8591: 8658,8450,8521,9592,9336
9748: 9972,9819,1019
376: 492
9499: 9402,9354,9550,7008,7098
9584: 9444,9660,8811,9563,9497,9368
8947: 9046,8999,8949
9476: 2678,9244,9398,9325,9261
5204: 5104,5304
382: 561,499
383: 694,902,762,501
384: 839,566,768
385: 
386: 66,447
387: 278,334,66
9608: 9364,9325,2968,9463,9619
8654: 8658
390: 449
4936: 9280,5141
6163: 6448,6357,6164,6165,6541,6358
9379: 9593,9588,7122,7646
394: 
395: 641,514
5124: 5123,5023,5031,5136,5224,5422
397: 343
5761: 5959,6155,5957,6047,5856,6052
6575: 6576,6671
6696: 6886,6695,7160
9444: 9661,9584,9660,9563,9019,8867
402: 521,9948,519
403: 9474
7103: 6832,6645,7010,7009,7014,7195
405: 
9540: 9543,9512,9406,9435,9647,9967
407: 411
3234: 2944
5044: 4849,4947,9302,4641,9408,4845
9752: 9132,9857,9762,8449,8649,10003
411: 407,299
412: 413
413: 412
3953: 4155,4255,4343,3956,4053,3957
9397: 9342,9357,9409,9320,2170,1238
416: 477,808,9656
9081: 8703,8881,8704,8824,8987,9193
3127: 2836,3321,2743,9304,3224
9900: 9570,9370,9385,9807,1057
420: 480,362,544
9235: 8982,8928
8560: 8497,8811,9563,7558,8625,8352
8868: 9024,9069,8812
424: 368,1045,217,366,1362
4683: 4582,4783
426: 208,316,370
5504: 5505
3683: 3684,3782,3783
6744: 7019,6461,6930
7811: 7973,8356,7558,7974,7470,7383
7548: 7292,7550,7555,7631,7877,7638
8481: 8679,8480,8799
3090: 3091
3531: 3335,3628,9713,3431,9520,3627
9539: 6339,9490,5256,5054,9311,9367
9309: 9469,9724,9801,9601
437: 498
438: 499,275,498,559
5868: 5672,5965,6062,5574,5870
5928: 
9693: 9834,9947,9870
442: 504,568,634
6418: 
10008: 9882,9840,9745
6854: 
446: 447,334,9850,66
447: 446,386
448: 
449: 390
3271: 2678
9448: 8453,9617,9334,8451,8153,9356
8066: 8144,8221,7742,7488,8146
9371: 9421,9642,1347,1108,9427,359
454: 456
3301: 3400
456: 454
4845: 9604,5148,5044,4849,9302,5150
9120: 8701,8361,9237,9238,9217,9640
7609: 7161,7070
9938: 8455,9988,9617,9334,9917
4007: 4108
6388: 6291,6483,6389,6387
9300: 9370,9526,9385,9288,9315,9431
3116: 2826,2926,3119
7293: 7289,7026,7462,7117,7380,7292,7550
466: 730,9276,807,9270
467: 666,475,535
5650: 5649,5550,5750,9652
9432: 9685,9341,6421,6327,6416,9278
8987: 9122,9219,8879,8881,9081,9193
9670: 4836,4529,9751,9633,9459,9959
472: 473,537
473: 472
9995: 9864,9716,9653,9916,9881
475: 467,666,535
9171: 9173
477: 416,808
8703: 8881,9081,8291,8061,8365,8704
9414: 9879,9918,1118,616,9528
480: 420,544,609
4667: 4665
9466: 9457,9735,9559,7675,9525
3847: 3452,3451,3942,9374,3947,9425
484: 609,544
9717: 9700,2540,9709,9645,2826,2825
6284: 6283
8770: 8440,9127,8707,8579,8296
4494: 4393
3782: 3683,3783
4498: 4397
8168: 8392,8603
492: 559,687,376
6590: 6781,6973,6688,6784,6588
9037: 9193,9194,8882,8824,8989
3222: 2836,3321,3514,3417,3615,3517
7952: 7942,7279,7190,9472,9951,10024
8422: 9019,8126,8046,8276,9407,8688
498: 437,275,438
499: 438,559,755,382
9524: 9282,9459,9734,9959
501: 383,1052,762,978
502: 1623,980,2148,9322,9403,2240
9359: 9386,9712,8729,8457,9544,9505
504: 698,442,634
8627: 8495,9027,9112
9785: 7155,7062,7156,9400,9531
6585: 6586,6682
9427: 1110,359,9642,9371,672,740
3763: 3764,3664,3663,3858
6784: 9517,10009,6688,6590,6973
511: 768,568,634
512: 9869,9974,630
513: 
514: 395
9531: 9400,9559,9785,9457
5027: 4929,4821,5036,5018,5121,5023
6055: 6249,6437,6052,5957,6056
518: 645,647,649
519: 346,402
9652: 5750,6041,9680,5650
521: 9948,402,584
9436: 9534,9390,8032,8186,9346,8333
3867: 3765,3666,4068
9823: 9769,9728,529,9973,730,807
4074: 4073
9286: 9532,2770,9862,9510,9997,9479,9845
527: 9495,1148,9488,997,9365,1227
9621: 3444,3339,9418,9744,9756,9912
529: 9973,9823,9821,730
3482: 3383
9474: 403,9948
7209: 7207,7974,7119,7386,8208
9310: 9458,9354,7092,7532,9643,9508
3686: 3586,3786
535: 467,475
3903: 3904,4004,3803
537: 602,472
3327: 3431,3333,9520
9393: 9263,9460,9461,9580,9323
4840: 9868,4941
7563: 7302,7300,7033,7389,7562
9703: 9523,9294,10025,9348
5573: 5475,5274,5574,5572,5672
544: 480,420,484,609
9507: 9802,9672,9548,9125,9387
3205: 3204
5826: 6226,6126,5725,5727,6128
8919: 8908,8274
9464: 9473,9324,9288,9431
3431: 2841,3327,9520,3627,3531
8163: 8006,8599,8462
9293: 9594,9692,9786,9750
10014: 9226
7179: 7176
9425: 9597,9396,3947,9374,3847,9332
4700: 
5543: 5837,5639
9209: 
559: 492,687,499,438,755
4590: 
561: 382,758,760
9756: 9932,3839,3835,9621,3444,9744
563: 760,973,1125,694
4475: 
565: 
566: 768,568,384
9396: 9597,9425,9332,9620,9375,9582
568: 768,511,442,566
7195: 6926,7371,7283,7103,6832,7014
9211: 9185,9232
9404: 9755,9909,9632,9350,5151,5455
4929: 5027,4821,5036,5141,5142
6618: 6138
8989: 8990,9038,8882,8991,9037,9194
7198: 7460,7020,7545,7019,6927
10034: 9695,9944,9936,9643,9465,9402
9844: 9681,9984
8550: 8679,8412
9459: 9524,9282,9483,9633,9670,9959
8707: 8770,8440,8219,8938,8507
6357: 6163,6448,6823,6358,6639,6359
9659: 9463,9398,9810,9675,10033,2770
8813: 
584: 521
7247: 7249,7248,7340
9977: 10031,9779,7434,9636,9880
9898: 9906,10016
588: 783,645
3666: 3867,3765,3464
5332: 5533,5931
9657: 9883,9791,9853,9698
9618: 9277,9613,9420,9686
9767: 9854,9926,9661,9660,10043,9438
9672: 9802,9507,9548,9863,9673
9904: 9628,9271,9875,9419,9649,9284
596: 599,664,733,731
7050: 7142,7836,7052,7141
9308: 9607,6629,6820,9435,9638,9543
599: 596,664,666
5916: 6410,5813,6797
9281: 801,948,9586,9770,9843,9257
602: 537
9298: 9746,9380,9536,9577
3170: 3072,2777,3073
5755: 5159,5060,5657,5361,9394,9533
9377: 6537,6056,9362,9607,9529,9638
5957: 6155,5761,6052,6055,6537,6056
8425: 8695,9070,9236,9889,9919
609: 484,480,544
9114: 9214,9072,9187
9740: 10029,9795,9875,9344,9395
612: 890,888
9251: 9255,9576,9283,9415,9637
614: 965,9461,886,889,966
9718: 9929,9348,9751,9721,9266,9877
616: 750,1196,1118,9414
9579: 1756,2858,9572,9609,9327
9287: 9322,9403,9445,9315,9526,9313
3246: 3540,3045,3345,3248
8688: 9407,9892,8624,8276,8422,8044
9422: 9994,10000,10032,9591,9462,9442
5887: 5886
8968: 
4260: 4450,4349,4347,4156,4263,4458
6586: 6588,6682,6585
9867: 9992,10035,9471,9343
3589: 3489
9127: 8770,8440,8579,8995,9130,9600
7003: 7092,7360
630: 978,910,512
9170: 9091,9049
7641: 8625,7888,8352,7555,7470,7467,7723
9358: 9493,9577,9380,1302
634: 442,504,511
3578: 3678,3577
6813: 7083
6256: 5871,5970,6724,6068,6350
8888: 8647,8373,8710,8995,9297,9317
9297: 9629,9600,8995,8888,9317,9556
6823: 6448,6357,6637,6731,6639,6733
641: 395
9636: 9253,7434,9299,9639,9627,9977
9696: 6508,9860,9764,6984,9724
9429: 9249,9360,9480,9503,5338,9562
645: 518,783,588
9128: 9126,9501,9318,9085,9894,9960
647: 650,649,346,518
3230: 3627,2841
649: 650,647,518
650: 647,649,346
4269: 4168
8718: 8835,8779,9005,9285
4319: 4216,4218,4427,4314,4422
4331: 9269,4320,4323,4330,4232,9521
8378: 8451,8304,8153,8376,8449,8230
7936: 7850,7769,7770,7771
7625: 7627,9472,7368,7191,9705,9729
4442: 4853,4650,9538,9498,4338,4642
9509: 9449,9303,9453,9477,8282
3717: 3517,3715,3915,3519,3820
661: 876
6537: 9377,6056,6155,5957,6347,9607
9526: 9370,9300,9315,9287,9313,9330
664: 596,599,666,733
8748: 8555,8807
666: 467,475,599,664
9370: 9570,9526,9385,9900,9300,9330
3792: 
4856: 4855,4957
670: 1347,9707,9760,874,1027,1105
8565: 9477,8282,9497,9467,8497,8811
672: 251,811,9642,9427,884,740
7913: 7996,8076,8075,7911,7993
8029: 7870,7787
6091: 6188
9989: 9763,9993,8020,9314,9347
9502: 9313,9433,9403,980,2333
678: 746,744
3084: 2986,2987
9285: 9519,9005,9340,8718
3242: 3144,3342
8526: 8527,9623,7837,8386,8727,8236
683: 9962,1698,2050,1611,1784
3712: 4010,3810,3713,4115
8006: 8163,7248,7929,9998
686: 758
687: 492,559,755
9491: 2463,9624,2554,2366,9333
5185: 5186,5084,5285
3262: 3559,3460,2870,2964,3656,2967
4897: 
9770: 9843,9934,9281,9612,10004,9257
4139: 3949,3755,9591,4045,9442,4343
694: 383,563,1125,902
9771: 9815,9990,9516
9786: 9893,9692,9293
697: 700,233,834
698: 504
7742: 7400,7311,7135,7488,8144,8066
700: 9272,9416,9345,233,697
8527: 8526,9623,9616,8386,8081
9695: 10034,9944,9690,9936,9710
9925: 9972,9878
704: 
8242: 8391,8667,8318
6290: 6387,6291
707: 
9952: 10022,9778,7675,9735,9544,8597
709: 1068
710: 781
5086: 5087,4986,5186
9513: 9599,9646,9538,9258,9498,9723
8365: 8292,7902,8291,8703,8766,8704
3400: 3301
7325: 7146,6966,7150,7413,7757
716: 1071,997,9365,9557,1225,9470
6028: 6128,5727,5331,5930
718: 1312,1075,9635,1076,9245,927
8874: 
9889: 9854,9926,9919,9691,8425
9340: 9750,8898,8716,9594,9285,9519
722: 
723: 792
3783: 3683,3684,3782
8081: 8596,8386,7673,7839,8527
4918: 4826
6348: 6724,6631,6820,6062,5871
728: 943
729: 1510,1178,1019,9405
730: 466,807,529,9823,9270,9821
731: 596,733,876
3517: 3715,3717,3222,3321,3519,3615
733: 876,596,664,731
10022: 9778,9952,9831,9735,9963
3098: 
9272: 700,9416,9515,9565,835
7832: 7581,7668,7494,7831,7996
9430: 1136,1375,9248,9366,9259,1134
7455: 7791,9953
740: 1034,1111,884,672,9427,1110
9219: 9122,8987,9504,9239,9193,9560
6724: 6348,6820,5871,6256,9543,9512
743: 745,744
744: 746,745,678,743
745: 746,744,890,743
746: 745,744,890,678
6405: 9753,6307,6403,6209,6507,9779
9622: 9290,9593,9252,9915,9852,9453
7279: 7942,7952,9687,9951,9953,7791
750: 616,366,9946
7413: 7673,7757,7145,7146,7325
6637: 9967,6731,6911,9406,6448,6823
8309: 8152,7993,8154,8075,9284,8383
754: 1364,9273,1449,1286
755: 559,687,499
9356: 9353,9592,8451,9448,9334,8521
9347: 10015,9314,9763,9989
758: 973,686,561,760
6072: 5975,6071
760: 563,561,973,758
9217: 9238,9218,9120,9640,9307,9420
762: 977,1052,902,1202,383,501
9992: 9867,10035,9941,9792
9743: 9980,9812
9783: 10015,9314,9687,9833,9953
8179: 
5023: 5121,5124,5123,5027,5036,5031
768: 568,511,566,384
7348: 7259,7349
6665: 6759
3278: 3279
9390: 9534,9436,9486,9484,9928,9346
9304: 9679,2840,9913,9697,2743,3127
774: 840
7289: 7026,7293,7110,7200,7462
4823: 4817,4719,4725,4826,4730
6931: 6932,7022,6930,6653,6749
7818: 8291,7901,8061,7735,7899,7979
9417: 9684,9494,6507,9469,9801,6307
8984: 9292,8821,8426,8820,8983,8695
781: 710
5113: 5214,5013
783: 588,645
9781: 9798,10037,9537,9803
785: 923,848
7141: 7231,7050,7142,7582
787: 858,1006
8395: 
9795: 10029,9740,9875,9649,8380,8455
5495: 5594,5395
9936: 9643,9508,10019,9710,10034,9695
792: 793,723
793: 792
794: 2030,1762,1676,9382,1095,9637
4328: 4115,4323,3915,3819,4330
796: 
8480: 8481,8799
3564: 2872,2391,3166,3664,3665
10021: 9961,9267,9731
4643: 4853,4642,4947,4855,4955
801: 9281,948,9586,874,1025,1105
9383: 1044,1045,217,9589,371,9326
8273: 9102,8808,8271,9581,9140,8485
5574: 5475,5573,5672,5868
6941: 6849,7123,7300,6848,7033
9913: 9319,2649,9585,9697,2744,9304
807: 730,466,9769,9823,358,9736
808: 477,416,9656
6389: 6388
9363: 9635,9291,9980,9552,9245
811: 672,251,156,1193,884
4626: 4525,4621,4527,4725,4729,4616
9284: 9649,8383,8075,9419,9904,8309
5352: 5353,5251
9553: 9366,9259,9337,9339,1539,1973
4263: 4364,4164,4156,4260,4463
8376: 8449,8301,8228,8378,8304
3810: 4010,3712,3809
6832: 7103,6645,6927,7195
6180: 6278
6316: 6219,6122,6022,6223,6320
5054: 4950,5051,9311,5359,9539,5256
823: 1529,1616,1362,10026,1444,1698
3255: 2961,9535,9555,3452,3451,3555
7819: 7901
5327: 5329,5725,9583,5328
8972: 8921
8372: 7909,8647,8222,7988,8513,8710
3204: 3106,3205
9972: 9748,9819,9925,9878,9500
6093: 5995
7349: 7437,7348
9820: 9871,10018
834: 9969,1295,233,697,9807
835: 9515,9272
9400: 9518,7419,9531,9559,7062,9785
7300: 6941,7033,7562,7563
4883: 
839: 384
840: 989,774,1216
7601: 
5013: 5113
8058: 8639,8363,7733,8056,7979
9305: 9901,10035,9471,9265,6338,9306
9501: 9128,9126,9318,9387,9558
6508: 6797,9696,6410,6018,9860
7516: 7775
848: 996,785
5873: 5776,5775,5970,6068,5876,5973
7858: 7152,7062,7156
9810: 9659,9398,9822,9675,10010,9244
7646: 7122,6939,7298,7560,9379,9588
9111: 8921
5256: 9539,6339,5054,5051,5154,5355
7248: 7249,7247,7340,8006,7929
6531: 6906
9947: 9375,10032,9834,9693,9870,9994
858: 860,787,1006
10030: 9857,9762,9789
860: 858
861: 864,933
3994: 4094
3684: 3683,3783
864: 861,1087,933
8962: 9010
9528: 9247,9372,9295,1118,9918,9414
8964: 9011,9059
9282: 9524,9459,9734,4336,9521,9483
10041: 9957,10038,9815,9990
9442: 9256,9462,4139,9591,9422,4343
8431: 8430,8211,8499,8137,9079,8361
872: 1594,1946,9405,9551,1427,1510
6906: 6531
874: 1027,9674,670,801,9586,1105
7083: 6813
876: 733,731,661
7386: 8208,7560,7119,7298,7209
9019: 8422,8126,8867,9661,9444,9407
6862: 6768,6769
7518: 6979
4123: 3819,4330,4132,3821,3922,4329
7555: 7548,7550,7467,7638,7723,7641
9591: 3949,4139,9582,10032,9422,9442
884: 1272,1034,740,672,811,1193
6128: 9861,6028,5727,6226,5826
886: 965,614,966,157,156,959
4385: 4284,4285,4485,4486
888: 9338,612,889,966,9446
889: 888,966,614
890: 746,745,9338,612
9707: 670,1347,9829,9760,9655,9421
892: 1042,9369,9323,1276,1196
6716: 6622
3615: 3612,3713,3514,3222,3517,3715
6582: 6583
5775: 5776,5678,5873,5676,5774,5970
897: 372,972,1048,1124
9999: 10027,9866
5839: 5933,5536,5736
9831: 10022,9778,9963,9651
9419: 9260,8076,8075,9628,9904,9284
902: 1125,1124,1202,383,694,762
5970: 5871,5774,6256,5775,5873,6068
8228: 7992,8227,8152,8376,8301,8304
3425: 3627,3727,2841,3226,3526,3625
9067: 
9335: 9246,9709,9296,9722,9645,9813
9471: 9305,10035,9306,9614,9343,9867
9472: 7625,7191,7190,7952,10024,9729
910: 630,9869,9806
9835: 9754,9852,7562,9915,9738
9091: 9092,9170
6320: 6223,6416,6022,6316,9475,6421
9808: 9632,9985,10017,9574,9302,9604
9604: 5148,4845,9350,9302,9632,9808
6266: 6358,6265,6359
8097: 9842,8175
5278: 5277,5177,5379
4573: 4574,4675
4719: 4611,4616,4725,4716,4823
9567: 9615,9162,9749,9239,9560,9546
4616: 4514,4719,4626,4621,4725
923: 785
7470: 7467,7383,7811,7558,7641,8352
9351: 9535,9541,9555,9970,9411
10040: 368,9907,9460,9782,9580,9626
927: 1556,1228,9530,9635,1075,718
6188: 6091
5620: 5224,5421,5621,5419,5818,5819
9796: 9485,9697,9759,9790,9679,9704
9789: 9939,9727,10039,9762,10030
9530: 1228,927,9264,9635,9291,9495
933: 864,861
5931: 5930,9701,5332,5633
9950: 9699,9775,9837,9329
936: 
9611: 1881,9428,9445,9566,329
9477: 8565,8282,9290,9467,9453,9509
3248: 3639,3345,3246
3238: 3236
941: 1248
6763: 
943: 728,1097
944: 
5995: 6093
4842: 
7383: 7470,7467,7207,7380,7974,7811
948: 9281,801,1025,1261,9257,1180
9981: 9587,9702,9832
3838: 3741,3550,3835,3842,3940
7160: 6884,6696,6886
9715: 9296,9902,9722,9903
4155: 3953,4255,4347,4146,4343,9256
7150: 6966,7325,6967,7417,7847
5633: 5833,5533,5931
8499: 8430,8431,8636,8878,8701,8361
6323: 6226,6126,6122,6223,6037,6420
7992: 8227,8150,8228,7911,8152,7993
959: 1042,1193,965,886,156
5481: 5480,5581
5807: 5709
4574: 4573,4675
3342: 3145,3144,3242,3340
5110: 5211,5009,5010
965: 614,9461,886,959,1042
966: 9446,157,888,889,614,886
7649: 7393,7565,7478,8498,7733,7899
9902: 1816,2451,1727,9715,9903
9812: 9514,9264,9743,9980,9291
5678: 5776,5775,5578,5676
3674: 3774
972: 9547,1048,897
973: 1048,758,563,760,1125
9249: 9360,9429,9583,9562,5129
9800: 9634,9787,9691
8655: 8776,8587,9005,8716,8891,8779
977: 1052,762,1202
978: 630,1052,501,1367
3224: 3421,3226,2937,3127
980: 1623,502,9403,9502
9876: 9922,3635,9927,9766,9921
6037: 6420,6326,9668,9784,6226,6323
5683: 
9720: 1820,9813,9708,2642,2639,2733
8705: 8938,8507,8142,8991,8766,8882
9366: 9553,9259,9337,9590,9430,9248
9930: 8205,9919,10043,9971,8496,9926
5031: 5338,5136,5036,5138,5124,5023
989: 840,9536,1216,341,1297
10009: 6784,9517,9880,10012,6973
6056: 9377,6537,9362,5957,6055
5956: 6047,6052,6144,6337,9872,6437
9451: 2280,2189,2098,9954
6911: 6637,9967,6731,9805,6912
4266: 4367,4166,4165,4364
996: 848,1069
997: 716,1071,9365,527,1553,1227
4783: 4683
5355: 5154,5852,5151,6339,5256,6242
5536: 5335,5833,5839,5933
3661: 3364,3363,3460,3166,3857,3663,3860
6759: 6665
9536: 989,9298,1297,9268,9577
9320: 9254,9279,9409,9443,9342,9397
5000: 
1006: 1078,787,858
1007: 1395
10016: 6425,9847,9914,9906,9898
1009: 1240,1159
8891: 8587,8655,8779
5093: 5194,5092
7570: 7569,7396,7737,7309,7739,7821
1013: 9741,1170,1169
1014: 
4232: 4336,9521,4330,4132,4331
6583: 6582
9039: 9085,9130,8990,8885,8708
9872: 9873,9658,6337,5956,6437,9964
1019: 1178,729,9748,9819,1340
7462: 7200,7375,7289,7293,7631,7292
4006: 
9811: 9863,9673,9794,9749,9827,9858
3373: 3275,3372,3471
9602: 9266,9280,5141,9454,5142,9523
1025: 1263,1108,1105,801,948,1180
8199: 8044,9641,8624,8343,8274
1027: 874,9674,9276,9760,670
7022: 6932,6931,7110,6930,7020
8271: 8273,8808,9653,8908,8620,9581
7885: 8046,7965,8042,7721,7884
3803: 3903,3904
8261: 9423,9587,8119,8110
5419: 5417,5421,5620,5818
1034: 1272,1111,884,740,1438,1608
7060: 6967,7417,6969,9518,7419
5294: 5194,5295,5395
10018: 9871,9820,9985,9549,9755
5841: 
6769: 6768,6862
7417: 7060,7150,9518,7847,9525
10038: 10041,3729,9957,3434
1042: 959,892,1193,965,9323,1276
1043: 1611,9663,9758,2231
1044: 9383,1045,1281,9326,1529,1446
1045: 9383,1044,217,424,1529,1362
5585: 
3839: 9932,9756,3743,3742,3741,3835
1048: 973,972,897,1125,1124
9334: 9617,9448,9938,9356,9353,9917
9862: 9742,9671,9997,9845,9286
3680: 
1052: 977,762,501,1286,978
6303: 6009,9639,7252,6204,9299
9731: 9859,9924,9961,10021,9816
9721: 9959,9751,9718,9929
5776: 5678,5775,5873,5876
1057: 1133,9807,1295,9900,9339
7877: 7631,8032,7548,8333,7719,7638
8146: 8222,7314,7488,8066,7743
6930: 6653,6744,7020,6931,7022
4978: 4979
7309: 7398,7905,7739,7396,7570
9279: 9254,9320,9250,9481,9443
9641: 8044,8199,8121,9391,9381,8343
5177: 5277,5278
1066: 9268,9493,1545,1630,1716,1067
1067: 1716,1803,1066,9493,1805,1893
1068: 709,1145,9940
1069: 996
7888: 7641,8625,7723,8126,8867
1071: 716,997,1225,1387,1897,1553
6847: 7122,6939,6564,6658,7123
9742: 9862,9671,9965,2205,1747,2666,9997
9890: 9897,9921,10028
1075: 1312,1392,718,1556,927,1473
1076: 9245,1477,9745,1644,718
9066: 
1078: 1006
5175: 5475,5274
4852: 4955,4957,5157,4849,4950,5150
5621: 5224,5620,5422,5722,5920,5819
3764: 3763,3664,3665,3765
9963: 7679,9942,10022,9831,9651
6270: 
7932: 7770
9571: 10039,10003,9982,9556,10005,9824
1087: 864
8170: 7340,7765,7929,9373,7425
1089: 
5274: 5573,5175,5372
9607: 6629,9308,6347,9377,6537,9638
1092: 1170,1169
5421: 5224,5620,5123,5419
9583: 9249,9360,9452,5328,5327
1095: 1421,9415,9637,794,1762,2028
9746: 9298,9380,9757,9958
1097: 943
9322: 9287,9403,9445,329,2148,502
7562: 9915,7300,7563,9835
7903: 8064,7739,7821,8292,8142
3091: 3090
9512: 9540,9543,9406,6724,6350
4569: 4566
9452: 9678,9360,9583
1105: 1025,1108,874,670,1347,801
4665: 4463,4462,4667,4565
4939: 4736
1108: 1025,1263,1105,1347,9371,359
9939: 9789,9727
1110: 9427,359,1111,740,1187,1351
1111: 1034,740,1110,1351,1608,1270
3776: 3777
3382: 3480,3383
6414: 9278,9511,6421
9927: 3634,9978,3734,3635,9876,9766
4703: 
5664: 5765,5663,5564,5466,5668
1118: 1197,1196,616,9528,9372,9414
9514: 9812,9264,9488,9388,9321
8208: 7386,7560,9355,7209,7974,8356
6249: 6055,6437,9964,7086,6248
9760: 9829,9736,1027,670,9707
7200: 7375,7630,7462,7460,7110,7289
1124: 1125,902,1202,1048,897,372
1125: 902,1124,1048,973,563,694
9791: 9345,9883,9699,9775,9657
3842: 3450,3646,3741,3838,3057
5348: 5551
5092: 5192,5093
9441: 9804,9853,9590
3279: 3280,3278
1132: 1290,1704,9676,9706,1211
1133: 1057,9339,1539
1134: 2153,1800,9259,9430,1375,1709
4853: 4757,4442,4650,4643,4642,4855
1136: 9430,1375,9248,341,1215,1297
6280: 
9345: 233,9883,9791,9775,700,9416
8373: 8225,8647,8888,9317,8943
7127: 7393,7565,7128,7217
9402: 9499,9465,9643,9354,10034
5951: 5662,9367,9490,6047,5856,6144
4345: 4450,4349,4240,4444,4448
6939: 6847,7122,7646,6658,7298
1145: 1306,9316,9940,1068,1303,9818
3612: 3713,3615,3412,3514
3210: 2728,3211,2824
1148: 9495,527,1228,1227,1901,1472
9759: 9790,9485,9796
9777: 4839
7532: 6915,7095,7092,9310,9458
1152: 1477
9956: 9830,9856,9674,9843,9586
9447: 7682,9373,9998,9434
9991: 9676,9706,9468
9690: 9695,9944,9763
9958: 1303,9818,9757,9746,9380
4491: 4391,4390
1159: 1314,1009,1240
6265: 6359,6266,6550
4650: 4757,4853,4442,4548,4338,4655
4871: 4969,4968,4870,4771,4872
9678: 9452,10025,9711,9360,9480
9589: 9923,371,9809,9383,9326,9273
9355: 8208,7560,9588,9252,8356,9478
8838: 8837,8835,8841
9456: 9686,9984,9545,9277,9378,9828
8990: 8989,8885,8708,9038,8991,9039
1169: 1251,1170,1092,1013
1170: 1092,9741,1013,1169
8727: 7918,8236,8526,9623,9260
9326: 1281,9273,9589,9383,1044
7092: 7003,7360,7532,9508,9561,9310
9805: 9650,6912,9647,9967,6911
4192: 4293,4292
7062: 7858,7152,7156,9400,7419,9785
8453: 9617,9448,8154,8383,8380,8153
1178: 1510,729,1019,1767,1340,1592
9457: 9466,9531,9559
1180: 1428,1600,948,1025,1263,1261
5302: 5403,5202,5201
9357: 9342,9397,9761,1399,1732
9704: 2841,9796,9790,9679,2937
4773: 4771
8983: 8878,8820,8701,9237,8984,9292
6058: 6349,5964,6347,5961,5959,6155
1187: 1687,1351,1263,1110,359,1600
6084: 6085
7276: 9465,7098,7191,7617,7368
9140: 8970,8419,8485,8273,9102
9975: 10006,9817,9725
6105: 6204,6593,6007
1193: 959,1042,811,1272,884,1276
5852: 5355,5151,5455,6336,6338,6242
6896: 6708,6516
1196: 616,892,9369,1118,1197
1197: 1118,1438,1276,1272,1196,9372
1198: 1610,1527,1525,9247,9295,1867
5372: 5668,5572,5370,5274
7328: 7847,7503
3628: 3531,3335,3627,3727,3731,3829
1202: 902,1124,372,977,762
1203: 
9980: 9743,9812,9363,9291
8766: 8704,8882,8824,8292,8365,8142,8705
6291: 6388,6290,6387
6900: 
9263: 9393,9460,9461
9475: 9511,6421,6022,9384,6320
4789: 4891
1211: 9439,1290,1132,9676,1706
9865: 9757,9818
4655: 4858,4658,4548,4553,4757,4650
9017: 8743,9016,8960,8861
1215: 1545,1297,1136,1375,1461
1216: 341,840,989
9875: 9904,9271,9344,9649,9740,9795
8451: 8378,8153,9448,8230,8521,9356
10031: 9977,9779,9753,9880,10012,9714
9919: 9930,8426,9926,9889,8425
9966: 3634,9978,3729
9839: 9773,9920,10042,6439
9828: 9739,9450,9681,9545,9984,9456
8821: 8984,9292,9545,8695,9236,9450
1225: 1806,1721,9470,716,1071,1387
7086: 6246,6248,6249,9362,10042
1227: 1810,997,1148,527,1553
1228: 1556,927,9530,9495,1148,1472
9303: 9754,9852,9453,9449,9509,9885
3771: 3772
9462: 9256,9489,9442,9422,10000,9797
7542: 7014,7008,7098,7283,7627,7368
7052: 7050,7836,7670
9511: 9475,9384,9601,9575,6414
5910: 6009
8186: 7631,8032,7375,8031,9534,9436
8710: 8513,8579,8995,8372,8647,8888
1238: 2170,9397,1732
9313: 9433,9330,9502,9526,9287,9403
1240: 1009,1159
4521: 4322,4314,4422,4525,4621
3734: 3731,3829,3733,9927,3634,3635
5283: 
5447: 5548,5647
9556: 9317,9982,9629,9297,10005,9571
1246: 1494
4236: 3934
1248: 941
10023: 9671,9965,9970
9901: 9305,10035,6338,6335,9658,9941
1251: 1169
3646: 3842,3450,2022,2389,3743,3741
6622: 6902,6716
9438: 9407,9892,9787,9661,9854,9767
8225: 7909,8647,8373,8227,8150
8274: 8908,8620,8199,8624,9634,8919
8917: 8916,8807,8805
4997: 
7440: 7353,7265,7352
7478: 7564,9846,7565,7649,8498
1261: 9551,1427,9257,948,1428,1180
9420: 9307,9613,9217,9277,9640,9618
1263: 1025,1108,359,1600,1180,1187
8126: 8422,9019,8867,7888,8046
3364: 3363,3661,2392,2968,2872,3166
4839: 9777,4838,4637,4941
8178: 
3184: 
8336: 8265
1270: 1608,1436,1111,1864,1351,1777
6645: 7103,6832,6550,7010
1272: 1034,884,1193,1197,1438,1276
9643: 9936,9508,9310,9354,10034,9402
9548: 9242,9615,9125,9863,9672,9507
9846: 7478,7564,9738,9754,9885
1276: 1197,1042,892,1193,1272
10039: 9571,10003,9824,9762,9789,9727
3641: 3151,3545,3448
3533: 3434
4255: 4155,3953,4347,4156,4057,3957
1281: 1364,9326,1044,1446,1532
8619: 8861,8801,8683
4364: 4263,4266,4367,4463,4565
9874: 9747,9669,9899,9665,9774,9737
4694: 
1286: 1449,1367,1052,754
8449: 8376,8649,8378,9132,9752,8230
7996: 7913,8076,7668,7832
9395: 9344,9505,9712,9740
1290: 1132,1211
1291: 9527
9601: 9860,9575,9511,9309,9724
4891: 4789
9343: 9614,9471,9867
1295: 834,9969,9807,9440,1057
4284: 4285,4385
1297: 1215,341,989,9536,1136
9360: 9249,9429,9480,9583,9452,9678
9935: 4332,4329,9955,9328,9262,9814
7582: 7581,7668,7141,7231,7142,7918
9505: 8663,9344,9395,8729,9712,9359
1302: 1805,1549,1384,9358
1303: 9958,9818,1306,1145,1384
4582: 4481,4683
7425: 7428,9434,8170,7765,9373
1306: 1145,9316,1303,1384,1806,9470
5639: 5837,5543,5640
8143: 8064,7905,7311,8144,8219
6683: 6588,6682,6781,6966,6871,6967
6283: 6185,6284
4603: 
1312: 1644,1392,1075,718,1729
9713: 3531,3335,9516,9520,9990,9957
1314: 1159
9408: 9482,9574,9352,4641,5044,9302
4216: 4319,4218,4010
8383: 9649,9284,8380,8309,8154,8453
9712: 9386,9359,9505,9395
3819: 4123,4330,3915,3820,3821,4328
8943: 9317,9982,8373,8301,8649
5036: 4929,5027,5138,5142,5023,5031
8659: 
7670: 7837,7052,7145,7836
5594: 5495
7190: 8020,7191,7617,9472,7942,7952
3367: 2776,9261,2678
1327: 
9130: 9085,9039,9894,9127,9600
5361: 5363,5657,5062,5163,5755,5060
6246: 7086,6248,9817,9725,6439
4559: 4553,4448,4450,4458,4462,4661
7935: 8015,7934,7771
3476: 
4872: 4871
6201: 6593,7066
1336: 1502,1759,1504
9996: 9858,9794
3586: 3686,3487,3486
6038: 9401,9644,9896,6327,6326,9341
1340: 1592,1506,9819,1178,1019,9399
5833: 5633,5335,5533,5536,5933
6448: 6163,6357,6823,9406,6541,6637
9519: 9285,9340,9594
10033: 9532,2770,9463,9659,9619,2580
9588: 9593,9379,9252,7646,7560,9355
5304: 5204
1347: 670,9707,9421,9371,1108,1105
9468: 9676,9991,9439,9473
6022: 6021,5724,9384,6219,6316,9475,6320
4687: 4585
1351: 1864,1187,1687,1110,1111,1270
6964: 7145,7146,6871
9193: 9037,9081,8824,9219,8987,9239
9295: 9247,9528,9918,1198,1527,9758
9276: 466,9270,9830,1027,9674
5889: 5789
9024: 9069,8868,8921
3774: 3674,3874
5601: 
3701: 3700
6902: 6622
1362: 1529,823,424,1045,10026
9685: 9341,9432,9914,9908,9278,9847
1364: 1281,754,1449,1532,1619
9338: 888,890,9537,9446
6278: 6180
1367: 1449,1286,978,1369
9012: 9059
1369: 1619,1449,1367
7008: 7542,7014,7098,9550,7009,9499
5281: 5180
6695: 6598,6696
8479: 8338,8737,8540
5390: 5389,5490
1375: 1136,9430,1215,1134,1800,1461
3818: 3820,3722,3519,3421,3526
3577: 3578
9596: 9971,9368,8282,9497,8631
9881: 9492,9581,9995,9653
6662: 6849
5121: 5123,5023,5018,5027,5317
9437: 9353,9592,9893,9336
4078: 4179
1384: 1549,1302,1303,1306,1806
7965: 8046,7885,8276,9625,7884,8121
6009: 6303,9639,5910,6010
1387: 2074,1984,1225,1721,1071,1897
3957: 4057,3956,3858,3860,3953,4255
5813: 6011,5812,5713,5916,6797,6212
4483: 
5649: 5650,5548,5550
1392: 1312,1075,1729,1816,1557,1473,1995
9561: 9508,10019,7092,7360,9301,9667
9274: 7066,7252,9253,9299,9631
1395: 1007
1396: 1561,2362,9780
5010: 4910,5110
10028: 9897,9825,9890
1399: 9357,9761
9302: 5044,9408,9574,9808,9604,4845
9521: 4336,4232,9269,4331,9483,9282
3545: 3449,3448,3641,9891,10011
5663: 5765,5664,5564,5662,5856,5959
3715: 3517,3915,3717,3713,3615
6126: 6226,5826,6323,5725,5922,6122
1406: 1573,1572,1571
4493: 
9949: 9682,9931,9888,3251
9070: 8425,9236,8630
5104: 5204
4131: 
1412: 1841,1666
9277: 9640,9378,9420,9686,9456,9618
1414: 
6376: 6375
6327: 6416,6420,6326,9341,9432,6038
3137: 3041,2944,3236
9883: 9345,233,9791,9657,9969,9698
1419: 1502
1420: 
1421: 1095,9415,2119,2028,2305
8716: 8776,8655,9005,8590,9340,8898
9809: 9933,9589,9923,9273
9415: 1095,1421,9637,9251,9283
9079: 8363,8137,8431,8361,9238,9080
9646: 9599,9513,10027,9887,9723
1427: 1261,9551,1428,872,1512
1428: 1513,1600,1180,1261,1427,1512
4141: 3850,3849,9597,9582,3949
9779: 9977,10031,6403,9753,6405
9329: 9565,9487,9950,9775,9837,9416
7905: 7309,7398,7739,7311,8143
7865: 7787
8905: 8904
9460: 9263,9393,9782,9580,10040
1436: 1608,1524,1525,1270,1777,1778
4045: 3856,4053,4139,3755,4343
1438: 1197,1272,1034,1524,9372
3386: 3485
7146: 6966,6871,7325,6964,7145,7413
8008: 8462,9998,7682
7988: 7744,7579,7743,8222,7909,8372
9836: 7880,9426,8262,9587,9702
1444: 1873,1698,823,1616,1704
6212: 6797,6011,5813,6974,6984
1446: 1617,1532,1044,1281,1529,1616
7673: 7413,7757,7839,8386,8081
9301: 6910,7360,7002,9603,9667,9561
1449: 1367,1286,1364,754,1619,1369
5142: 5138,9454,5141,9602,4929,5036
4146: 4155,4347,9256,9489,4240,4349
9869: 512,9974,910,9487,9806
9497: 8565,8282,8811,9584,9596,9368
9769: 9728,9823,9656,358,807
5163: 4660,4865,5064,5062,5363,5361
4716: 4817,4611,4719
9708: 9722,9903,2642,9813,9720
8679: 8550,8412,8481,8799
5920: 6118,5819,5621,5722,6021
6629: 9607,9308,6349,6347,6631,6820
1461: 1630,2156,1375,1215,1545,1800
9469: 9309,9801,9417,9494
5736: 5839,5637
9236: 8695,8425,9070,8821,9976,9450
9508: 9936,9643,10019,9561,7092,9310
9658: 9873,9872,9941,6337,6335,9901
9666: 9979,9849,9726,9648
9763: 9993,9989,9944,9690,9347
4314: 4521,4422,4319
6439: 6246,9839
9860: 9601,9575,6018,9696,6508,9724
1472: 1899,1148,1556,1228,1901
1473: 1816,1556,1392,1075,1727
9325: 9608,9364,9463,9398,9476,9261
9489: 9256,9462,4146,9331,9797,4240
9077: 8928,9119
1477: 1076,9245,1152,9552,9745
9071: 
6733: 6639,6549,6823,6915,7095
7870: 8029,8265
7434: 9253,9636,9977,9517,9880
7265: 7354,7440
1483: 1651,2361
9606: 9905,2362,9389,9267
3777: 3678,3776,3778
7396: 7569,7570,7130,7309
1487: 9730,1738,1739
1488: 2552,2453,1995,1557,2643,2364
3639: 3345,3643,3248
7839: 7673,7757,7503,8081,8596,8160
3835: 3741,3838,9756,3839,3444,3940
7033: 7389,6941,6849,7300,7563
3713: 3612,3615,3715,3712
1494: 1246
9074: 9214,9072
9858: 9827,9811,9794,9996
1497: 2483,2672,1931
9268: 1066,9493,9577,9536,1545
7581: 7319,7582,7668,7832,7231
5408: 5308,5508
9392: 9483,9633,4427,9269,4322,4422
1502: 1419,1336,1759
5722: 5424,5422,5621,5920,6021,5724
1504: 1849,1583,9283,1336,1759
9544: 8457,8597,9778,9952,9386,9359
1506: 1340,1592,1853,9399,1676,2033
3448: 3545,3449,3641,3251
9802: 9672,9507,9558
9754: 9835,9852,9303,9738,9846,9885
1510: 1178,729,9405,1594,872
5548: 5447,5649
1512: 1772,1427,1513,1428,1946
1513: 1428,1600,1687,1772,1861,1512
3294: 3295
3471: 3571,3372,3470,3373
6916: 7010,7009,7095,6549,9458,9550
9516: 3333,9520,9771,9990,9713
8015: 7935,7934
9682: 9949,9888
9990: 9815,9771,9516,9713,10041,9957
5159: 5755,5060,4957,5157,9533
7794: 9289,7371,7545,7630,8031
6481: 6385,6480
1524: 1608,1436,1525,1438,9247,9372
1525: 1436,1524,9247,1867,1198
7161: 6978,7070,7609
1527: 1610,1198,9295,1782,9758,2047
9376: 9346,8033,8262,9484,9413,9426
1529: 823,1616,1362,1044,1045,1446
10010: 3071,2777,9822,10001,9810,9244
9483: 9392,9633,9269,9521,9282,9459
1532: 1446,1617,1281,1364,1619
5403: 5302
3858: 3663,3860,3763,4057,3957
4177: 4278
9577: 9268,9493,9358,9536,9298,9380
8457: 9544,8597,8160,8596,8729,9359
5370: 5269,5372
1539: 2151,1133,9553,1973,2061
8879: 8639,8363,8881,9080,9122,8987
9461: 965,614,9263,9393
1542: 2526,2153,1800,2341
7505: 7847,7503,7675,8597,8160
9258: 9538,9513,9723,9412,9573
1545: 1215,1066,9268,1630,1461
7711: 9289,9705
7735: 7217,7393,7899,7818,7901
8361: 8701,9120,8431,8499,9079,9238
1549: 1805,1302,1384,1806,1721,1894
6478: 
9968: 9909,9549,6140
6979: 7518
1553: 1987,1071,997,1227,1810
9735: 9466,7675,10022,9952
4525: 4626,4621,4527,4322,4521,4529
1556: 1228,927,1075,1727,1472,1473
1557: 1816,2451,1392,1488,1995
9732: 334,9850
7973: 8356,7811,7558,9467,9478,8497
3765: 3867,3666,3764,3665
1561: 1396,1729,9895,2362,9780,2552,1995
6969: 6781,6973,7152,7060,7419
3837: 3942,3940,9374,3444,3339,3536
9421: 9496,9642,9371,9655,1347,9707
7627: 7625,7368,7542,7283,9705
8296: 8513,8579,8221,8145,8770
4069: 4169,4068
3915: 3715,3717,4328,4115,3819
9229: 9185
8995: 8710,8579,9127,8888,9600,9297
1571: 1572,9730,1406
1572: 1571,1573,1406,1740
1573: 1406,1572
10032: 9375,9582,9947,9591,9994,9422
5882: 
1576: 
9851: 93,133,33
9916: 9688,9995,9864
1579: 9765,1840,1838,9677
5508: 5408,5509
4053: 4045,3953,4343
1582: 2387,2576,2483
1583: 1504,1849,1759,9665,1847,9737
5977: 5978,5878
5551: 5348,5849,5848
9253: 7434,9299,9636,9631,9274,9517
4448: 4553,4559,4450,4345,4548,4444
9745: 9882,10008,1076,1477
6378: 6474
8282: 9477,8565,9497,9509,9596,8631
5455: 5852,5151,9404,9909,6140,6336
1592: 1340,1853,1506,1178,1855
7638: 7723,7721,7877,7548,7555,7719
1594: 1946,872,1510,1769,2037
5317: 5215,5121,5417
5087: 5086,4986
9480: 9360,9429,9503,9294,10025,9678
9564: 9560,9546,9610,9504,9307,9613
5194: 5093,5294,5295
1600: 1513,1428,1180,1263,1187,1687
9166: 9167
9971: 8496,9596,9368,10043,9930
8614: 8677,8478
8419: 8970,9140,8485,8346,8417,8555
8794: 
9458: 9310,9354,9550,7532,7095,6916
9342: 9357,9397,9320,9443,9246,9761
1608: 1436,1524,1270,1034,1111
4087: 
1610: 1198,1527,2135,1867,1957,2047
1611: 2050,1043,9663,9962,683
4100: 4000
4294: 4293
9157: 9976,8978,8495
6371: 6275
1616: 1529,823,1446,1617,1444
1617: 1446,1532,1616,1704
3857: 3856,3956,3559,3460,3661,3860
1619: 1369,1364,1449,1532
1620: 1878,1706,1873
9486: 9534,9390,9289,9705,9928,9729
1622: 1881,9428,1793,9527,2236
1623: 980,502,2240,2802
5964: 6058,6349,5572,5961,5672,5965
4838: 4837,4637,4839
5269: 5070,5370,5069,5366
7268: 
3934: 4236
8636: 8632,8694,8430,8499,8878,8429
1630: 2156,1461,1545,1066,1716,1978
9662: 9822,10001,2584
8677: 8614,8478,8676
8861: 8960,8619,8683,9983,9017
5922: 6219,6122,5328,5426,5725,6126
5051: 5054,4950,5150,5148,5154,5256
3460: 3559,3262,3363,3661,2967,3857
3464: 2873,3665,3666
4941: 4839,4840
9929: 9718,9348,9721
9348: 9718,9929,9266,9523,9703
5848: 5849,5551,6041
5550: 5650,5649,5750
5202: 5201,5302
1644: 1312,1076,9882,1729,9895
9723: 9646,9513,9258,9412
8075: 7913,8076,9419,7993,8309,9284
9749: 9615,9567,9546,9827,9863,9811
9848: 9667,9884,10019,9710
4422: 4322,4314,4521,4319,4427,9392
8392: 8168,8603
1651: 2361,1483,1996
7630: 7200,7375,8031,7460,7545,7794
5328: 5129,5426,9583,5327,5725,5922
9494: 9684,9417,9469
7761: 8005
7110: 7022,7460,7020,7200,7289
10042: 9920,9529,9362,7086,9839
8597: 8457,9544,8160,7505,7675,9952
9863: 9673,9811,9615,9749,9548,9672
4332: 3922,4329,9935,4030,9955,3928
3295: 3294
4462: 4665,4463,4661,4458,4559
4004: 3903,3904,4104
7680: 7155
9318: 9128,9501,9960,9664
1666: 1840,1838,1412
9612: 9405,10004,9770,9551,9257
9824: 9664,10005,9571,10039,9727
9998: 7929,9373,8006,8008,9447
7380: 7117,7207,7293,7550,7467,7383
9680: 6041,9652
8221: 8144,8219,8066,8296
9520: 3333,9516,3431,3327,3531,9713
6671: 6672,6575,6576
9700: 2540,9717,9709,9761
1676: 2030,794,9382,9399,1506,2033
9518: 9400,7419,9559,7060,7417,9525
9750: 9340,8898,9692,9594,9293
7163: 6978,7070,6886,6884
6011: 5812,5813,6212,6010,6974
5961: 5668,5572,5765,6058,5964
9549: 10018,9755,9909,9968
9510: 9997,9675,2770,9286
8898: 9340,9750,8590,8658,8716
7428: 7425,9434,7775
8020: 7617,7190,9993,9989,9314,7942
1687: 1864,1187,1351,1513,1600,1861
5300: 5400,5200
9776: 10006,9792,9873,9964,6248,9817
5380: 5379,5280,5480,5578
9798: 10037,9781,9655,9829
9792: 10006,9776,9873,9941,9992
3956: 3856,3857,3860,3953,3957
8978: 8630,9157
6391: 
4849: 5044,4947,4955,4852,4845,5150
6672: 6671,6576,6767
1698: 1873,1444,823,683,1784
4585: 4687
9931: 2578,2761,9888,2672,9949
9434: 7428,7425,9373,9447
9896: 6038,9644,9341,9914,10020,9906
9409: 1991,9254,9320,2170,9397
1704: 1132,1617,1444,9706
9353: 9356,9592,9437,9917,9334
1706: 1620,1878,1793,1211
6516: 6896,6708
9517: 6784,10009,9253,7434,9631,9880
1709: 2244,1973,9259,1134,2153
9993: 9763,9989,9944,9465,8020,7617
5148: 9604,4845,9350,5051,5150,5154
10020: 9906,9644,9896
8624: 9892,8688,8044,8199,8274,9634
3664: 3764,3763,3665,3564,3166,3663
8743: 9016,9010,9017,8960
1716: 1978,1890,1803,1067,1066,1630
9623: 8526,8527,9616,8727,9260,9628
3743: 3153,3742,3646,3839,3741
9399: 9500,9382,9819,1340,1506,1676
9730: 1571,1487
1721: 1806,1225,1549,1894,1984,1387
9072: 9114,9214,9074
9465: 7276,9402,10034,9944,9993
8593: 8661
9994: 9422,10000,9838,10032,9947,9870
5902: 
1727: 1899,1556,9902,1816,1473
5606: 5705
1729: 1561,9895,1644,1312,1392,1995
6307: 6405,6507,9684,9417,6598
4165: 4164,4266,4166
1732: 2822,1238,9357
9906: 10020,9898,9914,9896,10016
9573: 4642,4641,9538,9258,9412,9352
6926: 7195,7371
9741: 1170,1013
6338: 6336,5852,6335,6242,9305,9901
1738: 1739,1487
1739: 1738,1487,1740
1740: 1572,1739
3929: 3625,3928,3727,3829,3733
8119: 7880,8616,9423,8261,9568
9085: 9039,9130,9894,8885,9128,9126
3285: 3383,3284
4115: 4328,4323,3915,3712,4117
9248: 1136,9430,9590,341,9366
1747: 2205,2021,9361,9542,9742,9965
9961: 9389,9267,9554,10021,9859,9731
8908: 8274,8620,8919,8808,8271
3093: 
6967: 7060,6683,6781,6966,7150
9818: 1303,9958,9757,9865,1145
9813: 1820,9645,9720,9708,9722,9335
9814: 9328,9935,9955,9922,9897,9825
5353: 5251,5352
1756: 2858,9579,2957
9825: 9897,10028,9328,9814
5709: 5807,5609,5710
1759: 1502,1336,1504,1583
9627: 6010,9639,9636
3275: 3176,3373
1762: 2030,794,1095,2028,2492,2123
7945: 8026
9821: 9270,9719,529,730
9245: 1076,1477,9552,9635,9363,718
9799: 9887,9689,9331,9797,9522,9599
1767: 1178
9495: 1148,527,9264,9488,1228,9530
1769: 1594
9331: 9797,4240,9522,9489,9799
5186: 5185,5086,5287
1772: 1950,1861,1512,1513,1951
9011: 8964
4169: 4069,4168,4068
7066: 9274,7252,6593,6201
9529: 9920,10042,9377,9362,9943,9638
1777: 2043,1953,1864,1436,1270,1778
1778: 2044,2135,1867,1436,2043,1777
6541: 6164,6350,9406,6163,6448
9944: 10034,9695,9690,9465,9763,9993
8145: 8513,8296
1782: 9758,1527,2047
7467: 7470,7383,7380,7550,7555,7641
1784: 683,1873,1698,2050
9940: 1145,9316,1068,9788,10002
8663: 9344,9505,9616,8729,9271
8639: 8363,8058,8879,7979,8061,8881
9790: 9759,9796,9704
6517: 6709
3383: 3284,3285,3382,3482
9576: 9251,9283
3821: 3820,3722,4123,3819,3922
1793: 1878,1706,2236,2145,1622
9794: 9673,9811,9858,9996
9119: 9077
3497: 
3940: 3837,3942,3550,3838,3835,3444
6820: 6724,6348,6631,6629,9308,9543
9628: 9904,9271,9623,9616,9260,9419
1800: 1134,2153,1375,2156,1461,1542,2341
9332: 3536,9772,9620,9374,9396,9425
8616: 9625,8120,7962,7880,8119,9568
1803: 1716,1890,1067,1892,1893
9592: 9356,9353,9437,8521,8591,9336
1805: 1549,1302,1067,1893,1894
1806: 1225,1721,9470,1306,1549,1384
9692: 9893,9336,9786,9750,9293
6464: 
8363: 8639,8058,8137,9079,8879,9080
1810: 1227,1901,1987,1902,1553,9481
8142: 8507,8705,8292,7903,8064,8766
5680: 5581
9946: 750,9879,9962,10026
4278: 4177
8715: 8590,9857,8450
1816: 9902,2451,1557,1473,1392,1727
4910: 5010,4809
5699: 
3809: 3810
1820: 9645,9813,9720,2733,2826
8729: 8596,8457,8663,9505,9359
9449: 9509,9303,9885
9642: 9496,9421,9371,672,251,9427
5975: 5876,6071,6072
9953: 9833,9783,7279,9687,7455,7791
8904: 8905
9543: 9540,9512,9308,6724,6820,9435
7757: 7673,7413,7839,7325,7503
5804: 5705,5904
9443: 9296,9320,9279,9342,9246
9684: 9417,9494,6307,6598
9647: 9435,9943,9540,9805,9650,9967
1833: 1921
9296: 9715,9443,9722,9246,9335
3555: 2963,3552,2865,3255,9535,3452
1836: 
9560: 9564,9546,9219,9504,9239,9567
1838: 1840,1666,1579
6768: 6767,6769,6862
1840: 1666,1838,9677,1579
1841: 1412,2199
9768: 9714,9753,6598
9255: 9251,9878,9500,9382,9637
1844: 1931,2389,2578,2022
5009: 5110
3145: 3144,3342,3340
1847: 2119,1935,9737,1849,1583
6510: 9908,9278
1849: 1504,1583,9283,1847
9554: 9389,9961,2453,2364,1915,9859
9817: 6246,6248,10006,9776,9975,9725
7778: 7354
1853: 1592,1506,1855,2218,2033,1943
9552: 9363,9245,1477
1855: 1592,1853,1943
5253: 5453
3552: 3555,2963,3452,3947,3458,3849
4390: 4391,4491
6480: 6576,6385,6481
9226: 10014
1861: 1772,1513,1864,1687,1953,1951
5637: 5736,5837
9854: 9767,9926,9889,9787,9438,9691
1864: 1687,1351,1270,1861,1953,1777
9719: 9270,9821,9830
9726: 9979,9849,9666,9861,9668,9784
1867: 2135,1778,1525,1610,1198
3849: 3458,4141,3850,3552,9597,3947
5070: 5269,4969,5069
9563: 8560,8811,8625,8867,9584,9444
8042: 7801,7719,7721,7884,8120,7885
9574: 9408,9482,9302,9808,10017
1873: 1444,1698,1784,1620
5007: 4907
9850: 334,9732,446
8033: 9376,9346,8262,8333,7801,7962
9631: 9253,9274,6688,9517
1878: 1620,1793,1706,2145
9847: 10016,9908,9685,9914,6419
9778: 10022,9952,9831,9544,9386
1881: 1622,9611,2236,2147
9908: 6510,9278,9685,9847
8555: 8748,8417,8970,8419
7565: 7127,7393,7649,7478,7564
9239: 9219,9193,9560,9162,9567
6915: 7532,7095,6731,6733
10013: 9412,9352,9482
7081: 7342
9578: 5662,9367,9410,9311,9455,5564
1890: 1716,1978,1803,2251
9264: 9514,9812,9488,9291,9495,9530
1892: 2072,1893,1803,2251,2531,2161
1893: 2072,1892,1894,1805,1803,1067
1894: 2072,1893,1805,1549,1721,1984
9747: 9874,9669,9774,9986,9630,9361
9614: 9306,9471,9343
1897: 1987,1071,1387
9261: 3367,2776,9476,2678,9364,9325
1899: 1727,1472,1901,9250
5308: 5408,5207
1901: 1810,1148,1899,1472,9250,9481
1902: 1987,1810,2079,9254,9481
10036: 9891,10011,9932,9744
9394: 9533,9410,5755,5657,5754,9455
3119: 3116,2926,3121,2928
3820: 3821,3818,3519,3717,3819
5876: 5975,6071,5973,5776,5873
9503: 5138,9454,9294,5338,9429,9480
1909: 
9660: 9661,9584,9444,10043,9368,9767
6272: 
9882: 10008,9840,9745,1644,9895
5480: 5280,5380,5481
3168: 9244
1915: 2459,2551,2364,9554,2554,9859
7918: 8727,8236,7142,7582,7668
1917: 2279
9352: 9412,10013,9573,4641,9408,9482
3519: 3421,3321,3517,3717,3820,3818
6326: 6037,6420,9668,6327,6038,9401
1921: 1833
9954: 2010,2098,9451
8044: 9641,8199,8121,8276,8688,8624
9346: 9376,8033,9390,9436,9484,8333
9928: 10024,9733,9729,9390,9486,9484
9911: 9979,9401,9644
9969: 834,1295,233,9883,9698,9440
4809: 4709,4910
5792: 5891
6978: 7161,7070,7163
1931: 1844,2672,1497,2578
9849: 9726,9666,9861,9701,9648
5492: 5393
4320: 9269,4331,4117,4323,4218,4427
1935: 1847,9737,9669,2204,2021,2024
4917: 4915,5018
4179: 4078,4280
9853: 9804,9698,9657,9441
5200: 5201,5300
3635: 9876,3734,3733,9927,4030
4606: 4605
4450: 4349,4260,4345,4458,4559,4448
1943: 2407,2311,1853,1855,2218
7340: 8170,7248,7247,7929
9112: 9027,8627
1946: 1594,872,1512,2037
5475: 5573,5574,5175,5277
9038: 8989,8990,8885,9194,9242,9125
4729: 4626,4527,4725,4730,4937
1950: 1772,1951,2131
1951: 2133,1953,1772,1950,1861
4817: 4716,4823,4915
1953: 2133,2043,1951,1777,1864,1861
9845: 9970,9479,9411,9862,9671,9286
9722: 9708,9903,9296,9715,9335,9813
9312: 9886,9413,9951,9733,9694
1957: 2228,2047,2135,1610,2136
3236: 3238,3041,3137
6483: 6388,6387
3990: 3991,3989
4990: 
7314: 7488,7402,8146,7743
3480: 3382
7962: 7880,8033,8262,7801,8120,8616
9534: 9390,9436,9486,9289,8031,8186
4307: 4306
5379: 5380,5278,5478
5705: 5804,5606
3772: 3771
8620: 8343,8908,8274,9716,9653,8271
5154: 5355,5151,5148,9350,5051,5256
8683: 8805,9983,8801,8619,8861
1973: 2244,2061,1709,9553,9259,1539
9679: 9304,2840,2937,9697,9796,9704
5395: 5295,5294,5495
8916: 8807,8805,8917
5426: 5129,5328,5424,5724,6219,5922
1978: 1716,1890,1630,2156,2249
3795: 
4168: 4068,4169,4269
7579: 7744,7988,7494,7831,7909
6709: 6517
9626: 9369,9580,10040,368,366
1984: 2074,2253,1387,1721,2072,1894
4937: 9280,9877,4527,4729,4836
9675: 9822,9510,2770,9659,9810
1987: 1897,1902,1553,1810,2079,2165
9492: 9881,9581,8346,8485
4000: 4100
8046: 7885,7965,8276,8422,8126
1991: 2079,2441,9409,2170,2538
9401: 6038,9644,6326,9668,9979,9911
9260: 8076,9419,8727,9623,9628
9885: 9754,9303,9846,9449
1995: 2552,1488,1392,1729,1561,1557
1996: 2272,1651,2271
9388: 9557,10002,9321,9514,9488,9365
4661: 4462,4553,4559,4658,4660
3989: 3990
9605: 9479,9411,9541,9595,2772,2390
3829: 3731,3734,3733,3727,3628,3929
2002: 2090
8667: 8242,8318,8603
9426: 9886,9413,9376,8262,9702,9836
7095: 6915,7532,6733,6549,9458,6916
6848: 6941,6849,7123
5973: 5876,6071,5873,6164,6068
3656: 3458,3850,2964,3559,3262,3755
4501: 
2010: 2098,9954
9487: 9565,9806,9329,9869,9974,9837
5886: 5887
8056: 7733,8210,8211,8058
2014: 2669,2573,2384
2015: 2199,2293,2198
8483: 8116,8110,7958
4134: 
5613: 5713
9328: 9569,9262,9814,9935,9825
4301: 
2021: 2205,1747,2024,9669,1935,9361
2022: 3450,3646,1844,2389,9609
6416: 6327,6223,6320,6421,6420,9432
2024: 2205,2021,1935,2204,2111
5819: 6118,5920,5621,5620,5917,5818
5018: 4917,5027,4821,5121
10017: 9808,9985,9574,9871
2028: 2305,1095,1421,1762,2492,2212
9498: 9599,9538,9513,9522,4338,4442
2030: 794,1762,1676,2403,2033,2123
9354: 9310,9458,9550,9643,9499,9402
8227: 7992,8150,8228,8225,8301
2033: 2218,2403,1853,1506,2030,1676
7520: 7344,7692,7080
8701: 8361,9120,9237,8499,8878,8983
2036: 2037,2407
2037: 2036,1594,1946
4548: 4444,4338,4553,4448,4650,4655
9766: 9927,9978,9876
8426: 8205,9919,8820,8695,8984
4338: 4548,4444,9498,4442,4650
9905: 2362,9606,9780,9937
2043: 2133,1953,1777,2044,1778
2044: 2135,1778,2043,2225,2136
9595: 9532,9605,9479,2390,2866,2580
6420: 6037,6326,6323,6327,6223,6416
2047: 2228,1957,1610,1527,1782,2321
7010: 6916,7009,6549,6550,7103,6645
9568: 9349,9391,8119,9625,8616,9423
2050: 1611,683,1784
9582: 9375,10032,9597,9396,4141,9591
6275: 6371
10019: 9936,9508,9561,9848,9667,9710
5287: 5186
9687: 7942,7279,9314,9783,9953
8210: 8498,8358,8056,8211
2057: 329,2148,2147,2424
6639: 6733,6549,6550,6357,6823,6359
6871: 7146,6966,6682,6683,6964
8338: 8479,8737,8540
2061: 2244,1973,2151,1539,2335,2336
9804: 9853,9698,9590,9440,9441,9337
7993: 8152,8309,7911,7913,8075,7992
3144: 2953,3145,3242,3342
3417: 3513,3514,3027,2742,3222,2836
5891: 5792
6223: 6320,6416,6122,6316,6323,6420
7780: 
7880: 7962,9836,8119,8262,8616
8982: 8976,9235
8949: 8999,8950,9046,8947
2072: 1892,1893,1894,2253,1984,2161
8837: 8838,8841,8950,9046
2074: 2253,1984,1387,2439,2165
9194: 9037,8989,9038,9242,9162
7821: 8292,7902,7570,7737,7739,7903
8496: 9971,8694,9930,8205,8429
4986: 5086,5087
2079: 2441,1991,2165,1987,1902,9254
9613: 9307,9420,9564,9610,9618
8928: 9077,9235
9380: 9298,9746,9958,9577,9358
9762: 9857,9752,10039,10003,9789,10030
8106: 
9205: 9145
6749: 6934,6932,6931
7125: 7302,7564
6140: 9265,9909,9968,5455,6336
5653: 5552,5849
2090: 2002,2272
6805: 6804
9903: 9708,9722,9902,2451,9715,2643
4771: 4773,4870,4871
8805: 8683,8916,8801,8917
6588: 6586,6682,6683,6781,6590
2096: 2188
9455: 5754,5466,9394,9410,9578,5564
2098: 2010,9954,2280,9451,2188
3207: 3305
9382: 9500,9399,9255,9637,794,1676
3340: 3145,3342
9557: 10002,9388,9316,9470,716,9365
9256: 9462,9489,9442,4155,4146,4343
9122: 9219,8987,9504,8879,9080,9218
7318: 7402,7319,7744,7494
8938: 8507,8705,8991,8440,8707,8708
4002: 
9834: 9693,9620,9375,9947
9758: 1782,9295,9663,9918,1527,1043
5750: 6041,9652,5550,5650
2111: 2201,2666,2204,2395,2205,2024
9368: 9971,9596,9497,9584,9660,10043
9761: 9246,9709,9342,9357,1399,9700
8110: 7958,8261,8483
4867: 4870,4865,5064,4968
9933: 9809,9923
8429: 8878,8820,8496,8694,8636,8205
9879: 9663,9918,9414,9946,9962
2119: 1847,1421,2305,2204
6041: 5750,9652,9680,5848
9538: 9513,9258,9498,9573,4642,4442
7123: 6941,6848,6847,7122
2123: 2492,2030,1762,2403,2586
9522: 9331,9799,9599,9498,4444
4880: 
6349: 6058,5964,6347,5965,6629,6631
9937: 9840,9905,9780
3514: 3412,3513,3417,3222,3612,3615
8681: 8346,8417
3741: 3838,3835,3743,3842,3646,3839
2131: 1950
6337: 6244,6335,5956,6144,9658,9872
2133: 2043,1953,1951,2224,2225
7342: 7081
2135: 2044,1778,1867,1610,2136,1957
2136: 2044,2135,1957
7117: 7207,7380,6934,7026,7293
5672: 5965,5868,5572,5573,5574,5964
9728: 9769,9823,9656,9973
3421: 3519,3224,3226,3526,3818
9411: 9605,9970,9479,9845,9351,9541
8981: 9069
9668: 6037,6326,9784,9979,9726,9401
4821: 4929,5027,4826,5018
2145: 2236,1878,1793,2234
6767: 6768,6672
2147: 2236,1881,2057
2148: 329,2057,9322,2240,2424,502
7911: 7831,7913,7992,8150,7993
5509: 5609,5410,5508
2151: 181,1539,9506,2061,2335
9934: 9770,9843,9856,10004
2153: 1134,1800,1709,2526,1542
9445: 9315,9566,9611,329,9287,9322
6219: 5922,6122,6316,5426,5724,6022
2156: 1630,1461,1800,1978,2249,2341
8219: 8144,8221,8143,8064,8507,8707
9373: 7929,9998,8170,7425,9434,9447
4757: 4853,4650,4858,4655,4855
8061: 8291,7818,7979,8639,8703,8881
2161: 2531,2072,1892,2253,2534
7847: 7328,7503,7505,9525,7150,7417
5933: 5839,5536,5833
9555: 9351,9535,2957,3255
2165: 2079,2441,2074,1987,2439
9541: 9351,9535,9605,9411,2865,2772
4293: 4192,4393,4294
7488: 7314,7742,7135,8066,8146
3305: 3207
2170: 1238,2538,1991,9409,9397
7867: 
7791: 7455,9694,7279,9953
8352: 7641,8625,7470,7558,8560
9688: 9423,9349,9916,9864
6421: 9475,6320,6416,6414,9278,9432
6549: 6639,6733,6550,7095,6916,7010
9384: 6021,6022,6118,9575,9475,9511
4387: 4287
4865: 5163,4660,5064,4867
5410: 5509
5640: 5639
4811: 4710
8230: 8450,8521,8449,8451,8378,9132
9706: 9676,9991,1132,1704
2185: 
9841: 2752,9654,2657,2658
9951: 10024,9733,7952,7279,9312
2188: 2280,2098,2096
2189: 2280,9451,2468
4322: 4521,4422,9392,9633,4525,4529
9727: 9939,9789,9824,10039
9638: 9435,9943,9377,9607,9308,9529
2193: 2194,2284
2194: 2193,2286
9639: 6009,6303,9627,6010,9299,9636
2196: 2476,2571,2384
6983: 7073,7164
2198: 2015,2293,2481
2199: 2015,1841,2293
9838: 9994,10000,9870,9689,9866
2201: 2400,2111,2666,2395
5898: 
6912: 9805,6911,6910,7360
2204: 2305,2395,2119,1935,2024,2111
2205: 1747,2021,2024,2111,2666,9742
9493: 1066,9268,9577,9358,1067
3643: 3639
8999: 8949,8947,9092
6797: 6212,6508,5916,6410,5813
3991: 3990,3891
9959: 9721,9524,9459,9670,9751
2212: 2492,2585,2028,2305,2395,2400
9598: 9275,9547
3898: 3897,3998
7503: 7847,7328,7505,7757,7839,8160
6018: 6118,5917,6508,9860,9575
7767: 7850,7769
2218: 2403,2033,1853,2311,1943
4444: 4548,4338,9522,4345,4448
3942: 3837,3940,9374,3550,3847,3451
6688: 9631,6784,6590
9463: 9659,9398,10033,9619,9608,9325
8064: 7903,8143,8219,8507,8142
2224: 2225,2133
2225: 2224,2133,2044
4580: 4480,4579
9185: 9211,9229
2228: 1957,2047,2321
5207: 5308
9364: 9608,9325,2776,9261,2391
2231: 1043
5214: 5113,5215
4947: 5044,4849,4641,4643,4955
2234: 2326,2145
8211: 8430,8431,8210,8358,8056
2236: 2145,1793,1881,1622,2147
9986: 9572,9774,9747,9630
5754: 5366,5466,9455,5462,5657,9394
9403: 9287,9322,9313,9502,980,502
2240: 2424,2148,1623,502
9852: 9754,9835,9303,9453,9915,9622
7156: 7858,7062,9785
4697: 4797
2244: 1973,2061,1709,2336
5478: 5379,5578,5676
6165: 6164,6163
6164: 6068,6165,6350,6541,5973,6163
8440: 8770,9127,8707,8938,8708
2249: 2341,2156,1978
9915: 7562,9593,9622,9835,9852
2251: 2719,1890,1892,2531
3742: 3743,3153,3449,10011,9932,3839
2253: 2074,1984,2072,2161,2534,2439
7176: 7179,7777
7937: 8018
6474: 6378
3339: 9621,3444,9418,3837,9424,3536
9997: 9510,2666,9862,9742,9286
9361: 9630,9542,9747,9669,1747,2021
9774: 9874,9747,9899,9986
9278: 6414,6510,9908,6421,9685,9432
8116: 8483,7958,8189
7389: 7033,7563
9527: 1291,9439,9473,9324,1622,9428
9633: 9483,9392,4322,9459,4529,9670
7336: 
8386: 7837,7673,8526,8527,8081
9877: 9266,9280,4937,4836,9751,9718
9661: 9444,9660,9019,9407,9438,9767
3153: 3743,3742,3251,2761,3449
2271: 2272,1996
2272: 1996,2090,2271
4288: 4287
2274: 2371
9446: 966,157,9803,9537,888,9338
4709: 4809,4710
9699: 9950,9775,9791
8630: 8978,9070
2279: 1917
2280: 2189,9451,2188,2098
9984: 9686,9456,9828,9681,9844
9481: 9254,9279,9250,1902,1810,1901
7855: 8018
2284: 2193
3251: 3153,9949,2761,3449,3448
2286: 2194
7521: 7344,7692
2288: 2380
4073: 4072,4074
9982: 9317,8943,9556,8649,9571,10003
5129: 5328,5426,9562,9249,5424,5225
8333: 7801,7719,9436,8032,7877,9346,8033
2293: 2015,2199,2198
5201: 5202,5200,5302
7259: 7348
7765: 8170,7425
9861: 6128,9784,9849,9726
3335: 3531,3628,9713,3729,9957,3731
7352: 7353,7440
7152: 7858,7062,6973,6969,7419
6226: 5826,6126,6323,6128,6037,9784
9895: 1729,1561,9882,9840,1644,9780
5335: 5533,5536,5833
9793: 9782,371,9907
2305: 2028,2204,2395,1421,2119,2212
3506: 
7419: 9400,9518,6969,7152,7062,7060
9242: 9615,9162,9548,9194,9038,9125
6047: 5956,5856,6052,6144,5951,5761
7958: 8110,8116,8483
2311: 1943,2218,2595
5727: 5331,5329,5826,6128,6028
8787: 
8824: 8766,8704,8882,9081,9037,9193
9894: 9085,9130,9629,9600,9128,9960
5657: 5363,5462,5361,5755,9394,5754
3491: 
9892: 9407,8688,9787,8624,9438,9634
7682: 9447,8008
9566: 9445,9315,9431,9324,9611,9428
2321: 2228,2047,2415
7668: 7582,7581,7832,7918,7996
3297: 
3526: 3421,3226,3425,3722,3818,3625
5338: 5031,5136,9562,5138,9503,9429
2326: 2234
7002: 9603,6910,9301
4837: 4736,4838
9784: 6037,9668,6226,9861,9726
7283: 7195,7371,7542,7014,7627
7026: 7289,7293,6932,6934,7117
4955: 4855,4957,4852,4643,4849,4947
2333: 2710,100,9502
8264: 8474
2335: 2523,2524,2151,181,2061,2336
2336: 2244,2061,2524,2335
6098: 6196
9653: 9995,9716,8620,9881,9581,8271
9840: 9882,10008,9937,9895,9780
4836: 4529,9670,9751,4527,9877,4937
2341: 2249,1800,2156,1542
5497: 
3444: 9621,3339,9756,3835,3837,3940
8867: 9019,8126,8625,7888,9563,9444
5837: 5639,5543,5637
6350: 6164,6068,6541,6256,9512
8391: 8242
9319: 9913,2649,9333,9624,2553,9585
9365: 716,997,9557,9388,9488,527
9504: 9122,9219,9218,9307,9560,9564
4870: 4867,4771,4871,4968
4030: 4332,9955,3928,3733,3635
9450: 9739,9828,9236,8821,9545,9976
9290: 9467,9622,9478,9252,9453,9477
8026: 7945
8542: 8544,8675,8674
9960: 9664,10005,9894,9629,9128,9318
9439: 1211,9527,9676,9468,9473
5249: 5250,5552
9616: 8527,9623,9628,9271,8663
2361: 1651,1483,2363
2362: 9905,9606,9780,1396,1561,2552,9389
2363: 2361
2364: 2643,2459,1915,1488,2453,9554
8031: 7375,7630,7794,9289,9534,8186
2366: 9924,9816,9491
9920: 9529,10042,9943,9839,9773,9650
9237: 8701,9120,8983,9292,9640,9378
3722: 3821,3818,3526,3625,3928
6984: 6209,9764,6212,9696,6974
2371: 2274
2372: 
4330: 4123,3819,4132,4328,4323,4331,4232
9336: 9893,9692,9592,9437,8658,8591
6359: 6265,6357,6266,6358,6639,6550
8631: 8694,8282,9596
9344: 8663,9505,9395,9271,9875,9740
9615: 9242,9162,9749,9548,9567,9863
3787: 3786
2380: 2288
7771: 7935,7934,7936,7770
3559: 3262,3460,3656,3755,3856,3857
3486: 3487,3586
2384: 2573,2571,2196,2014
9575: 9860,9601,6118,6018,9384,9511
7014: 7542,7008,7009,7103,7195,7283
2387: 2481,1582,2576
5725: 5327,5328,5922,5826,6126
2389: 1844,2578,2761,3646,2022
2390: 2772,2870,9605,9595,2866,2967
2391: 3564,2872,9364,2873
2392: 2866,2968,3364,3363,2967
9725: 6246,9817,9975
4292: 4192,4393
2395: 2305,2204,2212,2201,2400,2111
6932: 6931,7022,6749,6934,7026
3458: 3656,3850,3849,2963,3552,2964
9988: 9938,9917
4642: 9573,9538,4853,4442,4643
2400: 2201,2395,2585,2212,2584
9620: 9332,9772,9396,9834,9375
5746: 5942,5647,5943
2403: 2218,2033,2030,2123,2586
9932: 9756,3839,3742,10036,10011,9744
10004: 9612,9770,9934
7402: 7318,7314,7744,7743
2407: 1943,2036
9702: 9981,9587,9832,9886,9426,9836
3316: 3121,3412,3513
2410: 2411
2411: 2410,2412
2412: 2411
8513: 8710,8579,8296,8145,8222,8372
9686: 9984,9456,9277,9618
2415: 2416,2509,2321
2416: 2415,2511
6682: 6586,6588,6683,6585,6871
6419: 6425,9847
3729: 9957,10038,3335,3731,3634,9966
7135: 7400,7742,7488
7354: 7265,7778
9664: 9960,10005,9824,9318
9515: 9565,9806,835,9272
2424: 2240,2148,2057
7545: 7198,7460,7371,7794,7630
8835: 8779,8718,8838
3971: 4072
4605: 4606,4504
9269: 4331,4320,4427,9521,9483,9392
9453: 9852,9303,9290,9622,9477,9509
9619: 2580,10033,9463,9608,2968
9806: 9565,9487,910,9869,9515
8318: 8242,8667
4710: 4811,4709
9648: 9701,9849,9666
9330: 9506,9313,9433,9570,9370,9526
9600: 9629,9297,9127,8995,9130,9894
9866: 9887,9689,9838,10027,9999
2439: 2534,2536,2074,2253,2441,2165
3363: 3364,3661,2967,2392,3460
2441: 2079,1991,2165,2536,2439,2538
5452: 6238,5250
10015: 9314,9783,9347
4915: 4917,4817
10035: 9305,9901,9471,9941,9992,9867
8222: 8146,7743,7988,8513,8372
8301: 8376,8649,8227,8228,8943
8205: 9930,8426,8496,8429,8820
4979: 4978
10043: 9660,9971,9368,9767,9926,9930
2451: 9902,1816,1557,9903,2643
8291: 7818,7901,8061,7902,8365,8703
2453: 2552,1488,9389,9554,2364
9306: 9614,9265,9305,9471
3434: 3533,10038
3805: 
9709: 9246,9761,9335,9645,9700,9717
9063: 8976,10007
2459: 2642,2643,2551,2364,1915
7098: 7542,7008,9499,7276,7368
9323: 9369,9580,9393,1042,892
5870: 5868,6062,5871,5774
2463: 9491,9624,2551,2554,2639,2738
9694: 7791,9886,9312,9832
5774: 5871,5970,5870,5676,5775
9478: 9290,9467,9355,9252,7973,8356
9807: 834,1295,9385,9900,1057
2468: 2657,2189,2658
9736: 9829,9760,358,807
8032: 7631,7877,8186,9436,8333
9782: 9793,9460,10040,9907
9856: 9956,9843,9934
9921: 9897,9890,9922,9876
5578: 5676,5380,5478,5678
7617: 8020,7191,7190,7276,9993
2476: 2196,2571
5389: 5390
6387: 6290,6291,6483,6388
4271: 
4514: 4510,4616,4621
2481: 2387,2198
9635: 9363,9291,9245,927,9530,718
2483: 2767,1582,1497
8076: 9260,7913,7996,8075,9419
10001: 9822,9662,2973,3071,10010
5230: 5331
9546: 9560,9564,9610,9749,9567,9827
9827: 9858,9546,9610,9749,9811
7743: 7744,7988,7314,7402,8222,8146
5812: 6011,5813,5713
6196: 6098
2492: 2585,2680,2212,2123,1762,2028,2586
4858: 5062,4658,4655,4757,5060
8346: 8681,8417,9492,8419,8485
5393: 5492
4463: 4665,4462,4364,4263,4458,4565
4553: 4559,4448,4548,4661,4658,4655
9917: 9353,9334,9988,9938
9551: 1261,1427,9257,9612,9405,872
7375: 7200,7630,7462,8031,7631,8186
7252: 6204,6593,6303,7066,9274,9299
6886: 6696,6884,7160,7163
9280: 9266,4936,9877,9602,4937,5141
5697: 5598
4391: 4390,4491
9673: 9863,9811,9794,9672
8921: 9111,9024,8972
9049: 9170
2509: 2415
9983: 8683,8861
2511: 2512,2416
2512: 2511
6209: 9764,6984,6507,6403,6974,6405
5138: 9454,5142,9503,5036,5031,5338
7460: 7198,7020,7545,7110,7200,7630
5069: 4969,5167,5462,5366,5269,5070
9587: 9981,9702,9836,8261
10027: 9999,9887,9866,9646
7249: 7248,7247
9506: 9433,9330,9570,2151,181
8152: 7993,8309,8154,7992,8228,8304
3982: 4083,3983
2523: 2524,2335,181,2616
2524: 2523,2335,2336,2808
8470: 
2526: 2715,1542,2153
8356: 7973,7811,7974,8208,9355,9478
7070: 6978,7161,7163,6884,7609
7302: 7563,7125,7564,9738
3330: 
2531: 2721,2161,1892,2251
9271: 9628,9904,9875,9616,8663,9344
9126: 9128,9501,8885,9085,9387
2534: 2536,2439,2253,2721,2161
8776: 8587,8655,8716,8590
2536: 2534,2439,2441,2818,2538
9775: 9699,9950,9329,9416,9345,9791
2538: 2170,2536,2441,1991,2818
8695: 8425,9236,8426,8984,8821
2540: 9700,9717,2824
9473: 9464,9324,9468,9527,9439
9482: 9408,9574,10013,9352
9899: 9874,9665,9774
5713: 5812,5813,5613
3583: 3385
9773: 9839,9920,9650
8262: 9376,8033,9426,7962,7880,9836
9080: 9238,9218,8363,9079,8879,9122
9069: 9024,8868,8812,8981
7164: 7073,6983
2551: 2642,2459,1915,2554,2639,2463
2552: 1488,2453,1995,1561,2362
2553: 3025,2830,2738,9624,9319,2649
2554: 9859,9924,2551,1915,2463,9491
4072: 4073,3971
4336: 4232,9521,9569,9262,9282,9734
9674: 874,1027,9276,9956,9830,9586
5180: 5281
9923: 9589,371,9809,9933
6974: 6403,6011,6212,6209,6984
4969: 4871,4968,5069,5167,5070
5141: 9280,4936,9602,4929,5142
8358: 8210,8632,8430,8211
6062: 5965,5868,5870,6348,6631
4730: 4826,4725,4729,4823
9214: 9114,9072,9187,9074
9559: 9400,9518,9531,9525,9457,9466
9545: 9292,8821,9378,9828,9450,9456
2569: 
2570: 2669,3151
2571: 2573,2384,2196,2476
8485: 9140,8419,9492,9581,8273,8346
2573: 2571,2384,2014
5942: 5746,9910
6804: 6805,6520
2576: 2387,1582,2767
9273: 754,9326,9589,9809
2578: 2761,9931,2672,1931,1844,2389
9423: 8261,9688,8119,9349,9568
2580: 2866,9619,9532,10033,9595
7719: 8333,7801,8042,7877,7638,7721
5345: 
9247: 9528,9372,9295,1524,1525,1198
2584: 2778,2585,2400,9662
2585: 2492,2680,2212,2400,2584,2778
2586: 2685,2403,2492,2680,2123
5818: 5917,5419,5620,5819
9955: 4332,9935,4030,9922,9814
5359: 9533,9410,9311,5157,5054,4950
7675: 7505,9525,9466,9735,8597,9952
5417: 5419,5215,5317
4807: 
4876: 
7400: 7311,7742,7135
2595: 2311,2689
5157: 4957,4852,5159,4950,9533,5359
9162: 9242,9615,9567,9239,9194
6460: 
8475: 8478
2600: 2695
9857: 9132,9752,9762,8450,10030,8715
8632: 8694,8636,8358,8430
8121: 8044,9641,9625,7965,8276,9391
7368: 7627,7625,7276,7542,7098,7191
9218: 9238,9080,9217,9122,9504,9307
9375: 9582,10032,9947,9620,9396,9834
3874: 3774
8192: 8189,8412
2609: 2610,2704
2610: 2609
9374: 3837,3942,3847,3536,9332,9425
7909: 8372,8225,8647,7579,7988,8150
5331: 5727,5230,5329,6028
9671: 9862,9742,9965,10023,9970,9845
7311: 7400,7742,7398,7905,8143,8144
2616: 2710,100,2523,2806
4481: 4582,4480
9744: 9621,10036,9932,9756,9912
4349: 4450,4260,4345,4347,4146,4240
6242: 6244,6335,5852,5355,6339,6338
9859: 2554,9924,9731,9961,9554,1915
9649: 9284,8383,8380,9904,9875,9795
4527: 4626,4525,4729,4836,4529,4937
9942: 7679,8460,9963,9651
4893: 
5366: 5754,5466,5462,5069,5269
3450: 3842,3646,2022,2858,3057
4399: 4298
8430: 8211,8431,8499,8358,8632,8636
8474: 8264,8737
6631: 6348,6820,6349,5965,6062,6629
3333: 9516,9520,3327
9369: 9580,9323,9626,892,1196
3928: 3929,3722,3922,4332,4030
9532: 10033,2770,9286,9595,9479,2580
9046: 8947,8837,8950,8949
9698: 9804,9853,9440,9883,9657,9969
3412: 3513,3514,3316,3612
2639: 2738,2733,2642,2551,9720,2463
6520: 6804
7723: 7638,7721,7555,7641,7888
2642: 2459,2551,9708,9720,2639
2643: 2459,2364,2451,1488,9903
9887: 9689,9799,9866,10027,9599,9646
5917: 6410,5818,5819,6018
3485: 3386
9010: 8743,9016,8962
3670: 3571
2649: 9319,9913,3025,2553,2744
3166: 3564,2872,3364,3661,3663,3664
6927: 7019,6832,7198
7770: 7932,7769,7936,7771
9580: 9369,9323,9626,9393,9460,10040
4458: 4450,4260,4559,4463,4462
2655: 2657,2752
8991: 8938,8705,8882,8989,8990,8708
2657: 2655,2468,2658,2752,9841
2658: 2657,2468,9841
9629: 9600,9297,9894,9556,9960,10005
8455: 9938,8380,10029,9795,9617
9250: 9279,9481,1901,1899
2662: 2758,2953
8820: 8878,8429,8983,8205,8426,8984
3947: 9597,9425,3452,3847,3552,3849
8675: 8544,8676,8542,8674
2666: 2201,2111,2205,9742,9997
9599: 9646,9513,9498,9887,9799,9522
9488: 9514,9264,9388,9365,9495,527
2669: 2014,2570
9167: 9166
3470: 3372,3471
2672: 2767,1497,2578,9931,9888,1931
4329: 3922,4332,9935,4123,4132,9262
4085: 
8811: 8497,8560,9563,8565,9497,9584
7569: 7396,7570,7737,7039,7130
9291: 9635,9363,9980,9812,9264,9530
2678: 9476,3271,3367,9261
3700: 3701
2680: 2492,2585,2685,2586,2778
3489: 3589
8599: 8163,8462
9431: 9315,9566,9464,9324,9288,9300
9610: 9564,9546,9613,9827
2685: 2689,2586,2680,2879
4968: 4969,4871,5167,5064,4870,4867
6598: 6695,6307,9684,9768
9315: 9445,9566,9431,9526,9300,9287
2689: 2685,2595
9314: 10015,9783,9347,9989,8020,9687
2691: 2787
7739: 7309,7905,7570,7821,7903
2693: 
5943: 5647,5746
2695: 2600
9654: 2752,9841
2697: 
2698: 2699
2699: 2698
6122: 6219,5922,6316,6126,6323,6223
3151: 3641,2570
3949: 4139,3755,9591,4141,3850
2703: 
2704: 2609,2800
8807: 8916,8748,8917
9558: 9387,9501,9802
9337: 9366,9553,9339,9804,9590,9440
3502: 
4470: 
2710: 2333,2616,2902,2901,2806
5424: 5225,5722,5129,5426,5724
3891: 3991
4094: 3994
9059: 9012,8964
2715: 2526
9948: 521,402,9474
5062: 4858,4658,5163,4660,5060,5361
3860: 3663,3858,3661,3956,3857,3957
2719: 2251,2815
4641: 9573,9352,9408,5044,4947
2721: 2531,2534
4907: 5007
8812: 9069,8868
3280: 3279
8154: 8152,8309,8383,8304,8153,8453
5581: 5680,5481
6507: 6209,9764,9801,6405,6307,9417
2728: 2822,3210,2824
4287: 4288,4387
9976: 9157,9236,9739,9450
5466: 5754,5366,9455,5664,5564
4164: 4156,4057,4165,4263
2733: 2639,2738,1820,9720,2830
5413: 5312
9910: 5942
3284: 3383,3285,3185
5533: 5335,5332,5833,5633
2738: 2639,2733,2463,9624,2830,2553
9244: 9476,3168,2777,10010,9398,9810
9967: 6637,6911,9647,9540,9406,9805
9292: 8984,8821,9545,8983,9237,9378
2742: 2744,2743,3027,3417,2836
2743: 2742,2744,9304,3127,2836
2744: 2742,2743,9913,2649
9907: 10040,368,9793,9782,217
9689: 9887,9799,9866,10000,9838,9797
5192: 5092
6966: 7146,6871,7325,7150,6683,6967
8160: 8457,8597,7839,7503,7505,8596
9005: 8655,8716,8779,8718,9285
9187: 9114,9214
2752: 9654,9841,2655,2657,2848
5789: 5889
9603: 7002,7184,9301,9667,9884
3101: 
9632: 9808,9985,9604,9350,9404,9755
5225: 5424,5422,5136,9562,5129
2758: 2662
9751: 4836,9670,9959,9721,9877,9718
7737: 7569,7570,7901,7821,7902
2761: 2578,9931,2389,3153,3251
10037: 9798,9781,9655,155,9803,9496
6781: 6590,6969,6588,6683,6967
9385: 9370,9900,9300,9288,9807
9705: 9289,7711,7627,7625,9729,9486
8784: 8844
2767: 2483,2672,2576,9888
9594: 9293,9340,9750,9519
8647: 7909,8372,8225,8888,8373,8710
2770: 9532,10033,9286,9510,9675,9659
7942: 7952,7279,9687,8020,7190
2772: 2870,2390,2964,9541,9605,2865
9490: 9539,6339,9367,5951,6244,6144
8658: 8654,8591,8590,9336,8898
5765: 5663,5664,5668,5961,5959
2776: 3367,9261,9364,2873
2777: 3071,3072,10010,9244,3170
2778: 2584,2585,2680,2973,2879
9832: 9981,9702,9694,9886
6550: 6639,6549,6265,6359,7010,6645
5280: 5480,5380
9842: 8175,9683,8097
6144: 5956,6047,9490,5951,6244,6337
9173: 9171
9289: 7794,7711,9705,8031,9534,9486
9307: 9613,9420,9218,9217,9504,9564
2787: 2691
9416: 700,9272,9565,9329,9775,9345
7122: 6847,6939,7646,7123,9379
4166: 4266,4165
7020: 7198,7460,7019,6930,7022,7110
6078: 6077
8507: 8938,8142,8705,8064,8219,8707
8603: 8667,8168,8392
9102: 8273,8808,9140
5462: 5363,5657,5069,5167,5754,5366
6204: 7252,6105,6593,6007,6303
5904: 6003,5804
2799: 
2800: 2896,2704
9412: 10013,9352,9723,9258,9573
2802: 1623
7360: 6910,7003,7092,9301,6912,9561
5871: 5774,5970,6256,5870,6724,6348
8674: 8542,8675
2806: 2710,2616,2902
9801: 9469,9309,9724,9764,6507,9417
2808: 2524
9624: 2463,9491,2738,2553,9319,9333
4855: 4856,4955,4957,4757,4853,4643
9663: 9879,9918,9758,1611,1043
4057: 4164,4156,3957,3858,4255
9550: 9458,9354,6916,7009,9499,7008
3607: 
2815: 2719,2912
5041: 
9333: 9319,9491,9624,9585
2818: 2536,2538
5215: 5317,5214,5417
5662: 9578,9367,5951,5663,5564,5856
4081: 
2822: 1732,2728
5801: 
2824: 3211,2728,2540,3210
2825: 2826,9717
2826: 3116,2825,1820,9645,9717
3136: 
10026: 9962,9946,823,1362
9837: 9950,9974,9487,9329
2830: 2926,3025,2925,2553,2738,2733
9586: 9281,801,9956,874,9674,9843
3536: 9332,9772,3339,3837,9374,9424
9311: 9410,5359,5054,9539,9578,9367
9871: 9820,10018,9985,10017
9386: 9712,9359,9544,9778
2836: 3222,3127,3321,2742,2743,3417
8236: 8727,7918,7142,7836,7837,8526
6425: 10016,6419
9525: 7847,7675,7417,9518,9559,9466
2840: 9304,9679
2841: 9704,3431,2937,3226,3425,3627,3230
2842: 
7155: 7680,9785
2844: 
9780: 9905,2362,9840,9937,1396,1561,9895
9816: 9924,9731,2366
5552: 5249,5849,5653
2848: 2752
9739: 9828,9450,9681,9976
4611: 4510,4719,4716
6335: 6244,6337,6242,6338,9901,9658
2852: 
2853: 
10002: 9557,9388,9321,9788,9316,9940
9454: 5138,5142,9503,9602,9523,9294
9597: 9396,3947,9425,4141,3849,9582
9737: 1935,1847,9665,1583,9874,9669
2858: 1756,9579,3450,2957,3057
9350: 9604,5148,9632,9404,5154,5151
5587: 
9125: 9387,8885,9038,9242,9548,9507
3778: 3678,3777
3727: 3425,3627,3628,3625,3929,3829
9267: 9389,9961,9606,10021
2865: 3555,2963,9535,9541,2772
2866: 2392,2580,9595,2390,2967
9132: 9857,9752,8449,8230,8450
5572: 5372,5961,5573,5964,5672
8189: 8192,8116
2870: 2772,2390,2964,3262,2967
9634: 9800,9892,9787,8624,8274
2872: 3564,2391,3166,2968,3364
2873: 3464,2776,2391
9651: 9831,9963,9942
9729: 10024,9928,7625,9472,9705,9486
8950: 8841,8837,9046,8949
9535: 9351,9541,9555,3255,3555,2865
9254: 9320,9279,9481,1902,2079,9409
2879: 2973,2685,2778,2881
8495: 9027,8627,9157
2881: 2879,2974
9435: 9647,9943,9638,9308,9540,9543
4305: 
6077: 6078
7439: 
4280: 4179
5978: 5977
2888: 
5363: 5462,5657,5361,5163,5064,5167
9676: 9991,9706,9468,1132,1211,9439
2891: 2987
7398: 7309,7905,7311
2893: 
7451: 
2895: 2896
2896: 2800,2895
5151: 5154,5852,5355,5455,9350,9404
5609: 5509,5709
9753: 6405,10031,9779,9768,9714
8412: 8550,8679,8192
2901: 2902,2710
2902: 2901,2710,2806
9372: 9247,9528,1118,1197,1438,1524
3385: 3583
9973: 529,9728,9823
2906: 
9381: 9349,9391,9641,9864,9716,8343
9252: 9593,9588,9355,9290,9622,9478
2909: 
7769: 7850,7936,7767,7770
3571: 3471,3572,3670
2912: 2815
6731: 6637,6911,6823,6915
9924: 2554,9859,9731,9816,2366
9764: 6209,6984,6507,9696,9724,9801
6010: 9627,6011,6009,9639
10007: 8976,9063
9665: 1583,9874,9899,9737
9275: 9547,9598
10003: 9571,10039,9982,8649,9752,9762
5250: 5451,5249,5452
5641: 
7231: 7141,7319,7582,7581
9349: 9568,9391,9381,9423,9688,9864
2925: 2830
2926: 3025,2830,3116,3119,2928
7039: 7128,7130,7569
2928: 3027,3121,2926,3025,3119
5676: 5578,5478,5774,5678,5775
9542: 9630,9361,9327,1747,9965
8265: 8336,7870
9683: 9842,8175
9864: 9995,9716,9688,9349,9381,9916
9092: 9091,8999
4347: 4155,4255,4146,4156,4349,4260
9710: 9848,9936,10019,9695
2937: 9679,2841,9704,3224,3226
4725: 4626,4729,4719,4616,4823,4730
9424: 3339,9418,3536,9772
2940: 3037
3226: 3224,3421,3526,2937,2841,3425
2942: 
6653: 6930,6931
2944: 3041,3137,3234
2945: 
8841: 8950,8837,8838
7128: 7039,7127,7217
9734: 9524,9282,4336,9569
8676: 8544,8675,8677
9565: 9487,9806,9329,9515,9272,9416
4083: 3982,3983
8498: 8210,7478,7649,7733
2953: 3144,2662
9724: 9309,9801,9696,9860,9601,9764
6358: 6266,6163,6357,6359
9262: 9328,9569,4132,4329,9935,4336
2957: 2961,3057,1756,2858,9555
9897: 9825,9921,10028,9890,9922,9814
7564: 7478,9738,9846,7302,7125,7565
4621: 4626,4525,4521,4514,4616
2961: 2957,3255,3057,3550,3451
9341: 9685,9432,9914,6327,6038,9896
2963: 3555,3552,2865,2964,3458
2964: 2772,2870,2963,3656,3458,3262
9819: 9972,9748,1019,9500,9399,1340
9405: 9612,9551,1510,729,872
2967: 3363,2870,2390,2866,2392,3262,3460
2968: 9608,2392,9619,3364,2872
8708: 8990,8938,8991,8440,9039
7787: 7865,8029
9590: 9804,9441,9366,9337,9248
8694: 8632,8636,8631,8496,8429
2973: 2879,2778,10001,3071,2974
2974: 3071,3072,2973,2881
4108: 4007
7679: 8460,9963,9942
9479: 9605,9411,9845,9532,9286,9595
9691: 9787,9854,9889,9800
9978: 9927,9966,9766
10005: 9960,9664,9824,9629,9556,9571
6385: 6481,6480
9822: 9675,10001,9662,10010,9810
2983: 
9711: 10025,9678
2985: 
2986: 3084,2987
2987: 2986,2891,3084
6052: 5956,6047,5761,5957,6055,6437
5647: 5943,5447,5746
5878: 5977
7437: 7349
4485: 4486,4385
9288: 9464,9431,9385,9300
7184: 9603
4240: 9331,9489,4146,4349,4345
9655: 9798,10037,9829,9707,9496,9421
3678: 3777,3578,3778
9484: 9390,9928,9733,9413,9376,9346
5136: 5031,5338,9562,5124,5422,5225
9387: 9125,9126,9501,9507,9558
6669: 
9757: 9865,9746,9958,9818
5298: 
3733: 3734,3829,3929,4030,3635
9985: 9632,9808,10017,9871,10018,9755
9270: 9719,9821,730,9276,466,9830
6564: 6658,6847
5598: 5697
4397: 4498
6118: 5920,5819,6018,9384,9575
9016: 8743,9010,9017
9283: 1504,1849,9576,9251,9415
4285: 4284,4385
7775: 7516,7428
7558: 7973,7811,7470,8352,8497,8560
4950: 5054,5051,5150,4852,5157,5359
8737: 8338,8479,8474
5959: 6155,5761,5765,5663,6058
9640: 9277,9378,9120,9237,9217,9420
3550: 3838,2961,3942,3940,3451
9321: 10002,9388,9788,9514
5123: 5121,5124,5023,5224,5421
8885: 8990,9038,9085,9039,9125,9126
8844: 8784
3025: 2926,2830,2553,2649,2928
9537: 9338,9781,9446,9803
3027: 3121,2928,2742,3513,3417
5295: 5395,5194,5294
7019: 6744,6927,7198,7020
4367: 4266,4364,4566,4565
7371: 7195,6926,7283,7545,7794
4675: 4574,4573
9625: 7884,8616,7965,9568,9391,8121
5668: 5372,5961,5765,5664
9496: 9421,9642,10037,9655,155,251
9238: 9080,9218,9217,9079,8361,9120
3037: 2940
9884: 9848,9667,9603
8801: 8619,8683,8805
8343: 8620,9381,9641,8199,9716
3041: 3137,2944,3236
3504: 
7353: 7352,7440
8970: 9140,8419,8555
3045: 3246
9797: 9331,10000,9462,9489,9689,9799
9389: 9961,9267,9554,2362,9606,2453
9440: 9804,9698,9969,1295,9337,9339
9630: 9361,9542,9327,9747,9986,9572
9410: 9394,9533,9311,5359,9455,9578
6155: 5959,5761,5957,6058,6347,6537
4132: 4123,4330,4329,4232,9262
8497: 8560,8811,7973,7558,9467,8565
6410: 5917,5916,6797,6508
8471: 
7191: 7617,7190,7276,7625,9472,7368
3057: 2961,2957,3842,3450,2858
7119: 6934,7209,7386
9406: 9540,9512,6541,6637,9967,6448
3922: 4332,4329,3821,3928,4123
8596: 8081,8729,7839,8457,8160
9547: 972,9275,9598
9317: 9982,8943,9556,8888,8373,9297
7298: 6939,7646,7386,7560
3572: 3571
6708: 6896,6516
9145: 9205
6973: 6590,6969,6784,10009,7152
9637: 1095,9415,9251,9255,9382,794
5849: 5848,5551,5552,5653
3071: 3072,2777,2974,10010,2973,10001
3072: 3071,2777,2974,3073,3170
3073: 3072,3170
4510: 4611,4514
8544: 8676,8675,8542
9391: 9349,9568,9381,9625,9641,8121
8590: 8715,8658,8776,8716,8898
9970: 9411,9845,10023,9671,9351
3079: 3176
4957: 4856,4855,4955,4852,5157,5159
3081: 