14621: 15593,14746,13404,14296,15332,15175
28593: 
13143: 13172,13364,13788,15268,13438,13237
14985: 15468,15757,13248,13094,13290,14776
12849: 15131,13925,13149
14615: 14821,13431,12842,13997,15575
14328: 13776,14549,15666,14799,12982,15252
15299: 14616,13363,15660,13223
15380: 13698,15247,13095
15145: 14025,14665,14714,15475,13612,13937
13511: 14763,14267,15324,13300,14977
13765: 15201,14642,13093,13828,13286
14273: 14756,14199,13376,13404,14259,13089
15510: 15167,15193,13985,13891
14172: 14278,13119
15340: 14912,15720,13435,15398,13801,13442
13959: 13475,13066,13747
14722: 15454,13205,14238,14525,14127
15448: 14146,13238,15603,13195,13448,13657
13438: 15268,15586,13400,15782,13143,13364
14250: 13489,14048,13577,14684
13724: 13891,13590,14483,14881
13533: 15115,15621,13574,15010
12829: 13963
12939: 13451,12891,14136,13554
12855: 13074,13374,13903,14103
14343: 15386,14599,15229,14769,13934,15139
13151: 14964,14553,13915,15158,13268
13942: 14551,14055,14221,15597,14739
15785: 15740,15813,14768,13820,14804,14526
13420: 14444,14656,14928,13839,13163,15763
13886: 14833,14863,13884,13241,13117,14449
14390: 15674
14436: 14611,13044,14227,13470
13061: 
14824: 14976,15551,13810,15093,13148,14232
15666: 14060,14144,13161,14549,14328,15252
13488: 13289
14556: 13114,15150,14417,13915
14112: 14717,13411
13025: 13735,13953,13122,15670,15788
13894: 15135,14728,14796,13449,15652,14832
13263: 15067,13207,14926,15455,12908,13327
12840: 14986,13933,14694,15805
14405: 
14881: 13713,13724,15061
15804: 13727,14997,13597,14245
13753: 14120,13675,15608,13634,13171,14641
14598: 14374,14397,15342,14757,15626,13251
15338: 15151,14334,15697,14738,15409,15688
14998: 13402,14036,14105,14844,13741
14252: 15515,13989,14019,13482
14488: 14787,15619,14089,15070,13745
15372: 15431,15273,13274,14816,15427
15484: 
15779: 15795,13153,14179,15627,13345
14108: 13386
13302: 13353,13821,13676,12961,14022,14951
15116: 14677,13995,14941,14955,12877,14747
14833: 13846,14288,14863,13886,13884,14183
15737: 13939,14636,13681,15157,15559
15482: 12918,15473,14208,14280
12958: 14210,13343,15433,15222
15178: 13921
15254: 15147,15682,14579
13948: 13971,15363,13241,13687,14991,13559
14438: 14326,13756,13837,15588
14923: 13778,14498,12903,15143,14838,13975
15373: 13425
14809: 13805,15534
14802: 14068,14137,13496,15000,14822
13070: 14506,13079
15519: 13872,14448,15564,13826,14585
15363: 15707,13971,14951,13241,13948,14863
15792: 13099,13341,14999,15525,14563,14374
14683: 13806,13176,13932
14079: 15683
15791: 13780,14467,14246,15754
14024: 14062,15146,14206,14048
15721: 14402,14852,14936
12911: 14668,13969,13569,13214,14745,13992
15760: 13549,13105,15644
15698: 14289,13996,12972,14568,13157
14920: 14163,15501,12867
14650: 13701,12942,14649
15002: 15305,15390,15281,14576,14646,15155,13573
15244: 15391,14482,13788,14473,15169,13187
14178: 15196,12878
15730: 13105,15746,14414
15150: 13047,13114,14556,15554,12997
14893: 14971
15332: 15593,14746,14621,12921,15048,15156
15296: 13640,14658,15139,15386,13249,14741
13814: 14224,15553,14223
14323: 13463,14803,15606
14369: 12900,15180,14827
14361: 14930,13838,13924,14271,13900,15403
15293: 13502,13864,13125,15526
13301: 13233,14852,12892
14921: 15221,14002
15092: 14364,13907,13599
15201: 14642,13765,13978,13230,13631,15051
13808: 14421,15140,14162,15653
14929: 14965,13142,14219,13313
14999: 13099,15792,13341,15143,14931,13778
15024: 15580,15568,14452
12932: 15659
13297: 15148,14960,13878,12825
15745: 14107,13250,15141
14391: 13246,14127,13064,13904,13418,14277
15688: 14555,13214,14745,14334,15338,15409
13010: 15571,13564,12850
14186: 15378
15403: 13376,13900,14361,13838,14076,14756
14808: 14905,14539,15637
13553: 13955,15428,15331,13800
14742: 14244
14585: 13701,13826,15519,13872,13468,13922
15343: 15071
13793: 13729,14632
13952: 15547,13663,13452,13977,13863,15060
13414: 14765,12946,15702,15170,15266,14316
13938: 13280,12825,15074,13933
13222: 13096,15515
14594: 14515,13540,14721,13448,13635,14353
13281: 14604,14115,13209,15647,13167,15349
15589: 15120,15251,14337,15625,13836
12994: 15005,13461,15627,14723,13349
14666: 15094,13037,15103
12990: 15472,15361,15677,13662,14016
15427: 14816,15096,14471,15431,15372,14535
13181: 13738,15753,14137
13503: 13285
15370: 14336,15537,13730,14786
13646: 14047
14828: 14774,13217,13604,13860,14416,13767
14489: 13774,15016,15678,15077,14772
13278: 13828,13286,15680,14477
13446: 13644,14272,13393,12882,13132,15267
13267: 13653
12936: 14076,14663,14528,14792,15086,13851
14448: 15519,14476,14633,14839,15564
14606: 13050
15139: 15296,14658,13761,14769,14343,15386
15061: 14871,15459,14881
15761: 15766,13818
14898: 13674,15800,12892,15182
14812: 14226,12866,13665,15651,14567
14428: 13798,13918,14003,14836,15471
13873: 14118,13220,15417,14786
14003: 13648,14993,15471,14428
13119: 15526,14647,14172,13150
14949: 14554,13348,15276
15420: 15124,15632
13833: 14119,14005
14835: 13586,15095,15211,14060
13248: 13498,14269,12957,13094,14985,15757
14477: 12835,13278,15680,13929
14532: 15708,13811,14806,15245
12965: 14271,13900,15175,14996,15604,14296
15418: 
15253: 13525,12887,15014,13144,14657
15645: 15172,13236,13748,13153,13345,15461
13684: 13113,13351,14170
15654: 15395,15044,14719,14744
14587: 13079,14278
12896: 13077,12984,15566,12909,15723
15557: 13677,15629,14155,14507,14942,15522
15506: 13042,15703,15301,15068
15151: 14485,14334,13517,15338,15697,14318
13924: 14361,14930,13838,15379,14538,13994
14364: 14682,14759,13907,15511,15092
15432: 12863,13198
13976: 14779,12875,15132,13030,15777
13286: 13483,15680,13765,13278,13828
13583: 14701,13165,13773,15528,15243,13506
13702: 
13044: 12830,14227,15179,13487,14436,14611
14912: 15340,15720,13946,13500,15584,13271
14351: 13041,13596
14642: 15201,13765,15366,13896,13230,13093
14684: 14681,14250,13577,14553,12918
14179: 15735,13153,13087,15779,15795,14557
15238: 13466,14782,13262,15258
15434: 13867,15289,12865,15331,15419
15071: 15343
13124: 15514,13107,13466,13941
14543: 14830,13930
13839: 15204,13013,14330,14928,13420,13163,15763
15608: 14308,13753,15596,14578
13299: 13744,15614,15536
14214: 14423,14370,14607,14818,14406,13221
14322: 14843,15371,14029,14533,13328
15261: 14248,15689
12814: 13067,14239,13352,13960,14225,13380,14451
14027: 15224
14338: 14906
14601: 15106,14939,15189,14811,14655,13103
15573: 14021,13027,14758,15041,13208
13398: 15192,15128
14559: 15197,13468,13701,13244
15579: 13032,13431,14908,12842,15346
12838: 15449,13823,13519,15648,13662
14751: 15356,15701,12885,13108,13368,13669
13957: 13678,14984,14231,12815
14861: 13806,13979,14138,14151
13708: 14632,15743,13783
14926: 15067,13263,12898,13327,13784
13230: 14344,13896,13631,15201,14642
13930: 13239,14543
15530: 13876,13306,14534,13719,14913
15590: 14117,15680
13496: 14137,15352,14802,15000
13794: 
14496: 14867,13384,15389,14131
14134: 15134,15320,13229
13928: 14731,13910,14263,15672
15669: 13199,14412,14191
15801: 13525,12887,12834,14195
15662: 15472,15499,14274,14508
13781: 13316,15101,12886,15213
12826: 14197,13024,14145,14304
14939: 15106,14601,13623,13103,13055,15566
12919: 
14535: 14504,15647,15431,14471,15427,14044
13240: 15807,13666
15390: 15002,15281,13238,15646,15219,14646
13266: 15279,15312,15197,15569
15472: 12990,15662,13572,14016,14274,14508
13361: 13746,14266,15158
14798: 14677,13995,13085,14437,13249,12967
13841: 15646,15675,14382,14870,13129,15219
15538: 
14990: 12859,15036,15685,13845
14063: 15353,14007,15637,15430
14580: 14590,14329,15304,15164
14226: 13595,14812,15651,13127,13115
13690: 14591,14268,13014,15339
14624: 12833,15088,15490,13008
13732: 14743,15091,14910
13994: 14051,15541,13775,15379,13924,14538
13936: 
15755: 15233,14959
13899: 12917,13858,14497,14231,13060
13096: 13222,13084
15731: 12915,14581,14856,13776,13191
15246: 14396,13097,15481,14733,15085,14174
14429: 13101,13855,14443,14155,14942,15207
13085: 15724,14437,15085,12857,14677,14798
12979: 14419,15570
14301: 14042,13998,14502,13956,14198,13703
13463: 14323,15381,12881
13442: 13801,13518,14659,15340,15720
14844: 13664,13741,14105,14998
13421: 13142,14625,15033,14219
13212: 14688,14696,13513,14634,14771
14354: 13412,14305,13879,15797,14692,13981
14696: 14688,13212,13840,14295,15256
13213: 14110
14944: 15623,13555,14319,14662,15629,13445
13147: 14968,14827,12831,14781
14706: 13740
15562: 14184
15309: 13676,14927,12961,13809
14877: 13127,13911,14744,12816,14719
12931: 12891,14805,14139
15051: 14888,15174,13631,15201,13978,14685
13848: 14283,13293,15464,14542
15050: 15490,13008,12828,15715
15115: 13533,15621,13173,15405
13544: 12960,14292,15741,13568,15283,14318
13743: 14661,14544,13627,15160
15406: 14035,15346
12886: 13654,15213,13160,15422,13643,13781
14350: 15670,15057,13177,13035,13122
15750: 12969,15734
15278: 14124,15770,14659,13585,14603
13277: 13064,14820,14383,15223,13904
15534: 14967,14809,14880,13805,13424
13319: 12888,12940
13174: 14676,15597,13665,14907,12866,13481
13412: 14407,14305,14354,14222,13981,12841
14483: 13724,13590
13911: 14877,13127,14744,13585,14603
13562: 14118,13220,14826
14143: 15552,15008,15348,15813,13710
13458: 13766
14309: 13973,14313
13520: 
14237: 15500,14463,15499,15451
15091: 14434,14097,14743,13732,15105
14952: 13371,12992,14948,15762,14216,14133
13173: 13755,13750,13335,15115,15621
13378: 13764,15049
14359: 15727,13350,15439
15322: 
13889: 12884,13923,15716,14071,12871,15004
13823: 12838,15449,13519,14862,15463
12839: 14988,13966
15057: 13693,13046,13460,13177,15670,12955,14350
14554: 13348,14949,15276,12933,15759
14403: 12848,14468,13396,12902,14225,14451
15400: 13134,13504,14238,13741
14236: 13920,13917,13478,15712
12864: 14187,14026,15106,13055,13339,14848
14304: 14654,15401,12826,14145,15438
13809: 13058,15226,14927,15309
14685: 13611,14916,13978,15051,13483
14730: 13579,14445,14919,14082,12941,13984
13822: 15697,15283,14738,13649,13568,13182
15308: 15358
15089: 13249,12882,13132,14741,12967,15083
13858: 12917,13899,14497,15172,13748
14497: 14524,13083,14984,13858,13899
14410: 15017,13736,14842,14357,15395
15777: 13651,13156,15132,13976,13030,13033
15142: 14411,13623,13103,13210,13807,13344,13077
15732: 14689,14592,14433,13015,14119
13003: 13471,15800,13674
15441: 13616,13362,14607,15123,15725,14423
14246: 15754,13780,15791
14933: 14574,13065,14090,14392,13834,12943
15257: 13630,14049,15034,12962
14784: 14475,13331,14066,13990
15344: 14072,14837,14834,13370,13846,14288
14860: 14983,15099,15542,15790,13726
15576: 14673,14474,15407,13817,14051,14538
15141: 13441,15524,15052,15687,13250,15745
13104: 13970,12964,15523
13657: 15646,15675,13195,15786,15448,13238
13595: 14226,12866,14790,15584,13481,13271
14121: 13284,14654,14106
14851: 14627
14148: 13628,14039,15329,15462,13368,14030
13311: 13416,14655,15075,14371,14752,13395
13329: 15571,12852,15560
12823: 13370,13846,14183
13759: 
13764: 14248,13279,13378
15326: 13373
13790: 
14050: 13375,13088,14311
15614: 13299
14185: 14838,15738,12857,14652,15673,15724
14637: 15577,13040
13209: 13281,13696,13443,15349,14041
15460: 13561,13073
14434: 14097,15769,15091,13018,14743
13483: 13286,15680,13978,14685
15492: 14456,14743,13611,13639,14910
14800: 14680,14803
12948: 15717,15464,15240,13270,14542
13223: 15660,13363,13424,15299
13260: 12861,12951
15140: 15319,14421,13808
13236: 15645,15172,14057,12856,13535,13153
14291: 15450,13268,14280,15684,14775
15291: 13718
13666: 15233,13240
14028: 15337,14943,14013,15043,14718
13161: 15666,14060,15211,14080,13567
13373: 15326
14663: 14528,12936,15525,15474,13099,13851
13476: 13910,14263,13042,13434,13845
13847: 14247,14366,13216
14692: 15129,15347,15797,14354,13981,13944
13272: 15708,13943,13406
13134: 15400,13504,14238,15751,13091
13953: 13735,13025,15082,14604,14115
14276: 13375,13927,13532,13164,13088
13303: 15719,15040
15794: 
14414: 13909,13066,15730,15746
15099: 14860,14282,13962,15790,14548
13034: 15783,13747,13475
13917: 13920,14236,14759,15511
14064: 14320,14435,13011,15451
14626: 
14476: 15552,15008,14633,13558,15564,14448
14900: 13760,14915,15352
14609: 
13693: 13605,15057,13046,15558,12955
15456: 14757,13830,15626,14714,13612,14464
14384: 14346,13965
15533: 15668,14138,15095
13850: 14966,13786
14997: 13727,15804,15443,14400
13596: 13041,14351,15674
13877: 15598,14936,13492
13117: 13195,13559,13241,13886,14449,15786
15149: 14801,12880,13625
14336: 13162,15370,14118
14461: 15518,14572,13391
14149: 14867,15459,12963,13478,15712
14381: 13088,14311,15405,14132,13574,13175
15605: 13490,14911
14963: 13335,15739,13656,13755
15385: 13603
15148: 12878,13297,14547,13878
15726: 13276,14066,13526,14325
15412: 12980,15633,15273,13621,15396
15490: 15050,13008,13898,15088,14624
15640: 13979,13152,15430,15230,14007,15440
13347: 14664,13825,15485,14294,14667
15073: 15525,14563,15474,13775,14204,13830
13960: 13290,12902,14225,13380,14776,12814
15102: 13321,15335
13768: 14889,15198,14748
15725: 13118,13158,15441,14972,14423
14916: 13611,14685,13607,13639
13087: 15735,15222,14179,14541,14557
14515: 13540,14594,13448,14146,12824,15517
13056: 14459,13499
13598: 15010,13671,14105,14560,13159
13874: 
13710: 15325,14078,14143,13617,14704
15143: 14999,14931,14923,13778,14838,14652
13309: 13565,15641,14190,14831,14347,15404
14564: 13561,15497,15202
14310: 15454,13205,14036,15567,13322,15237
14899: 13242,13321,15335
15575: 13997,14615,14821,13738
15255: 15168,14988
13588: 15218
14528: 14076,14663,12936,13838,15379,15474
13385: 13651,13156,15203,13051
14788: 14526,14332,14142,14814,12986,12959
13121: 14446,15713
14229: 13005,13128,14669,13357
14007: 15230,13892,15637,14063,15640,15430
14511: 15171,13593,15215,14479,14873,14289
14367: 14300,15442,12883,14996
13789: 13734,12873,14494,15748,13467
14491: 13410,15068,12859
14523: 13756,15279,15588
13118: 15392,13158,13999,15725,13362
15532: 13423,13510,13367,13587,12818,14948
13428: 13731,13469,14925,14443,13423,13510
12916: 14258,13982,13972,14723,13695,12930
13640: 15296,14658,14174,14437,13249
13785: 15114,13308
15239: 13689
15088: 14624,13925,15490
15437: 14977,13444,15330,14472,14492
13170: 
13585: 13115,14659,13911,14603,15278
14469: 13716,14388,14341,14853
14593: 15514,15017,13736,12926
14813: 14240
12873: 14494,13681,15559,13734,13789,12817
13436: 15513,13325
13896: 14344,15581,13230,15366,14642
14445: 14672,14730,15392,13158,12941
14256: 14799,12982,14636,15152,14865,14866
13058: 13956,13809,15226,15328
13866: 13508,14446,13658
13224: 15394,14490,13320,13678
15529: 13992,15387,12837,14668,14470,15259
13897: 13527
13852: 13773,14327,15287,13644,14272,15594
15193: 13836,15685,13985,15510
14278: 14172,13037,15103,14587
13063: 13962,14718,15337,13726
13867: 15434,15419,13007,14165,14095
14736: 13407,14578,14761,15465,13516,14567
14040: 13190
14234: 13168,15447,15768,15716,14312
13719: 13632,13474,14913,15530
15388: 
15376: 13298
14721: 13540,14594,13871,13635,13832,15446
14019: 13482,14252,15350,13336
15584: 13500,14790,13595,13271,14912
15284: 14198,13365,15226,14927,13100,13835
14140: 12976,13392
13755: 13964,13750,13173,13656,14963,13335
13426: 
13368: 13108,14030,14148,14039,14751,13669
14647: 13119,15526,12913,14612
14217: 15159,13951,13923,12836,15055,13168
13526: 13275,13276,15726
12964: 13104,13970
14544: 14661,13743,14117,13627,15775
12848: 14403,14071,14468,13396,15004,13020
14864: 14372,15357,13144,13525
13189: 13199
14401: 13039,15169,15610,13187,14159,15426
13250: 14457,15796,15687,15141,15745
13359: 12901
14372: 14864,15759,12834
15772: 13679,13643,12912,15414,13919,14157,13160
12942: 15457,14650
14039: 13871,14148,13628,13368,15446,13669
14577: 13529,14321,15504
13993: 13200,15314,15183
15136: 14011,14841,13013,13937,13455,15475
14379: 13902,14207
14331: 
13776: 14549,14328,14856,13843,15731,14581
14286: 13328,15289,14095,13491
13475: 13959,14980,13534,13034
14688: 13212,14696,15256,13597,13725
14212: 15286,13120,15210,12944,13745
15682: 15254,14849,13006
13163: 15763,14464,12993,15204,13839,13420
14002: 14921
13546: 13696,13908,15543,13180,14895,14879
15213: 12999,12886,13781,15101,15190
15120: 15751,15589,15251,13504,13399
15636: 
13796: 13505,15487,14167
14988: 12839,15255
13674: 14898,13003,14340
15524: 13441,15141,15052,13156,13051
13978: 15201,15051,13483,14685
15025: 15242,14713,12833
12961: 13676,14927,15309,13302,13100,14022
12827: 13334
15509: 13749,14122,13133,15612
14474: 14673,15576,13581,15144,14051,12970
13407: 13184,14736,12927,15596,14578
13454: 12843,14765
13459: 13054,13314
13062: 13580,14731,14894,15288
13317: 15190,13531,15162,14048
13760: 13141,14900,15352,14622
13607: 13639,13627,14916,14117
13739: 13898,14500,15015,13110
15415: 14653,13945,14791,14227
13926: 14896,14817
15716: 13889,13923,12871,13168,14234,14312
15041: 13288,15133,15046,15573
15158: 13915,13151,13746,13361,13268
14513: 13419
13704: 14691,15447,13148,14312,14232,15810
15268: 13438,13400,14599,15229,13237,13143
13273: 14764,14980,13066,13909
13179: 13962,13950,14718,15297,14034
15582: 14575,13211,15452
13166: 14297
14008: 
14610: 15033,14661,13142,14965
13235: 15206,14243
13356: 14522,12824,28683,15305,14576,15517
13821: 14617,13302,13353,13676
14590: 14329,14580
15128: 15192,13398
13774: 15016,14489,14772,13522
13934: 14769,15356,12885,15505,14343,14599
13132: 15089,12882,12967,13409,13446,13393
13505: 13796,15288
15558: 13265,13136,13693,13605,12955,14398
13148: 15093,14312,14232,14824,13704
15473: 14294,14667,15482,15369,13961
13629: 14892,15671,15784,14213,13999,13362
14289: 15698,13996,14511,14479,14873
14374: 14397,14598,14757,14563,15792,13341
13842: 15176,14595
15160: 14910,13627,13743,13014
15383: 13714
15771: 15803,15358,15424,13215,14839,13752
13434: 15127,13542,13476
14962: 13606,15516,13024
13372: 14418,15718,13670,13019,14986
13972: 12916,13982,12930,14973
14708: 13291,13366,15137,15351,14152,13722
15374: 13812,14109,15030,13172,13364,15622
14001: 14796,13449,14222,13049,15212,14407
14295: 15256,15203,13840,14696
14620: 12975
13920: 14236,13917,15631,15018
14480: 14537,15011,14244
14487: 14308,13634,15713,13658,14566,15165
14943: 14028,15337,15355,13086
15485: 14519,14358,14664,13347,15066
13923: 12884,13889,15716,12836,14217,13168
15438: 14106,13799,14145,14304
15369: 13961,12860,14890,15473,14527
13798: 13918,14428,14836,13906,13415,13661
13128: 14771,14229,14634,14589
12941: 13984,14814,14730,14445,15764
15252: 15365,14328,15666,14799
15712: 13478,14867,14149,14236,14759
15108: 13584,12944,15070,13745
15335: 15102,14899,14596
13455: 13013,13413,14011,15136,14330,14570
14257: 13985,13845,14263
14415: 15182,13233,15663
13363: 15299,14616,13223
12918: 15482,14684,13577,14667
14518: 15756
13495: 15130,13137,14795,15279
14834: 15344,14837,14617,13353,15707,14288
14131: 15389,14496,14682,12997,13907
12978: 14439,15531,14395,14071,14468,12884
15265: 14043,13231,13613,13939,13191
14560: 13258,15010,13598,13159
14454: 14762,13123,13480,14536,14643,15387
14785: 15719,15664
14820: 13064,13091,13277,15751,14383,13399
14083: 
12821: 15399
12878: 15148,14960,14178,15196
14941: 13995,13409,15116,14747,14639,13178
13205: 14722,15454,14310,15237,15422,14525
13534: 14579,13218,13475,14980
13300: 13188,14267,13511,14977,13444
15199: 
13861: 13336,14789
13758: 14846,13772
14242: 14210,13208,13027,12998
13316: 13781,13679,13643,14267,12905
14038: 13853,15311
15163: 13573,13437,14378,12920,15467,13610
12828: 14005,15050
15402: 15378,13330,15502
13456: 14037,15630,14399,13501,13613,12915
13204: 14153,15407,15604,15425,14930,14271
15626: 14757,15456,14464,12993,13251,14598
15466: 14887,13645,13106,15401
13176: 14129,13264,15353,14683
13164: 14703,13532,14276,13088
13820: 15785,15740,13367,14061,12818,14804
15277: 14904,14671,15512
12999: 13654,15213,14773,12899
15601: 14645,14675,12945,13092,13101,14925
13540: 14515,14721,14594,13832,12824,15274
13551: 14152,15595,15714,15613,14392,14090
14581: 15731,13776,14636,13191,12982
13197: 15486,15494,13550,14571,14344,13081
13594: 13986,15297,13854,15722,14699,14602
14101: 13038,14339
13699: 13313,12940,15147,14579
13086: 14484,15337,14943
14703: 13164,15405,13335,14679
14855: 
13490: 15605
15190: 13317,13531,15213,12899,14141
14076: 14528,12936,13838,15403,14792,14756
13541: 13626,13918,13415,12835
14228: 15468,15757,13895,13967,13065,13782
12857: 14185,15738,13085,15724,12877,14677
13180: 14086,13304,15543,13834,14574,13908,13546
13357: 14669,15681,14229,15100,13408
14472: 15104,15437,15330,14492,14618
15414: 12912,15495,14157,15772
13111: 14080,15271,15029,14180,13578
14555: 15688,13214,14334,13711,13226,15624
13389: 13875,14973,14896,13185,15748
14892: 15671,13629,12996,14978,14432,14213
15685: 13836,15193,14337,12859,14990
13967: 13065,14090,15595,12957,15757,14228
13435: 14123,14074,15609,15398,15340,13946
14506: 13346,13070
14905: 14139,14808,13892
13254: 14220,15796,12968,15260
14267: 14116,13511,13316,12905,13188,13300
14902: 13259,15799
13200: 13993,15052,15183
13282: 13883,13974,15345,13500,13946,15609
13031: 14597
14277: 15290,13418,13384,14391,13769
13752: 13000,14839,15771,15358
14956: 14102
13269: 15665,14700,13552
13987: 13354
13891: 13724,13590,15510,15167
13898: 13739,13110,15490
15743: 13708,14069
14146: 15448,13238,14515,13448,15281,15517
15634: 
14072: 15344,14837,13370
14129: 13264,13176,15781,12935
13076: 
14465: 12862,14363
14068: 15616,14802,14546,14822,14230
15200: 15069,14641,14761,15695,14705
15454: 14722,13205,14310,14036,14238
13973: 14309,14767
14974: 15683,15572,13620
13451: 12939,12891,15230,13892
13612: 15145,14714,15204,13937,14464,15456
13663: 13952,14044,14504,15060,14571,15486
13313: 13699,14929
14938: 13383,14009
14772: 13522,13774,14489
12974: 12929,14218,14006,12969
15364: 14821,14035,14303,13811
14499: 14425,13321
13098: 13770,14069
14883: 14114,15327
13055: 13310,15566,15106,14939,12864,14848
15315: 13499,14807
15027: 15521,13333,15706
13107: 15643,13074,13124
15468: 15205,14985,15757,13895,14228,14776
13473: 15271,15512,15016,15678
14307: 14492,14358,13033
13744: 13299,14945
14021: 15455,15573,14758,14520,13207
13472: 13354,15098,15793
12903: 14923,13711,14498,13975,13226,14512
15266: 15811,14316,14638,13414,15789
13557: 13484
12867: 14712,14920,15235
14829: 15650,13989,14107,13397,15314
14931: 13135,13851,13099,14999,15143,14652
13039: 15169,14401,15267,14272,14159,15594
13802: 15602
15435: 12872,13206,12870,12894
13437: 15163,14378,12920,13610,14750,15231,14200
13244: 15130,13137,13468,13777,14559
14566: 15001,13508,13658,14487,15165
13477: 
12890: 14978,13464,15030,13901,12889,15622
15351: 15195,13265,14708,13366,15613,14152
15498: 14376,15416
14057: 12856,15735,15222,13236
15355: 15043,14943
13523: 14493,12879,15444,15394,14524
14520: 14995,14950,14021,13207
12938: 13783,15118
13754: 13082,15481,13140,15012,13761,14733
13422: 
15631: 13350,13983,13713,13920
13487: 15179,13081,15494,13614,12830,13044
13631: 15179,13081,13230,15201,15174,15051
15086: 13135,13851,12936,14792,15191,14290
13400: 15268,15586,13438,13815,15505,14599
13482: 14019,14252,15302,13989
15055: 13870,14481,14217,15159,14202,15768
14747: 15641,14190,14955,14941,15116,13178
13905: 13694,15194
14049: 15257,13630,15598
15545: 15602
13059: 15555
15787: 13832,15446,13669,15505,12885,13815
15396: 14588,13001,15412,15273
13522: 14772,15210,13774,12924,13120
13548: 14992,14857,13673,13355,12831
15625: 15479,15323,14815,15589
13773: 14327,13852,15528,13583,13165,15594
13065: 13967,14574,13782,14090,14933,14228
13131: 14846
15494: 15486,13197,13614,13487
15258: 13673,13355,15238,14850
14222: 13449,14001,14407,13412,12841,15269
13844: 13729
14283: 13848,15180,15568,14302
14080: 13111,15211,13578,13161,13567
14189: 15184,14539,14903,14284
13383: 14938,13637
14047: 15780,13646
13619: 13017,14325,13210,15110,14569
13745: 12944,15070,14089,14488,14212,15108
15497: 14725,14564
13215: 12959,14633,14839,14142,15771,15424
14980: 13475,13066,13218,13273,13534
14945: 13744
15526: 13119,14647,15293,13864,12913
15796: 13250,13254,15260
15488: 
14235: 14293
13283: 14077,14099,14957
13518: 13460,13801,13442,14124,14724
14458: 12893,14891
13908: 13696,13546,13443,13834,15072,13180
12822: 15304,15780,15011
15004: 12871,13225,13020,12848,14071,13889
15602: 15545,13802
15646: 13841,15675,13657,13238,15390,15219
14245: 12976,15804,12910,13201
15003: 15564,13826,14704,15241,14568,13922,13157
12898: 15776,13306,15067,14926
14346: 12850,14384,12869,15359
13168: 14234,15768,14217,13923,15716
14264: 14205,14937,14203,15286,14317,13245
13083: 13009,13535,14524,14497,15172
15780: 14047,12822
14694: 15250,13933,12840,13853,15805
14034: 13986,15297,14378,15467,13179,13950
12950: 15097,14254
15764: 14660,12941,14814,14332,15081
12843: 15122,13454,14184
15006: 15112
15336: 
14412: 15642,15669,14380
14337: 14815,13410,13836,15685,15589
14689: 14005,15732,13154
15058: 14262,14171,13192
12953: 15440,15668,12894
14719: 15065,15220,12816,14877,14744,15654
15365: 15252,14144,14089,12924
15619: 14787,14488,14862,14866
14846: 13758,13131,13819
13515: 13259
13310: 13055,15566,15084,12909,14848,13935
14984: 13957,15394,14524,14497
14416: 13604,14828,13457
14749: 14720
15297: 13986,13594,14034,14602,13179,14013
15307: 14132,13574,15010,13671
14840: 14831,15263,15212,13969,13569,13049
13733: 
15553: 13814,14104,14122,15728,13109
13625: 13737,13893,13736,14801,15149
12910: 13201,14245,15443
14755: 13370
12915: 15731,13456,14856,13613
14541: 15433,13087,13258,14557
13275: 13526,13276
15223: 14871,13277,13904,12963
14740: 15687,13447,13030,13232,14779
15727: 14359,15018,14020,15194
13416: 13311,14655,14752,14656,14441,15189
15198: 14748,13768,14453,15196
14757: 13830,15456,15626,14563,14374,14598
15305: 15002,15281,14576,15517,13356
14718: 13179,13962,13063,14028,14013
15800: 13471,13492,13003,14898
14249: 12860,14285,14868
15095: 15211,13578,15533,14835
13969: 13569,12911,13214,15624,14840,15263
14533: 14413,14691,13328,15371,14322
14700: 13221,13269,15649,13552
13390: 
13763: 13554,12872
15146: 14024,14062,13188,13444,14613
13227: 14452,13648
12816: 15651,13516,15285,14719,14877,13127
13066: 13959,14980,13273,14414,13909
15813: 15785,15740,14768,15348,15552,14143
14388: 13716,14469,14775,12858,15483
14330: 14570,15076,14928,13013,13455,13839
13687: 13791,15317,13971,13948,13439,14991
15706: 13333,15027
13106: 14854,15466,13337
14300: 15442,14367,12987,14674
13778: 14923,14498,14709,13341,14999,15143
14723: 15627,15461,12916,12994,13695
14756: 14273,14792,14199,13376,15403,14076
14191: 13797,15669,15642
14059: 13566,13433,13231,14255,14043
15610: 13901,12889,13187,14401,14159,15341,15426
13812: 14573,13610,14109,15374,15030,14750
15323: 15625,15479,13664
13600: 15312
14099: 14957,15235,14077,13283
14380: 13931,12954,14412,13799
15224: 14027
14221: 14551,13942,14737,14739,13868
12901: 13359
13259: 14902,15628,13515
15264: 14081,15382,13332
15697: 15283,13822,14738,14318,15151,15338
13190: 14040
14572: 14461
13492: 15527,14936,13877,15800
14009: 14938,13694,13080,13162
14698: 15458
14111: 15544,15606,12881
15749: 13159,13349,13461,13402
13293: 14781,15464,14857,12906,13848
15641: 13309,14190,14747,14955,14427,14347
14446: 13234,13866,13121
12970: 14051,15541,15144,14474,14025,14665
13221: 15665,14700,14214,14370,14818
14206: 14024,14613,13252,13489
14165: 14218,15316,14095,13007,13867,13052
13566: 14059,14954,13231
15195: 15351,13265,13136,15347,13944,13366
15762: 14872,14216,14961,13587,14952,14948
15330: 14977,15437,13572,14508,14472
13825: 14664,13347,13489,13577,14667
14825: 14715
14303: 14035,15364
14922: 
14485: 15151,14334,13517,13711,14498,14709
15156: 14424,15048,15593,15332,15657,14169
15537: 13080,13162,15370
13320: 14490,13224,13678,15630,12874
13226: 13591,14512,15624,13711,12903,14555
13601: 13887,15742,14748
13956: 13058,15226,15328,14502,14301,14198
15077: 14387,14489,15678
13818: 15761
13836: 15685,15193,14337,15589,15251
15176: 13842
14676: 13174,15597,13665,15295,13184,12927
14195: 15801,14903,14284
15617: 14639,13178,14014,14260,15676,15020
15348: 13371,12992,15740,15813,14143
15059: 13529,13771,14018,15508,13295
13188: 12905,13300,14267,14062,15146
13417: 14183,13203,15661,15272
15183: 14385,13051,15052,13200,13993
13761: 15481,13140,13754,14769,14658,15139
14274: 15499,15574,13662,15472,15662
14853: 15572,14469,13323
15465: 15285,15747,14705,14761,14736,13516
15623: 14944,13555,15177,14319,13291,15137
14794: 13247,14876
13471: 15800,13003
15483: 13323,13028,14868,14388,12858
12960: 13251,14292,13544,14797,12993,15741
13080: 15537,14009,14583,13162
14646: 15219,13854,15155,15002,15390
14015: 13547,13652
14613: 13252,13444,15146,14206
13402: 14998,15749,13461,14819,13322
14411: 15142,13103,13210,15110,14811
13718: 15291
14630: 14211,13659
13656: 12998,13381,14963,13755,13964
14292: 12960,13251,13544,15342,15283,14318
13654: 12999,12886,15422,14525,14773
15644: 13105,15692,15760
14142: 14788,12986,13215,12959,15424
14527: 13513,15369,13961
15011: 14537,14480,12822
14774: 13217,14828,14363,15069,13767
14136: 13554,14614,12939
13726: 14484,13063,15337,14983,14860
15684: 14208,14280,14291,14775,14285
13314: 13459
15233: 13666,15755
13846: 14288,14833,15344,13370,12823,14183
12837: 15529,15387,14643,15410,13432,14470
13022: 12946
13199: 15669,13189,14365,13813
15455: 14021,13027,12908,13207,13263
14743: 15492,14434,15091,14910,13732
13602: 15463,15333,14787,15070,12985
14787: 15619,14488,14862,15070,13602,15463
13397: 12968,13497,15260,14107,14829,13989
13113: 13684
12998: 13656,15773,13208,14242,14210
13931: 15453,14380,12954,14224
13351: 13684
13854: 13129,15219,14646,15155,15722,13986,13594
12969: 14006,12974,15750
28652: 
15433: 14541,14210,12958,13964,13750
14874: 13232,15451,14088,15429
12928: 13012,13331,14054,13196
14398: 15714,15613,13265,15558,12955,14023
14268: 14591,13690,13576
14734: 
13589: 15327,12900,15580
15789: 15703,15375,14638,15266
13007: 15419,13867,15298,13052,14165
12984: 12896,13077,15214,15592,15723,13202
14253: 
15550: 13667
15489: 14856,14517,15007,14037,14780
13219: 13465
14623: 
14517: 15007,14151,15489,14780
15045: 15807
13618: 
13470: 15428,15736,14436,15769,13018
12897: 14702,14795,13890,15551,14726
12831: 13355,14857,13548,13147,14968,14781
13285: 13503,14281,14545
13837: 14843,15371,13002,13756,14438,14326
15552: 15008,14143,14476,15813,14768,13558
13705: 
14538: 14930,13924,15576,15407,13994,14051
14352: 15192
15806: 15661,15154,12845
14399: 15630,13456,13678,15054,12815,13501
13202: 15723,15295,12984,13686,15592
13591: 13226,14512,15624,14427,14347,15263
14839: 13215,14633,15771,14448,13752
14552: 
13154: 13906,13661,14315,14689
14233: 15667
15164: 14889,12904,14329,14580
14318: 15697,15283,14292,13544,15342,15151,13517
14261: 14891,15125,12853
14565: 14531,14842,14357,14732,13374
15319: 15140,13381,15729,14085,14421
15770: 15278,14124,14603,13528,15633,13621
14530: 13539
14371: 14053,15075,14845,15063,13395,13311
13664: 14844,13671,15323
14168: 
14760: 
15361: 14279,13734,12817,15677,14016,12990
14850: 13941,13893,15258,13673
14494: 12873,13681,14255,13875,13789
15656: 13547
14832: 13292,14529,13680,15135,13894,15652
14761: 14578,15200,14736,15465,14705
14639: 15617,13178,14014,13409,14941,13393
15110: 14811,13395,14569,13619,13210,14411
14435: 14320,14064,15333,12985,14455,14088
15475: 14025,15145,14841,15136,13991,13937
15034: 14114,15257,13069
13409: 13995,14941,13132,12967,14639,13393
13713: 14881,13983,13478,15631
14762: 14454,15409,13123,14745,13992,15387
15493: 15690
15234: 13542,15811,13633
15481: 13754,13761,14733,15246,14658,14174
13749: 15509,14122,15728,15612,14287
13027: 15455,15573,12908,13208,14242
13970: 13104,12964,15053
13011: 15499,15574,15449,14320,14064
13819: 14846
15342: 14397,14598,13251,14292,14318,13517
13443: 13696,13908,15072,14604,13209
14115: 14604,13281,14471,13735,13953,15647
13725: 13597,12976,14385,14688
15325: 13710,14078,14133,12992,13067
15334: 
15166: 15480,15469
14551: 13935,13942,14221,15084,14737
14216: 15762,14872,13078,14133,14952,13352
15692: 13105,14651,15644
15109: 13879,13757,14470,15797,13432,13974
14819: 15495,13322,14817,15005,13461,13402
14360: 15444,14067,14490
13613: 13501,13456,12915,15265,13191
15270: 15431,13001,13452,15547
14026: 14187,15275,12864,14441,15106,15189
15286: 14212,14317,14205,14264
15056: 15709
15404: 14831,15212,13565,13309,14796,14728
14162: 15653,13808,15739,14679,13706
15500: 14463,14237,13232,14779
12959: 13215,14633,13558,14768,14788,14142
15426: 15354,15341,14401,15610,14701,14159,13165
13902: 14379,13524,14207
13682: 13394,13196,13012,14053,14845
13694: 13905,14009,13162
13572: 14016,15324,15472,14977,15330,14508
14293: 14235,15799
14505: 14087,13048
13336: 13861,14019,15350,14880
14209: 15366,12951,13608,15581
13947: 
12869: 15546,14346,15359
14321: 13194,14577,15504
14377: 15321,13028
14547: 14335,15148,13878
14114: 14883,13512,15034
15249: 14450,14644,13737,14801,14509,14992
14596: 13242,15335
14504: 14535,15647,13167,14044,13663,15486
15594: 14159,13165,14272,13039,13773,13852
15228: 13980
12992: 14952,13371,15348,14133,15325
12940: 13699,14579,13319
13521: 15157,15559,14859,12817,15677,15648
15422: 15237,13160,13205,13654,12886
14644: 14450,15249,14992,14857,12906,12973
13824: 15377,13375,14466,15375
13024: 14147,14145,15516,14962,12826
15677: 15648,13662,13521,15361,12817,12990
13869: 13622
15591: 13274,13621,14124,14724
15773: 12998,14085,13288,13208,13381
15599: 14955,12877,14427,15738,13975,14512
15133: 15000,14521,15046,14608,15041
13239: 13930
14830: 15188,14543,14170
15271: 13111,13473,14180,15368,15512
15222: 15735,13087,12958,14057,13343
13321: 15102,14899,14499
14392: 15714,13787,13551,12943,14090,14933
15226: 13956,13809,13058,14927,14198,15284
13662: 15677,15648,12838,12990,15574,14274
14770: 13914,13655
15765: 14196
14894: 14632,13062
13835: 13100,13791,15317,13365,15284,15113
14668: 13569,12911,13992,15529,14550,15259
14224: 13814,14104,13931,15653
13963: 12829
14953: 14979
14578: 14761,15608,15596,13407,14736
15032: 13023
14896: 12930,13926,13389
13167: 14504,15647,13281,15486,15349
14484: 13086,13726,15173
15185: 13567,14144,12924
14054: 12928,13331,14475
14837: 15344,14072,14834,14617
15504: 13126,13529,14577,14321,13261
13918: 13798,14428,14409,13626,13541,13415
13486: 13358,14783
14500: 13415,12835,15015,13739
13127: 14877,13911,12816,15651,14226,13115
14525: 13246,14127,14722,13205,13654
14219: 13652,13142,13421,14625,14929
15040: 13303,15715,14160
14284: 14903,14195,14539,14189
13194: 14321,13220,15417
15478: 13228
15114: 15802,13785
12904: 15164,14889,13387,14335
13468: 13922,14585,13701,13244,14559
15119: 
14713: 15242,15025,12833,13547
14569: 15110,14066,15063,13619,14325
14852: 15721,13301
14385: 15183,13051,15256,13725
14442: 13032,13431,14891,15028
12914: 15588
14744: 14877,13911,14719,15654,14603,13528
14680: 14800
13388: 12934,14711,13155,12966
13296: 15227,13050
15443: 14997,12910,14400,14616
14763: 14116,14447,13511,14279,15324
13123: 14762,14454,15409,14738,13480,13182
13478: 15712,15459,13713,14149,14236
14711: 13388,12934,14171
14130: 13211,13255
14707: 13211,15188
14419: 12979,15282
14074: 14123,13435,15609,13757,15129,15561
14634: 13005,13212,13128,14771
15048: 14042,14424,13998,15156,15332,12921
13494: 15117,13112
14443: 14429,13101,13428,14925,15207,13423
14895: 14791,13696,13546,14041,14879
13797: 14191,14631,15729
13169: 13405
14934: 14166
14314: 15632
13324: 13312
14818: 14406,14214,13221,15649
12846: 14891,15028,15303
13892: 15230,14007,15637,14905,13451
14660: 14972,14345,15764,13158,15081
14139: 14905,14805,12931
14060: 15666,13161,14835,15211,14549
14870: 14000,15107,13841,14382,13129,14373
13072: 13636,14302
14821: 15364,14615,15575,15245
13419: 15709,14513
15023: 14324
15313: 14897
15014: 13144,15253
13135: 15086,13851,14931,15673,15191,14652
14816: 15096,15427,13274,13035,15372
13587: 14961,15207,13423,15532,15762,14948
14177: 
14748: 15198,13601,13768,14453
15511: 13917,14364,14759
14531: 14565,14357,14732,15747,15065,15220
13009: 13784,13535,13083,15776,14493
13632: 13719,14534
13484: 13557
12830: 13044,13614,13945,13487
15260: 13397,12968,15796,13254,14107
13249: 15089,14741,12967,14437,13640,15296,14798
14141: 12899,15190,13047,13114,15162
14887: 13645,14854,15466
13932: 14683,13806,13053
15042: 14611,14888,14456,13018
14102: 14956,14431
14656: 14444,13420,14441,14928,14752,13416
12824: 28683,13356,15274,14515,13540,15517
15328: 15038,14502,13956,13058
13961: 15369,14294,15473,14697,14527
13633: 13042,13542,15234
15094: 13125,13037,14666,14203,13245
13146: 14918
13225: 12871,15004,13020,15121,15093,13810
14370: 14423,14214,14972,14345,13221,15665
12847: 13638,12862
14227: 13044,15415,14436,15736
12997: 14266,13907,15389,14131,15150
13344: 13807,15142,15214,15001,13077
14383: 13399,15167,13277,14820,14871
13981: 13193,12841,13944,13412,14354,14692
13630: 15257,14049,13560,13069,15598,14402
13211: 14130,14707,15582,15452
15029: 14180,13578,13111
14884: 15321,13038
13075: 13342
13734: 14279,15361,13789,12817,12873,13467
15790: 14548,15784,14860,15099,15542,15123
13766: 13458,14093
13440: 15298,14562,13576,15105
14004: 13714
13571: 
13187: 13901,15610,15244,14473,15169,14401
13415: 14500,13661,13798,13918,13541,12835
14116: 14763,14447,14267,13919,13679
15767: 
13885: 
14033: 
14710: 15276,15186,12832,14046
14244: 14742,14537,14480,13348
14781: 13293,12831,13147
15155: 13854,14646,15002,13573,15467,13986
13578: 15095,15211,15029,13111,14080
13992: 15529,15387,14762,14745,14668,12911
14667: 14294,15473,13577,13825,13347,12918
14592: 14164,14433,13015,15732
13817: 14153,15407,14673,15576
15766: 15761
15076: 14330,14570,14928,14752,15225,15075
13210: 13619,15110,13807,15080,14411,15142
14492: 15437,14472,14307
15288: 13505,14731,13062
14568: 15241,14479,15003,15698,13157
14025: 15145,14665,15475,15144,13991,12970
14464: 13163,12993,15204,13612,15456,15626
15637: 13892,14007,14808,14063
14023: 15670,12955,15788,15714,14398,13787
13133: 15711,13294,15509
14791: 14895,14041,14202,14653,15415
12913: 15429,12819,15526,14647,14612
14879: 15159,13951,14202,13546,15543,14895
15503: 12980,15633,12880,15044,13528,15236
13512: 12995,13537,14114
15774: 
13986: 13594,15297,14034,13854,15155,15467
15049: 13369,13378,12852
15467: 13573,15163,14378,15155,13986,14034
14662: 13680,14507,13338,14319,14944,15629
14466: 13375,13824,15301,15375
15664: 13804,15719,14785
14164: 14592,14433,14376,15360
14051: 13994,15541,12970,14474,15576,14538
14437: 13085,15085,13640,14174,14798,13249
13652: 14219,14625,13547,14015,14793
13944: 13193,13981,14692,15347,15195,13366
12868: 
13203: 13417
15638: 
14865: 15152,14636,14256,15157,14859
13067: 14239,12814,13352,14133,15325,14078
14847: 
13360: 14885
12882: 15089,13132,15083,14482,13446,15267
14618: 15132,15104,14472,12875
13990: 15063,14784,13012,13331,14066,14845
14498: 14923,13778,13711,12903,14709,14485
14686: 
14150: 13452,13977,15240,13145,13001,15717
12894: 12870,12953,15435,15668
14281: 13262,14545,12995,13285
13354: 13472,13987
14396: 13097,15246,15191,15673,15724,15085
15321: 14884,14377,14211
13094: 15367,13624,13248,14269,14985,13290
13413: 15563,13401,14011,13326,14570,13455
14746: 14621,14296,15332,12921,15442,12987
13535: 13784,13009,13083,12856,15172,13236
14728: 15744,15135,13894,15404,13565,14796
15629: 15557,13677,13445,14507,14662,14944
15066: 13840,14697,14519,15485,15203
13042: 15506,13633,15036,13476
13175: 14815,14381,14311,14132,15479
13998: 14042,14301,14424,15048,15329,13703
15220: 15065,14719,14531,14357,15395
15650: 14829,15302,15314,13392
15394: 15444,13224,13523,14984
15096: 14816,14471,15427,13035,13122,13735
15036: 15068,14990,13042,13845
15413: 
13862: 
15069: 13171,15200,14774,15695,13767
13047: 13114,15150,15658,14141,15554
15486: 13197,15494,13663,14504,13167,14571
13826: 15564,15003,15519,13922,14585
14163: 14920
13126: 15504,14128,13261
13637: 15439,15778,14154,13383
13307: 15074,15186,12832,13280
13255: 14130
15391: 15244,13237,15083,14482,14628,13788
13017: 13619,14325,14584,15080
13345: 15627,15461,13153,15645,15779
14867: 14149,14496,15712,14682
13057: 13110,15015,13929,15131
14258: 12916,13982,13748,12917,15461
13004: 
15728: 13109,15377,15553,13749,14122,14287
15248: 14462,14467,13138,15754
15407: 14153,13204,13817,15576,14930,14538
15424: 15771,14142,14901,12986,13215
14213: 14548,15784,14432,14982,14892,13629
13939: 14636,15737,13191,15265
12921: 14746,15332,12987,14970,14042,15048
15337: 14028,14943,13063,13086,13726
14460: 13717,14348,14462,15292
15717: 12948,12973,13145,14150,15240
15491: 13538
13507: 13006,14764,13218
14495: 
15431: 15372,15270,15427,15547,14535
14053: 15075,14371,14845,13682,15225
13510: 13423,15532,13731,13428,12818,13865
15693: 14907,14739,15535,15345,14790,13481
13570: 15262,13672
14715: 14825,13026
15741: 14187,15275,12960,13544,14797,13568
13177: 13035,14724,13460,15057,14350
14512: 13591,13226,12903,13975,15599,14427
15571: 13329,13010,13564
12832: 14710,15186,15393,13280,13307
13537: 12995,13512
12835: 15015,14477,13541,13415,14500
14457: 13250,15687,13447
14930: 14361,13924,14538,15407,13204,14271
15235: 14099,12867
13635: 14181,13439,14353,13871,14721,14594
15543: 14086,13180,13546,13951,14879
13406: 14546,13272,14886,13021
13964: 13755,13750,13656,14210,15433
13366: 14708,13291,13193,13944,15195,15351
13737: 13625,13893,14992,15249
15135: 15744,13894,14728,13688,13292,14832
15681: 14669,13357,13038,13408
15147: 15254,15339,13699
13068: 14826,14194,13305,14018,14100
15585: 13954
15719: 14785,13303,15664
13709: 14687
14716: 13090
13268: 15450,14291,15158,14964,13151
13678: 13957,13224,13320,15630,14399,12815
15280: 15221,13430,13616,14607,14406
14797: 12960,14444,15763,12993,15741,15275
13966: 12839
15539: 13108,14169,15657,13792,13082,15701
14090: 13967,13065,14933,14392,15595,13551
14455: 14088,12985,14435,13864,12819
12986: 14901,15209,15081,14332,14788,14142,15424
13084: 13096
14086: 13304,15543,13180,15531,14395,13951,12836
13019: 14986,15074,13670,13372
13810: 14824,13225,15121,13968,15093
13032: 15579,14442,14908,12893
15247: 13095,14562,15316,13698,15380
14210: 14242,12958,12998,13964,15433
13195: 15603,13559,13117,15786,15448,13657
13138: 14467,15248
14901: 15209,12986,15803,15424
13101: 14429,13855,14443,15601,14675,14925
15295: 15723,13202,14055,14676,15597
12930: 13695,14896,12916,13972,14973
14297: 15809,15580,13166
14408: 13234,14584,15607
15035: 
13697: 12952,14389
14382: 13841,15675,13913,13287,14870,14000
13103: 14411,15142,13623,14811,14939,14601
15353: 14063,14418,15718,13264,13176
13012: 12928,13331,13682,13196,13990,14845
14251: 13095,14849,14562,14591
15350: 14880,15302,14019,13336
13305: 13599,13068,14194
13543: 15009,13216,13429
13340: 14430,14584
14652: 14838,14185,15143,13135,14931,15673
13051: 15183,14385,13385,15524,15256
13445: 13677,15629,14944,13555,14269,15367
13901: 12889,15610,13187,15622,14473,12890
15612: 15170,13749,15509,14287
15718: 14418,13372,15184,15090,15353
13140: 13082,13754,13761,14769,15356,15701
15520: 14017
14671: 15368,13888,15277
14936: 13877,15721,15527,13492
13218: 13507,14579,13534,14980
15620: 14243
15398: 14123,13435,15340,13801,13605,13046
14871: 15061,15223,15167,14383
14329: 14590,14580,13887,15164
15593: 14621,13404,15332,15156,15657,14259
13332: 15264
13469: 13731,13428,14925,15528,12945,13506
14424: 15048,13998,15329,15156,14169,14030
14056: 
14769: 15356,13934,13140,13761,15139,14343
15667: 14233
13410: 14337,14491,12859
14649: 14650
14886: 13406,13021,13474
14758: 14021,15573
14340: 13786,13674
13580: 13062
15540: 13450
13679: 15772,13643,13919,14116,13316
12899: 15658,14141,12999,15190
14691: 13704,14413,14533,14232
13701: 14585,13468,14559,14650
15384: 14126,13015
13556: 15134,13073,14725,13229
12963: 13769,15223,14149
13843: 14780,14856,13776,14549
15444: 14360,15394,13853,14067,13523,12879
13411: 14717,14112
14519: 14358,15485,15203,15066
15072: 13834,12943,15082,14604,13908,13443
13621: 15273,15591,15770,15412,15633
13816: 
13827: 13279,15689
15290: 13418,14277,13384,15658,15554
14690: 15799,13206,13888
14243: 13235,15620
13481: 14790,13174,14907,15693,12866,13595
14031: 
14996: 12883,15604,15442,14367,12965,14296
13353: 14617,13302,13821,14834,15707,14951
13178: 14639,15617,14941,14190,14260,14747
12875: 13976,14779,15104,14463,14618,15132
15329: 14424,13998,15462,13703,14030,14148
15256: 14295,14385,13051,14688,14696
14032: 14223,14122
15085: 13085,15724,14437,14396,15246,14174
13791: 13100,14022,13835,15317,13687,13971
13395: 15110,14811,15063,14371,13311,14655
14672: 13579,14445,13856,15392,13183
13563: 
12858: 14285,14388,14775,15483
13965: 15103,14384
14183: 13417,12823,13846,14833,13884
13747: 15783,13034,13959
15542: 14983,14860,15790,13616,15123,13430
12912: 15414,13185,13919,15772
15352: 13496,13760,14900,14622
14645: 13688,15676,15020,15601,14675,13092
14726: 13756,14795,12897,13002
14012: 15560,12923,15470,15294
13198: 13315,15432
13444: 15437,13300,15146,14613
15611: 15699
13914: 14770,13909,14885
13396: 14403,12848,14451,15171,13593,13020
14199: 14273,14792,14756,13089,14290,13857
13245: 15470,14317,14264,14203,15094
14537: 14480,15011,14244
14714: 15145,14665,13612,14204,13830,15456
13079: 14587,14462,13070
15445: 
15781: 14067,15805,14161,14129
13575: 
13291: 14708,13366,15137,13193,15177,15623
13887: 13601,14329
13538: 15491
15317: 13791,13835,13687,15113,14181,13439
14557: 15795,14541,13087,14179,13258
14857: 14992,13548,12831,14644,13293,12906
14514: 
14006: 13491,12969,14218,12974
13231: 13501,15054,13566,14059,15265
14991: 15603,13559,13687,13948,13439,14353
15192: 13398,15128,14352
14125: 14635
15196: 13943,15198,14178,12878
14471: 15096,15427,13735,14535,15647,14115
14011: 14841,12971,13326,15136,13413,13455
14778: 14908,12893
15065: 14719,15220,15285,15747,14531
15399: 15752,12821
13460: 13801,13518,15057,13046,13177,14724
14395: 14439,12978,15531,13782,13895,14086,13304
14196: 15765
13925: 13110,12849,15088
15700: 15232
13985: 14257,15193,15510
13125: 15094,13037,15293
14702: 14795,13890,12897,13996,12972,13137
14614: 15628,14136
15267: 13039,15169,12882,14482,13446,14272
14285: 12858,14208,15684,14890,14249
13565: 13309,14190,14260,15404,15744,14728
14194: 13068,13599,13305
15736: 13470,15428,14227,14440
15508: 12977,13691,13771,15059,14341,13295
12954: 13931,14380,14106,14223
13449: 14796,14001,14222,13894,15652,15269
15687: 14740,13030,13250,14457,13441,15141
14215: 13746,13771,12977
13014: 15160,13690
14122: 13749,15509,14032,15553,15728
15600: 
14296: 14746,14621,14996,15442,15175,12965
13038: 14640,14101,15681,14884
13738: 13181,15575,15753
13519: 15152,14862,14859,15648,12838,13823
14842: 14565,14357,14410,15017
15551: 14976,14824,13968,13890,12897
14595: 14909,15660,13842
15469: 15480,15166,14052
13479: 15269,13338,14319,13193,12841,15177
14231: 14954,12815,13060,13957,13899
15459: 15061,13478,14149
14928: 14330,15076,14752,13839,13420,14656
13159: 15749,13349,14560,15795,13598
14841: 14011,12971,15136,13991,12988,15475
15043: 14602,14028,14013,15355
13499: 15315,14807,13056
14806: 15245,15753,14532,15616
14433: 14592,14164,15360,15732
15707: 14951,15363,13353,14834,14288,14863
15170: 14638,15612,12946,13414
28683: 14522,12824,13356,15782,15274,15586
15118: 12938
15231: 14982,14282,14200,13437,14378,13950
14948: 14952,13371,13587,15532,13367,15762
15618: 13716,15450,12977,13691
13527: 13897
13295: 14341,15508,13529,15059,13261
13623: 15142,13103,14939,13077
14062: 14024,15146,15101,12905,13188,13531
13769: 13904,12963,14277,13384
14725: 15497,13073,13556,13229
14616: 15299,15443,13363
14522: 28683,13356,15782,14576,14573,14109
14959: 15755
15377: 15728,13109,13927,14287,13824
13191: 13939,14636,13613,15731,14581,15265
15554: 15389,15290,13384,15658,13047,15150
13380: 13290,13960,13624,13078,12814,13352
14175: 14475,13276
15052: 15141,15524,15183,13200
12817: 13734,15361,12873,15559,13521,15677
13581: 14673,14474,15144,14766
13050: 15476,14606,15227,13296
13857: 13097,14290,14199,13089,15012,14733
15709: 15056,13419
14807: 15315,13499
15208: 13539
13868: 14643,15410,15535,14221,14536,14737
13569: 14668,13969,12911,13049,14840,14550
14503: 13592,14669
15205: 15468,13895,12902,14776,14439,14468
15527: 13492,12892,14936
13099: 15792,14999,15525,14663,13851,14931
14013: 14028,15297,14602,15043,14718
14817: 15005,13926,15495,14819
14218: 14165,15316,14095,14006,12974
13237: 15391,14628,15229,15268,13143,13788
15428: 13470,15736,13553,14440,15769,13800
15366: 14209,13896,15581,13093,14642
13342: 13075
14843: 15371,13837,14322,14029,14394
15523: 13609,13104
15236: 14801,14509,12880,15503,12980
15214: 15001,13344,13077,12984,15592
15744: 15135,14728,13565,14260,13688,15020
15241: 13617,14479,14568,15003,14704
14095: 14165,14218,13867,14286,13491
14918: 13146
15037: 
15386: 14343,15229,15296,15139,14741,14628
14232: 13148,14976,14824,13704,14691,15655
14287: 13749,15728,15377,15612
13677: 15557,15629,13445,15522,15367,15318
15742: 13601
15333: 13602,12985,14320,14435
14394: 14843,14029,12925
13447: 14740,13232,14457
13554: 14136,12939,13763
13233: 13301,14415,15097
13464: 12890,14978,14432,15030,14750,14200
13655: 14764,14770
13029: 
13624: 15367,15318,13094,13078,13290,13380
15169: 13039,14401,15267,15244,14482,13187
15210: 13522,13120,14212
14573: 13610,13812,14109,14522,14576,12920
15705: 
15740: 15785,15813,13820,13367,13371,15348
15615: 
12917: 13858,13899,13748,13060,14258,13982
13542: 15234,13633,13434,15127
13530: 
14107: 15745,13397,15260,14829
15652: 15269,13338,13449,13894,14832,13680
15661: 15154,15272,13417,15806
14118: 13562,13873,14336
15314: 13993,14829,15650,13392
15528: 13773,14327,12945,13583,13469,13506
13604: 13217,14828,14416
13767: 15695,14774,14828,15069,13860
13653: 13267
13208: 13288,13027,15573,15773,12998,14242
14804: 14061,13984,14814,15785,13820,14526
13561: 15460,14564
14574: 13065,13782,14933,13834,13304,13180
14402: 15721,13630,13560,15598
15763: 13163,12993,13839,14444,13420,14797
13427: 15578
14269: 13498,13248,13555,13445,15367,13094
15805: 14067,14161,15781,14694,12840,13853
13403: 13692,15107,14373
15567: 15495,13322,14310,14157,15237
15701: 15356,14751,13108,15539,13082,13140
14643: 13868,15410,14536,14454,15387,12837
15587: 15507
13683: 
14077: 14339,14099,13283
15778: 15487,14154,13130,15282,13637
15157: 15559,13521,14859,15737,14865
13196: 13394,13682,12928,13012
13735: 13025,13953,13122,15096,14471,14115
13348: 14554,14244,14949
14935: 
14775: 13716,14388,14291,15684,12858
13387: 13803,14046,12904,14075
14635: 14125
14648: 15521
15216: 13882
15675: 15646,13841,14382,13657,13913,15786
14732: 15695,14531,14565
15429: 12913,12819,14088,14874
15046: 14822,15000,15133,15041
12865: 15810,14182,15331,15434,15289
14753: 14087
14982: 15231,14282,14200,14432,14548,14213
13182: 13480,15397,13649,13822,14738,13123
14456: 15492,15042,13611,13018
14759: 14364,14682,15712,13917,15511
13271: 13115,13595,15584,14912,15720
13334: 12827
14771: 13128,13212,14634,13727
12920: 13573,13437,15163,14576,14573,13610
14599: 14343,15229,13934,15505,15268,13400
12825: 13878,13938,13297,13933
13060: 14231,14954,12917,13899,13982
12892: 15527,13301,14898,15182
14345: 14660,14972,14370,15209,15081,15665
14316: 15811,15266,14765,13414
12906: 12973,14857,14644,13293,15464
14263: 13476,13910,14257,13845,13928
14767: 13973
14729: 13916
13568: 13649,13339,14187,15741,13544,15283,13822
14739: 14907,15693,13942,14221,15535
14174: 13640,14658,15246,15481,14437,15085
14570: 14330,15076,15225,13413,13455
15294: 14012,15470
14279: 13734,15361,13467,14763,14447,14016,15324
15093: 13148,14312,12871,13225,14824,13810
12907: 12933,15047,15184
12833: 14624,15025,14713
14738: 15697,13822,15338,13182,15409,13123
15547: 13952,14044,15431,15270,13452
13636: 13072,13648
14849: 14251,13095,15682,13006
13700: 14783
14366: 13216,15556,15087,14247,13847
12975: 14158,14620
13287: 15154,15272,13913,12895,14382,14000
13498: 13248,14269,12957,15137,13555,13722
13875: 14973,13389,13433,14255,14494,15748
15799: 14690,14902,14293
13152: 15640,13979,14138,15668
15784: 15790,14548,14213,13629,13362,15123
15060: 13550,14571,13952,13663,13863
14353: 13439,13635,14991,15603,14594,13448
13394: 13682,13196,15563
14670: 14306
12860: 15369,14890,14426,14249
14695: 15187,15292,13253
15259: 14305,14550,15529,14668,13879,14470
12819: 12913,15429,14455,14088,13864
13448: 14515,14594,14353,15603,15448,14146
12836: 12884,13923,14086,15531,14217,13951
12966: 13155,13008,13388
13681: 12873,14494,14255,14043,15737,15559
15411: 
13560: 13485,13069,13630,15809,14402
13171: 15069,14641,14363,13675,13753
15103: 13965,13037,14666,14278
12902: 13960,14225,14776,15205,14403,14468
13855: 14429,13101,14675,13292,14529,14155
15356: 14769,15701,14751,12885,13934,13140
14811: 15110,13395,14655,14411,13103,14601
14553: 14964,13151,14681,14684
15283: 15697,13822,14318,14292,13544,13568
15757: 14985,15468,14228,13248,12957,13967
13331: 12928,13012,14054,14475,14784,13990
14020: 15194,13536,15727,15018
14334: 15151,14485,15338,13711,15688,14555
15514: 14593,13124,13074,15017
13863: 14987,13608,13977,13952,15060
15670: 12955,15788,14023,14350,15057,13122,13025
15382: 14081,15264
13907: 14266,12997,14131,14364,14682,15092
14968: 13147,14827,14545,13355,12831
12956: 13880,14081
13878: 13280,12825,14547,15148,13297
15292: 15187,14695,14460
15651: 12816,13516,14567,14226,14812,13127
13658: 15713,13866,13508,14566,15001,14487
14633: 13215,12959,14839,13558,14476,14448
15354: 15341,15181,15426,13856,14701,14510
14940: 15570,14486
15708: 14532,13272,14453,13811,13943
14803: 15606,14800,14323
13599: 15092,14194,13305
15375: 15789,15301,13824,14466
13355: 15258,13673,12831,13548,14968
12859: 15068,14990,14491,13410,15685
14145: 13024,12826,14304,13799,15438
14127: 14525,13246,14391,14722,13064,13091
15480: 15469,15166
13882: 15216
14133: 14216,14952,12992,13067,13352,15325
13002: 15655,14726,13756,15371,13837
13028: 15483,13323,13462,14868,14377
13141: 13760,15381,15138
12968: 13397,13497,15260,13254,14220
13035: 13177,13122,14724,13274,14350,14816,15096
14152: 13722,15595,13551,15351,14708,15613
12926: 14593,13736,13893
12973: 15717,12906,14450,14644,13145
13698: 15380,15316,15247
12982: 14256,14799,14581,14328,14636
15699: 15611
13716: 14469,14388,14775,15618,13691
13851: 13135,15086,14931,14663,12936,13099
14558: 13940,15098
13916: 14729
14188: 
14169: 13108,14030,15539,14424,15156,15657
14526: 14788,14804,14814,15785,14768
15015: 12835,14500,13929,13739,13057
13906: 13154,15360,14836,13798,13661
14046: 13387,14075,14710
14493: 13523,12879,15776,13009,14524
14508: 15104,13572,15472,15662,15330
15028: 13997,14442,13431,12846,14891
14426: 12860,13005
14507: 14529,13680,14155,14662,15557,15629
14423: 14214,14370,15725,15441,14607,14972
15691: 12888
15405: 14703,15115,14381,13574
15436: 12851,14156,14561
14655: 13311,13416,14811,13395,14601,15189
15107: 14870,14000,12845,14373,13403
13040: 14637
13284: 14121,13294,14654,15549
14420: 
14084: 
13489: 14250,14048,13577,14206,13825
15516: 14962,13606,13024
14161: 15805,15781,14986,13264
15596: 13686,14308,15608,14578,13407,12927
15090: 15184,14539,15718
15463: 13602,14787,15449,13823
13288: 15041,13208,14608,14085,15773
15754: 14246,14094,14467,15791,15248
15714: 15613,14398,13787,14392,14023,13551
14925: 13428,13469,15601,12945,13101,14443
14799: 14256,12982,14328,15252,14866
15808: 13308,13622
15583: 
14061: 12818,13865,14804,14082,13984,13820
15622: 13901,13172,14473,15374,15030,12890
15389: 15554,14131,13384,14496,12997
13528: 14603,14744,15044,15770,15503,15633
12957: 13498,13248,13722,15595,13967,15757
14782: 15238,14869,13262
14681: 15162,14684,14417,14553
13376: 13900,15175,15403,13404,14273,14756
13648: 14003,13636,13227,15471
13531: 13317,15190,15101,14062
13401: 15563,13413,13326
15081: 15209,12986,14660,14345,15764,14332
13461: 12994,15005,15749,13349,13402,14819
13276: 15726,14175,13526,13275
14815: 14337,13175,15625,15479
13408: 13357,15681,15100
15653: 14162,13808,14224,14104
15129: 14692,15347,15561,13757,15797,14074
14509: 14801,15236,12980,14450,15249,14588
15471: 13648,14003,14428
13711: 14498,12903,14485,14334,14555,13226
14375: 
14098: 14421,15642,14631,15453
14373: 15722,13881,14870,15107,13129,13403
13207: 15067,13263,14520,14950,15455,14021
13922: 13468,13157,15003,13826,14585
15686: 
13977: 13452,14150,15240,13952,13863,14987
14124: 15278,15770,13518,15591,14724
15733: 
12884: 13889,13923,12836,12978,15531,14071
13547: 14015,14713,14625,15656,13652
14975: 14878
13156: 13651,15777,13385,13441,15524
14282: 15231,14982,13962,13950,14548,15099
14393: 15078
13045: 
14450: 15249,14644,13145,14509,14588,12973
14275: 13358
14404: 12981
14976: 15551,14824,14232,15655
12935: 14490,13053,14129
15689: 15261,13827,13279
13777: 13157,12972,13244,13137
14854: 14887,13106
14325: 13619,13017,15726,14569
14549: 13776,14328,13843,15666,14060
14502: 15328,15038,14970,13956,14042,14301
13815: 15586,13400,13832,15787,15505,15274
15063: 13990,14066,14371,13395,14569
14344: 13896,13230,13550,13197,13081
13929: 15015,14477,13057,15131
15560: 14012,15793,13329
13728: 13186
12905: 13188,14267,13316,15101,14062
13740: 14120,13675,14706
15017: 14410,13736,14842,14593,15514
14417: 14681,13114,14556,13915
14305: 14407,13412,14354,14550,15259,13879
14478: 15578
13228: 15478
13018: 14434,15769,15042,13470,14456
14201: 
14965: 14929,15339,14610,13142
15635: 14876
14679: 13335,15739,14162,13706,14703
15301: 15375,14466,15506
14727: 
15419: 14969,13007,15331,15434,13867
15659: 12932,14096
14631: 13797,15642,15729,14421,14098
14653: 15415,14791,14202,13870
14071: 12848,14468,12978,12884,13889,15004
14992: 14857,13548,13737,15249,14644
13742: 
15341: 15354,15181,15426,12889,15610,12996
14439: 12978,15531,14395,15205,13895,14468
12820: 12934
13974: 13432,13883,13282,13757,15109,15609
15068: 12859,15036,14491,15506
14432: 14978,13464,14982,14200,14892,14213
15788: 15670,14023,13787,13025,15082
13144: 15014,15357,14864,15253
14627: 14851,13762
15026: 
15311: 15776,13876,14038,12879
15251: 15120,15589,13836,13399
14548: 15790,15784,14213,14982,14282,15099
13206: 14690,12872,15435,13888,13036
14058: 
15810: 12865,14182,15447,13704,14413,15289
14705: 15747,15465,15200,14761,15695
13304: 14086,13180,14574,13782,14395
14917: 14333
14298: 15748,13467,13185,13919,14447
13870: 15055,14481,14202,14653,14440
14441: 14444,14656,13416,15189,15275,14026
14363: 14465,14774,13217,13171
13465: 13219
14407: 13412,14305,14550,13049,14001,14222
14312: 15093,13148,15716,12871,14234,15447,13704
15137: 14708,13291,15623,13555,13722,13498
13579: 14672,14730,14510,13856,14919
14271: 13900,12965,13204,15604,14361,14930
13659: 14630,14211,15501
13318: 
15016: 13774,14489,15678,13473
12934: 13388,14711,12820,14171
15287: 14327,13852,13092,14014,13644,15676
14793: 13652
14872: 15762,14216,13078,14961,15522,15318
13109: 15728,15377,15553,14104,13927
14612: 12913,14647
14546: 13406,15616,14068,14230
14752: 15076,14928,15075,13311,13416,14656
13550: 15060,14571,13197,14344,15581
15084: 13310,14848,14551,13935,15397
15074: 13307,13938,13019
14170: 14830,13684
13298: 15376
14866: 15152,14862,14256,14799,15619
13261: 13620,13529,13295,15504,13126
14029: 14843,14322,13491,14394
13995: 14677,14798,13409,14941,15116,12967
15513: 13436
14876: 14313,14794,15635
15123: 15441,13616,13362,15790,15784,15542
15269: 15652,13338,13479,13449,14222,12841
14780: 13843,13586,14517,14856,15489
14897: 15313,12851
14220: 13254,13346,12968,13497
14421: 14098,13808,14631,15729,15140,15319
13089: 13792,14259,14273,14199,13857,15012
13430: 15221,15280,14983,15542,13616,15173
14035: 12842,15406,14303,15364
13795: 
14589: 15100,13128
13950: 13179,13962,14378,14034,15231,14282
15250: 13933,14694,14534
13016: 
14357: 14531,14565,14842,15220,14410
13491: 14006,14286,14029,14095
14272: 13446,13644,13039,15267,13852,15594
15154: 15661,15272,13287,15806,14000,12845
14462: 15248,13079,13717,14460
13941: 14850,13124,13466
15786: 14449,13913,13195,13117,15675,13657
14777: 
14085: 14608,15729,13288,15319,13381,15773
14674: 14300,12987,15038,14970
13982: 14258,12916,13972,12917,13060
13669: 15787,15446,13368,14039,14751,12885
13945: 13614,14041,12830,15415
13232: 14874,15500,14740,13447
12925: 15227,14326,14394
15101: 13781,15213,12905,13531,14062
12952: 13697
13695: 12930,14723,12916,15005
12987: 14300,15442,14674,14970,14746,12921
15397: 13480,14737,13182,15084,13649
15153: 15783
13130: 15487,15778,15282
13485: 13560,13069,15809
14810: 15549,13337
14365: 12881,15138,13813,13199
13441: 15141,15524,15687,13030,13156
15668: 15533,13152,12953,12894
14103: 15643,13457,12855,13074
13627: 13607,13639,14910,15160,13743,14544
13642: 
13071: 
14016: 13572,15324,14279,15361,12990,15472
14629: 
14294: 14667,15473,13347,14697,13961
14978: 12890,13464,14432,12889,14892,12996
13888: 13036,14671,14690,13206
13256: 13457
14542: 13270,13715,15464,12948,13848
15564: 15003,13826,14704,15008,14476,15519,14448
14238: 15400,13134,13741,14722,15454
13129: 15219,13854,13841,14870,15722,14373
13425: 15373
13513: 14527,13840,13212
13081: 15179,13487,13631,13197,14344
15127: 13434,13729,13542,14422
12879: 14493,13523,15311,15444
15038: 15328,14970,14502,14674
15179: 13487,13081,13631,13044,15174,14611
14444: 13420,14656,14441,15763,15275,14797
15803: 15771,15358,14901
13315: 13689,13198
13229: 15134,13556,14725,14134
13405: 13169
14187: 15741,15275,14026,12864,13339,13568
15242: 15025,14713,13149
14951: 15707,13971,15363,13302,13353,14022
14888: 15174,15051,15042,14611
15100: 14589,13357,13408
12853: 15125,14261,15303
12852: 15049,13329
13102: 
13879: 14470,15109,15797,14305,14354,15259
14440: 13955,13870,14481,15428,15736
13005: 14229,14634,14426
15312: 15279,13266,13600
14977: 15437,15330,13511,13572,15324,13300
14470: 13879,15109,15529,12837,13432,15259
14766: 15144,13991,12988,13581
15759: 12933,14554,14372
12927: 13184,13407,13686,15596,14676
13675: 14120,13740,13753,13171
15807: 15045,15062,13240
14132: 13574,15307,14381,13175
12841: 13193,13981,13412,14222,15269,13479
14093: 13766
13243: 14651,14110
12991: 15079
13672: 13112,13570
14607: 15441,13616,15280,14423,14214,14406
13160: 14157,15237,15422,15772,13643,12886
15574: 15499,13011,14274,13662,15449
13241: 15363,13948,14863,13886,13559,13117
15440: 12953,15230,15640
15566: 13310,13055,12909,14939,12896
13431: 15579,14442,13997,15028,14615
13364: 13172,13143,13438,15782,14109,15374
13369: 15049
13393: 13446,13644,13409,13132,14639,14014
14117: 15590,13607,15131,14544
13467: 15748,14298,14279,13734,13789,14447
13968: 15121,14873,13996,15551,13810,13890
15012: 13082,13754,14733,13792,13089,13857
15371: 14843,13837,14322,14533,15655,13002
13238: 15448,14146,15646,13657,15390,15281
14529: 13292,14832,13680,14155,14507,13855
14801: 15236,14509,15149,13625,15249
13386: 15628,14516,14108
14561: 15436
14203: 14264,14937,13245,13502,15094
14255: 14043,13433,14059,13875,14494,13681
15401: 14304,14654,13645,15466
13720: 15013,13257
14838: 14185,15738,14652,13975,15143,14923
13501: 13231,13613,14399,13456,15054
14193: 
13853: 14038,14694,14067,15805,15444
15194: 14020,13536,15727,13905,13582
14389: 13697
13775: 13994,15541,14204,15379,15474,15073
14005: 14689,12828,14119,13833
14409: 14993,13139,13918,13626
13000: 13752,13872,15457
13975: 14838,15738,14923,12903,14512,15599
15598: 13877,13630,14049,14402
13611: 14685,14916,15492,14456,13639
13912: 
14823: 12937
14100: 14826,13068,14018
15458: 14698
15621: 15115,13533,13750,13173,13258
14677: 14798,13995,15116,12857,13085,12877
15152: 13519,14862,14865,14866,14256,14859
13555: 14944,15623,15137,13445,13498,14269
15776: 12898,15311,14493,13009
13258: 14560,14541,15621,14557
13346: 13150,14506,14220
12871: 15004,13225,13889,15716,15093,14312
14326: 14438,13837,12925
14836: 13798,14428,13906,15360
14091: 
12995: 13537,13512,14281
14138: 14151,13979,13152,14861,15533
13871: 13628,14039,14181,13635,15446,14721
14795: 14702,12897,13495,13137,14726
13559: 14991,15603,13195,13117,13241,13948
14022: 13100,13791,12961,13302,13971,14951
14262: 15058,14171
14463: 15500,14237,15104,14779,12875
15735: 13153,13087,15222,14179,14057
12955: 15670,14023,13693,15057,15558,14398
15022: 
13786: 14340,13850
14075: 15393,13387,14046,14335
13073: 15460,13556,14725
13741: 14844,14036,14998,15400,14238
15710: 
15639: 15555,15643
14651: 13243,15783,15692
14563: 15525,15073,14757,13830,14374,15792
13806: 14683,13979,14861,13932
13457: 13256,13903,14416,14103
14348: 13717,14460,15187
14641: 13171,15200,13753
14166: 14934
13872: 15519,13000,14585,15457
13497: 13397,12968,14220,13989
15357: 13144,14864
14927: 15309,12961,13809,15226,15284,13100
15007: 14517,13053,14037,12874,15489
13668: 
14764: 13507,13655,13273
13312: 13324
14826: 13068,13562,14100
14155: 14529,14507,14429,13855,15557,14942
13381: 15319,14085,13656,15773
14425: 15362,14499
14157: 15237,13160,15495,15567,15414,15772
13880: 12956,14094,13377
12876: 
13838: 14361,15379,13924,15403,14076,14528
13727: 15804,14997,13597,14771
13900: 14271,13376,15175,12965,15403,14361
15535: 13868,15410,14739,15693,15345,13883
15442: 14300,14367,12987,14996,14746,14296
15237: 14157,13160,15422,15567,13205,14310
15416: 15498,14254
15188: 14830,14707
14545: 13262,14281,13285,14968
13493: 13958
13935: 14551,14055,13310,15084,12909
15126: 
15122: 12843
13370: 14755,12823,15344,14072,13846
13997: 15575,15028,13431,14615
15121: 14873,13968,13593,13225,13020,13810
15606: 14803,14323,14111
15202: 14564
15106: 14939,14601,15189,14026,12864,13055
14891: 12846,14261,14458,14442,15028
15758: 
13338: 15652,15269,13479,14319,13680,14662
14919: 15243,14619,13579,14730,14510,14082
12870: 14180,12894,15435,13036
15098: 13940,13472,14558
15499: 13011,15574,14274,15662,14237
14473: 13172,13788,15244,13901,13187,15622
14030: 13108,13368,14169,14424,15329,14148
15502: 13330,15402
13165: 13583,14701,14159,15594,13773,15426
15633: 15503,15412,13528,15770,13621
14571: 15060,13550,13663,15486,13197
14582: 
13392: 15314,15650,14140
14983: 14860,15542,13726,13430,15173
13782: 14574,13065,13895,14228,13304,14395
12962: 15257
15300: 
13962: 13179,13063,13950,14718,14282,15099
13989: 14829,13397,13497,14252,13482
14176: 
15446: 13832,15787,13669,13871,14039,14721
13474: 13021,14886,14960,13719
13339: 13649,13568,14848,14187,12864
15536: 13647,13299
14622: 13760,15352
13352: 13067,12814,14216,13078,14133,13380
14885: 13360,13914
14089: 12924,13120,15365,14488,13745
14957: 14099,13283,14113
13590: 13891,13724,14483,15672
14202: 15159,14879,14791,14653,15055,13870
15609: 14074,13435,13974,13282,13757,13946
15517: 15305,15281,14515,14146,12824,13356
15318: 15367,13624,13677,15522,14872,13078
15075: 14053,14371,15076,14752,13311
13921: 15178
13514: 
13614: 15349,13945,15494,13487,12830
15281: 15305,15002,15390,15517,14146,13238
14459: 13056
15392: 13118,13158,13999,13183,14672,14445
14147: 13024,13799
13617: 15241,14479,13710,14078,15215,14704
12880: 15395,15044,15236,15149,15503
13864: 15293,13502,14455,12819,15526
15451: 14874,14064,14237
13717: 14348,14460,14462
14041: 13945,13209,13696,14791,14895
14190: 13565,13309,15641,14260,14747,13178
15078: 14393
14733: 15481,15012,13754,13097,15246,13857
12976: 13597,13725,14140,14245
14119: 14005,15732,13833
13149: 15242,15775,12849,15033
13078: 14872,14216,15318,13624,13380,13352
14712: 14339,14211,12867
14693: 13772,14501
15782: 14522,28683,15586,13438,13364,14109
14731: 13928,13062,15288
15578: 14478,13427
12881: 15138,14365,13463,14111
13780: 15359,15791,14246
13558: 12959,14633,14768,15552,14476
14158: 12975,14914
15581: 13896,13608,13550,14209,15366
15104: 14508,14472,14463,14618,12875
14045: 
15768: 13168,14092,14234,15055,14481
13262: 14281,14545,14782,15238
15167: 15510,14383,13891,14871
14265: 
15713: 13658,13121,14120,13634,14487
12856: 13327,14057,13784,13535,13236
14632: 13793,13783,13708,14894
13186: 13728
15203: 14519,13651,13385,15066,14295
13830: 14757,15456,14714,14204,14563,15073
13184: 13407,12927,14676,13665,14567
15568: 12900,15180,14283,15024,14302
14406: 14818,14607,15280,14214
15168: 15255
15417: 14786,13873,13220,13194
13729: 15127,14422,13793,13844
13274: 15273,15591,13035,15372,14816
14831: 14840,14347,15263,15404,15212,13309
12861: 13260,14993,14605
15797: 13879,13757,15109,14354,15129,14692
12854: 15111
13573: 15163,12920,15467,15002,14576,15155
13813: 14365,13199
15793: 15560,13472
14207: 13902,14379
15010: 13598,13671,13533,14560,15307
13328: 14286,14413,14533,15289,14322
14889: 15164,12904,13768
15676: 14645,15020,15617,14014,15287,13092
14288: 13846,14833,14863,15344,14834,15707
13030: 14740,15687,13976,15777,13441
13552: 13269,14700,14173
15082: 15072,12943,15788,13787,13953
13091: 13064,14820,13134,14127
14347: 14831,15263,13591,14427,13309,15641
15263: 14831,14840,14347,13591,15624,13969
15569: 13707,15197,13266
15070: 13745,14787,14488,13602,15108
13015: 15111,14592,15384,15732
13142: 13421,14610,14965,14929,14219
14604: 14115,13281,13953,15072,13443
13586: 14835,14780,14151
14397: 14374,14598,15342,13341,13517,14709
15802: 15114
15177: 13193,13479,14319,13291,15623
13706: 13927,13532,14162,14679
15515: 14252,13222
14773: 13246,12999,13654,13418
15525: 14563,15474,15073,14663,13099,15792
13253: 13116,14695
13784: 13009,13535,14926,13327,12856
15021: 
14073: 
12889: 13901,15610,12890,14978,15341,12996
14915: 15303,15381,14900
15211: 15095,13578,14835,14080,14060,13161
13362: 15441,15123,13629,15784,13118,13999
15470: 13245,14012,15294
14845: 14053,14371,13012,13682,13990
14786: 15417,15370,13873
13641: 
14386: 14586,15544
15548: 
14247: 14366,13847
14602: 14699,15043,13594,15297,14013
13251: 12960,14292,12993,15626,14598,15342
15221: 15280,13430,15173,14921
15556: 15577,15087,14366
15347: 15129,14692,15561,13944,15195,13136
15696: 
13289: 13488
13325: 13436,13660
15671: 14892,13629,12996,15181,13999,13183
15430: 15640,13979,14063,14007
12981: 14404,14583
15769: 14434,13018,13470,15428,13800
14687: 13709,14858
15809: 14297,13485,13560
13500: 15345,14790,15584,13282,14912,13946
13584: 15108,12985,12944,14205,14937
14586: 14386,15544
14069: 15743,13098
14661: 15033,13743,14610,14544,15775
13020: 15004,13225,12848,13396,13593,15121
14248: 15261,13279,13764
14510: 13579,14701,15354,13856,15243,14919
13257: 13712,13720
15360: 13906,14836,14164,14433
13884: 14833,13886,14183,14449,12895,15272
13033: 14307,15132,13651,15777
15368: 13036,14671,15271,15512
14418: 15718,13372,14986,15353,13264
15047: 12933,12907,15186,13670
13834: 15072,12943,14574,14933,13908,13180
14964: 14553,13151,13268,14280
13779: 
14182: 12865,15810,14092,15447
14037: 15630,12874,13456,15007,15489
14605: 14993,12861,12951,13139
13685: 
14254: 15416,12950,15097
14479: 15241,13617,14568,14511,15215,14289
14036: 14998,13741,15454,14310
13116: 13253
13650: 
15310: 14640
13509: 
13220: 13562,13873,15417,13194
14167: 13796,13983
15053: 14981,13970
13183: 15392,13999,15181,13856,15671,14672
13876: 15530,13306,14534,15311
13429: 13543
14909: 15660,14595
15462: 13365,13703,15113,15329,14148,13628
12883: 14996,15604,15425,14367
12989: 15518
15555: 13059,15639
13375: 14276,14050,14466,13824
13330: 14789,15502,15402
14311: 14381,13088,14050,13175
13703: 14198,13365,15462,14301,13998,15329
14126: 15384
15607: 13807,15080,14408,13508
14137: 13496,13181,14802
14447: 14116,14763,13919,14298,13467,14279
13913: 14449,15786,12895,13287,15675,14382
15720: 14912,15340,13271,14659,13442
15679: 
14814: 12941,13984,14804,15764,14526,14332,14788
15695: 14732,13767,15200,15069,14705
15367: 15318,13624,13094,13677,13445,14269
14430: 13340,14584
12943: 13834,15072,15082,13787,14392,14933
13811: 14453,15364,14532,15708
14332: 14788,14814,15764,12986,15081
13145: 14450,14588,13001,15717,12973,14150
13306: 15530,13876,15067,12898
15207: 14942,14961,13587,14429,14443,13423
14534: 15530,13876,13632,15250
15409: 14762,13123,14738,15338,15688,14745
14659: 13585,15720,15278,13442
13937: 15204,13013,15136,15145,15475,13612
15067: 13207,13263,14926,14950,13306,12898
13432: 13883,13974,15410,12837,14470,15109
14467: 13138,15791,15248,15754
13480: 14536,14737,15397,13182,14454,13123
13105: 15692,15730,15746,15760,15644
15275: 14187,15741,14026,14444,14441,14797
14584: 14430,13340,13017,14408
15172: 15645,13236,13748,13535,13083,13858
14378: 13437,15163,15467,14034,15231,13950
15165: 13686,15592,14566,14308,14487
13689: 13315,15239
13525: 12887,15253,15801,14864
13308: 13785,15808
14123: 14074,13435,15398,15561,13605
14636: 13939,15737,13191,14581,14256,12982,14865
14482: 15391,15244,15083,12882,15169,15267
13532: 13927,13706,13164,14276
13157: 13922,13777,14568,15003,15698,12972
13335: 14963,14679,13755,13173,14703
15245: 14806,15753,14821,14532
15395: 15654,12880,15220,14410
15673: 13135,14396,15191,14185,14652,15724
15274: 12824,28683,13832,13540,15586,13815
15379: 13838,13924,13994,13775,15474,14528
15030: 13812,15374,14750,15622,12890,13464
13915: 15158,14556,14417,13151
15197: 14559,13266,15569
15753: 14806,15245,13738,13181
14223: 14032,14106,12954,13814
13158: 15392,13118,15725,14445,14660,14972
12929: 12974
15678: 15016,14489,13473,15077
13110: 13057,13925,13739,13898
13100: 14022,13791,13835,14927,12961,15284
15597: 14676,13174,15295,14055,13942,14907
14583: 13080,12981
15680: 13286,13483,13278,14477,15590
13108: 13368,14169,14030,15539,15701,14751
12877: 14955,15599,15738,12857,14677,15116
14600: 
15627: 13345,15461,14723,15779,12994
14776: 13290,13960,12902,15205,14985,15468
15476: 13050,15227
13980: 15228
15795: 15779,14557,14179,13159,13349
15184: 14539,14189,15090,12907,15718
14490: 12935,13320,14360,13224
15518: 14461,12989,13234
15711: 13133,12946
13327: 13343,12856,12908,13263,14926,13784
15339: 14965,13690,15147
15097: 12950,15663,13233,14254
13054: 13459
14960: 12878,13297,13474
13582: 15194,13536
14240: 14813
13082: 13140,15012,13754,13792,15539,15701
15464: 13293,12906,12948,13848,14542
14539: 15184,14189,15090,14284,14808
15219: 13129,13854,14646,15646,13841,15390
13783: 12938,14632,13708
14501: 14735,13849,14693
14208: 14280,15684,15482,14890,14285
13379: 13043
13365: 14198,15462,15284,13703,15113,13835
14449: 13913,15786,12895,13886,13884,13117
15161: 
14156: 15436,12851
13616: 15441,14607,15123,15542,15280,13430
13037: 15094,13125,14666,15103,14278
14875: 
14658: 13640,15296,15139,14174,15481,13761
14946: 
15811: 15266,14316,15703,15234
15694: 
13466: 15238,14869,13124,13941
13592: 14503,14669
13391: 14461
13639: 13607,13627,13611,14916,15492,14910
14724: 13177,13035,14124,13460,13518,15591
14180: 12870,15029,13036,13111,15271
13404: 15593,14621,13376,15175,14273,14259
13909: 14414,13914,13273,13066
13193: 13981,12841,13944,15177,13479,13291,13366
14932: 
15080: 13807,15607,13017,13210
14400: 15443,14997
13046: 13693,13605,15057,15398,13460,13801
15144: 13991,14766,14474,13581,14025,12970
14611: 15042,14436,15179,13044,14888,15174
14413: 14691,14533,15810,15289,13328
12842: 14035,15346,15579,14615
13155: 15715,12966,14160,13388
14979: 13721,14953
14987: 13863,14349,13977,15240,13270
14362: 
12993: 13163,15763,14464,15626,12960,13251,14797
15276: 14710,15186,14949,14554,12933
13807: 15080,15607,13344,13210,15142
15182: 14415,12892,14898
15018: 15727,13350,13920,14020
15218: 13588
13845: 14257,15036,14990,13476,14263
15775: 15131,15033,14661,14544,13149
13597: 13725,12976,14688,13727,15804
15008: 15552,14143,14476,15564,14704
14110: 13213,13243
13322: 15495,15567,14819,13402,14310
14198: 13365,15284,13703,13956,15226,14301
14908: 14778,15579,13032
14638: 15170,15266,15789
13136: 15195,13265,15558,15347,15561
13439: 14181,13635,14353,15317,13687,14991
12996: 14892,15671,12889,14978,15341,15181
13903: 13860,13457,12855
15604: 12883,14996,15425,13204,14271,12965
13264: 14129,13176,14418,15353,14161
15565: 
15630: 14037,12874,14399,13456,13320,13678
13860: 13903,14828,13767
14969: 15419,13800,14097,15298
15359: 13780,14346,12869
15381: 14915,13463,13141
15191: 14396,13097,14290,13135,15086,15673
15189: 15106,14601,13416,14655,14441,14026
14989: 
13115: 13271,13585,14226,13127
15544: 14111,14386,14586
12988: 13991,14766,14841,12971
14768: 15785,15813,14526,15552,12959,13558
14270: 
14848: 13339,12864,13310,13055,15084
15212: 14831,14840,15404,13049,14796,14001
13433: 14059,14255,13875,14973
13801: 13460,13518,13442,15340,15398,13046
13954: 15585
14097: 14434,15091,14969,13800,15105
14591: 13690,14268,13576,14251
14765: 13414,15702,14316,13454
15570: 12979,14940
15039: 
13139: 13093,14409,14605,13626
13246: 14525,14127,14773,14391,13418
12863: 15432,15577
13294: 13284,13133
14827: 13147,14968,14369
13577: 14250,13489,14684,13825,12918,14667
14106: 15438,12954,14121,14223
15117: 14192,13494,13112
14018: 13068,14100,15059
15079: 12991
13910: 13476,14263,13928
15603: 14991,13195,13559,14353,13448,15448
13644: 13446,14272,13393,14014,13852,15287
14981: 15053
15132: 14618,13976,12875,13033,15777
13069: 13485,13560,15034,13630
13671: 15010,13598,15307,13664
14597: 13031,13622
14910: 15160,15492,14743,13639,13627,13732
12933: 15047,15759,12907,14554,15276
15461: 15627,13345,14723,15645,13748,14258
15595: 14152,13722,13551,12957,13967,14090
14890: 15369,12860,14208,14285
13721: 14979,14299
14181: 13439,13635,15113,15317,13871,13628
13001: 14588,15396,13145,15270,14150
13805: 13424,14809,15534
14576: 15305,15002,14522,13356,14573,13573,12920
13424: 13805,15534,13223
13326: 14011,12971,13413,13401
13090: 14299,14716
15505: 15787,12885,13934,14599,13400,13815
14779: 13976,12875,15500,14463,14740
13074: 12855,14103,13107,15514
15447: 14234,14312,15810,14182,13704
13367: 15532,12818,13371,14948,15740,13820
15181: 15354,15341,13856,15671,12996,13183
14970: 15038,14502,12987,14674,12921,14042
15672: 13928,13590
15495: 15567,14819,13322,14817,15414,14157
13696: 13908,13546,13443,13209,14041,14895
15408: 
13787: 15714,14392,15788,14023,12943,15082
13242: 14160,14596,14899
15660: 14909,13223,15299,14595
15496: 
13667: 15550,13377,13660
14709: 13778,14498,14397,13341,14485,13517
14200: 15231,14982,14750,13437,13464,14432
13333: 15706,15027
12909: 13310,15566,12896,15723,14055,13935
14873: 15121,13968,14511,13593,14289,13996
12908: 15455,13027,13263,13327,13343
14230: 14068,14546,14995
13712: 13257
14914: 14158
14266: 12997,13907,13361
13539: 14530,15208
14259: 15657,13792,13089,15593,13404,14273
14299: 13090,13721
15019: 
13622: 14597,13869,15808
15229: 14343,15386,14599,15268,13237,14628
14911: 15605
15487: 15778,13796,13130
14995: 14913,14950,13021,14230,14520
12951: 14209,13260,14605
14701: 13583,14159,13165,15354,15426,15243,14510
15613: 15714,14398,15351,13265,14152,13551
15285: 15747,15465,12816,13516,15065
14704: 15564,15003,13710,15008,15241,13617
13859: 
13904: 13769,13064,13277,14391,15223
15738: 14838,14185,12857,13975,12877,15599
14431: 15320,14102
14066: 15726,14784,13990,15063,14569
15064: 
14070: 
14521: 15133,14608
15783: 13034,13747,15153,14651
15171: 14511,14451,13593,15215,14239,13396
15522: 14942,14961,15557,13677,15318,14872
15521: 14648,15027
13828: 13626,13278,13093,13765,13286
15173: 14983,14484,15221,13430
14204: 15541,13775,14665,14714,13830,15073
13524: 14017,13902
14735: 14501
13680: 14529,14832,14507,14662,15652,13338
13736: 14410,15017,14593,12926,13625
13201: 12910,14245
13593: 14511,15171,13396,13020,15121,14873
14856: 15489,13843,14780,12915,15731,13776
14536: 13480,14737,14454,13868,14643
13762: 14627
13549: 15760,14882,14994
15062: 15807
12818: 14061,13865,13510,15532,13367,13820
13323: 15483,13462,13028,14853,15572
15162: 14681,14141,13317,13114
14120: 13675,13740,13753,15713,13634
13673: 15258,13355,14850,13893,13548
13649: 13339,13568,13822,15397,13182
14783: 13700,15306,13486
15577: 14637,15087,12863,15556
13162: 14336,14009,13694,13080,15537
15302: 15650,13482,15350
13606: 14962,15516
15450: 14291,13268,15618
14958: 
15346: 12842,15406,15579
15083: 15391,14482,14628,15089,12882,14741
14862: 13519,15152,14866,14787,15619,13823
14128: 13126
13337: 14810,13106
12947: 
15734: 15750
14427: 14955,15599,13591,14512,14347,15641
15457: 12942,13872,13000
13122: 13035,15670,14350,15096,13735,13025
14789: 13330,13861,14967
13192: 15058,15112
15378: 14186,15402
13502: 15293,13864,14937,14203
14654: 14304,15401,15549,13284,14121
12815: 14231,15054,13678,13957,14399
14355: 
14241: 
13343: 13327,12908,12958,15222
15704: 
13670: 15047,13019,13372
14154: 15778,13637,15439
15452: 15582,13211
15262: 13570
15304: 12822,14580,13803
15546: 12869,13564
15113: 13365,15462,13835,15317,13628,14181
13112: 13672,13494,15117
15186: 14710,15276,12832,15047,13307
14579: 15254,13699,12940,13218,13534
15206: 13235
13137: 15130,13244,13495,12972,13777,14702,14795
14302: 13072,15568,14283
14972: 14660,14345,13158,15725,14423,14370
12862: 14465,12847,13638
15111: 13015,12854
13021: 13474,14886,13406,14995
13951: 14217,15159,14879,14086,15543,12836
14697: 15066,13840,14294,13961
13983: 13713,14167,15631
15240: 14150,13977,15717,12948,13270,14987
15642: 14412,14191,14631,15453,14098
15674: 15756,14390,13596
13350: 15631,14359,15018
13722: 14152,15595,14708,15137,13498,12957
14468: 14403,12848,14071,15205,12902,14439,12978
12874: 14037,15630,13053,13320,15007
14625: 13421,13547,13652,14219
14082: 14061,13865,14619,14919,14730,13984
12844: 
14481: 15055,13870,14092,15768,13955,14440
15588: 12914,14523,14438
13849: 14501
12922: 
13214: 15688,14555,14745,15624,13969,12911
14475: 14784,14175,13331,14054
13856: 15354,15181,14672,13579,14510,13183
15423: 
13943: 15196,14453,15708,13272
14043: 14255,15265,14059,13681
14868: 15483,13028,14249
13453: 
15479: 15625,15323,14815,13175
13832: 15787,15446,13540,14721,13815,15274
15217: 
15702: 12946,14765,13414
13933: 15250,14694,13938,12825,12840
14225: 13960,12902,12814,14403,14451
14067: 15805,15781,13853,14360,15444
15273: 13274,13621,15412,15396,15372
15054: 14954,12815,14399,13231,13501
13006: 13507,14849,15682
14550: 14407,14305,15259,14668,13569,13049
15748: 14298,13467,13875,13389,13185,13789
14320: 14064,14435,15449,15333,13011
15174: 14888,15051,15179,13631,14611
15131: 15775,12849,14117,13929,13057
15306: 14783
15279: 15312,13266,13495,14523
14675: 13688,14645,15601,13292,13101,13855
14109: 14573,13812,15374,14522,15782,13364
14619: 15243,14919,13506,13731,13865,14082
14608: 14085,15133,14521,13288
12967: 15089,13249,13132,14798,13995,13409
14317: 12923,15286,14264,13245
14699: 14602,15722,13881,13594
13026: 14715
15665: 13221,13269,14345,14370,15209
14567: 15651,13516,13184,14736,13665,14812
13216: 14366,15087,13543,13847
13890: 14702,12897,13968,13996,15551
14486: 14940
14280: 14208,15684,14964,15482,14291
15282: 13130,15778,14419
15105: 13576,14097,15091,15298,13440
14750: 13610,13812,15030,13437,13464,14200
15812: 
13840: 15066,14697,14295,13513,14696
12945: 14327,15528,13092,15601,13469,14925
14986: 12840,13019,14418,13372,14161
14858: 14687
13252: 14613,14206,14664
15798: 
15751: 15120,13134,13504,13399,14820
13097: 14396,15246,15191,14290,13857,14733
13008: 15050,15490,14624,15715,12966
13628: 13871,14148,14039,15462,15113,14181
15272: 15661,15154,13287,13884,13417,12895
13996: 14289,15698,12972,14873,13968,14702,13890
14192: 15117
13692: 13403,13881,12949
15187: 14695,15292,14348
14994: 13549,14882
14342: 
14822: 15046,14068,14802
13529: 14577,15059,13295,15504,13261
15421: 
13756: 14726,14523,13002,13837,14438
12887: 13525,15253,15801,14657
13714: 14004,15383
14950: 14995,14913,14520,15067,13207
13382: 
13043: 13379,15009
13804: 15664
12900: 14369,15568,13589,15580
15134: 13556,13229,14134
14878: 13450,14975
14678: 
14805: 13041,14139,12931
13751: 
15138: 12881,14365,13141
13634: 14308,14487,15713,14120,13753
14341: 13295,13691,15508,14469
13371: 14952,12992,14948,15348,13367,15740
13715: 13270,14542
14947: 
14973: 13875,13389,13972,13433,12930
13399: 14383,15751,15120,15251,14820
14869: 13466,14782
12949: 13692
13788: 13172,13143,14473,15391,15244,13237
14197: 12826,13645
13999: 15392,13118,13183,15671,13629,13362
15180: 14369,15568,14283
14562: 13440,14251,15247
15561: 15129,15347,14123,14074,13605,13136
15044: 15654,12880,13528,15503
13423: 13510,15532,14443,13428,15207,13587
14000: 14870,15107,15154,13287,14382,12845
13893: 13625,13737,14850,12926,13673
14745: 15688,13214,14762,15409,13992,12911
15739: 14963,14679,14162
15559: 15157,13521,15737,12873,13681,12817
13770: 13098
14144: 15666,15185,15365
14184: 15562,12843
12944: 13745,14212,13584,15108,14205
14669: 13357,15681,14503,14229,13592
13603: 15385
13881: 15722,14373,13692,14699
14524: 14497,14493,13523,13083,14984
13052: 15298,13007,14165,15316
14628: 15391,13237,15083,15386,15229,14741
13660: 13667,13325,13988
14993: 14409,14605,12861,14003
12885: 15356,14751,13934,15787,13669,15505
13114: 13047,15150,14556,14141,15162,14417
12888: 13319,15691
13049: 13569,14840,15212,14407,14550,14001
13661: 13415,14315,13798,13906,13154
14042: 14301,15048,13998,14970,14502,12921
14859: 15157,13521,13519,15152,14865,15648
15449: 12838,13823,15463,13011,15574,14320
15001: 15214,14566,13508,13344,13658
15320: 14134,14431
13279: 13827,15689,14248,13764
15746: 13105,15730,14414
13506: 15243,14619,15528,13583,13731,13469
13647: 15536
15020: 13688,15676,14645,14260,15617,15744
13120: 14089,12924,15210,13522,14212
14105: 13598,14844,14998
12937: 14823
13771: 14215,12977,15508,15059
13280: 13878,13938,15393,12832,13307
13036: 15368,13888,13206,12870,14180
13605: 13693,13046,14123,15398,15561,15558
14315: 13661,13154
14160: 13242,15040,13155
14904: 14387,15277
13053: 12935,13932,15007,12874
14094: 13377,15754,13880
12923: 14317,14012
13803: 13387,15304
13374: 12855,14565
14017: 13524,15520
13799: 15438,14147,14145,14380
13536: 14020,15194,13582
13688: 14645,15020,14675,15744,15135,13292
13676: 15309,12961,13302,13821
13270: 13715,14542,12948,15240,14987,14349
15663: 15097,14415
14603: 13528,13911,14744,13585,15278,15770
13290: 13960,13380,14776,13624,13094,14985
14942: 14961,15207,15522,14155,14429,15557
15303: 14915,12853,12846
14790: 15345,13500,15584,13481,15693,13595
15358: 15803,15771,13752,15308
15175: 13376,13900,12965,14621,13404,14296
15752: 15399
13516: 12816,15651,14567,14736,15285,15465
12845: 15154,15806,14000,15107
13730: 15370
14368: 
14081: 15264,12956,15382
14924: 
13865: 14061,12818,14082,13731,14619,13510
14673: 14474,15576,13581,13817
13988: 13660
14796: 13449,14001,15404,15212,13894,14728
13377: 14094,13667,13880
13731: 13428,13469,14619,13506,13510,13865
14588: 13001,15396,14509,12980,14450,13145
14913: 14995,14950,13719,15530
13358: 13486,14275
14737: 13480,14536,15397,14551,14221,13868
14339: 14712,14101,14077
13172: 13143,13364,13788,14473,15374,15622
13626: 13541,13828,14409,13139,13918
15643: 14103,15639,13107
14665: 14025,15145,14714,15541,12970,14204
14205: 14264,14937,12944,15286,13584
14954: 14231,15054,13060,13566
13384: 15290,14277,13769,14496,15389,15554
13092: 14327,15287,12945,15676,14645,15601
12891: 12931,13451,12939
14065: 
15501: 13659,14920
14356: 
13418: 15290,14277,13246,14773,14391
15112: 13192,15006
15549: 14810,14654,13284
12893: 14458,14778,13032
13077: 12896,12984,13344,15142,13623,15214
12850: 14346,13010
13979: 15640,13152,15430,13806,14861,14138
15227: 12925,13296,15476,13050
14260: 13565,14190,15617,13178,15744,15020
13946: 14912,13500,13282,13435,15609
15124: 14720,15420
15531: 14439,12978,14395,14086,12884,12836
15683: 14974,14079
14044: 15547,13663,14504,14535
13958: 13493
15000: 15133,13496,14802,15046
13023: 15032
15572: 14853,13323,13462,14974
14211: 14630,15321,13659,14712
13829: 
15690: 15493
14010: 
14682: 14364,14759,14867,14131,13907
12983: 14717
15345: 13500,14790,15693,15535,13883,13282
15657: 13792,14259,15593,15156,14169,15539
15009: 13543,13043
13088: 14381,14311,13164,14276,14050
14092: 15768,14481,13955,14182
13574: 14132,15307,15405,13533,14381
13504: 15400,13134,15751,15120
13883: 13432,13974,13282,15410,15535,15345
12872: 15435,13763,13206
15507: 15587
14335: 14547,12904,14075
13153: 15735,14179,15645,13236,15779,13345
15215: 14511,15171,14239,14078,13617,14479
14937: 14205,14264,14203,13584,13502
14792: 14756,14199,14076,12936,15086,14290
15087: 15577,15556,14366,13216
15586: 13438,13400,13815,28683,15782,15274
14319: 13338,13479,15177,14662,14944,15623
13564: 15571,13010,15546
14151: 14138,14861,14517,13586
13608: 13863,14349,14209,15581
13723: 
15298: 13052,13440,14969,13007,15105
15722: 14373,13881,13129,13854,13594,14699
14313: 14876,13949,14309
14088: 14455,14435,14874,15429,12819
14906: 14338,13247
14087: 14505,14753
13576: 15105,13440,14591,14268
13750: 13755,13964,13173,15433,15621
13831: 
15362: 14425
13517: 15151,14485,14397,15342,14318,14709
14104: 14224,15553,15653,13109
15632: 14314,15420
13984: 12941,14814,14730,14061,14804,14082
13707: 15569
14961: 14942,15207,15522,13587,15762,14872
13292: 14529,14832,15135,13688,14675,13855
15159: 14217,13951,14879,14202,15055
15230: 13892,14007,13451,15640,15440
14955: 12877,15599,14427,15116,15641,14747
14617: 13353,13821,14837,14834
13772: 14693,13758
14907: 14739,15693,13174,15597,13481
14078: 15325,13710,13067,14239,15215,13617
15439: 13637,14154,14359
14055: 13935,13942,12909,15723,15295,15597
14333: 14917
14880: 15350,13336,14967,15534
15031: 13609
14966: 13850
13757: 15109,15797,13974,14074,15609,15129
14153: 15407,13204,13817,15425
15563: 13413,13401,13394,15225
13940: 15098,14558
14516: 13386
15616: 14068,14806,14546
15724: 13085,15085,15673,14396,14185,12857
14640: 13038,15310
15225: 15563,14053,14570,15076
15327: 14883,13589
14239: 13067,12814,14078,14451,15171,15215
15655: 13002,14232,14976,15371
13341: 15792,14999,14374,14397,13778,14709
13234: 14408,15518,14446
15232: 15700
12980: 15503,15412,15236,14509,14588
14754: 
15425: 12883,15604,14153,13204
15349: 13614,13167,13209,13281
14657: 12887,15253
15393: 14075,12832,13280
15647: 14504,14535,13167,14471,14115,13281
14358: 14519,15485,14307,14664
15125: 12853,14261
15541: 13994,14051,12970,13775,14204,14665
12851: 15436,14156,14897
15410: 13868,14643,15535,12837,13432,13883
13150: 13346,13119
15387: 13992,15529,12837,14762,14454,14643
13349: 13159,15749,15795,12994,13461
13450: 14878,15540
13620: 13261,14974
13610: 14573,13812,14750,13437,15163,12920
15316: 14165,14218,13052,15247,13698
15013: 13720
14171: 14262,15058,12934,14711
15324: 13572,14016,14279,14763,13511,14977
14863: 14288,14833,13886,15707,15363,13241
15130: 13244,13495,13137
14096: 15659
13048: 14505
14306: 14670
15243: 14619,14919,13506,13583,14701,14510
13800: 14969,15428,13553,14097,15769
13452: 14150,13977,15270,13952,15547
14376: 15498,14164
15649: 14818,14700
15592: 13686,15165,15214,12984,13202
14290: 13097,15191,13857,14792,14199,15086
14327: 13773,13852,15287,15528,12945,13092
13041: 13596,14805,14351
13638: 12847,12862
14452: 13227,15024,15580
13651: 13156,15777,13385,13033,15203
13615: 
13247: 14794,14906
15005: 12994,14817,13461,13695,14819
14882: 13549,14994
13064: 13091,13277,14820,14127,14391,13904
14575: 15582
12924: 14089,13120,15185,15365,13522
14135: 
15624: 13591,13226,14555,13214,13969,15263
13895: 15205,15468,14228,13782,14439,14395
13792: 15657,14259,13089,15539,13082,15012
13691: 12977,15508,13716,15618,14341
12866: 13595,14812,13174,13665,13481
14387: 14904,15077
13462: 13323,13028,15572
14048: 14250,13489,13317,14024
13645: 14887,14197,15466,15401
15747: 15285,15465,14705,14531,15065
14664: 13825,13347,13252,14358,15485
14159: 14701,13165,15594,13039,14401,15610,15426
13949: 14313
13508: 13866,15607,13658,14566,15001
15331: 12865,13553,15419,15434
15703: 15789,15811,15506
14052: 15469
14717: 13411,12983,14112
12972: 15698,13996,13777,13157,14702,13137
13919: 12912,14298,15772,13679,14116,14447
14967: 15534,14880,14789
13686: 15592,15596,15165,13202,12927
13265: 15195,15351,13136,15558,15613,14398
13748: 15645,15172,12917,13858,15461,14258
15580: 15024,12900,13589,14297,14452
13093: 13139,15366,14642,13765,13828
12971: 14011,14841,13326,12988
14173: 13552
13013: 15204,13937,13455,13839,15136,14330
13971: 14951,15363,13948,14022,13791,13687
13185: 12912,13389,15748,14298
13567: 15185,14080,13161
13927: 13706,13532,13109,15377,14276
15756: 15674,14518
15289: 15434,12865,15810,14413,14286,13328
12985: 13584,13602,15333,14435,14455
15628: 13386,14614,13259
13746: 13361,14215,15158
13955: 13553,14440,14481,14092
15715: 13155,15050,13008,15040
12834: 14903,14372,15801
13217: 14774,14828,14363,13604
15033: 14661,14610,15775,13149,13421
14422: 15127,13729
12895: 14449,13913,13884,15272,13287
14451: 15171,14225,14239,12814,14403,13396
12977: 13691,15508,14215,13771,15618
15209: 14901,12986,15081,14345,15665
13991: 15144,14766,12988,14841,14025,15475
15648: 15677,13662,13521,14859,13519,12838
14540: 
13095: 14251,15247,14849,15380
14113: 14957
12946: 13022,15702,15711,15170,13414
14453: 13811,15198,14748,15708,13943
14720: 15124,14749
13643: 15772,13679,13160,12886,13316
13609: 15523,15031
14324: 15023
14349: 14987,13608,13270
15474: 15525,15073,13775,15379,14663,14528
15477: 
14014: 14639,15617,13644,13393,15676,15287
14308: 15608,13634,14487,15596,15165
15512: 15368,13473,15271,15277
15723: 15295,13202,12896,12984,12909,14055
15453: 13931,15642,14098
15729: 14085,14631,13797,14421,15319
13665: 14676,13174,13184,14567,12866,14812
13545: 
14971: 14893
15204: 13013,13937,13839,13612,13163,14464
14903: 12834,14195,14189,14284
14741: 15089,13249,15296,15386,15083,14628
15658: 12899,15290,15554,13047