14621: 14892,12864,14927,13992,12877
28593: 
13143: 13629,14076,15505,13455,13773,15231,15456
14985: 15280,14798,14692,13396,13551
12849: 13663,15543,14642,13015,13270,14993
28616: 14912,13605,15629,15040,14708
14328: 14106,14683,15753,14517,13719,12985
15299: 
15380: 14651,13890,13328,15750,15134,15565
15145: 14424,13309,12967,12978,14831,13817
13511: 15152,13386,13662,13545,14295,15660
13765: 14005,13136,13415,14202
14273: 14599,15386,15229,14733,13526,14343
15510: 
14172: 
15340: 14579,15209,14944
13959: 12966,14804,13169,13484,14824,13862
14722: 14250,13160,13402,13574,15162
15448: 13370
13438: 13809,13854,14408,13395,13526
14250: 13160,14722,12930
13724: 
13533: 12916,13899,14723,15400,13456
12829: 14214,14882,15399,15045,15760,13328
12939: 15571,15499,14080,14352,13231
12855: 15514,14705,15555,14777,14729,14641
14343: 14930,15080,14733,14273,15386,14454
13151: 15052,12990
13942: 14643,13103,15695,14655,15295,14430
15785: 14728,14679
13420: 13612,14873,13226,13569,14668
13886: 13403,14803,15140,14035,13540
14390: 13211,28660,15011,15047,15014
14436: 15135,15797
13061: 15187,13253,13037
14824: 13862,13701,13959,13169,14678,14727
15666: 14012,13725,14909,14616,14539
13488: 13848,15527,13293,13877,15809,14836
14556: 13316,13840,14358,15150
14112: 13786,14409,13216,13908,14045,13492
13025: 13366,15427,15215
13894: 14939,15522
13263: 15704,14622,14575,15573,13964
12840: 15196,14986,12881,28609,13979,15000
14405: 13853,13764,14384,12832,15801,14690
14881: 14731,15167,13090,13910,14184
15804: 15302,14997
13753: 13182,14319,13017,13860
14598: 13851,14928,15085,12989
15338: 13544,15189,13856,15597,12857,12826
14998: 14381,13114
14252: 14779,15378,13112,15650
14488: 13738
15372: 14567,15096,13650,15654,15670,13736
15484: 15408,13818,13785,13700,14134,13308
15779: 14543,14298
14108: 13823,14399,13206
13302: 13431,14464,14323,13353,15191
15116: 15617,13619,15626,14797,14326
14833: 14522,14282,13610,14628,14200,14174
15737: 15128,15185
15482: 14613,15524,14519
12958: 15401,15567,12819,15252,13348
15178: 13670,13320,14348,13939
15254: 14275,13484,13862,15300,15199
13948: 12936,15539,13788,15274,14548
14438: 15202,15331,14795,13909
14923: 14840,13929,15205,14872,14741
15373: 13421,13429,14989,13308
14809: 
14802: 15575
13070: 
15519: 12814,14322,13269,13820,14316
15363: 13364,14628,13950,14282
15792: 13611
14683: 12968,14328,15805,15753
14079: 15370,14648,13468,15341
15791: 15799,13239,14516
14024: 13875,15454,12990,14697
15721: 15334,14297,15239,14164
12911: 13428,15040,13595,13652
15760: 12829,15399,15045,13655,13218,13360
15698: 15060,13981,12836,14562,13614,14743
14920: 12979,13751,14377,14404,14583,15794
14650: 14768,14704,15624,14061,15123,15221
15002: 15163,15438,14821,14290
15244: 13854,14860,13237,13012,15075
14178: 13317,15213,14206,14896,14817
15730: 13425
15150: 12839,14556,13347
14893: 13235,15548,13536,14194,13022,14971
15332: 13089,15806,28643,15782,15374,13067
15296: 15563,14175,13326,13365,14022,15020
13814: 13157,13449,15617,14675
14323: 14601,13117,14464,13594,13302
14369: 13916,14883,14209,14827,15180,13503
14361: 15735,13843,14199,15038
15293: 15352,14560,14520,14348,13695
13301: 13786,14409,15663
14921: 14726,14818,14218,14117,14610,13731
15092: 14669
15201: 14217,13315,14415,13379,15556,14966
13808: 14182
14929: 15691,15694
14999: 13344,13099,14831,15342,13163,12967
15024: 15236,14349,14987,14115,13139,15568
12932: 15218,12893,14331,15089
13297: 14806,15430,12982,12898,14636,14059
15745: 14062,14206,15739,13317
14391: 14541,12899
15688: 14487,13017,13860
13010: 13382,13742,14830,13514
14186: 
15403: 15374,13067,13581,14424,13365,13326
14808: 15054,14467,13272,14231,14518
13553: 14217,13315,13689,13626
14742: 13033,14352,13222,15277,15754
14585: 14579,15209,12986
15343: 13290,15112,12940,15523
13793: 14607,14468,14084,15728,15004,14143
13952: 15060,13981,15613,15427,13281
13414: 13644,14260,14122,14483,15676,14133
13938: 13083,14524,12985,14517,13997,15659,15103
13222: 13231,12869,15277,14742,14352
14594: 15592,13171,13202,14578,15001,14551
13281: 15215,15060,13952,13248,15736
15589: 13713,15255,13620,14208,14287
12994: 13679,13825,13188,15582,14447,13060
14666: 13567,14246,13170,13861,13780
12990: 13151,14629,15256,14024
15427: 14392,15613,13025,13952,15215
13181: 15252,15133,12878,14546,14962
13503: 15180,15249,14827,14850,15017,14369
15370: 14265,14079,12876,15469
13646: 14960,14203,14493,14580,15056,15630
14828: 13658,12847,14715,14363,14705,14641
14489: 13236,14195,13298
13278: 13293,13877,13069,13355,15258,12861,14858
13446: 13791,15566
13267: 15424,15341,13762,13600
12936: 13948,14174,15539,14473,14200,15274,14602
14448: 13383,13425
14606: 13534,13273,12974,14795,15202
15139: 
15061: 15508,12947,14257,13375,13691
15761: 13557,13707
14898: 14045,14785,13216
14812: 15214,14790,13171,12927
14428: 14165,14314,14247
13873: 13845,13028,14197,14285,14609
14003: 14402,13850,13154,12955,14452,13209
13119: 15443
14949: 12879,14212,13678
15420: 14717,12888,13450,15093,13008,14134,15147
13833: 13388,15058,13622,13794,14965
14835: 13744,14177,15125,14856,14631
13248: 15736,13052,13281,15494,13889
14477: 15051,13142,13614,14743,14523,13546
14532: 13632,13811,15579,15138
12965: 13881
15418: 13717,12901,14355,15605,14934
15253: 15192,14817,14463,13566,13734,13919
15645: 15621,15453,13671,15773
13684: 14083,14918,15798,14707
15654: 14842,13737,15096,15220,15372,13736
14587: 15686,13288,12822
12896: 14643,13103,14308,13935,15337
15557: 15205,14872,14709,15474,14367
15506: 14421,14208,14287
15151: 13649,13832,14054,13210,14185
13924: 28622,14834,13249,13203,14482
14364: 13268,15251,13659
15432: 15097,15182,15042,14340
13976: 13875,14775
13286: 14637,13661,14440,15490
13583: 
13702: 15803,13213,14627,15496,15019
13044: 13057,13603,13800,13015,15471,14993
14912: 28616,13605,13757,15410,15629
14351: 13745
14642: 12849,13663,13270,14685,14624,14241
14684: 15302,14294,14997,13651
14179: 
15238: 12831,13124,13466,13903,12868,14416
15434: 12871,13914,13639,13955,13052,14879
15071: 14941,13308,15408,14596
13124: 14782,12831,15238,15491,13723,14416
14543: 15779
13839: 14931,15225,13409,13393,14673
15608: 13480,15200,13234,14572,15770
13299: 13806,14547,12825
14214: 12829,14882,13328,15565,15312,14052
14322: 14159,13269,13214,15519,14607,13820
15261: 15512
12814: 15531,15519,15552,13824
14027: 13954,14155,15371,15758,13247,15447
14338: 13257
14601: 14323,15517,14458,13417,13594
15573: 13263,14575,15567,15406,13208,13964
13398: 
14559: 15331,13050,14507,14479,14078
15579: 14233,14453,14412,13632,14532
12838: 
14751: 14721,14658,14066,15317
13957: 15271,13451,13084,14902,13965
14861: 14067,15041,14862
13708: 14894,15235,15620,13770,15388,15170
14926: 13668,14191,13083,14524,13454,15304,14805
13230: 14588,14626,13630
13930: 14922
15530: 15653,15406,14191,14954,13208,14915
15590: 14499,14342,14753,14286,15682,14910
13496: 14449,15303,13768,14755,14631
13794: 12934,13978,13561,13388,13833
14496: 14491,15751,13532,13381
14134: 13700,15147,15420,13450,13785,15484
13928: 14386,14249
15669: 14329,15198,12846,14856,13813
15801: 14690,13572,14405,12832,13672
15662: 14779,14527,13497,14248,15330
13781: 15101,15718,15658,13961,13531
12826: 15338,15597,12857
14939: 13996,14041,15522,13894
12919: 13351,13255,28646,13359,13882,15161
14535: 12948,12980,14150,14933
13240: 13314,15746,13633,13558,15288,14345
15390: 13934
13266: 14156
15472: 13030,14618,14508,12944,13252,14763
13361: 13513,14321,15511,14577,12961
14798: 15280,14985,14692,14117,15221,13731
13841: 14573,14528,13934,13364,13339
15538: 28657
14990: 12918,15511,13590,13597,13212
14063: 15686,13288,14547,13522,15699
14580: 14874,15056,15430,14558,15630,13646
14226: 15747,15465,15065,15412,15503
13690: 15383,13257,15691,14356
14624: 13483,13167,14241,13663,14642,14653
13732: 13379,15032,15556,15577
13994: 15267
13936: 
15755: 13529,14419,13323,15315,14957,13367
13899: 12916,13533,14075,15400,13207
13096: 15470,14455,14462
15731: 14945,15297,14870,14378
15246: 15274,12996,13179,14548,13635,13238,13991
14429: 14445,15728,14143,13606,13284
13085: 14674,12920,12987,15646,14484,15344
12979: 14009,14920,15548,14377,14971
14301: 14930,15080,13448,15175,13391
13463: 14799,13138,14256,15218,12915
13442: 13740,13234,15695,14430,13407,14732,14572
14844: 12999,13185,14238
13421: 15373,13429,14735
13212: 14589,13891,13357,13597,14990
14354: 15697
14696: 15292,14890,14997,13125
13213: 15803,13702,14620,13137,13459
14944: 13337,14579,15340,14843
13147: 14850,15240,14781,15069,14281,13107
14706: 15603,14736,15586,14721,14658,15518
15562: 12946,15118,14716,28559,12952,15725
15309: 13669
14877: 14070,14357,13256,13374,13548,14801
12931: 13354,13564,13535,15678
15051: 14477,13142,12854,13167,13546,14090
13848: 15598,15527,13488,14852,13804
15050: 14899,15124,14749,15102,14505,15362
15115: 13461
13544: 14677,15189,15338,15657,12857
13743: 15664,14969,14315,14440,15088,15111
15406: 15653,15530,13348,15567,15573,13208
12886: 13574,28520,15495,12905
14350: 
15750: 15008,15025,14651,15380,14102,15134
15278: 13585,13177,15615,13184,15596,15770
13277: 13064,13381,14491
15534: 15168,13300,14490,14880,14012
13319: 14564,15326
13174: 
13412: 13078,15076,15136
14483: 15676,13644,13414,15702,13075
13911: 13271
13562: 14236,14341,14988,13220,13917,14731
14143: 15004,15601,13793,14429,15728,13284
13458: 15796,14616,13037
14309: 15808,14959,13712,15504,13098,14783
13520: 14823,15023,12827,13882
14237: 14107,15286,12937,15640,15095
15091: 15383
14952: 14269,14086,13756,14848
13173: 14503,14679
13378: 
14359: 13235,15548,13493,14630,14009,15572
15322: 14855,14324
13889: 15494,13248,13052,15273
13823: 14108,14399,13346
12839: 15150,15454,15256
15057: 14509,15366,13801,15345,14603
14554: 15074,14506,15709,14264
14403: 13056,14615,15130,14854,15036
15400: 15049,13207,13899,13533,13456
14236: 14341,13562,14988,14786,13855,15570
12864: 14892,14169,14621,15144,14569,12877
14304: 14291,14020,13106,14184,14154
13809: 13438,15268,13237,14408,13821
14685: 14232,14366,13270,13155,14642,14241
14730: 13101,15173,14818,15003,13178
13822: 14185,13568,13210,14792
15308: 13228,14289,15685,15206,14486,15194
15089: 14331,13523,12932,13063,14581,15245
13858: 12998,13876,15455,12916
14497: 14195
14410: 13715,13262,13737,15717,13145,15643
28557: 14463,13566,14279,13332,15157,12817
15142: 15629,14023,15040,14611
15732: 13550,13541,15082,15680,14119
13003: 14976,14456,13197,13896,15367
15441: 
14246: 12933,13170,13519,13780,15262,14666
14933: 13953,13193,15072,14535,15651
15257: 14500,15647,14604,15416,15431
14784: 13565,12895,15287
15344: 14665,15355,14674,13085,15646,15099
14860: 14769,13237,14013,13012,15244
15576: 13851,14374,13812,14645
15141: 13497,12953,14618,14859,13112,14779
13104: 13066,14414,14155,13747,14980
13657: 
13595: 14708,15693,13428,12911
14121: 15554,12899
14851: 13486
14148: 15425,14054,14022,14569,15020
13311: 13187,12960,14741,14367,14757,14872
13329: 14905,14144,13280,13525,14950
12823: 13884,14538
13759: 15778,15710,15235,13958,14404,13549
13764: 14405,13036,14384
15326: 13484,13319,15298
13790: 15683,13126,15417,15631,13493,15743
14050: 
15614: 12874,15630,28298,14806,14558,14822
14185: 13822,15151,13649
14637: 13286,13661,14440,15111,13040,13110
13209: 13589,13166,13154,14003,14402
15460: 14071,14286,14097,15762,14262
14434: 14028,14711,14342,14268,15595,13243
13483: 12854,14624,13167,14241,13180,14895
15492: 14425,13925,15545,14888,14899,14749
14800: 13062,14334,14332,13510,15243,13042
12948: 14535,12816,15643,14987,14115
13223: 13567,15210,13780,14647,15094
13260: 13951,14340,15663,13550,15042,13487,13274
15140: 14034,14401,14035,15438,13886
13236: 14489,13298,14372
14291: 14020,14304,13644,14111,13106
15291: 14623,13859,15706,14635,13016,13973
13666: 15199,13137,12914,15300,14620,14813
14028: 14434,14342,13243,28650,15682,15339
13161: 14506,14189,14905,14457,12904
13373: 14362,14600,15635
14663: 14153,15763,13356,13039
13476: 13028,15743,13126,15127,13424
13847: 
14692: 14798,14985,15109,13396,14117
13272: 14380,14534,15642,14518,14808
13134: 14280,14557
13953: 13193,14933,15651,13122,13621
14276: 14553,13335,14765
13303: 15458,14126,15087,14314
15794: 13766,12938,14920,13751,14583,14118
14414: 15031,13954,14980,13104
15099: 12909,14645,14674,13140,15344,15355
13034: 15411,13426,13509,14597
13917: 14073,15018,14341,13562,14731,15549
14064: 
14626: 13230,14588,13216,13233,14785
14476: 14313,12903,13165,13963,12897,13872
14900: 15000,12935,12881,13931,15028
14609: 14285,13261,14469,13873,13592
13693: 15716,15209
15456: 14646,13163,13143,13455,15231
14384: 15188,14405,13764,12832,15759
15533: 14799,13138,14335,15090,14710
13850: 14003,14402,14452,13452,14254
14997: 13651,14684,15804,14696,15292
13596: 13009,28634
28660: 13211,14390,15047,13681,13892,15222
13117: 14891,14464,14204,14323,15517
15149: 13916,14883,13512,15126,14207,13485
14336: 15228,13244,14953,14400,15476
14461: 13881
14149: 15122,15377,28371,14311,15120,14634
14381: 14998,28520,15495,13114,15237
15605: 15021,15550,13334,14760,14934,15418,14355
14963: 
15385: 15087,15384,15009,14171
15148: 
15726: 14511
15412: 15584,14226,15065,15503,13650,13432,14567
15490: 13286,14440,14315,13289
15640: 14093,14880,14237,15286,14490,15095
13347: 14859,13489,14763,14358,15150
15073: 14718
13960: 13388,15058,14693,14936,13925,14975
15102: 13898,14505,15050,15362,15458
13768: 13971,15303,14042,15043,13496
15725: 13228,15685,12952,14069,15562,14716
14916: 13896,14119,15367,13828,15415,15714
13087: 
14515: 14000
13056: 14615,14403,14260,14111
13598: 14258,15461
13874: 
13710: 14420,14201,14959,14847,15655,13405
15143: 15741,15404,14327,13612,14190
13309: 15145,14424,15348,12967,15563,13326
14564: 14102,15298,15008,13319
14310: 12908
14899: 15050,15124,14749,15492,15700,14888
15575: 14802,13027,13474
15255: 13713,15589,15508,12947,14263,14208
13588: 13776,13053,14590
14528: 14573,13841,13339,13573,13400,14221
13385: 14472
14788: 14702,13677,14885,15457,14914,14002
13121: 15558,13585,15615
14229: 15183,13244
14007: 13813,12881,12846,28609,14072
14511: 14747,13835,15726
14367: 15474,15594,14757,15557,14872,13311
13789: 14046,15560,13186
14491: 14496,13277,13381
14523: 14743,15769,13362,14477,13546,15316
13118: 13655,15079,15423,13158,15232,15771
15532: 13617,14152
13428: 12911,13595,13481
12916: 13899,13533,13858
13640: 13032,13353,14746
13785: 13450,14134,15484,13818
15239: 12962,14164,13630,15721
15088: 15111,13018,13743,14969,13219,14029
15437: 
13170: 12933,14246,15382,13861,14666
13585: 13177,15278,15558,13121,14739
14469: 13845,14609,13592,14033,14211
14593: 15580,14302,14209,13093,15180,14545
14813: 13557,13491,13666,12914,14620,13949
12873: 14036,13060,13940,15157,14886
13436: 14823,13359,13882
13896: 15680,14119,14916,15367,13197,13003
14445: 14429,13698,14948,15509,15813,13606
14256: 13932,13463,12915
13058: 13409,14982,13179,13913,13097,14444
13866: 14744,14308,14719,13077,14643
28609: 14072,28661,14007,12881,15196,12840
15529: 14792,13094
13897: 13105
13852: 14581,14453,15478,14303,14458
15193: 15711
14278: 14937,15687
13063: 13120,15089,15245,14360
13867: 14413,13006,15289,13243,13321,14092,14711
14736: 15603,15462,14706,14658
14040: 13921,13939,14244
14234: 14946,15581
13719: 14546,14147,14106,14328,12985
15388: 15436,14422,15170,13283,15620,13708
15376: 13972
14721: 14751,14658,14066,14706,15518,13026
14019: 
15584: 15720,13944,15412,14124,15065,13432
15284: 
14140: 15251,13381,13064,14426
13755: 
13426: 13034,13257,14356
13368: 15063
14647: 13254,15668,13780,13223,15094
14217: 15201,13553,13315,13689,14366,14415
13526: 13395,14733,13854,13438,15229,14273
12964: 13066,14431,14155,15447,13218,15079
14544: 15664,15656,15032,13014,15632,13470
12848: 14878,14262,13576,14770
14864: 14886,12817,15029,15104,14016
13189: 13021,15252,15133,14261,12819
14401: 15140,15030,14449,15163,15438
13250: 15333
13359: 13882,13436,15600,13255,12919
14372: 13236
15772: 13654
12942: 14270,14600
14039: 
14577: 14682,15511,13361,15789
13993: 13316,15005,15256
28607: 15751
14379: 14207,13560,12995
14331: 15536,13523,15089,12893,14978,12932
13776: 13588,14799
14286: 14753,15460,14071,14262,14499,15590,14770
13475: 15423,13247,15585,15457,14002,13158
14688: 13079
14212: 14949,13641
15682: 15242,14910,15339,14028,14342,15590
13163: 14646,15342,15456,15231,14831,14999
14002: 13158,12969,15457,14788,14885,13475
13546: 14413,14090,15051,14477,14523,15316,15289
15213: 13418,13317,14178,14817,15677,13919
15120: 13005,13891,14634,13357,14149,28371
15636: 14540,14368,12901,15705,14918
13796: 14897,15068,14073,15018,15059,14754
14988: 14236,13562,13855,13582,13220,13075
13674: 14402,13608,14254
15524: 15482,14613
13978: 13095,14095,14849,13561,14423,13388,13794
15025: 15750,15008,14839,13747,14651
12961: 13109,13361,14321
12827: 15023,14924,13520,15550,13334
15509: 12945,13162,15813,14445,13606,12941
14474: 13241,14699,15328,13573,14473,14602
13407: 14531,14732,13217,13442,14430,12922
13454: 13083,14524,14147,15653,14926,14191
13459: 13949,13869,15665,13213,14620,15019
13062: 14800,15426,14334,14173,14332,14406
13317: 13418,15658,14178,15213,15745
13760: 
13607: 15591,13906,14776,14395,12884,13555
13739: 13198,15775,13043,15719,13057,15768
15415: 14571,15714,14916,15179,13828
13926: 13679,13825,13332,13467,15192,13566
15716: 13693,13551
15041: 15394,14960,14203,13397,14861
15158: 14867,13749,15450,15122,15377,14853
14513: 13354,13554,15674
13704: 15105,14910,13576,14499,14717,13450
15268: 13437,13237,13669,13821,13809
13273: 13534,12974,14606,13752,15783,13609
13179: 14548,13913,13097,15246,13058,13238
15582: 13643,14447,12994,14036,13205
13166: 13589,13209,14283,14376,13154,14542
14008: 15705,14855,15798,14324
14610: 14117,14251,14218,14921
13235: 15548,13493,14359,13536,14893,15417
13356: 14663,13195
13821: 14408,15268,13809
14590: 14335,15250,14494,13053,13588
15128: 15737,14180,15185
13774: 15526,14320,13176,14460
13934: 12824,15390,14573,13841
13132: 13986,14271
13505: 
15558: 14074,13121,13585,14739
13148: 14854
15473: 15625
13629: 13143,13238,14076,13991,15505,13773
14289: 15308,13228,15194,14422,13068,15501
14374: 13812,13140,14762,14645,15576
13842: 13584,13482
15160: 14006
15383: 13690,15091
15771: 13733,12975,13360,15232,13655,13118
13434: 14897,14510,15068,15206,13844,14972
14962: 14546,14147,13181,15653,13348
13372: 
13972: 15376
14708: 15693,13595,28616,13605,15040
15374: 15403,13067,13581,15332,15782,13340
14001: 14931,15225,14025,14709,13416
14295: 12912,15314,13444,15152,13511,13662
14620: 13213,13666,13137,14813,13949,13459
13920: 15712,14426
14480: 13864,13146
14487: 15688
14943: 
15485: 13961,13915,14101,14307,13316
13923: 15273,14097,13914,14219
15438: 14821,15140,14401,15002
15369: 
13798: 14500,13696,13537
13128: 
12941: 15811,13606,12945,15509,13907,14974
15252: 13181,15133,13189,12958,12819
15712: 13920,13399
15108: 
15335: 15247,13321,14092,13777,13192,28628,14423
13455: 14053,14444,13143,14076,15456
14257: 14853,13375,15450,15459,13691,15061
14415: 12833,14232,14366,15201,14217,14966
13363: 
12918: 14990,15511,13590,14682
14518: 15642,13613,13272,15054,14808,15010
13495: 12897,13872,15306,12959,14767,14299
14834: 13924,13711,14373,13203
14131: 13246,13597,13005,13891
12978: 13773,13990,15231,14831,13817,15145
15265: 
14560: 15352,15293,13152,15616,12874,14520
14454: 14446,14109,14733,14930,14343
14785: 14898,14588,14626,14344,13216
14820: 14884,14669,14383,14703,15553
14083: 13684,15078,14707
12821: 14981,14727,13968,15497,15022,13922
12878: 15699,13181,15133
14941: 15071
13205: 14036,15582,14135,15188
13534: 13273,14606,13699,13752
13300: 15534,13651,15292
15199: 13666,13137,15254,13862,13701,15300
13861: 28619,14612,13170,15382,13567,14666
13758: 15087,14165,14314
14242: 14811,14347
13316: 14556,13993,14307,13915,15485
14038: 13294,14680,15489
15163: 15113,14401,15030,15604,15002
12828: 13663,15543,14653,14395,13555,13787
15402: 
13456: 14819,13533,14723,15400
13204: 13962
15626: 14371,14797,15116,13225,15409,14326
15466: 14122,15599,14451,14672,13007,13352
13176: 14614,12891,14320,13774,15470,14460
13164: 
13820: 14607,14468,14322,15519,14316
15277: 13222,12869,14742,13888
12999: 14844,14613,14062,14238
15601: 12865,15004,14143,13284,13423,13183
13540: 14821,13886,13403,13024,15107,14437
13551: 13396,14305,15716,14985
14581: 14453,13852,13523,15089,14303,15245
13197: 14689,15680,13896,13003,14456
13594: 13431,14323,14601,13417,15611
14101: 12875,14307,14492,15485
13699: 14876,13752,13534
13086: 
14703: 15223,15553,14383,14223,14820
14855: 15322,13575,14008,14324
13490: 15026
15190: 13643
14076: 13143,13629,13238,13913,13455,14444
13541: 15732,13550,14409,13492,15082,13951
14228: 14082,14574,14563
12857: 13226,13544,15338,12826
13180: 12833,14232,13483,14241,15715,14895
13357: 15120,13891,28371,14589,13212,13462
14472: 13011,13385
15414: 
13111: 13033,14352,14058,15499,14151,13545
14555: 13836
13389: 14157,13160
14892: 12864,14169,14621,12928,15175,14927
15685: 15308,15725,13228,14069,13844,15206
13967: 13460,14219
13435: 13432,14567,14644,13944,13879,15347
14506: 14189,13161,15709,14554,14457,14264
14905: 13329,14144,13161,14950,12904
13254: 14647
14267: 13188,13185,14141,13825
14902: 14139,13259,13957,13965
13200: 15440
13282: 15110,13530,14655,13935,13026,13103
13031: 
14277: 13331
13752: 13699,13534,13273
14956: 12991
13269: 14159,14322,15649,15531,15519
13987: 
13891: 13005,15120,13357,14131,13597,13212
13898: 13440,14160,15102,14505,13073,15458
15743: 13028,14630,13476,13126,13790,13493
14146: 15774,14978,14908,14984,14778,13901
15634: 14324,13377
14072: 12913,28609,28661,12842,12846,14007
14129: 
13076: 15639,14091,12862,14565,13312,14777
14465: 12862,12847,13703,13275,14091,13675
14068: 
15200: 15608,13480,14319,13665,13234
15454: 12839,13489,14024
13973: 12820,15766,15521,15706,14623,15291
14974: 13907,13721,15811,12941,15570,14786
13451: 13957,15271,14903,14139
13612: 13420,14873,15741,15143,13341,13449
13663: 12849,15543,14642,12828,14653,14624
13313: 15114,15810,13507,15033,13772
14938: 
14772: 15146,12870,13444,15574,12912,14657
12974: 13273,14606,13609,13149
15364: 12825
14499: 13576,15590,14770,14286,14910,13704
13098: 13837,13405,14309,14959,14389,14783
14883: 13916,14369,14209,13512,15149,13539
13055: 15757,13292
15315: 14957,13367,15755,14826,13600
15027: 14010,15053,15062,13552,15808,15504
13107: 14281,14992,13457,14782,15069,13147
15468: 12818,14082,14550,15129
13473: 14107,15286,14205,15449,13501,14435
14307: 14101,15485,13316
13744: 13390,14835,14177,14856
14021: 
13472: 13397,13601,14067,13320
12903: 14313,14476,14885,15358,12969,13963
15266: 12859,14249
13557: 14813,13491,13949,15761,13707
12867: 13910,14184,14154,13038
14829: 14346,13441,14205,15314,13662,13433
14931: 14001,13839,15355,14025,12909,13393
13039: 12883,14330,14663,13195
13802: 14376,13154,12906,12900,13977
15435: 15039,15211,13806
28371: 14149,15377,15120,13357,13716,13462
13244: 15228,14336,14953,14229
14566: 13871
13477: 14170
12890: 15113,15566,15030
15351: 15109,13756,14848
15498: 15015,13471,13543,14433,14227
14057: 15307
15355: 15344,14665,15099,12909,13393,14931
13523: 14331,15089,14978,14303,14581
14520: 14231,13153,15616,15293,14560,13695
12938: 13766,15794,14583,14243,14400,15483
13754: 
13422: 28618,15224,12820,13772,14794
15631: 14754,13653,15417,13599,15683,13790
13487: 14504,12835,13274,13260,15097,15042
13631: 15431,14500
15086: 13401,14485
13400: 13573,14473,14200,13339,14528
13482: 13584,13842
15055: 14313,13165,14633,15790,13970,14370
14747: 14511,15283,14738
13905: 13054,14906,12972,14894,13770,15807
14049: 13524,15765,14530,13709,15258,13285
15545: 14031,15119,13110,14425,15492,14888
13059: 13903,12868,13256,12926,15395,15555
15787: 13956,15214
15396: 14659,14724,15366
13522: 13419,14547,14063,15699
13548: 13625,14801,14877,14357,15717,13262
15625: 15473
13773: 12978,13990,15231,13143,13629,15505
13065: 15547,12951
13131: 14375,15428,14698,15013
15494: 14394,13248,14764,13889
15258: 12861,13285,13355,15765,14049,13278
14222: 14512,15657,12960,14292,14677
13844: 13042,14069,14972,13434,15206,15685
14283: 15580,14302,14376,13069,14542,13166
14080: 14317,15571,12939,13231
14189: 14506,13161,15709,13738
13383: 14448,13295,14826,13600
14047: 13784
13619: 15741,14014,14175,14797,15116
13745: 13116,14351
15497: 13968,14052,14691,13000,15022,12821
13215: 13296,14158,13427,14807,14419,13323
14980: 14839,13747,14414,13104
14945: 15731,14841,13900
15526: 13774,13231,12869
15796: 13458
15488: 13113
14235: 
13283: 15501,13022,15388,14422,15620,14163
13518: 15535,13863,12951
14458: 15517,14601,15478,13852,13417,14233
13908: 13216,13233,13786,14112
12822: 15319,14587
15004: 12865,15601,14143,14498,14468,13793
15602: 12861,13285,15208,15327,14196,14858
15646: 13085,14484,13559,15467,15344,14665
14245: 
15003: 13002,13909,14568,14479,14730
12898: 12982,14457,14636,12904,13297
14346: 14829,13441,15637,15314,12953
13168: 13865,12830,14895,12854,13006,14090
14264: 13864,14506,14554,14457
13083: 13938,14524,13454,15103,15304,14926
15780: 13887,12834,14805,14822,15616,13153
14694: 
14034: 15140,14449,14755,13931,14035
12950: 14196,13636,14858,15598,15527,13471
15764: 13178,14901,14983,15241,15173,13645
12843: 14700,15542,15671,13826,14649,14632
15006: 13358,13045,14846
15336: 
14412: 13778,15245,14453,15579,13632
14337: 13335,14681
14689: 13197
15058: 13388,14693,13833,13960,13440,14965
12953: 15141,13497,13030,14618,15637,14346
14719: 13866,14744,13883,13182,13077
15365: 13763
15619: 15805,15211,13806,13419,14549,12968
14846: 13849,13071,15224,14932,15006
13515: 13346,13888,12852,13206
13310: 15607,13498,28553
14984: 13979,15000,14908,14978,14146,15536
14416: 15520,13723,28658,13466,15238,13124
14749: 14899,15050,15492,13925,14693,14505
15297: 15731,15181,14996,13133,14841
15307: 13682,14057
14840: 14923,13929,12960,14741,14677,15189
13733: 15771,12975,13963,15232,13872,15306
15553: 14703,15223,14311,14820,14867,15122
13625: 15069,13548,14801,13262,13001,14781
12910: 
14755: 15125,14631,13496,14449,14034,13931
12915: 12815,13463,14256,15218,13120
14541: 14391,13682
13275: 13703,13530,12921,13658,12847,14465
15223: 14703,15553,14311,14223,15618
14740: 13150,14387
15727: 15676,13582,14133,12865,15564,13183
13416: 13565,14709,15085,14025,13851,14001
15198: 15669,14329,13294,14680,12842,12846
14757: 15594,14367,14053,14646,13187,13311
15305: 12824,13364
14718: 15073,12845
15800: 13895,15581,13543
14249: 13478,13928,12859,15266
15095: 14789,15451,14237,14093,15640
13969: 13092,15597
14533: 15105,14312,13818,14713
14700: 12843,13558,15542,28558,14649,15746
13390: 13744,14442,15164,14329
13763: 14168,15365,14874,15056
15146: 14772,12870,13444,14279,15104,13578
13227: 15719,13023,15097,15182,14504,13603
12816: 15643,12948,13127,15270,13145,14150
13066: 14431,12964,13104,14155,13747,14651,13890
15813: 13162,14994,15509,15673,14948,14445
14388: 14654,15203
14330: 13039,12883,13376,12987
13687: 14382,14482,15169
15706: 14635,13486,15521,14125,13973,15291
13106: 14018,14111,14291,14304
14300: 15038,13975,14181,14762
13778: 14412,13799,14360,13632
14723: 14758,13533,14819,13456,13336
14756: 13391,14927,15076,15136,15121
14191: 14926,13668,14954,13454,15653,15530
14059: 14138,14161,28298,14636,13297,14806
15610: 14787
13812: 14374,15038,15576
15323: 14765,13175,14553
13600: 15315,13267,13383
14099: 13580,14100,14660
14380: 14176,13272,13343,14954,14915,15642
15224: 13333,28618,13422,12820,14846,13071
14221: 13792,14013,14991,14528,13573,14699
12901: 13717,15418,14355,14368,15636,15705
13259: 12887,14902,13279,13965
15264: 13279,13660,13965,15546
15697: 14354,14225,14811
13190: 15217,14671
14572: 14732,13442,13234,15608,12880
13492: 13415,15082,14045,14409,14112,13541
14009: 12979,13751,15548,14359,15572
14698: 14375,13131,14171
14111: 13644,13056,14291,13106
15749: 14904
13293: 13877,13069,13278,14542,15809,13488
15641: 
14446: 14454,14109,13623,14026,13404
12970: 14617,14373,14863
13221: 14961,13510,14767,13165,14370,12897
14206: 14062,15745,14238,14866,14896,14178
14165: 14314,14428,13758
13566: 28557,14463,13926,13332,15192,15253
15195: 12866
15762: 12940,15523,14262,14097,15460
15330: 14248,13501,13497,13441,15662
13825: 13926,13679,12994,13188,14267,13467,14141
14825: 15639,14091,13675,14958
14303: 14272,15478,15774,14978,13523,14581,13852
14922: 13930
14485: 14432,15086
15156: 15593
15537: 
13320: 13670,15178,15352,13472,14348
13226: 12857,13420,14873,14668
13601: 13397,13472,14203,14493,15352,13152
13956: 15787,14584
15077: 13186
13818: 15484,15408,14533,13785,14713
13836: 14555,14210
15176: 13816,13246,14964
14676: 13202,14578,14584,15462
14195: 14497,14695,14489
15617: 15116,13341,13814,14326
15348: 13309,12967,13344,15563,15404,14014
15059: 14486,13350,14897,13796,14754,13653
13188: 14267,14447,13825,12994
13417: 14233,14601,14458,13594,15611
15183: 14229
13761: 28641,15622,13172,15541,14838,14259
14274: 15101,15718
14853: 14257,15158,15450,15377,13716,13691
15465: 15747,14226,13767,13604,14761,15503
15623: 14269,14086
14794: 15802,13683,15810,13772,28618,13422,13705
13471: 15498,15015,13636,12950,15598,13804
15483: 14400,14339,14243,12938,13529
12960: 13187,13311,14292,14741,14840,14222
13080: 14807,13712,13296,14725,14783
14646: 15342,13163,15456,14757,13187
14015: 13465
14613: 15482,15524,12999,14519
13402: 14258,13160,14722
14411: 14432
13718: 13507,15197,15411,13642
14630: 13028,15743,13493,14359,15572,14285
13656: 13331,13175
14292: 13187,12960,15342,13099,14512,14222
13654: 15772,15495
15644: 14010,15062,13318,15569,13527,15496
14142: 14914,14633,14481,14983,15241,14586
14527: 15662,15378,14248,13651
15011: 14390,14418,15014
14774: 13184,13516,13480,15615
14136: 15333
13726: 
15684: 13769
13314: 15234,14919,13240,15746,14345,13318
15233: 13615,15114,15810,13683
13846: 
12837: 13727,14668,13569,13199,14745
13022: 15501,14194,13283,14893,14971,14163
13199: 13727,12837,15405,15672
15455: 13858,12998,12856,14995,14075
14743: 14523,15769,13614,15698,12836,14477
13602: 12872,13784
14787: 15610
13397: 13472,13601,14203,15041,14067
13113: 14760,15216,15488,15021
12998: 13858,13876,15455,14105,13964,13343,12856
13931: 14035,15028,15125,14755,14034,14900
13351: 13255,14670,12919
13854: 13438,15244,15075,15229,13526
12969: 14002,13158,13963,15232,14885,12903
28652: 
15433: 13369
14874: 14580,15056,12982,15430,13763
12928: 14055,13340,13448,15175,14892,14169
14398: 13945,15613,12884,14776,13981
14268: 14434,14342,15595,13639,14753,14071
14734: 
13589: 15809,13166,13209,14542
15789: 14577,15203
13007: 15349,14672,13824,15466,14451
12984: 15001,15586,14551,14308,15723,15337
14253: 13547
15550: 15021,15605,13334,14924,15452,12827
15489: 14038,13943,14680,15708
13219: 13192,28628,14661,14969,15088,13095,14029
14623: 15291,13859,12820,13973,13849,13071
14517: 15753,13997,14328,15659,13938,12985
15045: 12829,15760,14431,13218,13890,13328
13618: 13560,14530,14687,13709
13470: 15577,14315,13289,15032,15664,14544
12897: 13495,13872,14476,13165,13221,14767
12831: 13457,13374,14782,15238,13124,12868
13285: 15258,12861,15602,14049,15208,13709
13837: 15583,13405,13098,14389
15552: 15166,12814,13824,15349
13705: 13333,28618,14794,15802,13453
14538: 12823
14352: 13111,14742,15499,12939,13222
15806: 14396,13089,15332,14259,14838,28643
14399: 13823,14108
13202: 14676,14578,14584,14594
13591: 14752,15397,13857,14599,15386,12885
14839: 14980,15227,15025
14552: 14254
13154: 14376,13802,12955,13166,13209,14003
14233: 13417,15579,14453,14458
15164: 13294,13390,14329
14318: 13962
14261: 13027,13189,13021,12819
14565: 12844,14869,13312,13076,14777,14729
15319: 12822,13406,15781
15770: 12880,15596,15608,13184,15278
14530: 13560,13618,12995,13524,14049,13709
14371: 15626,14797,15020,15409
13664: 13027,15401,14748,14575
14168: 13763,15056,15394
14760: 13113,15021,15605,14934
15361: 12944,13734,15574,13919,15677,14508
14850: 15240,15017,13147,14281,14827,13503
14494: 13943,15708,13053,14590
15656: 15664,14969,14544,13014,13593,14661
14832: 
14761: 15096,15220,15503,15465,14120,13604
14639: 
15110: 13703,13530,13282,14066,13026,14325
14435: 14248,13501,15286,13473,15168,14490
15475: 14592,15607
15034: 13538,13902,13723,14103,15491,13831
13409: 13393,13058,14982,13839,14444,14673
13713: 15255,15589,13620,13305,15508
14762: 13140,13937,13975,14374,14300
15493: 13845,14211
15234: 13314,14919,13697,14010,15053,13318
15481: 14576
13749: 15158,14867,15450
13027: 13664,14261,15575,13474,15621
13970: 14370,14332,14406,15588,15790,15055
13011: 14472,15098,12976
13819: 13465,13242,13229,13102,14989,13429
15342: 14646,13163,13187,14292,14999,13099
13443: 15174,15486,13735,13945
14115: 15651,13139,14987,12948,15024
13725: 14012,15666,14909,15292,14890
15325: 14526,15480,13694,12925,14814,13371
15334: 15721,14297,15327,14114
15166: 15552,12992
14551: 15001,15586,12984,14578,14594,15603
14216: 13834,14591,15714,15591,13906
15692: 14152,14305
15109: 15351,14692
14819: 13456,14723,13336
14360: 13120,13063,13778
13613: 15642,14518,13876,14758
15270: 13127,15670,13736,13145,13265,12816
14026: 13628,15329,14446,13404
15286: 14107,14237,13473,14435,14490,15640
15056: 14874,14580,14168,13763,14960,13646
15404: 15741,14014,15143,15348,14327,13344
14162: 
15500: 
12959: 13495,28559,14767,15752,14299,15118
15426: 13062,14334,12945,14173,13907,13729
13902: 15034,13538,14017,13831,15126,13485
13682: 15307,14541
13694: 14526,15325,15480,12975,13360,15399
13572: 15801,14690,13672,15353,15571,15368
14293: 14094
14505: 13440,13898,15102,14693,15050,14749
13336: 14723,15311,14819
14209: 14369,14883,15180,13539,14545,14593
13947: 15773,13342,15453,14913,13797
12869: 13222,15277,15526,13888,13502
14321: 13361,14287,12961
14377: 14971,13958,14163,14404,14920,12979
14547: 12825,13299,13522,13288,14063
14114: 14687,15208,15334,15327
15249: 13093,15180,13503,15017,13081,12973
14596: 15071
14504: 13487,12835,15097,13227,13603,13800
15594: 15474,14367,14757,15225,14053,14673
15228: 13244,14336,15476,15681,13130
12992: 15166
12940: 15523,15762,14262,15343,14793
13521: 
15422: 14519
14644: 14567,13435,13879,15670,13265
13824: 14439,14672,12814,15552,13007,15349
13024: 15107,14996,13540,13287,14437
15677: 14037,13418,15213,12944,15361,13919
13869: 13949,15665,13459,14420,13707,15279
15591: 13607,13906,14395,14571,14216,14791
15773: 13947,15645,15453,13671
15599: 14122,15466,14451,15130,14260
15133: 13181,15252,15686,12878,13189
13239: 15791,15799,13586,14516,14973
14830: 13010,13514
15271: 13957,13451,13084,14780,12891
15222: 13892,13211,28660,15276,13535
13321: 13243,15247,28650,14092,15335,13867
14392: 15427,13735,15613
15226: 15379,14738,13196
13662: 13511,15314,14295,14829,13433,15660
14770: 13576,14499,14286,14262,12848
15765: 13355,13524,13539,14545,14049,15258
14894: 15235,13708,13770,13905,15807,13549
13835: 14511,14738
14668: 13727,12837,13420,13226,13569
14224: 14032
28658: 28644,15520,14416,13466,13941
14953: 15282,14118,13766,14400,13244,14336
14578: 14676,13202,14594,15603,15462,14551
15032: 13379,13732,15632,13470,15577,14544
14896: 14866,13467,14206,14178,15192,14817
13167: 12854,14624,13483,14653,15051,13142
14484: 15722,13559,12883,13085,12987,15646
15185: 15737,15128,14180
14054: 14148,15425,13210,15151,15409
14837: 14353,13995
15504: 13712,15027,13552,14240,15808,14309
13918: 13452
13486: 15706,14635,14851,14065,14125
14500: 13798,15257,13631,13537
13127: 15670,15270,13265,14816,12816,14150
14525: 12997
14219: 13810,13967,13923,15523
15040: 15142,15629,28616,14708,12911
14284: 15756
13194: 
15478: 14272,14303,14204,13852,15517,14458
15114: 15810,13313,15197,13615,15233
12904: 12898,14457,14636,14905,13161,14521
13468: 13323,13762,13296,14725,14079,15341
15119: 14031,15545,13110,13661
14713: 14533,13818
14569: 15144,14022,12864,12877,14148,15425
14852: 13848,14836,14946
14385: 13051
14442: 15442,13390
12914: 13666,13571,14813,13491
14744: 13866,15723,14719,14737,13883
14680: 12842,15708,14038,15198,15489
13388: 15058,13833,13960,14095,14936,13978,13794
13296: 13215,14807,13080,13323,13468
15443: 13119
14763: 13252,14358,14618,15472,14859,13347
13123: 15136,13082
13478: 14263,14249,14638,12947,14386
14711: 14434,13867,15595,15289,13243
14130: 14917
14707: 13684,14083,15798
14419: 13529,15755,14640,13215,13427
14074: 15558,13508
14634: 13005,15120,14311,15618,14967,14149
15048: 13353,14464
13494: 
14443: 13500,13506
14895: 13168,12830,13180,12854,13483,15715
13797: 13947
13169: 13968,15312,12966,13959,14824,14727
14934: 15767,14760,15605,13717,15418
14314: 14165,14428,15171,13303,13758,14247
13324: 13831,14281,14827,14992,15126,13916
14818: 14726,15173,14921,14218,13101,14730
12846: 12842,15669,15198,14007,14072
13892: 15222,28660,28589,13728,13681,13564
14660: 14197,13424,14100,14099
14139: 14902,14903,13451
14060: 
14870: 15516,14378,15731
13072: 13621,15647,13046,15431,12892
14821: 15438,13540,15002,14290,15107
13419: 13806,13522,15619,15699,14549
15023: 28646,13795,12827,13520,13334,13882
15313: 12972,13730,14478,14979,15170,13770
15014: 14695,14094,13211,14390,15011
13135: 14863,14011,15446,15675
14816: 14603,13127,12980,15633,14150
13587: 
14177: 15303,15442,13744,14835
14748: 15453,13664,15704,14575
15511: 14990,12918,13513,13361,14577
28298: 14161,14059,14806,12834,14822,15614
13009: 13596,13041
13632: 13811,14532,13778,14412,15579,15381
13484: 15326,15254,15298,14804,13959,13862
12830: 13168,13865,14895,15715,28653,13593,14514
15260: 
13249: 28622,13924,14970,14482,15661
14141: 14866,13467,15748,13185,14267,13825
14887: 15807,15153,14906,14240,14807,14158
13932: 14256,14096,15230
15042: 15432,15097,14340,13260,13487,13274
14102: 15298,14564,15750,15008,15134,14804
14656: 15701
12824: 13934,15305
15328: 13241,14474,12996,14602,15541
13961: 13915,15485,14492,15718,13781
13633: 14691,14145,15022,13558,15288,13240
15094: 13223,14647
13146: 14480
13225: 13996,15626,14041,14907,14326
14370: 13970,14332,13165,15055,13510,13221
12847: 13658,12862,14465,14828,13275,14641
14227: 14344,14433,15498,13543,13895
12997: 14525,13369
13344: 14327,14999,13099,15348,12967,15404
14383: 14820,14884,14703
13981: 15060,15698,13952,14776,14398
13630: 12962,15239,13230
13211: 14390,28660,14695,15014,15222,15276
15029: 12832,13672,15759,14886,14864,14255
14884: 14820,14669,14383
13075: 15702,13220,14483,15676,13582,14988
13734: 15361,15574,13919,15253,14463,12870
15790: 15588,14586,14633,15055,13970
13766: 12938,15794,14953,14118,14400
13440: 13898,14160,14505,14965,15058,14693
14004: 14932
13571: 13685,15300,14275,12914,12991
28650: 13243,15247,13321,14028,14849,15339
13415: 13492,15082,14045,13765,14202
14116: 
15767: 13004,14934
13885: 14904
14033: 14211,14469,15282,13592
14710: 15196,14986,12893,15090,15533,13138
14244: 14040
14781: 15240,13147,15069,13625,13001
15155: 13815,13950,15407,14282
13578: 15104,14016,14058,15146,13444,15152
13992: 12877,14407,13568,14621,15121
14667: 
14592: 15475
13817: 12978,13990,13089,13067,15145,14424
15766: 12820,13772,13973,15033,15521
15076: 14955,13391,14756,13078,13412,15136
13210: 15425,14054,14407,13822,15151
14492: 15718,14101,13961
15288: 13922,13616,14345,13633,15022,13240
14568: 15003,13002,13178,14983,14481
14025: 12909,13851,14001,14931,13416
14464: 13117,14891,14323,15048,13302
15637: 12912,15314,14657,13030,12953,14346
14023: 15142,15629,15398,15561,13291,14611
13133: 14841,12845,14996,15297,12853
14791: 13015,15471,14571,15591,14395,15543
12913: 14072,28661,12842,15708,15250
14879: 15595,15316,13362,15434,13639
15503: 15096,14761,13650,14226,15465,15412
13512: 14883,15149,14207,12995,13524,13539
15774: 14978,14146,13901,14272,14303
13986: 13132,14296
15049: 15400,13207
15467: 13788,14051,15646,14665,13097,14982
14662: 13291,14187,13627,14529
14466: 14182,14210
15664: 13743,15656,14969,14544,13470,14315
14164: 12962,15239,15721,14297,13636,15015
14051: 15467,13788,13559,15539
14437: 14714,13540,13403,13901,13024
13652: 12818,15269,12911
13944: 15720,15584,13688,13432,13435,15347
12868: 13903,13256,13059,13374,12831,15238
13203: 14030,13791,14373,14834,13924
15638: 
14865: 13307,12924,14462,14393
13067: 15374,15403,13089,15332,13817,14424
14847: 15808,14959,13527,15062,13710,14201
13360: 15771,12975,13655,15399,15760,13694
12882: 13376,13430,12920,13937
14618: 13030,15472,14763,14859,15141,12953
13990: 12978,13773,13817,15505,14396,13089
14498: 12865,15004,14468,14316,15564,13579
14686: 15805,15211,13345,13647
14150: 12980,13127,14816,14535,12816
12894: 15440,15648
14281: 13324,14827,14992,13107,14850,13147
13354: 14513,13564,12931,13554,15678
14396: 13089,15806,14259,15083,15505,13990
15321: 
13094: 15529
13413: 
14746: 13640,13032
13535: 15276,13298,15222,13564,12931
14728: 14679,15785
15629: 15142,14023,15040,13757,15398,28616,14912
15066: 
13042: 14069,13844,14972,14800,14334,15243
13175: 15323,13656,15290
13998: 15675,15566
15220: 15096,14761,14120,13115,14842,15654
15650: 14697,13112,13489,14252
15394: 15041,14168,14960
15096: 14761,15220,15503,13650,15372,15654
15036: 14854,14615,14403
15413: 13941,13074,12844,14869
13862: 14824,13701,13959,13484,15254,15199
15069: 13625,14801,13457,13107,13147,14781
28622: 13924,13249,28662
15486: 13735,13443
13826: 12946,15118,15671,15752,12843,14632
14163: 14377,14971,13958,13022,13283,15620
13126: 15683,13980,13790,15127,15743,13476
13637: 
13307: 12924,14865,13502,14455
13255: 13351,12919,13359,15600,13779
15391: 
13017: 15688,13753,13182,13860
13345: 15067,14686,13647,13525
14867: 15158,13749,14669,15553,15122
13057: 13044,13603,15719,13739,14993,15768
14258: 13402,15461,15162,13598
13004: 15767,13717,14917,15679
15728: 14429,13698,14084,13793,14143
15248: 15350
15407: 13276,15155
15424: 15341,12876,13267,15310
14213: 13995,15516
13939: 14348,13921,13695,15178,14040
12921: 15295,15713,13530,13275,14655,13658
15337: 13935,15518,15586,12984,14308,12896
28651: 
15717: 14842,13737,14357,13548,14410,13262
15491: 14782,13124,13723,15034,13831,14992
13507: 13718,15197,15033,14597,13313
14495: 
15431: 13631,12892,15647,13072,15257
14053: 13455,14444,14673,15594,14757
13510: 14961,13221,15243,14370,14332,14800
15693: 14708,13595,13338
13570: 15678,15756,15217
14715: 13767,14363,13638,15713,13658,14828
15741: 15404,13619,15143,13612,13341
13177: 13585,15278,15596,15720,13688
14512: 14222,14292,14327,13099,14190
15571: 15368,12939,13572,14080
12832: 13672,15759,15029,14384,14405,15801
13537: 14500,13798
12835: 14504,13487,15179,13828,13274
14457: 12898,12904,14506,13161,13864,14264
14930: 14301,15080,14343,14454,13623
15235: 14894,15620,13708,13958,13549,13759
13635: 13172,15541,12996,15246,13991
28659: 13912
13406: 15781,15319,13021
13964: 13208,14105,13263,14622,15573,12998
13366: 13025
13737: 14842,15717,15654,13736,13145,14410
15135: 15129,14436
15681: 13295,14459,15476,15228,13130
15147: 13700,14134,14989,15420,13102,13008
13068: 15436,14422,14716,13228,14289,14940
15585: 13149,15320,15457,15371,13475,13247
15719: 13043,13023,13227,13057,13603,13739
13709: 14687,15208,13618,14530,14049,13285
14716: 12946,15562,15725,13228,14940,13068
13268: 14426,15251,14364
13678: 15357,14949,13728,13681
15280: 14798,14985,14061,15387,15221
14797: 15626,14371,15020,14175,13619,15116
13966: 15463,13156
15539: 13948,14174,12936,13610,14051
14090: 14413,13006,13546,12854,15051,13168
14455: 13096,14460,13307
12986: 15649,14585
13084: 13957,15271,14614,15546,12891
14086: 14269,14952,15623
13019: 12887,13279,13660,14973
13810: 14219,13290
13032: 13640,14746
15247: 13243,13321,28650,15335,14849,14423
14210: 13836,14466
13195: 13815,13356,13039,14750
13138: 15533,13463,14710,12893,15218
14901: 13178,15764,14726,15173,14619,14239
13101: 14479,14078,14730,14218,14818
15295: 14430,12922,15713,12921,13942,14655
12930: 14250,13160
14297: 15334,15721,15327,14196,13636,14164
14408: 13821,13809,13438,13395
15035: 
13697: 12972,13730,15234,14919,15053,13054
14382: 13687,13791
28558: 14700,14979,14649,14919,15746,13730
15353: 14582,14780,14690,13572,14317
13012: 13792,14013,14860,15244,14502,15075
14251: 14218,13756,14610
15350: 15248
13305: 13716,13691,15100,13462,13713,13620
13543: 13804,15498,14227,15800
13340: 14055,12928,15782,15374,13581,14169
14652: 
13051: 14385
13445: 13974,13870
13901: 14778,13403,15774,14146,14714,14437,14272
15612: 14113,15479
15718: 15101,13781,14274,14492,13961
13140: 14762,13937,14674,14374,15099,14645
15520: 28644,13723,14416,28658,14103
14671: 13190,13803
14936: 14029,14095,13018,14975,13388,13960
13218: 13655,15079,14431,12964,15045,15760
15620: 15235,13708,15388,13283,13958,14163
15398: 13049,13757,15561,15629,14023
14871: 13741,14223
14329: 15669,15198,13294,15164,13390
15593: 15156
13332: 13926,13679,13060,28557,13566,15157
13469: 14239,13645,15528,15673,14561,14994
14424: 15145,13309,13817,15403,13067,13326
14056: 13779
14769: 14860,13237,13669,13807
15667: 
13410: 15729
14649: 14979,14632,14700,12843,28558
14886: 15157,14864,12817,12873,13940,15759,15029
14758: 14723,13613,15010
14340: 15663,13260,15432,15042
13580: 14099,14156
15540: 15655,15445,15583,13405,12851
13679: 13926,13825,12994,13332,13060
12899: 14121,14391,13984
14691: 14145,13633,13000,15022,13371,15497
13701: 14824,13862,14678,15199,13137,15803
15384: 15385
13556: 14849,13561,15242,15339,12934,12888
12963: 14113
13843: 14361,15735,14199
15444: 
13411: 13453
14519: 15739,15482,14613,15422
15072: 13193,14933,12980,13035,15044
13621: 15647,13072,12943,13953,13046,13122
13816: 13577,13246,15176
13827: 
15290: 12954,13175
14690: 15801,13572,13853,14405,14582,15353
14243: 14583,15778,12938,13529,14640,15483
13481: 15137,13428,15269
14031: 15545,15119,12863,14888
14996: 13024,15107,15181,15297,13133
13353: 15048,13302,13640,15191
13178: 14901,14983,15764,14730,15173,14568
12875: 14101
15329: 14026
15256: 15005,13993,12839,12990
14032: 14266,14224
15085: 13565,13416,14598,13851,12989
13791: 13203,14030,14382,13446
13395: 14733,13526,14408,13438,14109
14672: 14439,13824,13007,13579,15466
13563: 14924
12858: 
13965: 13279,15264,14902,13259,13957
14183: 
13747: 14980,13066,13104,15025,14651
15542: 14700,12843,13558,15671,14814,14145
12912: 15637,15314,14657,14295,14772,13444
15352: 15293,14560,13152,13601,14348,13320
14645: 15099,12909,13140,14374,15576
28643: 14752,14838,15397,15806,15332,15782
14012: 13725,15666,15534,14880
13198: 13739,13626,15775,13043
13444: 15146,14772,13578,12912,14295,15152
15611: 15267,13417,13594,15138
28575: 13912
13396: 14305,13551,14985,14692
14199: 14361,13843
13245: 
14537: 
14714: 13287,14437,13901,14272,14204
13079: 14688
15445: 15655,15540,14420,14720,15279
15781: 13406,15319,15429
13575: 15679,14917,14855
13291: 14662,14611,13627,15561,14023
13887: 15780,14805,13668,14176,13153,14534
13538: 15034,13902,14017,14103
15317: 14958,14325,14751,14066
14557: 13134
14857: 12955,13977,13648,13046,12892
14514: 13777,28628,14661,13593,13865,12830
14006: 14793,15160,13547
13231: 13222,12939,14080,15526
14991: 14573,13807,14221,14013
15192: 15253,14817,13467,14896,13926,13566
14125: 15521,14597,13509,15706,13486
15196: 14710,14986,12840,28609,28661,15090
14471: 13834,14591,14976,13624,15174
14011: 14042,13135,15675
14778: 13403,13901,14803,14908,14146
15065: 15747,14226,14531,14124,15584,15412
15399: 12829,14882,15760,13360,14526,13694
13460: 13967,14764
14395: 15591,13607,14791,15543,12828,13555
14196: 13636,12950,14858,15602,14297,15327
13925: 14425,15492,14975,14693,13960,14749
15700: 15013,12863,14888,14899,15124,15428
13985: 
13125: 15098,14696,14890
14702: 14788,13677,14625,13002,15320,15457
14614: 13176,13519,15546,12891,13084,12933
15267: 15611,13994,15138
14285: 15572,13261,14609,13028,14630,13873
13565: 14709,13416,15085,14784
14194: 15501,13022,15194,13350,13536,14893
15736: 13248,13955,15060,12836,13281,15769
15508: 12947,15061,13691,13713,15255
12954: 15290,14417
13449: 13157,13814,13569,13612,13341
15687: 14937,14278
14215: 
13014: 15131,28653,15632,13593,15656,14544
14122: 15466,15599,13352,14133,14260,13414
15600: 13359,13255
14296: 13986
13038: 14100,15127,13910,12867,13980
13738: 14488,14144,14189
13519: 14614,12933,14246,15470,15262
14842: 13737,15717,15654,15220,13115,14357
15551: 13974
14595: 
15469: 15370,14265
13479: 15797,14536
14231: 13153,14520,14534,14467,14808
15459: 15544,15450,14257,13375
14928: 14598,12989
13159: 
14841: 13133,12845,14945,15297
15043: 13768
13499: 
14806: 13297,15430,14558,14059,28298,15614
14433: 14227,12962,15498,14588
15707: 
15170: 15388,15436,14478,15313,13708,13770
28589: 13728,13641,13892,13554,13564
15118: 12946,15562,13826,12959,28559,15752
15231: 12978,13773,14831,13143,13163,15456
14948: 15673,14427,14445,13698,15813
15618: 14967,13741,15223,14634
13527: 15569,15496,15019,15062,15644,14201,14847
13295: 15681,14459,14167,14826,13383
13623: 14446,14930,13404,14955,13391
14062: 15745,14206,14238,12999
13769: 14964,15684
14725: 14389,14648,14783,13080,13468
14616: 13878,13037,15666,13458,14539
14522: 14833,14282,13610,13815,14750
14959: 15808,14309,14847,13710,13405,13098
15377: 15122,14149,28371,15158,14853,13716
13191: 
15554: 14121
13380: 
14175: 15296,15563,14014,13619,14797,15020
15052: 13151
12817: 15157,14886,14864,28557,14279,15104
13581: 15374,15403,13340,14169,13365,15144
13050: 14123,14559
13857: 15397,13591,14198,13439,28641,14599
15709: 14506,14189,15074,14554
14807: 13712,13080,14240,14887,13296,13215,14158
15208: 14114,14687,13709,15602,13285,15327
13868: 15084,15522
13569: 13157,13449,13420,14668,12837
14503: 13173
15205: 15557,14872,15287,14923,12988
15527: 15598,13848,13488,13877,12950,14858
13099: 14327,13344,14999,15342,14292,14512
14013: 13792,14221,13012,14991,14860
14817: 15192,15253,14896,14178,15213,13919
14218: 14251,14610,13101,14078,14921,14818
13237: 14769,14860,15268,13809,15244
15428: 14375,13131,15013,15700,15124,14087
15366: 14509,15057,15396,15788,13863
13342: 13947,15627,14913
14843: 14061,15387,14944,13337,14768
15523: 12940,15762,14219,15343
15236: 14968,14349,15024,13715,13001,14987
15214: 14790,14812,15787,13171
15744: 15405,14701
15241: 14983,15764,13645,14142,14586
14095: 13095,14029,14936,13978,13388
14918: 14540,15636,13684
15037: 15310
15386: 14273,14599,13591,15080,12885,14343
14232: 12833,14366,14415,13180,14685,14241
14287: 13109,15589,14321,15506
13677: 14702,14788,13002,14914,14481
15742: 
15333: 13250,14136,14937
14394: 15494,13304,14764
13447: 
13554: 28589,13641,14513,13354,13564
13233: 13216,13908,14626
13464: 15724,13995
13655: 13118,13218,15079,15771,13360,15760
13029: 
13624: 14976,14471
15169: 15661,13687
15210: 13567,13223
14573: 14991,14528,13841,13934,13807
15705: 15679,12901,15636,14008
15740: 15392,14084,13337,13214,14607
15615: 15278,14774,13184,13516,13121
12917: 12971
13542: 15479
13530: 15110,13703,13275,13282,14655,12921
14107: 14237,15286,13473,15449,12937
15652: 14266
15661: 14482,15169,13249,14970
14118: 14953,13751,13261,13766,15794
15314: 15637,12912,14295,13662,14346,14829
15528: 14239,13469,15123,15624,15673
13604: 14120,15165,13767,14363,15465,14761
13767: 14715,14363,13638,15747,15465,13604
13653: 14754,15417,15631,13350,15059,13536
13208: 14915,14105,13964,15406,15530,15573
14804: 12966,15134,13959,14102,15298,13484
13561: 14849,13556,14423,13978,12934,13794
14574: 14082,14228,15259
14402: 14003,13850,13674,13209,14254
15763: 14663,14153,14576
13427: 13215,14158,15153,15710,14419,14640
14269: 14952,14086,14925,15177,15623
28641: 13439,15622,13761,14838,15397,13857
13403: 14778,13886,13901,14803,13540,14437
15567: 15401,12958,15406,13348,14575,15573
15701: 14656
14643: 15695,12896,13942,13866,13077
15587: 
13683: 14794,15802,15233,15810,12902
14077: 
15778: 14583,14243,13759,15710,14404,14640
28634: 14180,13041,13596
13196: 13856,13092,13929,15226,15379
13735: 15486,13443,13945,14392
13348: 15406,14962,15567,12958
14935: 13335
14775: 15302,14294,13976
13387: 
14635: 15706,13486,13016,13048,15291
14648: 14389,14725,14501,14079
15216: 13113
15675: 13998,14617,13135,14011
14732: 13407,14531,13217,14572,13442,12880,14124
15429: 15781
15046: 
12865: 15004,15601,14498,15564,13183,15727
14753: 14071,14286,14342,14268,15590
14982: 13409,13393,13058,15467,14665,13097
13182: 13753,14319,13883,13017,14719
14456: 14976,13003,13197
14759: 14113
13271: 13911,14739
13334: 15550,15605,15023,13795,12827,14355
14771: 
12920: 14674,13085,12987,12882,13937
14599: 14273,15386,14198,15229,13857,13591
12825: 14547,15364,15393,13299
13060: 14036,12873,13679,12994,13332,15157
12892: 15431,13072,12955,14857,14452
14345: 13616,15288,13314,13240,15569,13318
14316: 14439,15519,14468,13820,14498,13579
12906: 14376,13802,13093,13081,12900,15580
14263: 13478,12947,15255,14208
14767: 14961,28559,13221,12897,13495,12959
14729: 12855,15555,14777,14869,14565,12926
13568: 13992,14407,13082,14792,13822
14739: 13673,13585,15558,13271
14174: 12936,15539,14833,13610,14200
14570: 
15294: 13116,15016
14279: 28557,14463,12817,15146,12870,15104
15093: 12934,13622,15420,12888,13008
12907: 
12833: 14232,14415,13180,15131,14966,15715
14738: 15081,14747,13835,15226
15547: 15044,12951,13065
13636: 14196,12950,14297,14164,15015,13471
14849: 13556,13561,14423,15247,28650,13978,15339
13700: 14134,15147,14989,15484,13308
14366: 14232,14415,14685,13155,14217,13689
12975: 13733,15771,13360,15306,15480,13694
13287: 14714,13024,14204,12853
13498: 15607,13310
13875: 14024,13976
15799: 15791,13239,15515
13152: 15352,14560,12874,14493,13601
15784: 
15060: 15698,13981,13952,12836,13281,15736
14353: 15724,14837
13394: 13258,15272,13430
14670: 13351,15078,14306
12860: 
14695: 14094,15014,13211,14195,15276
15259: 14550,14574
12819: 15401,12958,13189,15252,14261
13448: 14301,15080,12885,14055,12928,15175
12836: 15060,15698,14743,15769,15736
12966: 15134,14804,13959,15565,15312,13169
13681: 13728,13678,15047,28660,13892
15411: 13034,13718
13560: 13618,14530,12995,14379
13171: 15592,14594,15214,14812
15103: 14138,14161,15304,15659,13083,13938
12902: 15802,13683
13855: 13423,13183,15570,13582,14236,14988
15356: 
14811: 14242,14225,15697
14553: 14276,15323
15283: 15287,14747,12988
15757: 13055,15204,15525
13331: 14277,13656
14020: 14291,14304,15702,13090,14184
14334: 14800,15426,13062,13729,13042,14972
15514: 12855,14705,15555,15165,13893,15395
13863: 15535,13518,15366,15788
15670: 13127,15270,13736,14567,14644,15372,13265
15382: 13170,13660,15359,28619,13861
13907: 13721,14974,13729,12945,12941,15426
14968: 15236,14349,13001,15240,15017,12973
12956: 14387
13878: 14616,13037,14093,14880,15187
15292: 14696,14890,14997,13300,13725
15651: 14115,13139,13953,14933,13122
13658: 12847,14828,13275,15713,12921,14715
14633: 14914,14142,15358,14586,15790,14313,15055
15354: 
14940: 14478,14632,12946,14716,15436,13068
15708: 14680,12842,15489,14494,12913
14803: 14778,13886,13403,14035,14908
13599: 14754,15631,14073,15549,15683
15375: 14266
13355: 15765,14545,14302,15258,13069,13278
12859: 15266,14249
14145: 14691,13633,13371,14814,13558,15542
14127: 13750
15480: 15325,13694,12975,15306,12925,14299
13882: 13359,13520,13436,28646,15023,12919
14133: 15676,15727,13352,15564,14122,13414
13002: 15003,13909,14568,14625,14702,13677,14481
13028: 14630,15743,13476,14285,13873
13141: 
12968: 14549,14106,14683,15805,15619
13035: 15788,12980,15633,15072,15044
14152: 15692,15532,14305
12926: 13903,13059,14869,15555,14729,13074
12973: 13081,14605,15017,14968,14349,15249
13698: 14445,15728,15392,14084,14948,14427
12982: 12898,13864,13297,15430,14874
15699: 12878,13419,13522,14063,14549
13716: 13305,13691,15377,28371,14853,13462
13851: 14598,15576,14025,13416,15085
14558: 14806,15430,14580,15630,15614
13916: 14369,14883,15149,13324,14827,15126
14188: 
14169: 14892,12864,12928,13340,13581,15144
14526: 15325,13694,14882,15399,13000,13371
15015: 15498,13471,13636,12962,14164
13906: 15591,13607,14216,14591,12884
14046: 13789,13330,14088
14493: 14203,13646,12874,15630,13152,13601
14508: 13030,15472,12944,15361,15574,14657
15028: 13931,14035,14900,15000,14908
14426: 13268,13920,15251,14140
14507: 14559,14078
14423: 14849,13561,13192,15247,15335,13095,13978
15691: 14929,13690
15405: 15744,13727,14796,13199,15672
15436: 15388,14422,13068,15170,14478,14940
14655: 13530,13282,13103,13942,15295,12921
15107: 13024,14996,14821,13540,15181,14290
13040: 15111,13018,14637,13110,14425,14975
13284: 15811,13606,14429,15601,14143,13423
14420: 13710,14201,13869,15665,15279,15655,15445
14084: 15392,15740,14607,13793,13698,15728
13489: 14859,13347,13112,15454,15650
15516: 14870,14290,14213
14161: 14138,14059,28298,15103,15304,12834
15596: 12880,15770,14124,13177,15278,15720
15090: 14335,15250,28661,15196,14710,15533
15463: 13966
13288: 14063,14587,14547
15754: 14889,12852,13386,13033,14742
15714: 15415,14916,15367,14216,13834
14925: 14536,14269
14799: 15533,13463,14335,13776
15808: 14309,14959,14847,15027,15062,15504
15583: 13837,13405,15540,12851,14501
14061: 15387,14843,15280,14768,14650
15622: 13439,14766,28641,13761,13241,15541
15389: 
13528: 15345,13946,13801
12957: 
14782: 13457,12831,15491,13124,14992,13107
28618: 13333,13422,15224,13705,14794
13376: 12882,14330,13430
13648: 15464,13046,13122,13139,15568,14857
13531: 14037,13781,13418,15658,13392
13401: 15086
15081: 14738
13461: 14075,15115,13207
13276: 15407
14815: 13706
13408: 
15653: 15406,15530,14962,14147,13454,14191
15129: 15135,15468,14082
14509: 15366,15057,14603,15633,15788
15471: 14791,13015,15179,14571,13044,13800
13711: 13692,14834
14375: 15428,13131,14698,14087,15009,14171
14098: 15301,14967,13246
14373: 14617,12970,14834,13203,14030
13207: 15400,15049,13461,13899
13922: 13616,15288,15022,14981,12821,14627
15686: 14063,14587,15133
13977: 12955,14857,12900,15464,13802
14124: 12880,15596,14531,14732,15065,15720,15584
28619: 13861,14612,15359,15382,15515
12884: 13945,14398,13607,13906,14776
13547: 14253,14006,14312
14975: 14425,13925,13018,13040,14936,13960
13156: 13966
14282: 14522,14833,13815,15155,14628,15363
14393: 14865
13045: 15006,14932
14450: 14603,13265,13879,13801
14275: 15696,15254,13571,15300
14404: 14377,13958,14920,14583,15778,13759
14976: 13003,14456,13624,15367,13834,14471
12935: 15125,14856,13813,12881,14900
15689: 
13777: 13192,14514,28628,13865,14092,15335
14854: 15130,13148,14403,15036
14325: 14958,15317,14066,15110,13703,13675
14549: 14106,12968,13419,15619,15699
14502: 14198,15075,13792,13012,13439,14766
13815: 13195,15155,14522,14282,14750
15063: 13368,14109
14344: 14227,13895,14785
13929: 14923,14840,15379,15189,13196,13856
15560: 13789
13728: 28589,13681,13641,13678,13892
12905: 12886
13740: 13442,13234,14319,13077,15695
28653: 15131,15715,13014,13593,12830
14417: 12954,13750
14305: 13396,13551,15692,14152
14478: 14979,14940,14632,15436,15170,15313
13228: 15308,15725,14289,15685,14716,13068
13018: 15088,15111,13040,14029,14936,14975
14201: 13710,14420,13527,15019,15665,14847
14965: 13440,14160,15058,13833,13622,13720
15635: 13048,13373
14679: 14728,15785,13173
15301: 14098,13741,14132,14967
14727: 14678,14981,12821,13968,13169,14824
15419: 15159,15209
15659: 14521,14517,13997,13938,14138,15103
14631: 15125,14755,15303,14835,13496
14653: 13663,12828,13787,14624,13167,13142
14071: 14753,15460,14286,12871,13639,14097,14268
14992: 13831,13324,14281,13107,14782,15491
13742: 13010,13382
28559: 14961,12952,14767,12959,15562,15118
14439: 14316,14672,13824,13579
12820: 15766,13973,14623,13422,15224,13071
13974: 13870,13445,14563,15551
15068: 14897,13434,14510,13796,15439,15018
14432: 14411,14153,14485
15788: 13035,14509,15366,15633,13863
13144: 
14627: 15803,13702,14981,13922,13616,15496
15026: 13490
15311: 15776,15010,13336
15251: 14140,14426,13268,14364
14548: 13179,13097,13948,13788,15274,15246
13206: 14108,13515,15007
14058: 14016,13578,14151,15152,13545,13111
15810: 15114,13313,15233,13772,14794,13683
14705: 15514,12855,14641,14828,14363,15165
13304: 14394
14917: 14130,13004,15679,13575
14298: 15779
13870: 13974,13445
14441: 
14363: 13767,14715,14828,14705,15165,13604
13465: 13242,13819,13429,14015,14247
14407: 13992,12877,13568,15425,13210
14312: 14878,14533,13547
15137: 13481,14470,15797
13579: 13352,15564,14439,14316,14672,14498
14271: 12989,12895,13132,13517
13659: 14364
13318: 14010,15644,14345,15234,13314,15569
15016: 13803,15294
12934: 13622,15093,13794,13556,13561,12888
15287: 15283,14784,12895,15205
14793: 14006,12940,15112
14872: 15557,15205,14367,13311,14741,14923
13109: 14287,12961,15479
14612: 28619,13861,15515,15512,13567
14546: 14962,14147,13719,13181
14752: 15397,28643,13591,12885,14055,15782
13550: 15732,13541,13951,13260,14119,13274
15084: 13868
15074: 15709,14554
14170: 13477
13298: 15276,13535,14489,13236
14866: 13467,14141,15748,14896,14206,14238
13261: 15572,14285,14609,13751,13592,14118
14029: 13095,14095,14936,13219,15088,13018
13995: 14213,14837,13464
15513: 14823
14876: 13699,14795
15123: 14619,15221,14650,15624,14239,15528
15269: 13652,13481
14780: 14582,15353,15271,14317,12891
14897: 13434,15068,15206,13796,14486,15059
14220: 13185,14081
14421: 15506,14208
13089: 14396,15806,15332,13990,13817,13067
13430: 15272,13394,13376,12882
14035: 13931,15028,14034,15140,13886,14803
13795: 28646,15023,13334,14355,15161,14368
14589: 13212,15100,13462,13357,13513
13950: 15155,15363
15250: 14590,14335,15090,12913,28661
13016: 13048,14635,15291,13859,13105
14357: 14877,14070,13115,14842,15717,13548
13491: 13557,14813,12914
14272: 15478,14303,14204,13901,15774,14714
15154: 15786
14462: 13096,14865
13941: 13466,15413,13074,28658
15786: 15154
14777: 12855,14729,14641,13076,12862,14565
14085: 
14674: 13085,12920,13140,13937,15344,15099
13982: 
13669: 14769,15309,13437,15268
13945: 15613,14398,12884,13443,15174,13735
13232: 13327,13525,14144
12925: 15671,15752,14299,14814,15325,15480
15101: 15718,13781,14274,15739,15658
12952: 14961,28559,15243,14069,15562,15725
13695: 14348,13939,14520,15293,14467
12987: 13085,12920,12883,14330,14484
15397: 14752,14838,28643,13857,13591,28641
15153: 15807,13549,14887,15710,14158,13427
13130: 14868,15228,15681
13485: 14207,13902,14017,15126,15149
14810: 15544,13771
14365: 
13441: 14346,14829,14205,13501,15330
15668: 13780,15262,14647
14103: 15520,13723,15034,13538
13627: 15561,14529,14662,13291
13642: 13718,15197
13071: 14846,13849,12820,14623,15224
14016: 15104,13578,14058,14864,14255,14151
14629: 12990
14294: 14684,14775,15378
14978: 15774,14146,14984,15536,14331,13523,14303
13888: 13346,13515,12869,15277,13502
13256: 12868,13059,15395,14877,14070,13374
14542: 13293,13069,14283,15809,13589,13166
15564: 13352,13579,12865,14498,15727,14133
14238: 14062,14206,12999,14844,14866,15748
13129: 
13425: 15310,14448,15730
13513: 13361,14589,15100,15511
13081: 14605,12900,12973,13093,15249,12906
15127: 13038,14100,13980,13126,13476,13424
12879: 14949,15357
15038: 13812,14300,14361
15179: 12835,13828,15415,14571,13800,15471
14444: 13455,14053,14673,13913,13409,13058,14076
15803: 13213,13702,14627,13701,14678,13137
13315: 15201,13553,14217,15556
13229: 13720,13102,14160,13073,13242,13819
13405: 15583,13837,13098,13710,14959,15655,15540
14187: 14662,14611,12818,14550
15242: 15682,14910,15339,13556,14717,12888
14951: 14378
14888: 12863,15700,14031,15545,15492,14899
15100: 14589,13462,13305,13620,13513
12853: 14891,13287,13133,12845
12852: 14889,15070,15754,13515
13102: 13229,13720,13008,15147,14989,13819
13879: 13946,13801,15347,13435,14644,14450,13265
14440: 14637,13286,15490,14315,13743,15111
13005: 15120,13891,14634,14967,14131
15312: 13968,14052,13169,14214,12966,15565
14977: 
14470: 13680,15137
14766: 13439,15622,13792,13241,14699,14502
15759: 12832,15029,14384,13940,14886
12927: 15285,14737,14812,15592
13675: 14825,14091,14958,14325,13703,14465
15807: 15153,13549,14887,14894,14906,13905
14132: 13741,15301
12841: 15177
14093: 15640,14880,15095,13878,15187
13243: 15247,13321,28650,13867,14434,14028,14711
12991: 14956,13571
13672: 12832,15029,15801,13572,14255,15368
14607: 14468,13820,13793,13214,14322,14084,15740
13160: 14250,14722,13389,12930,13402
15574: 15361,13734,14772,12870,14508,14657
13241: 14699,14474,15328,14766,15622
15440: 13200,14539,12894
15566: 13998,13446,12890
13431: 13594,13302,15191
13364: 13339,15363,15305,13841
13369: 15433,12997
13393: 13409,14982,14665,15355,14931,13839
14117: 14610,14798,14692,14921,13731
13467: 14866,14141,14896,13926,13825,15192
13968: 15312,14052,15497,13169,14727,12821
15012: 
15371: 13609,15758,15585,13149,14027,13247
13238: 13629,14076,13991,15246,13179,13913
14529: 13627,14662
14801: 15069,13625,13548,14877,13457,13374
13386: 13511,13545,13033,15660,14889,15754
14561: 15588,14586,13999,13645,13469,14994
14203: 14960,13646,14493,15041,13397,13601
14255: 15499,14151,13672,15029,14016,15368
15401: 15567,12958,12819,13664,14575
13720: 13229,13102,13008,13622,14160,14965
14838: 15397,28643,28641,13761,15806,14259
13501: 14248,14435,15330,13441,14205,13473
14193: 
28644: 15520,28658
15194: 14486,13350,15308,14289,15501,14194
14389: 14725,14648,14783,13837,13098
13775: 
14005: 13765,13136,14044
14409: 13786,13301,14112,13492,13951,13541
13000: 14691,13371,14882,14526,14052,15497
13975: 15272,13258,14181,14762,13937,14300
15598: 13848,15527,12950,13471,13804
13611: 15792
13912: 28575,28659
14823: 13436,13520,15513
14100: 13038,15127,14099,13424,14660
15458: 15171,13073,13303,13898,15102,15362
15621: 13027,15645,13474
14677: 13544,15189,14840,15657,14222
15152: 13511,13545,13444,13578,14058,14295
13555: 13787,14562,13607,14776,14395,12828
15776: 15311,15010,15054,13921
13258: 13394,15272,13975,14181
13346: 13888,13515,12924,13502,13823
12871: 15434,13914,13639,14097,14071
14326: 14907,15626,15617,15116,13225
14836: 13608,15809,13488,14852
14091: 14825,15639,13076,13675,12862,14465
12995: 13560,14530,14207,14379,13512,13524
14138: 14161,14059,15103,15659,14521,14636
13871: 13100,14566
14795: 15331,14876,14606,14438
13559: 14484,15722,15646,14051
14022: 13365,15144,14569,15296,14148,15020
14262: 12940,15762,15460,14286,14770,12848
14463: 28557,13566,14279,15253,13734,12870
15735: 14361,13843
12955: 13977,14857,14452,13154,12892,14003
15022: 14691,13633,15497,12821,13922,15288
13786: 14409,13301,14112,13908
14075: 13461,14995,15455,13899
13073: 15171,15458,13898,14160,13229,13242
13741: 14871,14132,14223,15618,15301
15710: 15778,13759,15153,13549,13427,14640
15639: 14825,14091,13076,13312
14651: 15380,13890,13747,13066,15750,15025
14563: 14228,13974
13806: 13419,13299,15435,15619
13457: 13374,14782,12831,15069,14801,13107
14348: 13939,13695,15352,15293,13320,15178
14641: 12855,14705,14777,12862,12847,14828
14166: 
13872: 12897,13495,15306,13963,14476,13733
13497: 15141,12953,15662,14779,15330
15357: 13678,12879
14927: 15175,13391,14756,14892,14621
15007: 12937,15070,13206
13668: 14926,14191,14954,13887,14805,14176
14764: 14394,15494,13460
13312: 12844,14565,15639,13076
14826: 13295,14459,15315,13367,13383
14155: 13954,14027,15447,13066,12964,13104
13381: 13532,14140,13277,14491,14496
14425: 15492,13925,14975,13040,15545,13110
14157: 13389
13880: 
12876: 15424,15370
13838: 
13727: 14668,12837,15405,13199
13900: 14945
15535: 13518,13863
15442: 13971,14177,14442
15237: 14381
15416: 14604,15257
15188: 14384,13940,14135,13205
14545: 13355,15765,13539,14209,14302,14593
13493: 13235,14359,15417,13790,14630,15743
13935: 15518,13026,15337,13103,12896,13282
15126: 13831,13324,13902,13485,13916,15149
15122: 14149,15377,15553,14311,15158,14867
13370: 15448
28553: 13292,13310
15121: 15136,13082,14756,13992
15606: 
15202: 14625,14438,14606,13909,15320
15106: 
14891: 13117,12853,14464,12845
15758: 13609,15371,14110,13954,14027
13338: 13605,15693
14919: 15234,13314,15746,28558,13697,13730
28628: 13777,13192,14514,13219,14661,15335
15098: 13125,13011
15499: 14255,14151,15368,12939,13111,14352
14473: 13400,14200,12936,14474,14602
14030: 13203,13791,14617,14373
15502: 15302
13165: 14313,14476,15055,14370,12897,13221
15633: 12980,14603,14816,14509,15788,13035
14571: 15415,15179,14791,15471,15591
14582: 15353,14780,14903,14690
13392: 13915,14037,13531,13840
14983: 13178,15764,15241,14568,14481,14142
13782: 
12962: 15239,14164,13630,15015,14433
15300: 13571,14275,15254,13666,15199
13962: 14318,13204
13989: 
14176: 14380,13668,14954,13887,14534
15446: 13135
13474: 15575,13027,15621
13339: 13364,14628,14528,13841,13400
15536: 14331,13979,14984,14986,12893,14978
14622: 15704,13263,13964,15627,12856
13352: 15564,13579,14122,15466,14133
14885: 14788,14914,15358,14002,12969,12903
14089: 15186
14957: 15315,15755,13323,13762
13590: 14990,12918,14964,13597
14202: 13765,13415,15082,15680
15609: 14790
15517: 14601,14458,15478,14204,13117
15318: 
15075: 14198,14502,15229,13012,13854,15244
13921: 13939,15776,14040
13514: 14830,13010
13614: 13787,14562,15698,14477,13142,14743
15281: 
14459: 13295,15681,14826,14339,15476,13367
15392: 14084,15740,14768,14704,14427,13698
14147: 14546,14962,13719,14524,12985,13454,15653
13617: 15532
12880: 15596,15770,14124,14732,14572
13864: 14480,14264,12982,14457
15451: 14789,15095
13717: 15418,12901,13004,14934,15679
14041: 14907,13225,14939
14190: 14873,14327,14512,15657,15143
15078: 14083,14670,14306
14733: 13395,13526,14273,14454,14109,14343
12976: 13011
14119: 15680,13896,14916,15732,13550,13828
13149: 15585,15320,12974,15371
13078: 13412,13628,15076
14712: 
14693: 15058,13960,13925,14749,13440,14505
15782: 14055,13340,14752,28643,15332,15374
14731: 15167,14881,15549,13562,13220,13090,13917
15578: 
12881: 13813,14007,12935,28609,14900,15000,12840
13780: 15668,14246,13223,14666,14647
13558: 14700,15542,14145,13633,13240,15746
14158: 13215,13427,15153,14887,14807
15581: 15800,14234
15104: 14016,13578,14279,14864,12817,15146
14045: 14898,13216,14112,13415,13492
15768: 13270,14993,13155,13057,13739,15775
13262: 13715,14410,13001,15717,13625,13548
15167: 14731,14881,15549,15683,13980
14265: 15370,14501,15469
15713: 15295,12922,12921,13658,14715,13638
12856: 15627,14995,14622,12998,15455
14632: 14478,14979,14940,14649,12946,13826,12843
13186: 15077,13789
15203: 14682,15789,14388
13830: 15263
13184: 14774,13480,15770,15278,15615
15568: 14605,14349,15024,13139,15464,13648
14406: 13970,14332,15588,13999,14173,13062
15168: 15534,14490,14248,14435
15417: 13653,15631,13790,13235,13493,13536
13729: 13907,13721,15426,14334,14972,14510
13274: 13487,12835,13828,13260,13550,15042
14831: 12978,15231,13163,15145,12967,14999
12861: 15258,15602,13285,13278,14858
15797: 13479,15137,14436
12854: 13483,13167,15051,13168,14895,14090
13573: 13400,14528,14221,14699,14474
13813: 14007,12881,15669,12935,14856
15793: 
14207: 14379,13485,13512,15149,12995
15010: 15776,15311,14518,15054,14758
13328: 15380,13890,12829,14214,15045,15565
14889: 12852,15070,15754,13386,15660,12850
15676: 14483,15727,13582,14133,13414,13075
14288: 
13030: 14618,15472,14508,15637,14657,12953
13552: 13054,14906,14240,15027,15053,15504
15082: 13415,13492,14202,15732,13541
13091: 14347
14347: 13634,13091,14242
15263: 13830
15569: 13527,15496,13616,14345,13318,15644
15070: 14889,12852,12850,15007,12937
13015: 14791,15471,13044,14993,12849,15543
13142: 15051,14477,14653,13787,13614,13167
14604: 15416,15647,12943,15257
13586: 14911,14516,14973,13239
14397: 
15802: 14794,13683,12902,13705
15177: 15207,12841,14269
13706: 14815
15515: 15512,15799,28619,14612
14773: 
15525: 15757
13253: 13061
13784: 14088,14047,13602
15021: 15550,15605,15452,14760,13113
14073: 13917,15018,13796,15549,14754,13599
12889: 
14915: 13208,14105,15530,14954,14380,13343
15211: 15435,15619,14686
13362: 14523,15769,13955,14879,15316
15470: 13096,14460,13176,13519,15262
14845: 
14786: 14236,14341,15570,13721,14974,15439
13641: 28589,13728,14212,13554
14386: 13928,15703,14638,13478
15548: 13235,14359,14893,14971,14009,12979
14247: 15171,13465,13242,14314,14428
14602: 15274,12996,14473,12936,14474,15328
13251: 
15221: 15123,13731,15280,14798,14650
15556: 13379,13732,15201,13315
15347: 13946,13879,13944,13673,13688,13435
15696: 14275
13289: 13470,15577,14315,15490
13325: 15064
15671: 15752,12925,14814,13826,12843,15542
15430: 13297,14806,14558,12982,14874,14580
12981: 15477
15769: 14743,14523,13362,12836,13955,15736
14687: 14114,15208,13709,13618
15809: 13589,13293,14542,13488,14836
13500: 14443
13584: 13482,13842
14586: 15588,15790,14561,15241,14633,14142
14069: 13042,13844,12952,15243,15725,15685
14661: 14514,28628,13219,13593,15656,14969
13020: 
14248: 13501,14435,15330,15662,14527,15168
14510: 13434,15068,13721,15439,13729,14972
13257: 13690,14338,13426,14356
15360: 14044
13884: 12823
13033: 13111,14742,13386,13545,15754
15368: 15571,13672,13572,14255,15499
14418: 15047,13264,15011
15047: 14418,14390,28660,13681
13834: 14216,14591,14471,15367,14976,15714
14964: 13246,13597,15176,13769,13590
13779: 14056,13255,14306
14182: 14466,13808
14037: 13531,15677,13392,12944,13252,13840
14605: 13081,12900,12973,15568,14349,15464
13685: 13571
14254: 14552,14402,13850,13674,13452
14479: 13101,14078,15331,14559,15003,13909
14036: 12873,13060,13205,15582,13940
13116: 13745,15674,15294
13650: 15096,15503,15412,13432,14567,15372
15310: 13425,15424,15037
13509: 14356,13034,14597,14125
13220: 15702,13075,13090,13562,14988,14731
14167: 13295
15053: 14010,15027,15234,13697,13552,13054
13183: 13423,13855,12865,15601,15727,13582
13876: 13858,12998,13343,15642,13613
13429: 15373,13421,14989,13465,13819
14909: 13725,15666,14890,14539
15462: 15603,14736,14676,14578
12883: 13039,14330,14484,15722,14750,12987
12989: 14271,14598,14928,15085
15555: 15514,12855,14729,13059,12926,15395
13375: 14257,15544,15459,15061
13330: 14088,14046
14311: 15223,15553,15122,14149,14634
13703: 15110,13530,13275,14325,13675,14465
14126: 14087,15362,15009,13303,15087
15607: 13310,13498,15475
14137: 
14447: 15582,13643,13188,12994
13913: 13179,13058,13238,14076,14444
15720: 13944,15584,15596,14124,13177,13688
15679: 15705,13575,13004,13717,14917
14814: 15671,12925,15325,14145,13371,15542
15695: 14643,13942,13442,13740,14430
15367: 13896,14916,14976,13003,15714,13834
14430: 15295,12922,15695,13942,13442,13407
12943: 13621,15647,13193,14604
13811: 13632,14532,15381,13108
14332: 13970,14370,14406,14800,13062,13510
13145: 15270,13736,13737,14410,12816,15643
13306: 14067,13670
15207: 15177
14534: 14231,13153,13887,14176,13272
15409: 13996,14054,15626,14371,13832
14659: 15345,12993,14724,15396
13937: 13140,14762,12882,13975,14674,12920
15067: 13345,13327
13432: 14567,13435,13944,15584,15412,13650
14467: 15054,14808,14231,13695
13480: 15608,15200,13665,14774,13184
13105: 13897,13016,13859
15275: 
14584: 14676,13202,13956
15172: 
14378: 13933,14951,14870,15731
15165: 14120,13893,13604,14363,15514,14705
13689: 13553,14217,13626,15775,13155,14366
13525: 13647,13345,13232,13329,14144
13308: 15071,13700,15484,15373
14123: 13050
14636: 12898,12904,14521,14138,14059,13297
14482: 15661,13924,13249,13687
13532: 13381,14496
13157: 13449,13814,13569,14675,14745
13335: 14935,14276,14337
15245: 14412,15089,13063,14581,14453
15395: 13256,13059,15514,15555,13893,14070
15673: 14948,14427,15624,13469,15528,14994,15813
15274: 12996,14602,15246,13948,12936,14548
15379: 15226,12988,13929,13196
15030: 14401,14449,12890,15163
13915: 13961,13392,15485,13316,13840
15197: 13718,13507,13642,13615,15114
15753: 14517,13997,13280,14683,14328
14223: 13741,14871,14703,15223
13158: 14002,12969,15232,15423,13475,13118
12929: 
15678: 13570,13354,12931
13110: 15545,15119,14637,13661,13040,14425
13100: 13883,13871,15285
15597: 13092,15338,12826,13969
14583: 14243,15778,14404,14920,12938,15794
15680: 13896,14119,14202,13197,15732
13108: 15138,13811
12877: 13992,14407,12864,14621,14569,15425
14600: 12942,13373
15627: 12856,14995,14913,14622,13342
14776: 13607,14398,12884,13555,14562,13981
15476: 14400,14339,15228,14336,15681,14459
13980: 15683,13126,15167,13910,13038,15127
15795: 
15184: 
14490: 15534,15168,14435,15286,15640,14880
15518: 13935,13026,15337,14706,15586,14721
15711: 15193
13327: 15067,13232
15339: 15682,15242,28650,14028,14849,13556
15097: 15432,15182,15042,14504,13487,13227
13054: 13552,14906,13905,13697,12972,15053
14960: 14203,13646,15056,15394,15041
13582: 15676,15727,13183,13855,14988,13075
14240: 13552,14906,14887,14807,13712,15504
13082: 15121,13568,13123,14792
15464: 13648,14605,12900,15568,13977
14539: 15666,14909,14616,15440
15219: 
13783: 
14501: 15583,14648,14265
14208: 15506,14421,15255,15589,14263
13379: 15032,15556,13732,15201,14966,15632
13365: 15144,14022,15403,13581,15296,13326
14449: 13496,14755,14034,14401,15030
15161: 14540,14368,28646,13795,12919
14156: 13266,13580
13616: 13922,15288,14345,14981,14627,15569,15496
13037: 14616,13878,15187,13061,13458
14875: 
14658: 14721,14751,14736,14706
14946: 14234,14852
15811: 13606,12941,13284,13423,15570,14974
15694: 14929,14270
13466: 13941,13074,13903,14416,28658,15238
13592: 15282,13261,14609,14469,14033
13391: 14927,14756,13623,14301,14955,15076
13639: 12871,15434,15595,14879,14268,14071
14724: 12993,14659,15396
14180: 28634,13041,15128,15185
13404: 14955,14446,13623,14026
13909: 15003,13002,14479,15202,14625,14438
13193: 13953,14933,15072,15044,12943
14932: 14004,14846,13849,13045
15080: 14301,14930,12885,13448,14343,15386
14400: 14339,15476,15483,13766,12938,14953,14336
13046: 13648,13122,13621,13072,14857
15144: 13365,14022,14569,13581,12864,14169
14611: 13291,14187,15142,14023,12818
14413: 13006,13546,14090,13867,15289
12842: 14680,15708,12846,15198,12913,14072
13155: 13270,15768,15775,13689,14366,14685
14979: 14478,14649,14632,28558,15313,13730
14987: 13715,15643,12948,15236,15024,14115
14362: 13373
12993: 14724,14659
15276: 13298,13535,13211,14695,15222
13807: 14573,14991,14769
15182: 15432,15097,13023,13227
15018: 13917,14073,15439,14341,15068,13796
15218: 12932,13120,13138,13463,12915
13845: 14469,13873,15493
15775: 13739,13198,13626,13155,15768,13689
13597: 14131,14964,13891,13212,14990,13590
15008: 15750,15025,14102,14564
14110: 13609,15758,15783,15031,13954
13322: 
14198: 14502,15075,15229,13439,14599,13857
14908: 14984,15028,14778,14803,14146
14638: 15703,12947,14386,13478
13136: 14005,13765,13895
13439: 14766,28641,15622,14198,14502,13857
12996: 15274,14602,15246,15328,15541,13635
13903: 12868,13059,12926,13466,13074,15238
15604: 13676,15163,15113
13264: 14418
15565: 12966,15134,15380,13328,14214,15312
15630: 12874,15614,14558,14580,13646,14493
13860: 13017,15688,13753
14969: 13743,15664,15656,13219,14661,15088
15359: 14973,13660,15382,28619
15381: 13799,13632,13811
15191: 13353,13431,13302
15189: 14677,13544,15338,14840,13929,13856
14989: 13700,15147,13102,13819,15373,13429
13115: 14070,14357,14120,13893,15220,14842
15544: 13927,15459,14810,13375
12988: 15379,15205,15283
14768: 14650,14704,14061,14843,15392
14270: 15694,12942
14848: 14952,15351
15212: 
13433: 15660,12850,15449,13662,14829,14205
13801: 13946,13879,13528,15345,14450,15057
13954: 14027,14155,14110,15758,15031,14414
14097: 13923,12871,13914,15460,14071,15762
14591: 14216,13834,14471,15174,13906
14765: 15323,14276
15570: 13423,13855,15811,14974,14236,14786
15039: 15435
13139: 15651,14115,15024,15568,13648,13122
13246: 14131,14964,14098,13816,15176
12863: 15013,15700,14888,14031
13294: 15164,14038,14329,15198
14827: 13324,14281,14850,13916,14369,13503
13577: 13816
14106: 14549,12968,14328,13719
15117: 
14018: 13106,14154
15079: 13655,13118,13218,15423,15447,12964
13910: 14184,12867,14881,13980,13038
15603: 14736,15462,14706,14578,15586,14551
13644: 13414,14111,14483,14291
14981: 14678,14727,12821,13922,13616,14627
15132: 
13069: 13293,13278,14542,13355,14283,14302
13671: 15645,15773
14597: 15033,15521,14125,13034,13509,13507
14910: 15682,15242,14499,15590,14717,13704
12933: 14246,13170,14614,13519,15546
15461: 15162,13114,14258,13598
15595: 14879,15316,15289,13639,14434,14711,14268
14890: 14696,15292,13725,14909,13125
13721: 13907,14974,15439,13729,14786,14510
14181: 12949,13258,13975,14300
13001: 13715,13262,13625,15240,14781,15236,14968
13805: 
14576: 15481,15763
28646: 15023,13795,13882,15161,12919
13326: 15296,15563,15403,14424,13309,13365
13090: 15702,13220,14020,14731,14881
15505: 13143,13629,13991,15083,14396,13773,13990
14779: 15662,14252,13112,15141,13497
13074: 13466,15413,13941,14869,13903,12926
15447: 15423,13247,14027,14155,12964,15079
13367: 15315,13529,15755,14339,14459,14826
15181: 14290,15107,14996,15297
14970: 13249,15661
15672: 15405,13199
15495: 12886,28520,13654,14381
13696: 13798
15408: 15484,13818,15071
13787: 13555,14562,13614,12828,14653,13142
13242: 13465,13819,13229,15171,13073,14247
15660: 13433,12850,13511,13386,13662,14889
15496: 15569,13527,15019,13616,13702,14627,15644
13667: 13803,15674
28657: 15538
14200: 13400,14473,14628,14833,14174,12936
13333: 28618,15224,13705,13453,13358
12909: 14025,15099,14645,15355,14931
14873: 13612,13420,14190,15657,13226
12908: 14310
14230: 13799,13224
13712: 14807,13080,15504,14240,14309,14783
14914: 14633,14481,14142,15358,14788,13677,14885
14266: 15652,14032,15375
13539: 13524,15765,14545,14883,14209,13512
14259: 14396,15806,13761,13172,15083,14838
14299: 15752,12925,13495,15306,12959,15480
15019: 13527,15496,13702,15665,13459,14201
13622: 12934,15093,13833,14965,13720,13008
15229: 14198,15075,13854,13526,14273,14599
14911: 13586
15487: 
14995: 15627,12856,15455,14075
12951: 15044,15547,13518,13065
14701: 15744,14475
15613: 13945,14398,14392,15427,13952
15285: 14737,12927,13100,13883
14704: 14768,14650,15624,15392,14427
13859: 14623,15291,13016,13105,13849
13904: 
15738: 
14431: 13066,12964,13218,13890,15045
14066: 14721,14751,13026,15317,14325,15110
15064: 13325
14070: 14877,13115,14357,13893,13256,15395
14521: 15659,14950,13997,14636,12904,14138
15783: 13273,13609,14110
15171: 13073,15458,13242,14314,14247
15522: 13868,13649,13832,14939,13894
15521: 15033,14597,14125,15706,15766,13973
13828: 12835,15179,13274,14119,14916,15415
15173: 14726,14818,14730,13178,14901,15764
14204: 14272,15478,13287,14714,13117,15517
13524: 15765,13539,14049,13512,14530,12995
14735: 13421
13680: 14470
13736: 15670,15270,13145,15372,13737,15654
13201: 
13593: 15131,13014,28653,12830,15656,14514,14661
14856: 15125,12935,13744,14835,15669,13813
14536: 14925,13479
13762: 13323,13468,14957,15341,13267
13549: 15807,15153,14894,15235,13759,15710
15062: 14010,15027,15644,13527,15808,14847
12818: 15468,13652,14611,14187,14550
13323: 13468,13762,13296,13215,15755,14957
15162: 15461,13114,14722,14258,13574,28520
14120: 15165,13893,13604,14761,15220,13115
13673: 13688,14739,13946,15347
13649: 15151,13832,14185,15522
14783: 14389,14725,14309,13712,13080,13098
15577: 13470,13289,15032,13732
13162: 12945,14173,14994,15509,15813,13999
15302: 14684,14775,15502,15804
13606: 15811,12941,13284,14429,14445,15509
15450: 15158,13749,15459,14257,14853
14958: 15317,14325,14825,13675
15346: 
15083: 13172,13991,15505,14396,14259
14862: 14861
14128: 
13337: 14944,13214,14843,15740
12947: 15508,15061,14638,15255,14263,13478
15734: 
14427: 15673,14948,14704,15624,15392,13698
15457: 15585,15320,14702,14788,13475,14002
13122: 13648,13046,15651,13139,13953,13621
14789: 15095,15451,13150,15187
13192: 13777,28628,13219,15335,13095,14423
15378: 14252,14527,14294,13651
13502: 13307,12924,12869,13346,13888
14654: 14388
12815: 12915
14355: 15418,12901,15605,13334,13795,14368
14241: 14624,13483,14642,14232,13180,14685
13343: 14380,14915,14105,12998,13876,15642
15704: 13263,14622,14575,14748,14913
13670: 13320,15178,13306
14154: 14184,12867,14304,14018
15452: 14924,15021,15550
15262: 15668,13519,14246,15470
15304: 14161,15103,13083,14926,12834,14805
15546: 14614,13084,15264,12933
15113: 12890,15163,13676,15604
13112: 14859,13489,15141,15650,14252,14779
15186: 14089
14579: 15209,15340,14585,14944
15206: 14897,13434,13844,15308,15685,14486
13137: 13666,15199,13701,15803,13213,14620
14302: 15580,14283,14593,13355,14545,13069
14972: 13042,13844,14334,13729,13434,14510
12862: 12847,14465,14091,13076,14777,14641
15111: 15088,13018,13040,13743,14637,14440
13021: 13189,13406,14261
13951: 15663,13260,14409,13550,13541
14697: 15650,14024
13983: 
15240: 14850,15017,13147,14781,13001,14968
15642: 14518,13613,14380,13272,13343,13876
15674: 13116,14513,13667
13350: 14486,15194,15059,13653,14194,13536
13722: 
14468: 14607,13820,13793,14316,15004,14498
12874: 15630,15614,14822,15616,14493,14560,13152
14625: 15202,13002,13909,15320,14702
14082: 14550,14228,14574,15468,15129
12844: 14869,14565,13312,15413
14481: 14914,14142,13002,14568,14983,13677
15588: 14586,15790,14561,13999,13970,14406
13849: 14846,13071,14623,13859,14932
12922: 15295,14430,15713,13407,13217,13638
13214: 13337,14159,14322,15740,14607
14475: 14701
13856: 13196,13929,15189,15338
15423: 13475,13247,15447,13158,13118,15079
13943: 15489,14494
14043: 12887
14868: 13130
13453: 13333,13705,13411
15479: 13109,13542,15612
13832: 15151,13649,13996,15409,15522
15217: 13190,13570,15756
15702: 13220,13075,13090,14483,14020
13933: 14378
14225: 14907,14675,15697,14811
14067: 14861,13397,13472,13306
15273: 13923,13052,13889,13914
15054: 14467,14808,14518,15776,15010
13006: 14413,14090,13867,13168,13865,14092
14550: 14082,14187,15259,12818,15468
15748: 14866,14141,13185,14238
14320: 14317,13176,12891,13774
15174: 13443,14591,14471,13945
15131: 14966,15715,13014,28653,15632,13593,12833
15306: 13495,13872,13733,12975,15480,14299
15279: 13707,14720,13869,14420,15445
14675: 13634,13157,13814,14225
14109: 14446,14454,13395,14733,15063
14619: 15123,13731,14726,14901,14239
14608: 
12967: 15145,13309,15348,14831,13344,14999
14317: 14320,14080,15353,14780
14699: 13241,14474,13573,13792,14221,14766
13026: 13935,15518,14721,14066,15110,13282
15665: 13869,13459,15019,14420,14201
14567: 13432,13435,14644,15372,15412,13650,15670
13216: 13233,13908,14626,14898,14045,14785,14112
13890: 14651,15380,13328,13066,14431,15045
14486: 15194,13350,15059,14897,15206,15308
14280: 13134
15282: 13592,14953,14033
15105: 14533,13704,13576,13450
14750: 15722,13815,13195,12883,14522
15812: 
13840: 13252,14358,13392,13915,14037,14556
12945: 13162,14173,15509,12941,15426,13907
14986: 15196,14710,12893,12840,13979,15536
14858: 14196,12950,12861,15602,13877,13278,15527
13252: 14763,13840,14358,14037,12944,15472
15798: 14324,14008,13684,14707
15751: 14496,28607
13097: 13179,14548,15467,13788,13058,14982
13008: 13720,13102,13622,15093,15420,15147
13628: 14026,13078
15272: 13975,13430,13394,13258
13996: 13225,15409,14939,13832
14192: 
13692: 13711,28662
15187: 13061,14093,14789,13878,13037
14994: 13162,15813,13469,15673,14561,13999
14342: 14434,14028,14268,14753,15682,15590
14822: 12834,15780,15616,28298,12874,15614
13529: 15755,14419,14640,14243,14339,15483,13367
15421: 
13756: 14952,15351,14251
12887: 13259,13019,14043
13714: 
14950: 14521,13280,13329,14905,13997
13382: 13010,13742
13043: 15719,13023,13739,13198
13804: 13543,15598,13848,13471
12900: 13081,14605,15464,13802,12906,13977
15134: 12966,14804,15565,15750,15380,14102
14878: 12848,13576,14312
14678: 14981,14727,14824,13701,15803
14805: 13887,12834,15780,15304,14926,13668
13751: 14009,14920,15572,13261,15794,14118
15138: 13108,14532,15611,15267
13634: 14675,14745,14347
14341: 14236,13562,14786,15439,13917,15018
13371: 14691,14145,13000,14526,15325,14814
13715: 14410,13262,13001,14987,15643,15236
14947: 
14973: 15359,13019,13586,13660,13239
13399: 15712
14869: 12844,14565,14729,15413,13074,12926
12949: 14181
13788: 15467,14051,13948,14548,13097
14197: 13424,14660,13873
13999: 15588,14561,13162,14173,14994,14406
15180: 13093,15249,13503,14369,14209,14593
14562: 13555,13787,13614,14776,15698
15561: 13627,15398,14023,13291
15044: 15547,12951,13035,13193,15072
13423: 13183,13855,15570,15601,15811,13284
14000: 14515
13893: 14120,15165,15514,15395,14070,13115
14745: 13157,12837,13634
15739: 14519,15745,15101
15559: 14135,13036
13770: 14894,13708,15170,15313,12972,13905
14144: 13329,14905,13232,13738,13525
14184: 13910,12867,14154,14020,14304,14881
12944: 15361,14037,15677,13252,15472,14508
14669: 14820,14884,15092,14867
13603: 13057,13044,13800,14504,15719,13227
13881: 14461,12965
14524: 13083,13938,12985,13454,14147,14926
13052: 13248,13955,13889,15434,13914,15273
14628: 13339,15363,14833,14282,14200
13660: 13279,15264,13019,14973,15359,15382
14993: 13270,15768,13057,13044,13015,12849
12885: 15080,13448,15386,14752,13591,14055
13114: 15461,15162,28520,14998,14381
12888: 14717,15420,13556,15242,12934,15093
13049: 15398,13757
13661: 14637,13286,15119,13110
14042: 14011,13768
14859: 13347,13112,13489,14763,14618,15141
15449: 13433,12850,14205,14107,13473
15001: 12984,14551,15592,14594,15723
15320: 15585,13149,15457,15202,14625,14702
13279: 15264,13660,13965,13259,13019
15746: 13314,14919,13240,14700,13558,28558
13506: 12866,14443
13647: 13280,13525,13345,15805,14686
15020: 14371,14797,14022,15296,14175,14148
13120: 15218,13063,12915,14360
14105: 13208,14915,13964,13343,12998
12937: 15007,15070,14107,14237
13771: 14810
13280: 13647,13329,15753,14950
13036: 15559,13764
13605: 28616,14912,13338,14708
14315: 13470,13289,13743,15664,14440,15490
14160: 13440,13898,14965,13229,13720,13073
14904: 13885,15749
13053: 14494,14590,13588
14094: 14695,15014,14293
12923: 
13803: 13667,14671,15016
13374: 13457,12831,12868,13256,14877,14801
14017: 13538,13902,13485
13799: 13778,15381,14230
13536: 13235,14893,13350,13653,15417,14194
13688: 13673,13177,15720,13944,15347
13676: 15113,15604
13270: 14993,13155,15768,12849,14642,14685
15663: 13951,14340,13260,13301
14603: 14450,14816,14509,15057,15633
13290: 15343,13810
14942: 15159
15303: 13768,14177,13496,14631
14790: 15214,14812,15609
15358: 14914,14633,14885,14313,12903
15175: 14927,14301,13448,12928,14892
15752: 15671,12925,14299,12959,15118,13826
13516: 14774,15615
12845: 13133,14841,12853,14891,14718
13730: 15313,13697,12972,28558,14979,14919
14368: 15161,14540,15636,13795,12901,14355
14081: 14220
14924: 15452,13563,15550,12827
13865: 13168,12830,13006,13777,14514,14092
14673: 14053,14444,13409,15225,13839,15594
13988: 
14796: 15405
13377: 15634
13731: 14619,15221,14117,14798,14726,14921
14588: 13230,14626,14433,14785
14913: 15627,15453,15704,13947,13342
13358: 15006,13333
14737: 15285,12927,15592,13883,14744,15723
14339: 14400,15476,15483,13529,13367,14459
13172: 15541,15083,13635,13761,13991,14259
13626: 13198,15775,13553,13689
15643: 12816,12948,13145,13715,14410,14987
14665: 15344,15355,15646,15467,13393,14982
14205: 14829,13441,13433,15449,13501,13473
14954: 13668,14191,15530,14915,14176,14380
13384: 
13092: 13196,15597,13969
12891: 13176,14614,14780,15271,13084,14320
14065: 13486
15501: 14194,13022,13283,14289,15194,14422
14356: 13509,13690,13257,13426
13418: 15658,13317,15213,13531,15677
15112: 15343,14793
15549: 14731,15167,13917,14073,13599
12893: 14710,14986,13138,15536,14331,12932
13077: 13866,14719,14643,13740
12850: 13433,15660,15449,14889,15070
13979: 15000,14984,14986,12840,15536
15227: 14839
14260: 13414,14122,15599,15130,13056
13946: 13879,13801,15347,13673,13528
15124: 14899,15050,15700,15428,14087,15362
15531: 12814,15649,13269
15683: 13980,13126,13790,15167,15631,13599
14044: 14005,15360
13958: 14377,14163,14404,15235,15620,13759
15000: 13979,14900,14984,12881,15028,12840
13023: 13043,15719,13227,15182
15572: 14285,13261,14359,14630,14009,13751
14211: 14033,14469,15493
13829: 
15690: 
14010: 15027,15053,15062,13318,15644,15234
14682: 14577,12918,15203
12983: 
15345: 13528,14659,13801,15057
15657: 14222,14677,13544,14873,14190
15009: 14126,14087,14375,14171,15385,15087
13088: 13064
14092: 13321,15335,13865,13006,13867,13777
13574: 12886,28520,14722,15162
13504: 
13883: 13100,15285,14737,14744,14719,13182
12872: 13602,28656
15507: 
14335: 14590,15250,15090,15533,14799
13153: 14231,14520,14534,13887,15780,15616
15215: 13281,15427,13025
14937: 14278,15333,15687
14792: 15529,13082,13568,13822
15087: 15385,13758,14126,15009,13303
15586: 12984,14551,15603,14706,15518,15337
14319: 13753,13182,13740,13234,15200
13564: 13354,12931,28589,13892,13535,13554
14151: 14255,15499,14016,14058,13111
13608: 14836,13674
13723: 15520,14416,14103,15491,13124,15034
15298: 14102,14564,14804,15326,13484
15722: 14484,13559,14750,12883,13610
14313: 12903,14476,13165,15055,14633,15358
14088: 13784,13330,14046
14906: 13552,13054,14240,13905,15807,14887
14087: 14126,15362,15009,15124,14375,15428
13576: 14499,14770,12848,14878,15105,13704
13750: 14417,14127
13831: 13324,14992,15126,15491,15034,13902
15362: 14126,14087,15050,15124,15102,15458
13517: 14271,12895
14104: 15729
15632: 15131,14966,13014,13379,15032,14544
13984: 14681,12899
13707: 14720,15279,13557,13869,15761
14961: 28559,12952,13510,13221,15243,14767
13292: 28553,13055
15159: 15419,14942
15230: 13932,14096
14955: 13404,15076,13623,13391
14617: 12970,14373,14863,14030,15675
13772: 15766,15810,13313,14794,13422
14907: 14041,14225,14326,13225
14078: 14479,13101,14507,14218,14559
15439: 13721,14341,14786,14510,15068,15018
14055: 12928,15782,13340,14752,12885,13448
14333: 15733
14880: 14093,15640,15534,14490,14012,13878
15031: 14414,14110,13954
14966: 15131,15632,15201,12833,14415,13379
13757: 15398,13049,14912,15629
14153: 14663,15763,14432
15563: 15296,14175,13326,13309,15348,14014
13940: 15188,14036,12873,14886,15759
14516: 13586,15791,13239
15616: 15780,14822,12874,13153,14520,14560
15724: 14353,13464
14640: 13529,14419,14243,15778,15710,13427
15225: 14001,13839,14709,14673,15474,15594
28645: 
14239: 13645,13469,15528,14619,15123,14901
15655: 15540,15445,13710,14420,13405
13341: 15617,15741,13612,13449
13234: 13442,13740,14319,15608,15200,14572
15232: 13158,12969,13963,13118,13733,15771
12980: 15633,14150,14816,14535,13035,15072
14754: 13653,15631,13599,13796,14073,15059
15425: 14148,14054,13210,14569,12877,14407
15349: 13007,15552,13824
14657: 15637,12912,15574,14772,13030,14508
15393: 12825
15647: 13621,13072,12943,14604,15431,15257
14358: 13252,14763,13840,14556,13347
15125: 14755,12935,14856,14631,14835,13931
15541: 13172,13635,15328,12996,15622,13761
12851: 15540,15583
15410: 14912
13150: 14789,14740
15387: 14061,14843,15280
13349: 
13450: 14717,15420,15105,13704,13785,14134
13620: 13713,15589,13305,15100
13610: 14522,14833,15722,14174,15539
15316: 15595,14879,15289,14523,13362,13546
15013: 12863,15700,15428,13131
14171: 14375,14698,15009,15385
15324: 
14863: 13135,14617,12970
15130: 14854,15599,14451,14260,14403
14096: 13932,15230
13048: 13016,15635,14635
14306: 14670,13779,15078
15243: 14961,12952,13510,14800,13042,14069
13800: 13044,13603,14504,15179,15471
28662: 13692,28622
14376: 13154,13802,12906,15580,14283,13166
15649: 12986,14159,13269,15531
15592: 14594,13171,14737,12927,15001,15723
14290: 15516,15181,15002,14821,15107
14327: 13344,13099,14512,15404,15143,14190
13041: 28634,14180,13009
13638: 13767,14715,12922,15713,13217,15747
14452: 12955,12892,14003,13850
13651: 14997,14527,15378,14684,13300
13615: 15233,15197,15114
13247: 15423,13475,15447,15371,15585,14027
15005: 13993,15256
14882: 12829,14214,15399,14526,14052,13000
13064: 13088,13277,14140
14575: 15704,13263,15573,13664,15401,15567,14748
12924: 13307,14865,13502,13346
14135: 15559,13205,15188
15624: 14650,14704,15123,15528,15673,14427
13895: 15800,14344,14227,13136
13792: 14221,14013,13012,14699,14502,14766
13691: 13716,13305,14257,14853,15508,15061
12866: 15195,13506,13686
14387: 12956,14740
13462: 14589,15100,28371,13357,13716,13305
14048: 15777
13645: 14239,13469,15764,15241,14561
15747: 14226,15465,15065,14531,13217,13767,13638
14664: 
14159: 14322,13269,15649,13214
13949: 13869,13459,14620,13557,14813
13508: 14074
15331: 14795,14559,14479,14438
15703: 14638,13927,14386
14052: 13968,15312,15497,14214,14882,13000
14717: 15420,12888,13450,15242,14910,13704
12972: 15313,13697,13730,13770,13054,13905
13919: 15361,13734,15213,15253,14817,15677
14967: 15618,15301,14098,13005,14634
13686: 12866
28656: 12872
13748: 
15580: 14283,14302,14593,13093,14376,12906
13093: 15180,15249,13081,15580,14593,12906
12971: 12917
14173: 12945,13162,13999,14406,15426,13062
13013: 
13971: 13768,15442
13185: 14220,14844,14267,14141,15748
13567: 13223,15210,14666,13861,14612
13927: 15544,15703
15756: 14284,13570,15217
15289: 15595,15316,14413,13546,13867,14711
12985: 13938,14524,14328,14517,14147,13719
15628: 
13746: 
13955: 15736,13052,15769,13362,15434
15715: 15131,28653,12833,13180,12830,14895
12834: 15780,14805,14822,14161,28298,15304
13217: 13407,14531,14732,12922,13638,15747
15033: 15521,14597,13507,13313,15766
14422: 15388,15436,13068,14289,15501,13283
12895: 14271,14784,13517,15287
14451: 15466,15599,13007,15130
12977: 
15209: 14579,15340,14585,15419,13693
13991: 13629,13238,15505,15246,13172,15083,13635
15648: 12894
14540: 15161,14368,15636,14918
13095: 14029,14095,13978,13192,13219,14423
14113: 15612,14759,12963
12946: 15562,15118,14716,13826,14940,14632
14453: 14581,13852,15245,14412,14233,15579
14720: 13707,15279,15445
13643: 15582,15190,14447
13609: 15371,14110,15758,13273,12974,15783
14324: 15798,15634,14008,15322,14855
14349: 15236,14968,15024,14605,12973,15568
15474: 15594,14367,15225,14709,15557
15477: 12981
14014: 15404,13619,15348,15563,14175
14308: 13866,15723,12984,15337,12896
15512: 15515,14612,15261
15723: 14744,14308,15592,14737,15001,12984
15453: 14748,15645,15773,13947,14913
15729: 13410,14104
13665: 13480,15200
13545: 15152,13511,13386,14058,13111,13033
14971: 14377,14163,13022,15548,14893,12979
15204: 15757
14903: 14139,14582,13451
14741: 13311,12960,14872,14923,14840
15658: 13418,13317,15101,13781,13531
13914: 12871,15434,13052,15273,13923,14097
15341: 15424,13267,13468,13762,14079
13963: 12969,15232,12903,14476,13733,13872
15543: 12849,13663,12828,14791,13015,14395
15157: 14886,12817,13332,12873,13060,28557
15777: 14048
13047: 
13103: 12896,13942,13935,13282,14655
14531: 13407,14732,13217,14124,15747,15065
15136: 15121,15076,14756,13412,13123
13853: 14405,14690
15805: 15619,14686,13647,14683,12968
13452: 13918,13850,14254
13224: 14230
14709: 13565,13416,14001,15225,15474,15557
14460: 15470,13176,13774,14455
13997: 15753,14517,15659,14521,14950,13938
13187: 13311,12960,14292,14757,14646,15342
14615: 13056,14403,15036
12870: 15146,14772,14463,14279,13734,15574
15733: 14333
28520: 13574,12886,15495,15162,13114,14381
15017: 14850,15240,14968,15249,13503,12973
13877: 13293,13278,14858,15527,13488
13265: 14450,14644,13879,13127,15670,15270
15327: 15334,14297,14114,15208,15602,14196
13437: 15268,13669
14681: 13984,14337
13424: 14197,14660,14100,15127,13476
14726: 15173,14921,14818,14619,13731,14901
28661: 12913,28609,14072,15250,15090,15196