14621: 14738,13092,14873,13832,14222,14796
28593: 
13143: 13990,13089,15231,15332,13991,15246
14985: 15221,14218,14479,14610,14606
12849: 13270,13895
14615: 15676,13414,14122,14133
14328: 14138,14063,15103,14549,14636,12878
15299: 12938,13130,14826,13367,14243,15282
15380: 15008,15134,13571,12929,13609,14651,13890
15145: 14757,15225,14709,15342,13196,14397
13511: 14629,14252
13765: 13443,13025
14273: 28641,15229,14733,13012,13391,13448
15510: 15508,13478
14172: 15777
15340: 14952
13959: 14734,14564,12966,15300,15326,13862
14722: 12930,13402
15448: 14382,15297
13438: 14221,14766,13364,13934,13400,14198
14250: 14998
13724: 14229,12858,14100,14118,13261,12867
13533: 14057,14560,15780,15776,14298
12829: 15399,15760,14882,14431,13328,14214
12939: 15512
12855: 14777,14705,14641,15555,15514,14729
14343: 15268,13237,14013,14528,15386
13151: 13840
13942: 13935,13883,13282,14676,12896
15785: 15441,12957
13420: 13984,15597,15697,15425,12877,13569
13886: 12845,14461,14272
14390: 14418,13564,13763,13681,15016
14436: 
13061: 13250,13245
14824: 14727,12821,13968,13701,13169,14678
15666: 14909,12923,13482,15132
13488: 14552,13804,13850,13471
14556: 15482,15422,14773,14048
14112: 15013,13786,14340,13131,14045
13025: 13765,15543
13894: 13094,14454,15744,15529,13992,13157
13263: 14787,13207,14105,13964,13159,13461
12840: 13053,14900,13523,13813,15218,14710
14405: 14081
14881: 13917,13476,13493,14018
15804: 14809,13200
13753: 14572,13740,15615,13234,13184,13171
14598: 15576,15085,12909,14845,13085
15338: 13611
14998: 14250
14252: 15168,14037,13511
14488: 14537,13745,15779,13297,15756,14040
15372: 15270,14450,15503,13650,15770,14644
15484: 15802,13690,15810,13313
15779: 14488,13745,13320,15357,13297,15394
14108: 13519,13774
13302: 15156,15048,13204,14449,15181
15116: 14555,15404,15348,14014,13163,15741,12857
14833: 14473,12936,15363,14174
15737: 13789
15482: 14556,15150
12958: 15704,14021,14913
15178: 14176,14348,13369,13885
15254: 14734,14564,13484,15008,13571,14804
13948: 14628,14282,14051,14485,14750
14438: 15758,13954,13747,14795,15031,13273
14923: 14182,15557,14512,14511
15373: 
14809: 15804,13156,15052,13200
14802: 14021,14995,14758,13342
13070: 14865,14455
15519: 14559,14251,15209,14606,14980
15363: 12920,12824,14833,13669
15792: 14757,15225,14374,13416,13583
14683: 12822,13474
14079: 15315,13080,14448,14959,13296,13380
15791: 14317
14024: 13030,13489,13300
15721: 13877,13630,15598,14552
12911: 12993,15558,14470,15195
15760: 15399,13360,12829,13218,13655,14431
15698: 
14920: 14377,15794,13958,14404,14243,13130
14650: 15173,14619,13178,14704,14117,14798
15002: 15438,13900,14318,14996,14401,15442
15244: 14991,13404,15386,14769,14528,13368
14178: 
15730: 14847,14887,13468,14807,15504,13080
15150: 14613,15422,15213,15482
14893: 14009,14971,14194,15548,13536,13022
15332: 13058,14396,13991,15374,13089,13143
15296: 13326,15403,13365,13340,14148
13814: 14121,13706,14466
14323: 14437,14841,13032,15774,14718,15267
14369: 14827,13916,13503,14883,14209,14593
14361: 14762,13085,14646,14374,13583
15293: 13646,13272,15776,13827,15444,14075
13301: 14626,13543,14698
14921: 13002,14559,15209,15166,14730,14818
15092: 15377,14311,14224,13268,14162,15459
15201: 12830,15131,12833
13808: 14466,15307,15405,14032,14871
14929: 13257,13849,13847,15766,13666
14999: 14397,15738,12889,14757,14872
15024: 12906,12973,15249,13589,13081,14605
12932: 15611,14908,14900,13523,14891,13979
13297: 15394,13306,14488,15779,14040
15745: 15748,15361
14391: 12954,15433,14525,14963,15729
15688: 12927,13665,13883,13182,14744
13010: 14934,13325,13779,14355
14186: 
15403: 12978,13326,15296,13817,13365,13067,12967
14808: 13827,15444,13306,14040,13369,13885
13553: 
14742: 14460,15314,14399
14585: 14155,13396,12974,15221,14479
15343: 13914
13793: 13352,14451,13183,14445,15564
13952: 13951,14456,14216
13414: 14615,15676,13220,14988
13938: 14063,14547,15186,14587,15103,15805
13222: 
14594: 13956,14584
13281: 
15589: 13691,12977,14884,14589,14321
12994: 13332,13926
14666: 
12990: 15256
15427: 13607,14119,14234,14504
13181: 14261,13189,13406
13503: 14850,14781,15240,14827,14369,14593
15370: 14309,13869,13705,13411,13837
13646: 15293,13272,14558,13397,13306,15444
14828: 14705,14641,13658,12847,14715,14363
14489: 15376,14212,13596,15056,15011
13278: 13166,14452,12900,12892,13154,15015
13446: 14870,15701,15106,28622,28673
13267: 13244,14158,15315,14448,15424,13194
12936: 14833,15155,13241
14448: 14079,15315,14959,13323,13267,14158
14606: 14610,14078,14980,14985,15519
15139: 13430,14181,13394,13140
15061: 14249,12826,14654,13874,13836
15761: 14356,15411,13422
14898: 14852,15800,14836,15527,14785,14946,13674
14812: 15592,15787,14736,14706
14428: 
13873: 14167
14003: 13589,14857,14376,13081,15464,13093
13119: 
14949: 13336,13144,13211
15420: 15105
13833: 14966
14835: 15346,15230,12915,14986,13224
13248: 
14477: 13168
14532: 14984,14799
12965: 13778,13063,13852
15418: 
15253: 12870,15759,13444
15645: 14913,14179
13684: 15634,13717,13779,14924
15654: 14842,15096,15503,13736,13737,14644
14587: 15186,13806,15039,15686,14547,13938
12896: 12922,14676,13407,13942,13883,13866
15557: 15189,15212,13612,14512,14923
15506: 15100,14263,12977,13357,13305
15151: 13628,15409,15076,14955,14792,14569
13924: 28671,13657,28672,15356
14364: 14162,12860,15158,15375,14257,14669
15432: 13043,13110,15663,14433
13976: 14385
13286: 13739,15360,12983
13583: 13416,12989,14374,14361,14646,15792
13702: 13705,13459,14620,15808,15469,13707
13044: 
14912: 14269,15398,15535,15633,14023,15072
14351: 15047,13190,15276
14642: 14232,14653
14684: 14101,13993
14179: 15567,15645,14085
15238: 12831,12868,13124,13903,14416,13466
15434: 14533
15071: 
13124: 15238,12831,14416,13723,15491,14782
14543: 13336,13921,12907,14244
13839: 14199
15608: 13860,14774,13638,15200,15695,15065
13299: 12825,15393,15781
14214: 15312,15565,13328,12829,14882,14052
14322: 13269,15466,14316,13731,15673
15261: 
12814: 14768,13214,14439,15280,15004
14027: 15447,14876,14110,13909,12964,15371
14338: 14275,13319,14794,13772,14851,13491
14601: 15281,15191,15606,13778
15573: 12998,14068,14915,14380,13288
13398: 13803,15185,15376
14559: 13002,14921,15202,15519,15209,14980
15579: 14331,15611,14908,12893,15000
12838: 
14751: 14066,15317,13871,14658
13957: 
14861: 15430,14457,14694,13601,15041,28667
13708: 13770,15313,15170,15388,15235,15620
14926: 13668,14105,15614,15352,14520,13207
13230: 14500,14005,13848,15416,15581
13930: 13477
15530: 15133,15653,12819,13348,14915,15401
15590: 13321
13496: 15774,13024,12853,15516,13133,14714
13794: 13720
14496: 15712,14249,13920,13091,13727
14134: 13700
13928: 15100,14426,15789,14638,14263
15669: 12842,28661,14329,13390,15533,14442
15801: 13036,14690
15662: 15650,13651
13781: 13316,15748
12826: 15061,13836,14820,15612
14939: 13055,13123,13174,28665
12919: 15078,15452,15488,15023,13520
14535: 14115,13673,12980,14724,14509
13240: 15288,14345,13633,13558,15746,13314
15390: 13809,15063,13339,13623
13266: 13499,15310,13600,13783
15472: 15324
13361: 13713,14990,13246,15618
14798: 14818,14117,12986,14704,15649,14650
13841: 13809,12928
15538: 
14990: 14577,13246,13361,15618,15301
14063: 14554,14138,14328,13938,15186,15103
14580: 14950,12874,14558,14862,13083
14226: 15747,15096,15503,14531,13911,13650
13690: 15802,15484,15197,13313,14125
14624: 15595,13483
13732: 13800,14241
13994: 13413,13117,15606,15191
13936: 13647,13760,15753,13191,14748
15755: 15037
13899: 14057,14560,13939,15049,12917
13096: 
15731: 12842,28661,13744,13931,15489,15218
15246: 13629,14673,13991,15231,13143,15505
14429: 15509,13423,14994,13352,14451,14111
13085: 14361,14762,15576,14598,14845
12979: 14377,15794,14009,14971,14609,14953
14301: 14927,15080,15309,14756,13623,13822
13463: 14038,13588,14096,12913
13442: 13121,14719,13480,15596,14074,14739
14844: 15005
13421: 13785,14849
13212: 13597,15120,13513,12963
14354: 15522,14907,15143,14371,13078
14696: 15440,14629,15650
13213: 15521,15583,12914,12851,13701,13949
14944: 14768,13214,14579,14061,13820
13147: 13625,15717,15069,14281,13107,14850
14706: 15603,15462,14736,14812,15787,13026
15562: 14716,15725,28559,12952,15118,12946
15309: 14301,15080,15063,14769,13368,13623
14877: 14801,14357,13256,13115,14070,13374
12931: 15016,13564,28589,14875,13378
15051: 13142,14415
13848: 13230,14500,13415
15050: 14936,13018
15115: 12916,15010,14137,13456
13544: 15594,14784
13743: 14366
15406: 13738,13997,15642,12819,13719,15401
12886: 15162,15772,13114,13574
14350: 15057,13127,13879,14724,15345
15750: 12929,13609,13104,13909,13066,15371
15278: 13946,13177,13435,13585,13432,12866
13277: 13384,14681,13741,14277,14964
15534: 14688,13725
13319: 14275,14338,15134,13571,13491,13484
13174: 15204,14939,13634,28665
13412: 15525
14483: 15676
13911: 14567,13650,14531,13860,15584,14226
13562: 14341,14291,14754,15549,13599,14018
14143: 14854,15130,15728
13458: 13829
14309: 15370,13837,14389
13520: 14934,15023,12919,15078,13514
14237: 15070,15500,14780
15091: 15233,13973,15783,15160
14952: 15318,15340
13173: 13384,15290,14557,14541,14503,15554
13378: 15674,13641,14875,15014,12931
14359: 15417,15572,13493,13980,14285
15322: 13490,14922
13889: 15298,13810
13823: 15628,13482,13829
12839: 15324,14890
15057: 13127,15412,14350,15720,12980,14724
14554: 14138,14063,15186,13419,14905,13522
14403: 14304,13183,15599,14133
15400: 12916,14819,13087
14236: 14197,15631,14020,15127,14731
12864: 15697,15425,14022,14054,13449
14304: 13337,14445,14403,13183
13809: 15390,13841
14685: 
14730: 14818,14117,13002,14921,14568,13677
13822: 14756,12928,14301,14927,13821
15308: 14289,15194,14486,15685,15206,13228
15089: 14755,14072,14146,15478,13594,14746
13858: 15621,13664,12908
14497: 13116,13152,15211,15074,15172,13329,15067
14410: 13736,13737,13625,15717,13262
28520: 12930,15772,15495
15142: 14708,15623
15732: 13260,13110,15663,14836,15498,14689
13003: 14785,13471,14946,13543
15441: 14296,12989,12957,15785
14246: 
14933: 14152,14603,15651,13479,13122,15547
15257: 15239,12950,14858,13798,13537,15527,13492
14784: 12988,13544
15344: 15355,14982,15481,13276,15722
14860: 13610,15305,14699
15576: 15283,14598,15085,14645,14762,13085
15141: 15574,13662
13104: 12929,15750,15227,13066,15696,13685
13657: 28671,13924,15675,28662
13595: 15788,15345,15797,13879
14121: 13814,14608,15307
14851: 14720,13772,15033,14338,13847,13491
14148: 13340,14055,14892,13581,13365,15296
13311: 14872,12960,14709,14831,14555,14397
13329: 13264,15365,14203,15074,13116,14497
12823: 15181,13962,13540,14538,12845
13759: 13905,15807,14640,14583,15778,14894
13764: 
15326: 12991,15300,13034,15766,14734,13959
13790: 13845,14285,13028,13917,14660
14050: 12997,12899,15554,15437,14277
15614: 14105,14534,12856,15352,15304,14926
14185: 14592,13856,13157,15475,15757
14637: 13315,14375
13209: 15367,14571,15273,13555
15460: 
14434: 12884,13546
13483: 15595,14624,12854
15492: 13379
14800: 13062,14332,13510,14334,15243,13042
12948: 12816,15643,12980,15670,15412,13673
13223: 
13260: 15732,13110,15498,13550,14344,13227
15140: 14891,13353,15478,15028,14803,14755
13236: 13728,15056,15011,15294,13190
14291: 14341,13562,15631,14154,15549
15291: 13358,15114,15706,15694
13666: 13422,14623,15383,13849,13257,14929
14028: 14711
13161: 14480,13345,14180,14129,12898
13373: 12820
14663: 15646,13788,14665,15274,13179
13476: 15167,15549,14630,14881,15421
13847: 13034,13491,15766,14720,14851,14929
14692: 14708,14848
13272: 15293,13646,15776,14558,13083,15780
13134: 15473,13504,15223,15437,14280,13047
13953: 15044,15396,14987,14115,13518
14276: 14386,13088,13199,15703,13874
13303: 15087
15794: 14377,14920,12979,14609,13130,15483
14414: 15734,13747,15320,13973,13273,13507
15099: 
13034: 13847,13491,15766,14734,13484,15326
13917: 14881,14660,13790,14285
14064: 
14626: 13543,13301,14785,13233,13674,13786
14476: 12903,14313,13165,13963,13872,12897
14900: 13053,12840,13523,13141,12932,13979
14609: 15183,14953,15794,12979,15483
13693: 14611
15456: 14424,13773,14444,15505,13455,13817,15379
14384: 
15533: 14442,15303,15669,28661,14778,14631
13850: 13488,13804,12950,13471,14946,14852
14997: 13029,14616
13596: 15376,14489,15011
13877: 15721,13630,15327,14297
13117: 13413,13994
15149: 13916,15126,13485,14207,14883,13512
14336: 13529,14459,13323,14640,14583,13549
14461: 12845,13886,15784
14149: 
14381: 13114,13654
15605: 15767,15634
14963: 14391,14525,13755,14503,14337
15385: 
15148: 15230,14856,12915
15726: 15539,14931,14484,13835
15412: 15057,15670,15347,15720,12948,12980
15490: 14315,15384
15640: 12923
13347: 12910
15073: 15438,12853,15442,15593,15667,13024
13960: 15102,13898
15102: 13960
13768: 14821,13133,14714,14803,14755,14072
15725: 15562,13228,14716,14069,12952,15685
14916: 15768,15775,15042,13951
13087: 14819,15400,15627
14515: 13692
13056: 13855,15570
13598: 13654,14258
13874: 15703,14654,14386,14276,15061
13710: 13712,15445,13869,15638
15143: 14371,15652,14354
13309: 14222,14347
14564: 15254,14734,13959,14804,12966,15565
14310: 13671,15735
14899: 13023
15575: 13647,15753,15252,15133,15653,15699
15255: 15251,14098,13771,15203
13588: 13463,14038,14096,14494,14335,14590
14528: 14769,13339,14343,15244
13385: 15777,13253
14788: 14481,14983,14914,15457,14702,14002
13121: 13442,14719,13508,13338,14074
14229: 13724,12858,15183,13261,14469
14007: 13387,13120,13811,13943
14511: 13929,15081,14512,14923
14367: 13611,14872,15738,14747
13789: 15737,14189,13525
14491: 14703,14266,13268,13904,15553,14417,15625
14523: 
13118: 15771,15232,13655,13158,15079,15045
15532: 14925,13428
13428: 14574,15532,13617
12916: 15115,13939,15400,14723
13640: 14401,13901,15156,14034,13962
13785: 13704,13421,14342
15239: 15257,12950,15598,12962,14858,13804
15088: 13040,15656
15437: 13741,14277,14280,14050,12899,15223,13134
13170: 
13585: 13435,13017,14774,15584,13177,15278
14469: 15493,14229,13424,12981
14593: 15180,14302,14369,15240,13503,14209
14813: 12991,15300,15199,13426,13016,12914
12873: 15559
13436: 15705,13575
13896: 14588,13735,14227,15494
14445: 14304,13284,15564,13793
14256: 13943,13776
13058: 14396,15332,13991,13635,15541,13913
13866: 12927,13184,13407,12896,13883,15615
28673: 14482,14039,13446,13791,28622
15529: 13055,13969,13094,14454,13894,13868
13897: 13837,14389
13852: 13063,12965,14464
15193: 13542,13478
14278: 
13063: 13852,13108,12965
13867: 14268,13362
14736: 14706,15462,14812
14040: 15756,13369,13297,14488,14808
14234: 15215,15427,13274
13719: 15699,14147,12819,14524,13997,15406
15388: 15436,15170,13283,14422,13708,15620
15376: 14489,14212,13596,13398,13144
14721: 
14019: 13584
15584: 13860,14774,13585,13911,14567,13177
15284: 
14140: 13891,14853,13005,14131,14553,13577
13755: 15729,28607,13656,14963,15751,14337
13426: 14846,13016,15224,14813,15521,12914
13368: 14769,14991,15244,15080,15309,14930
14647: 
14217: 13015,13023,15577,15775
13526: 13012,13857,13439,14599,15075
12964: 13247,15371,15045,15447,14027,15079
14544: 14895
12848: 
14864: 
13189: 14546,13181
14401: 15442,13901,13640,14318,14034,15002
13250: 13061
13359: 15705,13004
14372: 13298
15772: 28520,14258,15414,13574,12886
12942: 13257,15766,12991,14956,13016
14039: 28673,14482,13791,15724
14577: 14990,13246,14215,15301
13993: 13531,13961,13252,14684
28607: 13755,13656,15751,14703,14266,13532
14379: 14017,13485,14207,13560
14331: 15579,14303,14581,14458,15000
13776: 14453,13811,14256,13943
14286: 14006,14262
13475: 15447,14876,13752,14625,15423,14702
14688: 14697,15098,15534,13725
14212: 15376,14489,13144,13336
15682: 14717,15112
13163: 14014,15626,15563,15741,15116
14002: 12903,14885,12969,14788,14914,15457
13546: 13168,14434
15213: 15150,13317
15120: 13212,13005,13577,13816
15636: 
13796: 15068,15743,13126,14897,15018,15059
14988: 15127,15570,13414,13582
13674: 14689,13233,14785,14898,14836,14626
15524: 15485,14116
13978: 
15025: 13050,14155,14839,15783,15320
12961: 
12827: 13882,14823,15216
15509: 14429,13423,13606,14994,14561,13162
14474: 13097,15541,15467,13559,12996,14200
13407: 12922,12896,15615,13103,13866
13454: 14622,15401,15642,14191,13280,13887
13459: 13702,13705,15019,14620,14725
13062: 14406,14800,14332,15426,13729,14334
13317: 15213,14206
13760: 13936,13647,14106,13191,13021
13607: 15427,14119,13908,15486
13739: 13286,15577,13661
15415: 15174,13167
13926: 14141,12994
15716: 14159,14843
15041: 13601,15630,14861,14694,14493,12982
15158: 15375,13727,13620,14364,14257
14513: 15689
13704: 13785
15268: 14343,13815,13437,14013
13273: 14102,15031,13507,13747,14414,14438
13179: 13409,12883,15646,14663,15274
15582: 
13166: 13918,14402,13278,13636,14452,12892
14008: 15679,14947,13377,14917
14610: 14078,14606,14985,13050,14479
13235: 15417,15572,13653,13536,15548,13751
13356: 12920
13821: 14446,15136,13822,14927,14109
14590: 14360,14335,14494,13588,15046,14680
15128: 15265
13774: 14108
13934: 13573,13669,13364,12987,13438,14198
13132: 13187,15474,14271,14076,15283,14645
13505: 14099,15421,13038
15558: 13271,12993,12911,13265,14659
13148: 14427,12865,15466
15473: 13134,13504,13047,14131,14667,14553
13629: 14025,13913,14673,13238,15246,13991
14289: 15308,15194,13228,13068,15501,14422
14374: 13401,14361,15792,13583
13842: 14829,14248,13037,13206,13878
15160: 14262,12940,15091
15383: 14623,13666,13257,14501,15635,14956
15771: 13118,15232,13655,13733,12975,13360
13434: 14972,15206,13844,14510,15068,14897
14962: 13208,14261,14380
13372: 14360,15198,14335,14453,15250
13972: 13330,15222,13784,12879
14708: 15693,14470,15142,14692
15374: 13761,15782,14396,15332,14169,13089
14001: 
14295: 15330
14620: 15665,15808,14600,15019,13702,13459
13920: 14386,13749,13091,13410,14496,14249
14480: 13161,13345,14059,12904,14805
14487: 15200,14308,15695,13665,15285,13516
14943: 14718,15784,15267,15517
15485: 14116,12910,15524
13923: 
15438: 13971,13900,15002,15073,12853,15442
15369: 
13798: 15416,13537,15581,15257,13492
13128: 14358
12941: 12945,13907,14974,13162,13606,15811
15252: 15103,15805,14549,15575,15753,15699
15712: 14496,14249,13620,14820,13659
15108: 12894,15660,14060
15335: 
13455: 14444,15505,13067,15231,13817,15456
14257: 14810,13462,15158,13620,14364,14669
14415: 13142,15051
13363: 15502
12918: 15618,15511,14682
14518: 14298,14057,15049,13982
13495: 14767,12897,15306,13872,14299,12959
14834: 13711
14131: 13047,14132,15473,14140,14853,14553
12978: 15403,13817,13773,12967,15226,15342
15265: 15128,14047
14560: 13899,13533,13876,13695,15010
14454: 13894,15525,15744,15529,13969
14785: 14946,13003,14898,14626,13543,13674
14820: 15789,15612,15712,12826,13659
14083: 14947,12901,13795
12821: 13922,14727,15022,14824,15497,13968
12878: 14524,14874,14636,14549,14328,14147
14941: 13440
13205: 12832
13534: 13772,15033,13615,13718,14499
13300: 13489,14024,13030,13531,13433
15199: 13701,14678,13862,14813,15300,12914
13861: 14393
13758: 13379,13018
14242: 14421
13316: 15005,13781,15101,14613
14038: 13463,13588,13120,12913,14335,15250
15163: 14996,14011,14318,14378
12828: 14366
15402: 
13456: 12908,14787,13207,15115
13204: 13726,15048,13302
15626: 14014,13163,12967,13326,15563,15144
15466: 14672,13269,14322,13148,13579
13176: 
13164: 13706,14679,14466
13820: 12986,14061,15166,14579,14944,12992
15277: 13111
12999: 13060,13643
15601: 
13540: 13962,12823,13901,15593,13881
13551: 13460,15351
14581: 14331,14303,15000,13632
13197: 13663
13594: 14746,15089,15478,13799
14101: 14684
13699: 14795,13149,13050,14078,15734,13747
13086: 
14703: 14266,14491,28607,15751,12997,13904
14855: 13795
13490: 28651,15322,14922
15190: 
14076: 14271,14025,14673,14741,13187,13132
13541: 12835,14119,13906,14409
14228: 13498,14925
12857: 15617,15741,15404,15116,15189,15212
13180: 14232
13357: 15100,15506,13305
14472: 13386
15414: 15461,14258,13160,12930,15772
13111: 13660,15277
14555: 15116,15348,14014,14831,13311
13389: 13160
14892: 14169,15806,13581,14838,14055,14148
15685: 15308,14069,15206,13844,13228,15725
13967: 14268,14879
13435: 13017,13585,15596,14739,13432,15278
14506: 13601,15630,14960,15616,14950,14806
14905: 13232,13522,14554,14138,14264,12985
13254: 14612
14267: 14866,14036
14902: 14903
13200: 15052,14809,15804
13282: 15609,14676,13942
13031: 14597,14102,13333,14125,13685
14277: 13741,15437,15554,13384,13277,14050
13752: 15331,15585,13756,14625,13475,14876
14956: 15691,15635,15383,13257,12942
13269: 14672,15466,14322,13731,15740,15624
13987: 13502
13891: 14140,14853,13005,15122,13590,13597
13898: 13960
15743: 13796,13126,13980,13653,15059,15417
14146: 15089,14072,14437,14841,14204,14746
15634: 13684,13717,15605,14917
14072: 15089,14755,14146,13768,14714,14437
14129: 14180,13009,14686,13161,13345
13076: 14565,15639,13312,14091,14777,12862
14465: 13275,12847,14091,13675,12862
14068: 12998,15573,14758,14995
15200: 13171,14308,15695,14487,13638,15608
15454: 
13973: 15233,15091,14414,15197,13507
14974: 12941,13907,13075,15811,13721,14786
13451: 15470
13612: 13341,14190,15557,15189
13663: 15060,13197
13313: 13547,13453,15484,13690,14125
14938: 
14772: 15637
12974: 15298,14585,14155
15364: 12822,12968,15781
14499: 12820,13534,14356
13098: 13425,15504,15062,14847,13762,13215
14883: 13539,13512,14209,14369,13916,15149
13055: 15529,13123,13969,14939,28665,13868
15315: 14079,14448,13267,13427,13380,13194
15027: 15644,14783,15062,13552,14847,14887
13107: 14281,14782,14992,13457,15069,13147
15468: 14701,13870,14662,13627
13473: 15292,15007
14307: 14977
13744: 15731,28661,15536,14710,14631,15218
14021: 14802,12958,14913
13472: 13186,13763,13535,15678
12903: 14476,14313,14002,14885,12969,13963
15266: 13927
13557: 13949,13137,14627,15583,15665,14600
12867: 13985,13724,12858
14829: 13842,13878
14931: 15726,14300,14484
13039: 15407,14628,14282,13788
13802: 13069,14196,12861,14283,15580,13648
15435: 14189,12898,15211,12872
13437: 14408,15268
13244: 13267,14158,13637,13499,13783
14566: 13767,14363,15713,14715,13234,13740
13477: 13930
12890: 13726
15351: 13551
15498: 14254,15800,14836,13260,15732
14057: 13899,13533,14298,14518,15049
15355: 15344,12882,15474,13276,15283,15085
13523: 14900,12840,15028,14710,14891,12932
14520: 15352,14806,12874,13668,14926,14954
12938: 15299,14826,13295,15282,14400,15477
13754: 12970,14441
13422: 13666,15761,13849,15411
15631: 14236,14197,14731,15702,14154,14341,14291
13487: 13270
13631: 12943,15366,13863,15647,13452
15086: 14051,14432,14628
13400: 13237,13854,14573,13364,14221,13438
13482: 13823,15666
15055: 14370,13970,13165,14633,15358,14313
14747: 13099,15738,14367
13905: 13054,15807,13759,12972,13770,14894
14049: 13285,15765,15258,13524,14530,13709
15545: 13216,13198,15009
13059: 15555,15395,12926,13256,12868,13903
15787: 15592,14812,15518,14706,13026,15337
15396: 13953,15044,15633,13518,13621,14150,13696
13522: 13232,14905,14059,13419,13327,14554
13548: 14801,14357,14842,15717,15069,13737
15625: 13047,14132,14491,12899,13904,15223,15553
13773: 14424,15456,12978,13817,15342,13196
13065: 14724,14509,15345,15535,14023
13131: 14112,15013,14045,15097,13216
15494: 13555,15179,13896,13735,14227
15258: 13285,14049,15765,13293,13355,14283
14222: 13331,13309,14873,14621,14347
13844: 13434,14972,15206,14069,13042,15685
14283: 12861,13802,13285,15258,13293,13648
14080: 
14189: 13525,15435,12898,13789
13383: 13408,15477,13295
14047: 14089,15619,14686,15265
13619: 14175,15563,15144,13210,15425,14022
13745: 14488,14537,15779,15742,14195
15497: 13000,14052,13968,14691,12821,15022
13215: 13762,15445,13425,13098,15655
14980: 14078,14606,14559,15202,15519,13149
14945: 12881,14329,13294,13933,15030,14442
15526: 
15796: 
15488: 15733,15023,14823,12919
14235: 15756,14537,14467,13892,14348
13283: 13022,15501,14422,14163,15388,15620
13518: 15633,14023,14115,14509,13953,15396
14458: 13979,14908,14331,13138
13908: 15179,14202,15486,13607
12822: 15364,14683,13474,14575
15004: 13824,14316,14439,13214,12814,14607
15602: 15327,14297,15334,15208,14196,12861
15646: 14663,15272,14548,13179,12883
14245: 
15003: 14795,13149,15585,13756,13954
12898: 14189,13525,15435,13161
14346: 13545,12870,13033
13168: 13546,15736,14477
14264: 15430,14457,12985,13232,14905,12834
13083: 13695,15780,14954,14580,12874,14558,13272
15780: 13695,13083,13272,15776,13533
14694: 13264,15365,14457,14861,15041,12982
14034: 14318,14378,13287,14401,13640
12950: 15257,15239,13804,13850,14852,15527
15764: 15790,15241,15528,14084,14239,14726
12843: 14700,14649,14632,13826,15671,15542
15006: 13105,14065,15279
15336: 
14412: 13417
14337: 15751,14541,14503,14963,13755
14689: 13233,13674,14836,15732,15663,14340
15058: 
12953: 12850,15637,13501
14719: 13121,13442,15275,13508,13480
15365: 13264,13329,14694,13116,12982,15709
15619: 14047,14089,13864
14846: 13426,13016,15224,15691,15114,15706
13515: 15188
13310: 14550
14984: 13138,14799,14303,14532
14416: 28658,13466,15520,15238,13124,13723
14749: 
15297: 13249,15448
15307: 13808,14466,14121,15672,14032
14840: 13682,14677
13733: 13963,15306,13872,12975,15771,15232
15553: 14383,14417,14223,14491,14132,15625
13625: 15717,13147,14410,14850,14781,13262
12910: 13347,15485
14755: 15089,14072,13768,14803,15140,15478
12915: 15230,15148,14835,13224
14541: 15751,14503,14337,15554,13173,12997
13275: 12921,14465,14325,13703,13675
15223: 12899,15437,13047,15625,13134
14740: 15095,14539,14865
15727: 14156,13582,13423,13606,13090,15811
13416: 12989,13583,15792,13975,14053
15198: 14360,13372,15245,13932,14856
14757: 15792,15145,14397,14999,14053
15305: 14699,14573,14860,13610
14718: 15784,14943,15267,14978,13032,14323
15800: 14898,14836,15527,13492,14254,15498
14249: 14496,15712,15061,14386,13920
15095: 15007,15070,14740
13969: 13055,15529,15525,14454
14533: 15434
14700: 12843,14649,15542,13558,15746,28558
13390: 15164,14177,15125,14329,12842,15669
13763: 13681,13535,14390,15016,13472
15146: 12875,12944,14657
13227: 13626,15182,13550,13260,13110
12816: 12948,15643,13715,14968,15236,13673
13066: 15758,13909,15031,15227,15750,13104
15813: 14561,13645,15392,14948,13469,14994
14388: 13713,15203,14287,13513,13716
14330: 
13687: 14837,13203
15706: 15694,14846,15224,15291,15114
13106: 14154,15487,15587,14184,13910,14197
14300: 14931
13778: 12965,14746,15606,14204,14601
14723: 13322,12916,13939,12917
14756: 12928,13623,13822,14301
14191: 15455,13454,13964,13887,13461,13947
14059: 13232,13522,13327,14480,14805
15610: 15263,13851
13812: 14153
15323: 13064,14557,13175
13600: 13783,13266
14099: 13505,14660,15421
14380: 13288,14261,14962,15573
15224: 13426,14846,15521,12851,15706,14420
14221: 14766,13438,14599,13854,13400,13857
12901: 15513,13351,14083,15679
13259: 
15264: 15470
15697: 12864,13449,15020,12877,13420
13190: 28589,15294,13236,14351
14572: 13753,13740,13217,13638,13171,14732
13492: 14254,15257,13798,15581,15800,15527
14009: 14971,14893,15548,14339,12979,14953
14698: 14045,14031,13301
14111: 13352,15599,14429,13423,14156
15749: 15621,15567,15795,14085
13293: 15258,14857,14376,13355,14283,13648
15641: 
14446: 13821,15136,14927,14026,13628,15409
12970: 13754,14441,14863
13221: 14767,14961,12897,14370,13165,13510
14206: 13317,13825
14165: 
13566: 13467,13188,13679
15195: 12911,13944,15137,13445
15762: 14392
15330: 13662,14295
13825: 14206,14779
14825: 14958,14091,13675,15639
14303: 14331,14581,14984,14233
14922: 28651,13490,15322,15550
14485: 13950,14051,13948,14522
15156: 15048,13302,13287,13962,13640
15537: 15683,14100,13845,13028,13592
13320: 13678,13602,15357,14088,15394,15779
13226: 13649,15084,15136,14407,15329
13601: 15041,14506,28667,15630,14861,14960
13956: 14594
15077: 13146,12872
13818: 14711
13836: 14654,15061,12826,12947
15176: 14771,15301
14676: 12922,14790,12896,15609,13282,13942
14195: 14293,14537,13745,13892
15617: 15741,13569,12857,13984,15189
15348: 14555,15404,15116,12960,15205
15059: 13653,13350,15743,13796,14897,14486
13188: 14279,13679,13566,15677
13417: 14233,13632,14412
15183: 14609,14953,13261,14229,15493
13761: 15075,15782,15374,13439,14169,15806
14274: 13940,15759,13444
14853: 14140,13891,14223,14131,14132,15122
15465: 14761,14732,12880,13217,14120,13604
15623: 13481,13506,15693,15142
14794: 14275,14338,13333,13683,13642,13772
13471: 14946,13003,13488,13850
15483: 13130,15794,14609,15493,15282
12960: 14872,13311,15348,15205,14292
13080: 14079,15730,14807,14959,15504,13296
14646: 14361,13565,12989,13583
14015: 
14613: 15150,15101,13316
13402: 14157,12905,14722
14411: 15038,13140
13718: 13615,13453,13642,13534
14630: 15167,13476,15421
13656: 15729,13755,28607,13381,13532
14292: 13611,12960,15081,15205
13654: 13114,13574,13598,14381
15644: 15027,14783,14201,15496,13527,13552
14142: 14901,14914,14726,15241,15358,14885
14527: 12923
15011: 13236,13728,15056,13596,14489
14774: 15608,13860,15584,15695,13017,13585
14136: 
13726: 12890,13204,14449
15684: 14127
13314: 15746,14919,13240,14345,13318,15234
15233: 13973,15091,12940,15802,15197
13846: 14863,28662,14373
12837: 13395,13331
13022: 13283,15501,14163,14971,14893,14194
13199: 13335,15672,13088,14386,14276,13749
15455: 14191,13280,13343,13947
14743: 15736,14090
13602: 13320,13678,13116,13152,15709
14787: 13263,13207,13159,13664,13456
13397: 14067,14558,13306,15054,13646
13113: 15513
12998: 14068,15573,14915,14622,13280
13931: 15046,14680,15489,15731,13813,15218
13351: 13563,12901,15679
13854: 13237,13400,14221,13404,15386,13857
12969: 12903,14002,13158,15457,15232,13963
28652: 
15433: 14391,12954,14525,14815,15690
14874: 14524,14636,12878,14517,15659,14161
12928: 14756,13822,13841,13807
14398: 13981,13366
14268: 13867,13967,14770
14734: 15254,13959,14564,13484,13034,15326
13589: 14542,14857,14003,15249,15024,13081
15789: 14426,14820,15612,14638,13928
13007: 
12984: 14655,15723,12922,15295,13103
14253: 14596,14793,13700
15550: 14922
15489: 15046,13931,15164,15708,12842,15731
13219: 13243,15247
14623: 15383,13666,13045,13509,14501
14517: 15430,12985,14874,14636,14161,28667
15045: 13247,12964,13218,15079,13118,13655
13618: 12995,13560,14687,14530
13470: 14888
12897: 13221,14767,13495,14476,13165,13872
12831: 15238,13374,12868,13457,13124,14782
13285: 14049,15258,13709,15208,12861,14283
13837: 13411,13405,14309,15370,13897
15552: 14159,15280
13705: 13702,13459,13707,15370,13869
14538: 14449,15181,12823,14272
14352: 12817,14016,13545
15806: 14892,14169,13439,13761,15229,14838
14399: 12850,15314,14742
13202: 14737,14551,15275
13591: 28641,14838,13082,14752,15397,14055
14839: 13810,15783,15298,15025
14552: 13488,13804,15721,15598
13154: 13139,15366,12900,13278,15015
14233: 13417,14303
15164: 14177,13390,15708,12846,12842,15489
14318: 14378,14034,14996,15163,14401,15002
14261: 13181,14380,13208,14962
14565: 13076,13312,14777,12844,14869,14729
15319: 13021,15453,14546
15770: 14567,13650,13035,15372,14450,13801
14530: 14687,13709,12995,13618,13524,14049
14371: 15143,14675,13078,14354
13664: 15621,13858,13159,14787,12908
14168: 15217
14760: 
15361: 13185,15745
14850: 14781,13503,14281,13625,13147,14827
14494: 15708,12935,13588,14096,15046,14590
15656: 14936,15088
14832: 
14761: 15465,12880,13115,14120,15747,15220
14639: 
15110: 13703,13530,13026,15603,14066,13871
14435: 14205
15475: 15259,13094,13157,14185
15034: 13538,13723,14103,13831,15491,13902
13409: 13179,12883,15763
13713: 13361,14388,13513,12963
14762: 14361,13085,15576,14645,14928
15493: 13295,15282,14469,15183,15483
15234: 14010,15053,13314,14919,13697,13318
15481: 13986,14982,14674,12949,15344
13749: 14386,13920,13199,14935,13410
13027: 13288,13406,14106,13348
13970: 14370,15055,14633,15588,14406,14332
13011: 
13819: 15111
15342: 14709,14831,13196,12978,13773,15226,15145
13443: 13765,15215
14115: 14535,14987,14816,13673,14509,13953,13518
13725: 14688,15534
15325: 12925,15480,14526,13694,14814,13371
15334: 15327,15602,14114,15208
15166: 12986,13820,15209,12992,14921,14818
14551: 13100,13202
14216: 13952
15692: 14251,12992,14579,14498
15109: 15387,15410
14819: 13087,15400,13322
14360: 13372,15198,14335,14590,14680,13932
13613: 12907,15217,14244,13681,13535
15270: 15372,14450,15670,13145,14644,15643
14026: 14927,15080,15175,14930,14446,13628
15286: 
15056: 13236,15011,14489,14671,15294
15404: 15116,15348,12857,15212,15205
14162: 15459,14364,12860,14224,15092,15375
15500: 14780,14237
12959: 15752,15118,28559,14767,13495,14299
15426: 13062,14406,14173,12945,13907,13729
13902: 14017,13485,15034,13538,13831,15126
13682: 14840
13694: 15399,13360,14526,12975,15325,15480
13572: 
14293: 15560,13041,14195
14505: 
13336: 14543,14949,14212,14418
14209: 13539,14883,14545,14369,14593,14302
13947: 15795,13461,14191,15455,13349
12869: 13545,14255,14889
14321: 13305,12977,15589,14208
14377: 15794,14920,12979,14163,14971,13958
14547: 15686,14748,14575,14587,15805,13938
14114: 14687,13709,15208,15334
15249: 15180,14302,15024,12973,13589,14542
14596: 14253,14793,13547
14504: 14456,15427,14119
15594: 12957,13975,14053,12889,13099,13544
15228: 15037,15681
12992: 14251,15209,15692,14579,13820,15166
12940: 15160,14262,15233,15802,14764
13521: 15186,13806,14089,13419,14144
15422: 15150,14556
14644: 13145,13736,15503,15654,15372,15270
13824: 15004,14316,14439,15531
13024: 15774,13496,15073,12853,15667,13032
15677: 13188
13869: 15370,13705,13707,15445,13710
15591: 14202,14571
15773: 13208
15599: 13220,14133,14403,13352,13183,14111
15133: 15653,15530,12819,15575,15699
13239: 
14830: 
15271: 15353
15222: 13972,13330,15067,14088
13321: 15590
14392: 15762
15226: 14014,12967,12978,15342,14831
13662: 15330,15574,15141,14618
14770: 14268
15765: 14049,15258,13539,13524,14545,13355
14894: 15778,13770,15235,14404,13905,13759
13835: 12949,15726
14668: 15652
14224: 13091,13399,15092,14311,15375,14162
28658: 13941,14416,13466,15520
14953: 14609,15183,13261,14009,14339,12979
14578: 15609,15001,14790
15032: 13379
14896: 
13167: 15415,15174
14484: 15726,14931
15185: 13041,13398,13803
14054: 14792,13082,12885,14955,13449,12864,14022
14837: 13687,13135
15504: 13425,13098,13296,14847,15730,13080
13918: 14402,13166,14452,15416,13537,14005
13486: 13333,14125,13453,13642
14500: 13230,14005,13848,13072,15431,13415
13127: 15057,14350,13265,15720,14659,13879
14525: 14391,15433,14963,13064
14219: 14879,15112,12902
15040: 14574
14284: 15276,13641
13194: 15424,15681,15315,13267,13427
15478: 15140,13353,15089,14755,13594,13799
15114: 13358,15291,15691,14932,14846,15706
12904: 14203,14805,14480,15074
13468: 15730,14887,14240,14906,14807,15153
15119: 15009,13689
14713: 
14569: 13449,13344,14407,15151,15409,14955
14852: 14898,15527,13850,12950,14946
14385: 15324,13976,13392
14442: 15533,15030,15303,14945,14329,15669
12914: 15521,13213,14813,13701,14678,15199,13426
14744: 15275,13182,15688,13665,15285
14680: 15046,13931,14360,14590,13813,13932
13388: 13095,14969
13296: 13425,15504,14079,13080,15710,13380
15443: 14539
14763: 14866,14817,14141
13123: 13055,14939
13478: 13305,15510,15193
14711: 13818,14028
14130: 
14707: 
14419: 14400,14077,14957,13637,13499,15310
14074: 14739,14319,13121,13442,13338,13481
14634: 
15048: 15156,13302,13287,13204
13494: 13029
14443: 
14895: 14544
13797: 14995,14913,15311
13169: 14678,13862,12966,15312,13968,14824
14934: 13520,13010,15078,13325,13334
14314: 
13324: 14827,13916,15126,13831,14281,14992
14818: 14730,14117,14798,12986,15166,14921
12846: 15708,12935,15164,14177
13892: 13211,14537,14195,14235
14660: 14099,13917,13790
14139: 15368,15359
14060: 15108
14870: 13446,28670,15043,14951,28622,15786
13072: 15015,13452,15431,14452,14500,14005
14821: 13768,13133,14778,15536,14803,14631
13419: 13327,14144,15186,13521,14554,13522
15023: 15488,15733,12919,13520
15313: 13708,12972,13770,15170,14979,13730
15014: 13378,15674,13354,15793
13135: 15391,15675,14837
14816: 14987,14115,13673,12906,14349,15236
13587: 
14177: 15164,13390,15125,12846
14748: 14547,14575,13936,15753,15805
15511: 15618,12918,14771
28672: 14183,13998,28671,13924
13009: 14129
13632: 14464,15138,15000,14581,13417
13484: 15254,14734,13319,13571,13034,13491
12830: 12854,15201
15260: 
13249: 28622,15786,15297
14141: 13926,14866,14763
14887: 14847,15730,13468,14240,13552,15027
13932: 15245,14680,14360,15198,13053,13813
15042: 13906,15471,14456,14916
14102: 15031,13273,15227,13507,14597,13031
14656: 15446,14570,14970,15354,13884
12824: 15363,13573,13669
15328: 13172,15083,15622,14602,13635,13097
13961: 13252,13993,14977
13633: 15288,13240,14691,14145,13558,15022
15094: 
13146: 12872,15172,15077,14046,13330
13225: 
14370: 13970,13165,15055,14332,13510,13221
12847: 14465,13658,14641,12862,14828
14227: 13896,13608,15179,15494,15486,13828
12997: 14050,12899,13904,15751,14541,15554,14703
13344: 14569,13449,14407,15329,15020
14383: 15553,14417,14223,15459,12860,14867
13981: 14398,13460
13630: 13877,15721,15598,14297,12962,15809
13211: 13892,14949
15029: 12937,13578
14884: 15203,14589,14098,13691,15589
13075: 14731,13090,15811,15702,14974,14786
13734: 13679
15790: 14633,15241,15764,14239,14586,15588
13766: 15572,13845,14033,13751,15683
13440: 14941
14004: 14932,13358
13571: 15008,15380,15134,13319,15254,13484
13187: 13132,14076,14444,14741,14645,15379,14928
13415: 14588,15431,14500,13848
14116: 15485,15524
15767: 15679,15733,15605
13885: 13843,14808,13827,13369,15178
14033: 14339,13751,13766,15683,14118
14710: 15536,15028,13744,12840,13523,15218
14244: 12907,13613,14543,14418,13681
14781: 14850,15240,13503,13625,13001,13262
15155: 12936
13578: 15029
13992: 13078,13157,15744,14475,13894
14667: 15450,14553,15473,14127
14592: 14185,13292,13856,14701
13817: 12978,15403,13067,13455,15456,13773
15766: 13847,13034,12942,14929,15326
15076: 15151,13628,13391,15175,14792,14752
13210: 13340,15397,12885,14022,13619,15144
14492: 14779,12912
15288: 13240,14345,13633,13616,13922,15022
14568: 14481,14625,13677,13002,14730,15331
14025: 13629,14673,13238,13393,14271,14076
14464: 13632,15138,13852
15637: 14772,15574,12953
14023: 15633,13518,13065,14509,15535,14912
13133: 13768,14821,14714,14778,15516,13496
14791: 15060,14591
12913: 13387,13120,13463,14038
14879: 14219,13967
15503: 15096,14226,15654,13650,14644,15372
13512: 13539,14883,13524,15149,12995,14207
15774: 13496,13024,13032,14714,14437,14323
13986: 14982,15481,14674,14548,12883
15049: 12917,13899,14057,14518
15467: 14522,14602,13559,13097,14474
14662: 15121,13996,15468
14466: 13808,15307,13164,13814
15664: 
14164: 12962,15809,14858,13069,14402,13636
14051: 15086,14432,14576,14485,14628,13948
14437: 14841,14323,15774,14714,14072,14146
13652: 13291,13020,14942,14611
13944: 15797,14659,13879,15195,15137
12868: 15238,12831,13374,13903,13059,13256
13203: 13687
15638: 14265,13710,13712
14865: 13070,14012,14740
13067: 13990,13365,15231,13455,15403,13817
14847: 15730,14887,15027,15062,15504,13098
13360: 15399,15760,13694,15771,13655,12975
12882: 15355,14982,15474,14271,15763
14618: 13497,13662,13441
13990: 13089,13365,13067,15231,13143,13581
14498: 15123,15692
14686: 14047,14089,14129,14144,13345
14150: 13863,13621,13977,15044,15396,12951
12894: 15108,14880
14281: 13107,14992,13147,14827,13324,14850
13354: 15678,15793,15014
14396: 13058,15332,15083,13635,15782,15374
15321: 
13094: 13894,15529,13868,15475,15259
13413: 13994,13117,15267,13251
14746: 13594,13778,15089,14146,14204
13535: 13763,13681,13613,13186,13472
14728: 
15629: 15207,13020,13870
15066: 15502,14890
13042: 15243,14069,14800,14334,14972,13844
13175: 15323
13998: 14183,28672
15220: 15747,14842,15096,13115,14761,14357
15650: 15662,14696,15440,14697
15394: 13297,15054,13320,13678,15779
15096: 15747,14842,15220,15503,14226,15654
15036: 13910,15587
15413: 12844,13074,14869,13941
13862: 13169,14678,15199,13959,12966,15300
15069: 15717,13147,13457,14801,13548,13107
28622: 13249,13446,14870,28673
15486: 13828,14227,15179,13908,13607
13826: 15752,15118,12946,15671,12843,14632
14163: 13022,13283,14971,13958,15620,14377
13126: 15743,13796,15018,14754,13599,13980
13637: 13244,14158,13529,14077,14419,13499
13307: 
13255: 14333,15161,14670
15391: 13135,14373,15219,15675,13711
13017: 13435,13585,15695,13516,15596,14774
13345: 13161,14480,14686,14129,13327
14867: 13771,15122,12860,14383,14223,15251
13057: 13800
14258: 15461,15414,15772,13574,13598
13004: 14056,15705,13359
15728: 13284,12865,14143,14854,14427
15248: 
15407: 13039,13195,13788,15272
15424: 13194,15681,13267,13783
14213: 15354,15113,13791,15106,14290
13939: 12916,15010,13899,14723,12917
12921: 13275,13658,13703,13530,13077,14430
15337: 14655,13077,15787,15518,13530,13026
28651: 13490,14922
15717: 13625,15069,13147,13548,13737,14410
15491: 15034,13723,13831,13124,14782,14992
13507: 14102,13273,13973,14414,14597,15197
14495: 
15431: 13072,13452,12943,14044,14500,13415
14053: 15594,13975,14757,13416,12889
13510: 14800,14332,14370,13221,14961,15243
15693: 14470,14708,13481,15623,13688
13570: 13186,15678,14904
14715: 14430,15713,13658,14828,14363,14566
15741: 15617,13569,12857,14175,15563,13163,15116
13177: 13035,13946,15278,15584,13585,14567
14512: 15081,15557,15212,14923,14511
15571: 12937
12832: 13205
13537: 13798,15416,14858,13918,14402,15257
12835: 13626,15182,13541,14409
14457: 14264,15430,14861,12834,13264,14694
14930: 15175,13448,13368,14991,15080,14026
15235: 13958,14404,15620,13708,13770,14894
13635: 13097,15541,15083,15328,13058,14396
28659: 15600,14306,15161,15078,15452,13334
13406: 13021,14546,13181,13027
13964: 14105,12856,13887,14191,13461,13263
13366: 14398,15613
13737: 13736,14410,13548,14842,15654,15717
15135: 15269,15204,15129
15681: 15424,13194,15037,15228
15147: 
13068: 13228,14716,14289,15436,14940,14422
15585: 15331,13752,13756,15202,15003,13149
15719: 13603
13709: 14687,14114,14530,15208,13285,14049
14716: 15562,13228,15725,13068,12946,14940
13268: 14266,14491,15092,15377,15459,14417
13678: 13320,13602,13670,15709,15394,15054
15280: 13698,14439,15552,12814
14797: 13649,15084
13966: 
15539: 15726,14674,12949
14090: 15736,14743
14455: 13150,13070
12986: 14061,13820,15166,15649,14818,14798
13084: 
14086: 15159
13019: 15188
13810: 14839,13889,15298
13032: 15667,14978,15774,13024,14718,14323
15247: 13219
14210: 13381,14765,15377,14311,13532
13195: 15407,13376
13138: 14984,14799,14458,14230
14901: 14142,14914,14726,14619,13178,14983
13101: 14579,14468,14768
15295: 14430,15713,14655,12984,13077,13103
12930: 28520,14722,15414
14297: 15327,15602,14196,13877,13630,15809
14408: 13437,13339
15035: 13382
13697: 14919,13730,12972,15053,15234,13054
14382: 14482,15448
28558: 15746,14919,13730,14700,14649,14979
15353: 15271,14320
13012: 13526,13857,13439,14733,15229,14273
14251: 15209,12992,15692,14218,15519
15350: 
13305: 14321,13478,15506,12977,13357
13543: 14626,13301,14785,13003
13340: 13210,15397,14055,14148,15296,15144
14652: 14042,14288,13692,14030
13051: 
13445: 15137,15195,14848
13901: 14401,15442,15593,13640,13962,13540
15612: 14820,15789,12826,12947
15718: 
13140: 15038,14411,13430,15139
15520: 28658,14416,13723,14103
14671: 14418,15056,13564,15294
14936: 15050,15656
13218: 13247,15045,13655,14431,13890,15760
15620: 15235,13958,15388,13283,14163,13708
15398: 14269,14912,15072,14152
14871: 13381,13808,13750,14365,15405
14329: 12881,14945,13390,15125,14442,15669
15593: 15442,13901,13540,15073,13881,15667
13332: 12994
13469: 13579,14948,14672,15740,15813,15392
14424: 15456,13773,15379,13401,13196
14056: 13004
14769: 15063,14528,13368,13339,15244,15309
15667: 13881,14978,13032,15593,15073,13024
13410: 13091,13399,14935,13920,13749
14649: 12843,14700,14632,14478,14979,28558
14886: 14135
14758: 13342,14068,14802,14995
14340: 14112,15013,14689,13233,15663
13580: 14211
15540: 14065,13048,14362,13071,14270
13679: 13188,13734,13566,13467
12899: 14050,12997,13904,15223,15437,15625
14691: 13000,15497,14145,13371,15022,13633
13701: 14678,15199,14727,14824,13213,12914,13949
15384: 12863,15490
13556: 13777
12963: 13513,13212,13713
13843: 13885,13827,13153
15444: 14808,13827,13306,15293,13646
13411: 13837,14725,13071,15370
14519: 13915,13875
15072: 15633,14912,15398,14152,14603,13696
13621: 13863,15651,14150,15396,13696
13816: 15450,13577,15120
13827: 14808,15444,15293,14075,13843,13885
15290: 13384,14681,13173
14690: 13036,15801
14243: 15778,13367,14404,14920,15299,13130
13481: 15623,13338,14074,14319,15693
14031: 14698,14045
14996: 13933,14011,15163,14318,13900,15002
13353: 14891,15140,15478,15611,13799,12893
13178: 14619,14650,14117,13677,14983,14901
12875: 14463,15146,15152,12912
15329: 13344,14407,15020,13226,13832
15256: 13433,15168,12990
14032: 15405,14935,13808,15307,15672
15085: 15576,15283,14598,15355,13276,13394
13791: 15106,14213,15724,28673,14039
13395: 14873,12837
14672: 13269,15466,13579,13469,15740
13563: 13351,15513
12858: 14229,13724,12867,13985,14712
13965: 
14183: 28672,13998,14441,28671
13747: 15734,14414,13699,14795,13273,14438
15542: 14814,14145,13558,15671,12843,14700
12912: 14492,12875
15352: 15616,15304,14520,15614,14806,14926
14645: 15576,15283,13187,13132,14928,14762
14726: 14142,14901,14619,15528,15241,15764
14012: 14865
13198: 15097,13216,15545
13444: 15104,14274,14463,15253
15611: 12932,14908,14891,13353,12893,15579
28667: 13601,15430,14861,14517,14960,14161
13396: 15349,14585,15221
14199: 13565,13517,12895,13839
13245: 13061
14537: 14488,13745,14195,15756,14235,13892
14714: 13768,13133,15774,13496,14437,14072
13079: 15333
15445: 13707,13762,13215,13869,13710
15781: 12968,13299,15364
13575: 14917,13436
13291: 13652,13020,14942,15259,15757
13887: 12856,13964,13454,15642,14191
13538: 15034,14103,13902,14017
15317: 14066,14751,14325,14958
14557: 13064,15323,14503,13173
14857: 13589,14542,14003,14376,13355,13293
14514: 14095
14006: 13914,12902,14286,14262
13231: 14016
14991: 15244,13404,14733,13368,14930,13448
15192: 14255
14125: 13486,13690,13031,13313
15196: 13943
14471: 13735,13046,14044,14604,14588
14011: 14996,13933,15163,13294
14778: 14821,13133,15533,15303,15516,14631
15065: 14732,12880,14531,13638,15608,13860
15399: 13360,14526,15760,12829,13694,14882
13460: 13551,13981
14395: 14653
14196: 13069,12861,13802,15602,14297,15809
13925: 
15700: 
13985: 12867,12858,14712
13125: 
14702: 15457,15423,14481,14625,14788,13475
14614: 13888
15267: 14718,14943,14841,14323,13413,13431
14285: 13790,13493,13917,14359,15572
13565: 14199,14646,14296
14194: 14893,15194,13536,13350,13022,15501
15736: 14743,13168,14090
15508: 15510,13109
12954: 14391,15433,13750,14104
13449: 14569,13344,14955,14054,15697,12864
15687: 14595
14215: 12859,14577
13014: 
14122: 14260,14133,14615
15600: 28659,14306,14333,15161
14296: 15441,13565,12989
13038: 13505
13738: 13997,15406,14521,15642,14534
13519: 14108,13853,14462
14842: 15220,15096,15654,13548,14357,13737
15551: 
14595: 13584,15687
15469: 14783,15062,15808,13702,13707,13762
13479: 14152,14933,15547,12955,13136
14231: 
15459: 14162,12860,15092,13268,14383,14417
14928: 15379,13401,13187,14645,14762
13159: 15795,13461,14787,13263,13664
14841: 14437,14323,15267,14146,13431
15043: 28670,14870,15701,14288,15446
13499: 13266,15310,14419,13244,13637
14806: 14950,12874,14506,15616,15352,14520
14433: 15360,13110,15182,15432,15680
15707: 13403,13251
15170: 15436,14478,15388,14979,13708,15313
28589: 13564,15294,13190,14875,12931
15118: 13826,15752,12959,12946,28559,15562
15231: 13990,13067,13143,15246,15505,13455
14948: 13579,15564,13469,14451,15813,14994
15618: 15511,12918,13361,14990
13527: 15496,15569,14627,14981,15644,14201
13295: 15493,15282,12938,13383,15477
13623: 14756,15390,15063,14301,15309
14062: 15162,14238
13769: 14967
14725: 14362,13071,13459,13411
14616: 14997
14522: 15467,13792,13950,14485,14750
14959: 13549,14807,13323,14079,13080,14448
15377: 15092,14311,14210,14266,13532,13268
13191: 15453,13474,13936,13760
15554: 14541,13384,13173,14050,12997,14277
13380: 13427,13296,14079,15315,15710,15341
14175: 15563,13619,15425,14022,15741,13569
15052: 13200,13156,14809
12817: 14352,13545,12870
13581: 14892,14169,13990,13089,13365,14148
13050: 15025,14479,14610,15734,15320,13699
13857: 13012,13526,13854,14221,14599,13404,14733
15709: 14493,13670,12982,15365,13678,13602
14807: 13549,15153,14959,15730,13468,13080
15208: 14114,13709,13285,15602,15334,12861
13868: 12818,28665,13055,15529,13094
13569: 15617,15741,15425,14175,13420,13984
14503: 14541,14337,14963,14557,13173
15205: 15081,15404,15348,12960,14292
15527: 14852,14898,15800,15257,12950,13492
13099: 14747,12889,15594
14013: 13237,13815,14573,15268,14343
14817: 14763
14218: 14985,15221,14251
13237: 13854,13400,14013,14573,14343,15386
15428: 15362,15124
15366: 13154,13139,12951,13863,13631
13342: 14758,14802
14843: 15419,15716,14468
15523: 
15236: 12906,14349,14968,12816,14816,13673
15214: 
15744: 15525,14475,14454,13894,13992
15241: 14633,15790,15764,15358,14142,14726
14095: 13593,14661,14514
14918: 15064
15037: 15228,15681,15755
15386: 15244,13404,14343,13237,13854
14232: 14642,13180,14366
14287: 13590,13513,15203,14388
13677: 14481,14568,14983,14730,14117,13178
15742: 15357,13784,13745
15333: 13079
14394: 
13447: 
13554: 
13233: 14689,13674,14626,13786,14340
13464: 15012
13655: 15771,13118,13218,15045,13360,15760
13029: 13494,14997
13624: 
15169: 
15210: 12933
14573: 15305,14699,13364,13237,13400,14013
15705: 13436,13359,13004
15740: 14084,15624,14672,13269,13469,15392
15615: 13103,13234,13407,13866,13184,13753
12917: 15049,13939,13899,14723
13542: 15193,12859
13530: 15110,13703,13026,15337,13077,12921
14107: 14937,15628
15652: 15143,14668,14675
15661: 15604,14617,15219,13711
14118: 15683,14100,14033,13261,13724
15314: 12850,14399,14742
15528: 14084,15624,15173,14619,14726,15764
13604: 13893,14120,13767,15165,13217,15465
13767: 15165,14363,14566,13740,13217,13604
13653: 13536,13350,15059,15743,15417,13235
13208: 14962,15773,14261
14804: 14651,13328,15008,15254,14564,15565
13561: 
14574: 13428,15040
14402: 13918,13166,13636,14164,14858,13537
15763: 13393,14271,13409,14982,12882
13427: 13380,15476,15315,13194
14269: 13193,14912,15398
28641: 15229,14273,13591,14838,13391,14752
13403: 15707,13251,15517
15567: 13349,14179,15311,14085,15749
15701: 13446,28670,15043,15446,15354,15106
14643: 13935
15587: 13106,15487,15036
13683: 15696,13685,13333,14275,14794
14077: 14400,14419,14826,13529,14459,13637
15778: 14583,13367,14243,14894,14404,13759
28665: 13634,12818,13868,14939,13055,13174
13196: 15342,14424,13773,15225,15145
13735: 15367,14471,13896,14588,13555,15494
13348: 15653,15530,14106,13027,13288
14935: 15405,14765,14032,13749,13399,13410
14775: 15812
13387: 13120,12913,14007
14635: 13714,15019,14420,13048,14362
14648: 15341,15476,12876
15216: 12827
15675: 13657,28662,14373,15391,13135
14732: 15465,12880,15065,14572,13217,13638
15429: 15039,15393,13806
15046: 14680,13931,15489,15708,14494,14590
12865: 13284,15728,13148,14427,13579
14753: 
14982: 13986,15481,15763,15344,12882
13182: 14737,13935,15688,14744
14456: 14504,13906,15042,13952
14759: 15479,14638,15100,14193
13271: 12993,15558,13686,13265,14124,13528
13334: 14188,13325,15078,28659,14306,14934
14771: 15176,15511
12920: 15363,13356
14599: 14221,14766,14259,13526,13857,15075
12825: 13864,13299,15393
13060: 12999,13643
12892: 12900,15568,15580,13166,13278,13636
14345: 15288,13240,13616,13314,13318,15569
14316: 15004,13824,15673,14607,14322
12906: 15024,12973,14349,15236,14987,14816,14605
14263: 13691,12977,14426,14810,13928,15506
14767: 13221,28559,14961,12897,13495,12952,12959
14729: 15555,12926,14565,14777,12855,14869
13568: 14811,14675
14739: 14074,13432,14319,15596,13442,13435
14174: 14502,12987,14473,14833,13669
14570: 15012,15154,14970,14656,15446
15294: 13564,28589,13190,13236,15056,14671
14279: 13188,13185
15093: 
12907: 15217,13613,14244,13667,14543,13921
12833: 15201
14738: 14621,13092,12877,15020,13832
15547: 13122,14604,14933,13479,13136,15082
13636: 14402,13166,13069,12892,15580,14164
14849: 12934,13421
13700: 14134,14253,14878
14366: 13743,14232,12828
12975: 15306,13733,15771,13360,13694,15480
13287: 15156,15048,14378,14034
13498: 15561,15129,14228,14942,14925
13875: 14519,13489
15799: 
13152: 13116,14497,15067,13602,14088
15784: 14718,14943,14461,14978,15517
15060: 14791,13663
14353: 15724
13394: 14181,13276,15139,15085,12909
14670: 13912,13255,15161,15452
12860: 14162,15459,14364,14383,15251,14867
14695: 15678,15793
15259: 15475,13094,12818,13291
12819: 15133,15530,13719,15401,15406
13448: 13391,15175,14930,14991,14733,14273
12836: 14562
12966: 15312,15565,13959,14564,13169,13862
13681: 13763,13535,14418,14390,13613,14244
15411: 15761,13422,13045
13560: 12995,13618,14207,14379
13171: 15200,14308,13184,14572,13753,13638
15103: 15252,15805,14549,14063,14328,13938
12902: 14006,13914,14219,13576
13855: 15676,15570,13056
15356: 13924
14811: 13568
14553: 14667,13577,14131,15473,14140
15283: 15576,15085,14645,15474,15355,13132
15757: 14185,13291,13020,14701
13331: 14222,12837,14873
14020: 13582,15127,14731,13090,14236
14334: 14510,13729,13062,14800,13042,14972
15514: 15555,15395,14705,12855,15165,13893
13863: 13621,15651,15647,14150,12951,15366,13631
15670: 15270,14450,15347,12948,15643,15412
15382: 
13907: 12945,12941,14974,15426,13721,13729
14968: 13001,13715,15017,12816,14349,15236
12956: 12924
13878: 13206,13842,14829
15292: 13473
15651: 13863,13621,15647,14603,13696,14933,13122
13658: 12921,12847,14430,14715,14828
14633: 15790,15241,15358,15588,13970,15055
15354: 13884,15113,14213,14656,15446,15701,15106
14940: 15436,14478,12946,14716,13068,14632
15708: 14494,12935,12846,15164,15046,15489
14803: 15536,15028,13768,14821,14755,15140
13599: 13493,13980,14018,13562,14754,13126
15375: 15158,13727,13091,14224,14162,14364
13355: 14542,14857,14545,15765,15258,13293
12859: 14215,14113,13542
14145: 15542,14814,13558,13371,14691,13633
14127: 15684,13504,14667
15480: 12925,15325,14299,15306,12975,13694
13882: 12827
14133: 13220,15599,14403,14122,14615
13002: 14921,14559,15202,14730,15331,14568
13028: 13845,13790,14128,15537
13141: 15245,12815,13053,14900,13979
12968: 15039,15393,15781,15364,15686
13035: 13946,13177,14567,15770,13801,13528
14152: 14603,14933,15072,15398,13479
12926: 15555,13059,14729,13074,14869,13903
12973: 12906,15024,14349,15017,15180,15249
13698: 15280,13644
12982: 14493,15709,14694,15365,15041
15699: 13719,14147,15575,15252,14549,15133
13716: 14208,14113,14589,14388
13851: 12895,15610
14558: 14067,13397,14862,14580,13083,13646,13272
13916: 14827,13324,14369,15149,15126,14883
14188: 13325,13334,14540,14306
14169: 14892,15806,13581,13761,15374,13089
14526: 15399,13694,14882,15325,13000,13371
15015: 13072,13452,13154,13278,14452
13906: 15042,13541,14119,14456
14046: 13146,13330
14493: 13670,12982,15709,15041,15630,14067,14862
14508: 13467,15157,15559
15028: 15536,14710,14803,13523,14891,15140
14426: 15789,14810,13659,13928,14263
14507: 
14423: 
15691: 15635,14956,14846,13016,15114
15405: 14765,14032,14935,13808,14871
15436: 14478,15170,14940,15388,13068,14422
14655: 15337,12984,13077,15518,15295
15107: 14970,13884,13995
13040: 15088,15111
13284: 15728,12865,14445,15564
14420: 14635,13714,15224,12851,13048
14084: 15528,15740,15624,14239,15392,15764
13489: 13300,13875,14024
15516: 15303,13971,12853,13496,13133,14778
14161: 14822,15659,14960,14874,14517,28667
15596: 13516,13480,13442,13435,13017,14739
15090: 13979,14986,14230
15463: 
13288: 14380,13027,13348,15573,14915
15754: 14317
15714: 12955,13136,15082,15273
14925: 15532,14228,13498,14611
14799: 14984,13138,14035,14532
15808: 14620,15665,14783,14201,15469,13702
15583: 15521,13213,12851,13949,13557,13714,14600
14061: 12986,13820,14944,13214,15649,14607
15622: 14502,12987,14602,13172,15328,14198
15389: 14280,13504
13528: 13801,14124,13035,13946,13686,13271
12957: 15594,13975,15441,15785
14782: 13107,14992,12831,13457,13124,15491
14681: 13384,15290,13277
13376: 13195
13648: 15568,15580,13293,14376,13802,14283
13531: 13993,13300,13252
13401: 15379,14928,14374,14424,15225
15081: 15205,14512,14292,14511
13461: 15795,13159,13947,14191,13964,13263
13276: 14181,13394,15722,15355,15344,15085
14815: 15690,15433
13408: 13383,15477,14957,14167
15653: 15133,15530,13348,15575,13647,14106
15129: 15561,13498,15204,13634,15135
14509: 13065,14535,14115,14023,13518
15471: 14409,15042,12983
13711: 14834,15219,15661,15391
14375: 14637
14098: 14669,15251,15255,13462,14884
14373: 13370,13846,15675,15391
13207: 14787,13263,14105,14137,14926,13456
13922: 14727,12821,15022,15288,13616,15803
15686: 14547,14575,15039,12968,14587
13977: 13081,14605,15464,15044,12951,14150
14124: 13801,13265,15347,13528,15720,13271
15733: 15488,15023,15767
12884: 14434,12871
13547: 13313,13453,14596,14793
14975: 13242,15111
13156: 15378,15052,14809
14282: 13948,13039,14665,14750,13788
14393: 13861
13045: 15411,14623,13509
14450: 15372,15270,15670,15770,13801,15347
14275: 13319,14338,14794,15696,13683,15134
14404: 15235,13958,14920,15778,14243,14894
14976: 
12935: 15708,14494,12846,14096
15689: 14176,14513
13777: 13556
14854: 14143,15728,13337
14325: 14066,15317,13703,14958,13675,13275
14549: 15103,15252,14328,15699,14147,12878
14502: 14174,15622,12987,14473,14602,13792
13815: 15268,14013
15063: 14769,13339,15390,13623,15309
14344: 13550,15581,14254,13260
13929: 14511,15287
15560: 14293,12879
13728: 13236,15011
12905: 13402
13740: 14572,13753,13217,13234,13767,14566
15017: 13001,14968,15240,15180,12973,14349
14417: 15553,14383,14491,13268,15459
14305: 13680
14478: 15436,15170,14940,14979,14649,14632
13228: 14716,15725,13068,14289,15308,15685
13018: 13758,15050
14201: 15644,14783,14627,13527,15665,15808
14965: 
15635: 15691,14956,14932,15383,14501
14679: 13164
15301: 14577,14990,15176
14727: 13922,12821,14824,13701,13949,15803
15419: 14843,14468
15659: 14822,14161,14524,14874,13997,14521
14631: 15536,15533,28661,13744,14821,14778
14653: 14395,14642
14071: 
14992: 14281,14782,13107,13831,15491,13324
13742: 14170
28559: 14767,14961,12952,12959,15118,15562
14439: 15280,13644,12814,15004,13824
12820: 14499,13373
13974: 
15068: 13796,14897,15018,14510,15439,13434
14432: 15086,14051,14576
15788: 15345,13595,15535,13193
13144: 13041,15376,14212,14949
14627: 13137,13557,14981,13527,15665,14201
15026: 
15311: 13349,15567,13797,13343
15251: 14669,14098,15255,12860,13771,14867
14548: 13838,15646,12883,13986,14674
13206: 13878,13441,14248,13842
14058: 14460
15810: 15484,14764
14705: 14641,14828,12855,15165,14363,15514
13304: 
14917: 13575,14008,13377,15634
14298: 14075,14518,13153,15776,13533,14057
13870: 14701,15468,13020,13627,15207,15629
14441: 12970,13754,14863,28662,14183,28671
14363: 13767,15165,14566,14715,14705,14828
13465: 
14407: 14569,13344,15329,15136,15409,13226
14312: 14717
15137: 15410,13445,15195,15797,13944
13579: 14948,15564,13469,12865,14672,15466
14271: 15474,13393,14076,15763,14025,12882,13132
13659: 14810,15712,13620,14426,14820
13318: 15496,15569,14345,13314,14010,15234
15016: 12931,14390,13564,13763
12934: 14849
15287: 13929
14793: 14596,14253,13547,13615
14872: 12960,13311,14999,15738,14367
13109: 15508
14612: 13254
14546: 13189,13406,15319
14752: 14792,13082,13391,28641,13591,15076
13550: 13608,14344,13260,13626,13227
15084: 13649,13226,14109,15136,14797
15074: 15211,14203,12904,13329,14497
14170: 13742
13298: 14372,15674
14866: 14267,14763,14141
13261: 15183,14953,14118,14229,13724
14029: 
13995: 15107,15113
15513: 12901,13113,13563
14876: 13475,15447,14027,13752,13756,14110
15123: 15349,14498
15269: 15135
14780: 15500,14237
14897: 15068,13796,13434,15206,14486,15059
14220: 13940
14421: 14242
13089: 13990,13143,15374,15332,14169,13581
13430: 15139,14181,13140
14035: 14230,14799
13795: 14855,14083
14589: 14884,15203,15589,14208,13716
13950: 14485,14473,14522,13792
15250: 14453,13811,14038,13120,13372,14335
13016: 13426,14846,12942,14813,12991,15691
14357: 14877,14801,13548,13115,14842,15220
13491: 13847,13034,13319,14338,14851,13484
14272: 14538,12845,13886
15154: 15012,14570,14000
14462: 13519
13941: 28658,13466,13074,15413
15786: 13249,14951,14870,13775
14777: 14641,12862,12855,14565,13076,14729
14085: 13671,15567,14179,15749
14674: 13986,15481,14548,15539,12949
13982: 14518,13153
13669: 13573,13934,15363,12824,14174,12987
13945: 13787
13232: 14905,13522,14059,14805,12834,14264
12925: 15325,15480,14299,15752,15671,14814
15101: 13316,15739,14613
12952: 15243,14069,28559,14767,14961,15562,15725
13695: 13083,15780,14954,13876,14560
12987: 14502,14174,15622,13669,13934,14198
15397: 13210,13340,14055,13591,13082,12885
15153: 13549,14807,14906,15807,14640,13468
13130: 15299,15483,15794,14920,14243
13485: 13902,14379,14017,15149,15126,14207
14810: 13659,14257,13462,14426,13691,14263
14365: 13750,14104,14871
13441: 13206,13112,14618,13805
15668: 
14103: 15034,13538,13723,15520
13627: 13870,15468,15207
13642: 13772,13486,13718,14794
13071: 14362,14725,15540,13859,13411
14016: 13231,14352
14629: 13511,14696
14294: 13497
14978: 13881,15667,13032,14718,15784
13888: 14614
13256: 15395,13059,14070,13374,12868,14877
14542: 13589,14857,13355,14545,14302,15249
15564: 13579,14948,13284,14445,13793,14451
14238: 15162,14062
13129: 14030,13692,13775
13425: 15504,13098,13296,13215,15710,15655
13513: 14287,13212,13713,14388,12963
13081: 13977,14605,15464,15024,13589,14003
15127: 14988,14184,15570,14020,14236
12879: 15560,13972,13784
15038: 14411,13140,13517,12895
15179: 13555,13908,15494,14227,15486
14444: 15505,13455,14741,13187,15456,15379
15803: 13949,13137,14981,13922,14727,13616
13315: 14637,13689,14315
13229: 
13405: 13837,13859
14187: 13688,12866,13686,14470,12993
15242: 13622
14951: 14030,14870,13775,15786
14888: 14126,13470
15100: 13928,15506,14759,14638,13357
12853: 15438,13971,15073,15516,13496,13024
12852: 14903
13102: 13720
13879: 15797,14659,13944,13127,14350,15345,13595
14440: 13155
13005: 14140,13891,13577,13597,15120
15312: 12966,14214,15565,14052,13968,13169
14977: 14307,13961
14470: 15693,14708,14187,12911
14766: 14221,13438,14599,13172,14259,14198
15759: 13940,14274,15253
12927: 13866,13184,15688,13665,13883,14308
13675: 14958,14091,14825,14325,13275,14465
15807: 13054,13905,13759,14640,14906,15153
14132: 13047,14131,15625,15553,14223,14853
12841: 15177
14093: 14490
13243: 13219
12991: 14813,15300,15326,12942,13016
13672: 
14607: 15673,15649,13214,15004,14316,14061
13160: 13389,15414
15574: 15637,13662,15141
13241: 12936
15440: 14696,15650,15302
15566: 15724,14290
13431: 15606,14204,15267,14841
13364: 13573,13934,14699,14573,13400,13438
13369: 15756,14040,14808,13885,15178
13393: 14271,15763,13937,14025,13238
14117: 14730,14818,14798,14650,13178,13677
13467: 13566,14508,15157,13679
13968: 14052,15497,15312,13169,12821,14824
15012: 15154,14570,14970,13464
15371: 13247,12964,13909,14027,13609,15750
13238: 14025,13913,13629,12996,13937,13393
14529: 
14801: 14877,13548,14357,13374,13457,15069
13386: 14472,15070
14561: 13645,15813,15509,14994,13999,13162
14203: 12904,14805,12834,15074,13264,13329
14255: 15192,12869
15401: 13454,14622,15530,12819,15406,15642
13720: 13794,13102
14838: 28641,15229,13591,14892,15806,14055
13501: 13037,12953,14248
14193: 14759
28661: 12842,15731,15669,13744,15533,14631
15194: 14289,15308,14486,13350,15501,14194
14389: 14309,13897
13775: 14951,13129,15786
14005: 13230,14500,13918,14452,13072,15416
14409: 15471,12835,13541,15360
13000: 14052,15497,14691,14526,14882,13371
13975: 15594,12957,14053,13416
15598: 15721,13630,12962,14552,13804,15239
13611: 14292,14367,15338
13912: 14670
14823: 12827,15488
14100: 15683,14118,15537,13724
15458: 
15621: 13664,15735,13858,15749
14677: 14840,14327
15152: 12875,14463
13555: 15179,15494,15367,13735,13209
15776: 15293,13272,15780,13533,14075,14298
13258: 13671
13346: 
12871: 12884
14326: 14225
14836: 14898,15800,15498,14689,13674,15732
14091: 13675,14825,14465,15639,13076,12862
12995: 13618,14207,13560,13524,13512,14530
14138: 14554,14063,14328,14905,14636,12985
13871: 14066,14751,14658,15586,15603,15110
14795: 13699,15003,13747,14438,13954
13559: 14665,14750,15467,14474,14200
14022: 15425,12864,14054,12885,13210,14175,13619
14262: 15160,12940,14286,14006
14463: 12875,15152,13444
15735: 15621,14310
12955: 13136,15714,13479
15022: 13922,12821,15497,14691,15288,13633
13786: 14112,14626,13233,14045
14075: 14298,13153,15293,15776,13827
13073: 12888,14160
13741: 15437,14277,14280,13277,14964
15710: 15655,15341,13425,13296,13380
15639: 13076,13312,14091,14825
14651: 14431,13328,14804,13890,15008,15380
14563: 
13806: 13521,14587,15039,15429
13457: 12831,13374,14801,14782,13107,15069
14348: 15178,14235,14467,15184
14641: 14777,14705,12862,14828,12855,12847
14166: 
13872: 13963,15306,13733,14476,12897,13495
13497: 14618,14294
15357: 15742,13784,14088,13320,15779
14927: 14301,15080,14026,13822,14446,13821
15007: 15095,13473
13668: 14137,13876,14926,14520,14954
14764: 15802,12940,15810
13312: 14565,15639,13076,12844
14826: 15299,12938,13367,14459,14400,14077
14155: 14585,12974,15025,14479
13381: 14871,14210,13750,15729,13656
14425: 
14157: 13402,15495
13880: 
12876: 15341,14648
13838: 14548,14153,15272
13727: 15158,15375,13620,13091,14496
13900: 15438,13971,15002,14996,13933,15030
15535: 15788,15345,13065,14023,14912
15442: 14401,13901,15593,15438,15002,15073
15237: 
15416: 13798,13537,15581,13918,13230,14005
15188: 13019,13515
14545: 13539,14209,14302,15765,14542,13355
13493: 13599,13980,14018,14881,14359,14285
13935: 13942,13883,14643,13182
15126: 13324,13916,15149,13831,13902,13485
15122: 13771,14867,14223,13891,14853
13370: 14373,15219,15604
28670: 14870,15701,15043
15121: 14662,14041
15606: 13431,14204,13994,13778,15191,14601
15202: 13002,14559,14980,13149,15331,15585
15106: 13791,15354,14213,13446,15701
14891: 15140,13353,15028,13523,12932,15611
15758: 14110,13909,13066,14438,13954,15031
13338: 13121,14074,13481
14919: 15746,13314,28558,13697,13730,15234
12870: 13033,15253,12817,14346
15098: 13651,14688
15499: 13037
14473: 14833,13950,14502,14174,13792
14030: 14951,13129,14652,13692
15502: 15066,13363
13165: 14370,15055,14476,14313,13221,12897
15633: 14023,13518,15072,15396,14912,13696
14571: 15273,13209,15591
14582: 
13392: 14890,14385
14983: 14481,14788,13677,13178,14901,14914
13782: 
12962: 14164,15809,14858,13630,15598,15239
15300: 14813,12991,15326,13959,15199,13862
13962: 15181,12823,13540,15156,13901,13640
13989: 
14176: 15689,15178
15446: 14656,14570,14288,15354,15701,15043
13474: 14683,12822,13191,14575
13339: 15063,14769,14528,14408,15390
15536: 15028,14710,14803,14631,13744,14821
14622: 13454,15401,12998,14915,13280
13352: 13793,14451,13183,14111,15599,14429
14885: 12903,14313,14002,14142,14914,15358
14089: 14047,15619,14686,13521,14144
14957: 14400,14419,13408,15477,15310
13590: 14287,13771,13891,13597
14202: 15591,13908,15215
15609: 14578,13282,14676,14790
15517: 15784,14943,13403,13251
15318: 14952
15075: 13761,15782,14599,14259,13526,13439
13921: 14543,14467,15184,12907,13667
13514: 13520,13779
13614: 13142,15174
15281: 15191,14601
14459: 14336,13529,14583,13367,14826,14077
15392: 13645,15813,13469,15740,14084,14239
14147: 13719,15699,14549,14524,12878
13617: 13428
12880: 14761,14732,15465,14531,15065,15747
13864: 12825,15619
15451: 14205
13717: 13684,15634
14041: 15121,13996
14190: 13341,15657,13612,13984,15597
15078: 12919,15452,28659,14934,13520,13334
14733: 14991,13404,13012,13857,13448,14273
12976: 
14119: 13607,15427,13541,13906,14504
13149: 13699,15003,14078,14980,15202,15585
13078: 13856,13992,14371,14354
14712: 13424,12858,13985,15578
14693: 15408
15782: 13761,15075,15374,15083,14259,14396
14731: 13075,13090,15702,14020,14236,15631
15578: 14712,14868
12881: 14945,14329,13294,15125
13780: 
13558: 15542,14145,14700,13240,13633,15746
14158: 13267,13244,13637,13529,13323,14448
15581: 13798,15416,13230,13492,14254,14344
15104: 13444
14045: 14698,14031,14112,13786,13131
15768: 15775,14916,13015
13262: 13001,13715,13625,13145,13736,14410,14781
15167: 15549,13476,14154,15487,14630
14265: 15638,13712
15713: 15295,14430,14715,13103,13234,14566
12856: 14105,14534,13964,13887,15614
14632: 12843,14649,13826,12946,14478,14940
13186: 13472,13570,13535
15203: 14884,14589,15255,14287,14388
13830: 
13184: 12927,13866,15615,13753,13171,14308
15568: 12900,13093,12892,15580,13648,14376
14406: 13062,14332,15426,14173,15588,13970
15168: 15256,14252
15417: 14359,15572,13235,15743,13980,13653
13729: 14510,13721,14334,13907,13062,15426
13274: 14234,15543
14831: 14709,15342,14014,15226,14555,13311
12861: 14196,13802,14283,15208,13285,15602
15797: 13879,13944,15410,15137,13595
12854: 12830,13483
13573: 13669,13364,13934,12824,14699
13813: 13053,12840,15218,14680,13931,13932
15793: 14695,13354,15014,15674
14207: 12995,13560,14379,13485,15149,13512
15010: 15115,13939,13876,14560
13328: 14651,14431,14804,12829,14214,15565
14889: 12869
15676: 14615,13414,14483,13855
14288: 14652,14042,15446,15043
13030: 14024,12944,13300,13433
13552: 14240,14010,15496,15027,15644,14887
15082: 15367,15547,14604,13136,15714,15273
13091: 13399,13410,14224,13920,14496,15375,13727
14347: 14796,14222,13309
15263: 15610
15569: 15496,13318,13527,14345,13616,14981
15070: 13386,14237,15095
13015: 14217,15768
13142: 13614,14415,15051
14604: 15547,15367,15082,14471
13586: 14151
14397: 14999,14709,14757,15145,13311
15802: 15484,14764,13690,12940,15233,15197
15177: 12841,15387,13193
13706: 13164,13814
15515: 
14773: 14556,14048
15525: 15744,13412,13969,14454
13253: 13385
13784: 15742,15357,13972,12879
15021: 
14073: 15439,14786,15702,14341,14754,15018
12889: 14999,15594,14053,13099
14915: 12998,15573,13288,15530,14622
15211: 15074,15435,12872,15172,14497
13362: 13867
15470: 13451,15264
14845: 12909,14598,13085,13517
14786: 15439,14073,14974,13075,15702,13721
13641: 13378,15674,14875,14284
14386: 13920,14276,13749,13199,13874,14249
15548: 14009,14893,13536,13235,14339,13751
14247: 
14602: 15467,13792,14502,15622,15328,13097
13251: 15707,13403,15517,13413
15221: 14985,14218,13396,15349,14585
15556: 
15347: 13801,14124,15720,14450,15670,15412
15696: 13685,13683,12929,13104,14275,15134
13289: 
13325: 14188,13334,14540,14934,13010,14355
15671: 13826,15752,12925,15542,14814,12843
15430: 14264,14457,12985,14861,14517,28667
12981: 13424,14469,14868
15769: 13834
14687: 14114,14530,13709,13618
15809: 14164,12962,14297,13069,14196,13630
13500: 
13584: 14595,14019
14586: 14173,13999,15588,14239,13645,15790
14069: 15243,12952,13042,13844,15725,15685
14661: 14969,14095
13020: 13291,13652,15757,14701,13870,15629
14248: 13501,13206,13842
14510: 13721,13729,14334,15439,13434,14972,15068
13257: 12942,14929,15383,13666,14956
15360: 14433,15680,14409,13286
13884: 15354,15113,14970,15107,14656
13033: 12870,14346
15368: 14139
14418: 14671,14390,13336,14244,13681
15047: 14351
13834: 15769
14964: 13277,13741
13779: 13514,13010,13684
14182: 14923
14037: 14657,14252,14859
14605: 13977,13081,12906,15024,14987,15044
13685: 15696,13683,13031,15227,13333,13104
14254: 13492,15498,15581,15800,14344
14479: 13050,14585,14155,14985,14610
14036: 13643,14267
13116: 13152,14497,13329,15365,13602
13650: 13911,14567,15770,15503,14226,15372
15310: 13499,13266,14419,14957
13509: 14501,14623,13045
13220: 15599,14133,13414,14156
14167: 13408,13873
15053: 14240,14010,15234,14906,13697,13054
13183: 13352,13793,14304,14403,15599
13876: 14137,13668,13695,14954,15010,14560
13429: 
14909: 15666,13829
15462: 14706,15603,14736,15586
12883: 13409,13179,15646,14548,13986
12989: 13416,13583,14646,15441,14296
15555: 15395,13059,15514,14729,12926,12855
13375: 12947,15544,15711
13330: 13972,15222,15067,13146,15172,14046
14311: 15092,15377,14765,14210,13399,14224
13703: 15110,13530,14066,14325,13275,12921
14126: 14888
15607: 
14137: 13876,13668,13207,15115
14447: 
13913: 13629,13238,15541,12996,13058,13991
15720: 13265,14124,15347,15057,13127,15412
15679: 15767,14008,12901,13351
14814: 15542,14145,13371,12925,15325,15671
15695: 15200,14487,13516,15608,14774,13017
15367: 13735,15082,13209,14604,15273,13555
14430: 15295,15713,14715,13077,12921,13658
12943: 13046,13631,14044,15647,13452,15431
13811: 14453,13776,15250,13120,14007,13943
14332: 13062,14406,14800,13510,14370,13970
13145: 13736,14644,15270,13715,13262,15643
13306: 13297,15054,13397,13646,14808,15444
15207: 15629,13870,13627
14534: 12856,15614,13738,14521,15304
15409: 15151,13628,14446,15136,14569,14407
14659: 13879,13944,13265,15558,13127
13937: 12996,14200,15274,13238,13393
15067: 13330,15222,15172,13152,14497
13432: 14739,14319,13435,15278,13688,12866
14467: 14235,13921,14348,15184
13480: 15285,13516,15596,15275,13442,14719
13105: 15006
15275: 14744,13202,15285,13480,14719
14584: 14658,15586,14594
15172: 13146,12872,15211,14497,13330,15067
14378: 14318,14034,13287,15163
15165: 13767,14363,14705,15514,13893,13604
13689: 15119,13315
13525: 14189,12898,14180,13789
13308: 14160,15339
14123: 13722
14636: 14874,12878,14138,14328,12985,14517
14482: 28673,14039,14382
13532: 14266,14210,28607,13656,15377
13157: 13856,13992,13894,15475,14185
13335: 13199,15672,14608,13088
15245: 12815,13141,13932,15198,13053
15395: 15555,13059,15514,13256,13893,14070
15673: 13731,14704,15649,14607,14316,14322
15274: 14200,13937,14663,13179
15379: 14928,13401,14444,13187,14424,15456
15030: 14442,15303,13933,14945,13971,13900
13915: 14519,13252
15197: 14597,15233,13973,15802,13690,13507
15753: 15575,13936,13647,14748,15252,15805
14223: 15553,14383,14132,14867,15122,14853
13158: 15457,15423,15079,12969,13118,15232
12929: 13609,15750,13104,15696,15380,15134
15678: 14695,13354,13472,13570
13110: 13260,15732,15663,13227,15182,15432,14433
13100: 13508,14551
15597: 13420,13984,12877,14190,15657
14583: 15778,13367,13759,14640,14336,14459
15680: 13043,14433,15360,13661
13108: 13063
12877: 14738,15020,15697,13420,15597
14600: 14620,15665,15583,13557,13714,15019
15627: 13087
14776: 13290
15476: 13427,15341,14648
13980: 13493,13599,15743,13126,15417,14359
15795: 13159,13461,13947,13349,15749
15184: 14467,13921,14348,13667
14490: 14093
15518: 15592,15787,14655,15337,15723
15711: 13375,15544
13327: 13419,14144,13345,13522,14059
15339: 13308
15097: 13216,13198,13131
13054: 13905,15807,13697,12972,15053,14906
14960: 14822,14161,13601,14506,28667,15616
13582: 15727,14156,14020,14988,13090
14240: 14010,15053,13552,14906,14887,13468
13082: 14792,14054,12885,14752,13591,15397
15464: 13977,13081,14003,13093,13139,12951
14539: 15443,14740
15219: 13370,15604,15661,15391,13711
13783: 13600,13244,13266,15424
14501: 13509,14623,15383,15635
14208: 13716,14113,14589,14321
13379: 13758,15032,15492
13365: 13990,13067,13581,14148,15403,15296
14449: 14538,13726,13302,15181
15161: 14333,13255,14670,28659,15600
14156: 15727,13582,14111,13220,13423
13616: 15288,14345,13922,14981,15803,15569
13037: 13501,13842,15499
14875: 28589,12931,13378,13641
14658: 14584,15586,14751,13871
14946: 14785,13471,13003,13850,14852,14898
15811: 13075,13090,13606,15727,12941,14974
15694: 15706,13048,15291
13466: 13941,28658,14416,13074,15238,13903
13592: 14211,14128,15537
13391: 15175,13448,28641,14273,15076,14752
13639: 13450
14724: 13065,12980,15057,14350,14535
14180: 14129,13161,13525
13404: 14991,15244,14733,15386,13854,13857
13909: 15758,14110,13066,14027,15750,15371
13193: 14269,15788,15387,15177
14932: 15635,14004,13358,15114
15080: 14301,14927,15309,14026,13368,14930
14400: 14077,14419,14957,12938,14826,15477
13046: 12943,14044,15647,13122,14471
15144: 15563,13619,13210,13340,13326,15626
14611: 13693,13652,14925
14413: 
12842: 15731,15669,28661,15164,13390,15489
13155: 14440,13800
14979: 14478,15170,14649,28558,13730,15313
14987: 14816,14115,12906,14605,13953,15044
14362: 14725,13071,13048,14635,15540
12993: 13271,15558,12911,14187,13686
15276: 14284,14351
13807: 12928
15182: 13626,13227,12835,13110,14433
15018: 15068,13796,13126,15439,14073,14754
15218: 12840,13813,15731,13744,13931,14710
13845: 13790,13028,13766,15683,15537
15775: 15768,14916,12983,15577,14217
13597: 13212,13891,13005,13590
15008: 15380,13571,14651,14804,15254
14110: 15758,13909,13954,13756,14876,14027
13322: 14723,14819
14198: 13172,13934,15622,12987,14766,13438
14908: 12932,15611,13979,14458,15579
14638: 14759,15789,15100,13928
13136: 12955,15714,13479,15547,15082
13439: 13012,13526,13761,15075,15229,15806
12996: 14200,13937,14474,15541,13913,13238
13903: 15238,12868,13074,13059,12926,13466
15604: 15661,13370,15219
13264: 13329,14694,15365,14203,12834,14457
15565: 12966,14214,15312,13328,14804,14564
15630: 13601,15041,14506,14493,14950,14862
13860: 15608,14774,15584,14531,15065,13911
14969: 14661,13388
15359: 14139
15381: 
15191: 15281,14601,13994,15606
15189: 15557,15212,15617,12857,13612
14989: 
13115: 14070,14120,14761,14877,14357,15220
15544: 13375,12947,15711
12988: 14784
14768: 14944,13214,12814,13101
14270: 13859,15279,14065,15540
14848: 14692,13445
15212: 15557,15189,12857,15404,14512
13433: 15256,13300,13030
13801: 14124,15347,13528,15770,13035,14450
13954: 15758,14110,14438,14795,15003,13756
14097: 
14591: 14791
14765: 15405,14935,14210,13399,14311
15570: 15127,14988,14184,13855,13056
15039: 15393,12968,15429,15686,13806,14587
13139: 13154,12951,15366,15464,12900,13093
13246: 14577,14990,14113,13361
12863: 15384,14315
13294: 12881,14945,13933,14011
14827: 13324,14369,13916,14281,14850,13503
13577: 15450,14553,14140,13005,15120,13816
14106: 13647,13760,13021,13027,15653,13348
15117: 
14018: 13493,13599,13562,15549,14881
15079: 13158,15423,15447,12964,15045,13118
13910: 14184,13106,15036
15603: 14706,15462,15586,13871,15110,13026
13644: 15130,13698,14439,15531
14981: 13137,14627,15803,13616,15569,13527
15132: 15666
13069: 14196,13802,15580,14164,15809,13636
13671: 14085,13258,14310
14597: 15197,13031,14102,13507
14910: 14342
12933: 15210
15461: 14258,15414
15595: 14624,13483
14890: 13392,12839,15066
13721: 14510,13729,13907,14974,15439,14786
14181: 13276,13394,15722,13430,15139
13001: 13715,15017,14968,13262,14781,15240
13805: 13112,13441
14576: 14051,14432
13424: 12981,14712,14469,14868
13326: 15403,15296,15144,15626,12967
13090: 13075,14731,15811,15727,13582,14020
15505: 14444,13455,14741,14673,15246,15231,15456
14779: 14492,13825
13074: 14869,15413,12926,13941,13466,13903
15447: 13475,14876,14027,15423,15079,12964
13367: 14583,15778,14243,15299,14826,14459
15181: 13962,12823,13302,14538,14449
14970: 15012,14570,15107,14656,13884
15672: 13335,13199,15307,14032
15495: 28520,14157
13696: 14603,15396,15633,15072,13621,15651
15408: 14693
13787: 13945
13242: 14975
15660: 14937,15108
15496: 13318,15569,13527,14010,13552,15644
13667: 12907,15217,13921,15184
28671: 13924,13657,14441,14183,28672
14200: 12996,15274,13937,13559,14474
13333: 13486,13031,13685,13683,14794
12909: 14845,13394,14598,13517
14873: 13832,13395,14621,13331,14222
12908: 13456,13664,13858
14230: 15346,15090,14986,13138,14035
13712: 13710,14265,15638
14914: 14142,14901,14788,14983,14002,14885
14266: 14703,14491,13532,13268,28607,15377
13539: 14883,13524,13512,14209,14545,15765
14259: 13172,15083,14766,14599,15075,15782
14299: 12925,15480,15306,13495,15752,12959
15019: 14635,13714,14620,14600,13459
13622: 15242
15229: 28641,14273,14838,13012,13439,15806
14911: 
15487: 13106,14154,15587,15167
14995: 14802,13797,14758,14068,13343
12951: 13139,15366,13977,15464,13863,14150
14701: 13870,15468,15757,14592,13020
15613: 13722,13366
15285: 13516,13480,13665,15275,14744,14487
14704: 13731,15673,15649,14798,15173,14650
13859: 14270,13071,13405
13904: 12997,12899,14703,14491,15625
15738: 14999,14872,14367,14747
14431: 14651,13328,13890,13218,15760,12829
14066: 15317,14751,13871,14325,15110,13703
15064: 14355,14918,14540
14070: 13115,13893,14120,15395,13256,14877
14521: 13738,13997,14822,15659,14534,15304
15783: 14839,15025,15091,15320
15171: 13095
15522: 14907,14354,13292,13996
15521: 13213,15583,12914,12851,13426,15224
13828: 15486,14227,13626
15173: 14619,14650,13731,14704,15528,15624
14204: 13431,15606,14146,14746,13778
13524: 13539,13512,12995,14530,14049,15765
14735: 
13680: 14305
13736: 13145,13737,14644,14410,15654,13262
13201: 
13593: 14095,13006,14092
14856: 15230,15148,15198,14453
14536: 13506
13762: 13707,13215,15445,15062,15469,13098
13549: 14807,15153,14959,14640,14336,13323
15062: 15027,14783,15469,14847,13762,13098
12818: 13634,28665,13868,15259,15561
13323: 14336,13529,13549,14959,14448,14158
15162: 12886,14238,14062
14120: 13115,13893,14070,13604,14761,15465
13673: 14535,14816,14115,12816,12948,12980,15236
13649: 15084,13226,14797
14783: 15027,15644,14201,15062,15469,15808
15577: 13739,15775,12983,14217
13162: 12945,12941,14561,15509,13606,13999
15302: 15440
13606: 15509,13423,15727,12941,13162,15811
15450: 14667,13577,13816
14958: 13675,14825,15317,14325
15346: 14835,14230,14986,13224
15083: 13172,14259,15328,13635,15782,14396
14862: 14067,14558,15630,14493,14950,14580
14128: 13028,13592
13337: 14304,14854
12947: 13375,15544,13836,15612
15734: 13747,14414,15320,13050,13699
14427: 13148,15531,15728,12865
15457: 13158,15423,14702,14788,14002,12969
13122: 15547,15651,15647,14933,13046
14789: 
13192: 
15378: 13156
13502: 13987
14654: 13874,13927,13983,13836,15061
12815: 15245,13141,15230,14986
14355: 15064,13010,13325,14368
14241: 14993,13732
13343: 14995,13280,15455,15311
15704: 12958
13670: 14493,15709,13678,14067,15054
14154: 13106,15487,14197,15631,14291,15167
15452: 12919,15078,14670,28659
15262: 
15304: 15616,15352,14521,14822,14534,15614
15546: 
15113: 15354,13884,14213,13995
13112: 13651,13441,13805
15186: 13521,14587,13419,14554,14063,13938
14579: 13101,14944,12992,15692,13820
15206: 13434,13844,14897,15308,14486,15685
13137: 13949,13557,14627,14981,15803
14302: 15180,14593,15249,14209,14545,14542
14972: 13434,13844,14510,14334,13042
12862: 14777,14641,14091,14465,12847,13076
15111: 14975,13040,13819
13021: 13406,15319,13760,14106
13951: 13952,14916,13895
14697: 14688,15650
13983: 14654,13927
15240: 14781,13503,13001,15017,15180,14593
15642: 13738,15406,13454,15401,13887
15674: 13378,13641,15014,13298,15793
13350: 13653,13536,15059,15194,14486,14194
13722: 15613,14123
14468: 13101,15419,14843
12874: 14950,14580,14806,14520,13083,14954
14625: 14481,14568,15331,13752,13475,14702
14082: 
12844: 14869,15413,14565,13312
14481: 14625,14788,14568,13677,14983,14702
15588: 14173,14586,14633,15790,13970,14406
13849: 14720,14356,13422,13666,14929
12922: 14676,13407,14790,12896,12984,15723
13214: 14768,14944,12814,15004,14061,14607
14475: 14675,15744,13992
13856: 13078,13157,14185,13292,14592
15423: 13158,15457,15079,14702,13475,15447
13943: 14256,14007,15196,13776,13811
14043: 
14868: 13424,12981,15578
13453: 13313,13547,13486,13718
15479: 14759
13832: 14873,15329,14621,14738
15217: 12907,13613,13667,14168
15702: 13075,14731,15631,14073,14786,14341
13933: 14996,14011,14945,13294,13900,15030
14225: 14745,14907,14326
14067: 14558,13397,14862,14493,13670,15054
15273: 14571,15714,15367,15082,13209
15054: 15394,13306,13670,13678,14067,13397
13006: 13593
14550: 13310
15748: 13781,15745
14320: 15353
15174: 15415,13167,13614
15131: 14966,15201
15306: 13733,13872,12975,13495,15480,14299
15279: 14270,15006,14065
14675: 14475,13568,14371,15652
14109: 13821,15084
14619: 15173,14650,13178,15528,14901,14726
14608: 14121,13335
12967: 14014,15626,15226,12978,13326,15403
14317: 15791,15754
14699: 15305,14573,14860,13573,13364
13026: 15110,13530,14706,15603,15787,15337
15665: 14620,15808,14600,13557,14627,14201
14567: 13911,13650,15770,15584,13035,13177
13216: 15097,13198,15013,13131,15545
13890: 14651,14431,13609,13247,13218,15380
14486: 15308,15194,15206,14897,13350,15059
14280: 13741,15437,13134,13504,15389
15282: 15493,13295,15299,12938,15483
15105: 15420
14750: 14665,13559,13948,14282,14522
15812: 14775
13840: 13151
12945: 12941,13907,13162,14173,13999,15426
14986: 15090,12815,15230,15346,14835,14230
14858: 14164,12962,14402,15257,15239,13537
13252: 13961,13915,13531,13993
15798: 
15751: 14541,14337,13755,28607,14703,12997
13097: 13635,14474,15541,15467,14602,15328
13008: 
13628: 15151,15409,15076,14026,15175,14446
15272: 15646,13788,15407,13838
13996: 14662,14041,15522,13292
14192: 
13692: 14515,14652,14030,13129
15187: 
14994: 14429,15509,14948,14451,14561,15813
14342: 13785,14910
14822: 15659,14960,14161,14521,15616,15304
13529: 14336,14459,13323,14077,14158,13637
15421: 14099,13505,13476,14630
13756: 13752,15585,15003,14110,13954,14876
12887: 
13714: 14635,15019,14420,15583,12851,14600
14950: 14580,14806,12874,14506,15630,14862
13382: 15035
13043: 15432,15680,15013,13661
13804: 13488,14552,13850,15598,15239,12950
12900: 15568,13093,12892,13154,13139,13278
15134: 15380,13571,15696,12929,14275,13319
14878: 13700
14678: 13701,13169,15199,13862,14824,12914
14805: 14203,12904,12834,14480,13232,14059
13751: 14033,14339,15572,13235,13766,15548
15138: 13799,12893,15000,13632,14464
13634: 12818,28665,15204,13174,15129
14341: 13562,14291,14754,15702,15631,14073
13371: 14814,14145,14526,15325,13000,14691
13715: 13001,14968,13262,13145,12816,15643
14947: 14083,14008,13377
14973: 
13399: 13091,13410,14224,14765,14935,14311
14869: 12844,13074,15413,14565,14729,12926
12949: 13835,15539,15481,14674,15722
13788: 14663,15272,14282,15407,13039,14665
14197: 14236,15631,14184,13106,14154
13999: 14173,14586,14561,13645,12945,13162
15180: 14593,14302,15249,15240,15017,12973
14562: 12836
15561: 13498,15129,12818,14942
15044: 13953,15396,14987,13977,14605,14150
13423: 14429,15509,13606,14111,15727,14156
14000: 15154,14042
13893: 14070,14120,13604,15165,15395,15514
14745: 14225
15739: 13418,15101
15559: 12873,14508
13770: 13708,12972,15313,15235,13905,14894
14144: 13419,13327,14089,14686,13521
14184: 15127,15570,13910,14197,13106
12944: 13030,15146
14669: 15251,14098,14364,14257,13462
13603: 15719
13881: 15667,14978,13540,15593
14524: 14874,12878,13719,14147,13997,15659
13052: 
14628: 13948,15086,14051,13039
13660: 13111,12937
14993: 14241
12885: 14054,13082,13210,15397,14022
13114: 13574,13654,12886,14381
12888: 13073
13049: 
13661: 13043,15680,13739,15009
14042: 14652,14288,14000
14859: 14037
15449: 
15001: 15592,14578
15320: 15734,14414,15783,15025,13050
13279: 
15746: 13314,14919,28558,13558,14700,13240
13506: 15623,14536
13647: 15575,13936,13760,15753,14106,15653
15020: 13344,15329,15697,14738,12877
13120: 13387,12913,14038,14007,13811,15250
14105: 12856,13964,15614,13263,13207,14926
12937: 15029,15571,13660
13771: 14867,15122,15251,15255,13590
13280: 15455,12998,13454,14622,13343
13036: 14690,15801
13605: 
14315: 13315,15490,12863
14160: 13308,13073
14904: 13570
13053: 14900,12840,13813,15245,13141,13932
14094: 
12923: 14527,15640,15666
13803: 13398,15185
13374: 12831,12868,13457,13256,14877,14801
14017: 13902,14379,13485,13538
13799: 12893,15138,13353,15478,13594
13536: 13653,13350,13235,14893,14194,15548
13688: 14187,12866,13432,14319,15693
13676: 
13270: 12849,13895,13487
15663: 15732,13110,14689,14340,15432
14603: 14152,13696,14933,15072,15651
13290: 14776
14942: 13291,13652,15561,13498
15303: 15533,15030,14442,15516,13971,14778
14790: 12922,14676,14578,15609,15723
15358: 14633,15241,14142,14313,14885,15055
15175: 13391,14930,13448,14026,13628,15076
15752: 13826,12959,15118,15671,12925,14299
13516: 15285,13480,15596,15695,14487,13017
12845: 14461,13886,12823,14272
13730: 14919,28558,13697,14979,12972,15313
14368: 14355
14081: 14405
14924: 13684
13865: 
14673: 14025,13629,15246,14076,15505,14741
13988: 
14796: 14347,14621,13092,15657
13377: 14947,14008,14917
13731: 15673,14704,13269,14322,15173,15624
14588: 13896,13415,14044,13735,14471
14913: 15645,13797,14021,12958
13358: 15291,15114,14932,14004
14737: 13182,13202
14339: 14033,13751,14009,15548,14953
13172: 15083,14259,15328,14198,15622,14766
13626: 13227,15182,12835,13550,13828
15643: 12816,12948,13145,15270,15670,13715
14665: 13559,14750,14282,13788,14663
14205: 14435,15451
14954: 13695,13083,14520,12874,13876,13668
13384: 14681,15290,13277,13173,15554,14277
13092: 14621,14738,14796,15657
12891: 
14065: 15540,15006,14270,15279
15501: 13022,13283,14422,14289,15194,14194
14356: 14720,13849,15033,14499,15761
13418: 15739
15112: 13576,14219,15682
15549: 15167,13476,13562,14291,14018
12893: 13799,15138,15000,13353,15611,15579
13077: 14655,15337,13530,12921,15295,14430
12850: 15314,14399,12953
13979: 15090,14458,14900,13141,12932,14908
15227: 14102,15031,13066,13685,13104
14260: 14122
13946: 13035,13177,15278,12866,13686,13528
15124: 15428
15531: 14427,13644,13824
15683: 14100,14118,15537,13766,13845,14033
14044: 12943,13046,15431,14588,14471
13958: 15235,14404,15620,14163,14377,14920
15000: 12893,15138,14331,15579,14581,13632
13023: 14217,14899
15572: 15417,14359,13235,13766,14285,13751
14211: 13592,13580
13829: 13458,13823,14909
15690: 14815,14104,15433
14010: 14240,15053,15234,13552,15496,13318
14682: 12918
12983: 15775,15471,13286,15577
15345: 15788,13595,15535,14350,13879,13065
15657: 13341,14190,13092,15597,14796
15009: 15119,13661,15545
13088: 13335,13199,15703,14276
14092: 15715,13593
13574: 13114,13654,14258,15772,12886
13504: 13134,15473,14280,15389,14127
13883: 13942,13935,12896,12927,13866,15688
12872: 13146,15172,15435,15077,15211
15507: 
14335: 14360,13372,14590,14038,13588,15250
13153: 14075,14298,13843,13982
15215: 14234,14202,13443
14937: 15660,14107
14792: 14054,13082,14752,15151,15076,14955
15087: 13303
15586: 14658,14584,15603,15462,13871
14319: 14074,14739,13432,13481,13688
13564: 28589,15294,14671,14390,15016,12931
14151: 13586
13608: 13550,14227
13723: 15034,14103,15491,14416,15520,13124
15298: 12974,13889,14839,13810
15722: 14181,13276,12949,15344
14313: 14476,12903,14885,15358,13165,15055
14088: 15357,13152,15222,13320
14906: 14240,15053,13054,15807,13468,15153
14087: 
13576: 15112,12902
13750: 14365,12954,13381,14871,15729
13831: 15034,15491,14992,13902,13324,15126
15362: 15428
13517: 14199,12909,14845,15038,12895
14104: 14365,15690,12954
15632: 15715
13984: 13420,15597,15617,13569,14190
13707: 13762,15445,15469,13702,13705,13869
14961: 13221,28559,14767,13510,15243,12952
13292: 14592,13856,15522,13996
15159: 14086
15230: 15148,14856,12815,12915,14986,14835
14955: 15151,14792,14054,14569,13449
14617: 15661
13772: 13642,13534,15033,14338,14794,14851
14907: 15522,14354,14225
14078: 14610,14606,14980,13699,13149
15439: 14073,14786,14510,13721,15068,15018
14055: 13340,15397,14148,13591,14838,14892
14333: 13255,15161,15600
14880: 12894
15031: 14102,13273,15227,15758,13066,14438
14966: 15131,13833
13757: 
14153: 13838,13812
15563: 14175,13619,15144,15626,13163,15741
13940: 14274,15759,15157,14220
14516: 
15616: 15352,15304,14822,14960,14506,14806
15724: 15566,14290,13791,14039,14353
14640: 15807,13759,14583,13549,15153,14336
15225: 15792,15145,13401,13196
15327: 15602,14297,15334,13877
14239: 14084,13645,15392,15790,15764,14586
15655: 15710,13215,13425
13341: 14190,15657,13612
13234: 15615,13103,15713,14566,13753,13740
15232: 15771,13118,13158,12969,13963,13733
12980: 12948,15057,15412,14535,13673,14724
14754: 14341,13562,14073,13126,15018,13599
15425: 12864,14022,14175,13619,13420,13569
15349: 15123,13396,15221
14657: 14037,15146
15393: 15039,12968,13299,12825,15429
15647: 13863,15651,12943,13046,13631,13122
14358: 13128
15125: 14177,13390,12881,14329
15541: 13635,13097,14474,12996,13058,13913
12851: 15521,13213,15583,15224,13714,14420
15410: 15137,15797,15109
13150: 14455
15387: 15109,13193,15177
13349: 15567,15311,15795,13947
13450: 13639
13620: 15158,13727,15712,13659,14257
13610: 14860,15305
15316: 
15013: 14112,14340,13131,13043,13216
14171: 
15324: 14385,15472,12839
14863: 28662,13846,12970,14441
15130: 13644,14143
14096: 13463,13588,14494,12935
13048: 15694,14635,14420,15540,14362
14306: 28659,15600,14188,13334
15243: 14069,12952,13042,14800,13510,14961
13800: 13057,13732,13155
28662: 14863,13846,14441,13657,15675
14376: 14857,14003,13293,15568,13093,13648
15649: 15673,14704,14607,12986,14061,14798
15592: 14812,15787,15518,15001
14290: 15566,15724,14213
14327: 14677
13041: 15185,14293,13144
13638: 14572,13171,15200,14732,15065,15608
14452: 13918,13166,13278,13072,15015,14005
13651: 13112,15662,15098
13615: 13718,14793,13534
13247: 12964,15371,13218,15045,13609,13890
15005: 13316,13919,14844
14882: 15399,14526,12829,14214,13000,14052
13064: 14557,15323,14525
14575: 15686,14547,14748,12822,13474
12924: 12956
14135: 14886
15624: 15528,15740,14084,13731,13269,15173
13895: 13951,13270,12849
13792: 14522,14602,14473,13950,14502
13691: 14263,12977,15589,14810,13462,14884
12866: 13688,14187,13686,13432,13946,15278
14387: 
13462: 14810,14257,14669,14098,13691
14048: 14773,14556
13645: 14561,15813,15392,14239,14586,13999
15747: 15220,15096,14226,14761,12880,14531
14664: 
14159: 15716,15552
13949: 13137,13557,15803,13701,14727,13213,15583
13508: 13100,13121,14719
15331: 13752,15585,13002,15202,14625,14568
15703: 13874,13927,13088,14276
14052: 13000,15497,13968,14882,14214,15312
14717: 15682,14312
12972: 13770,15313,13697,13730,13054,13905
13919: 15005
14967: 13769
13686: 14187,12866,13946,13528,13271,12993
13265: 14124,15720,13271,15558,13127,14659
13748: 
15580: 15568,12892,13648,13069,13802,13636
13093: 12900,15568,14003,14376,15464,13139
12971: 
14173: 14586,13999,15588,12945,14406,15426
13013: 
13971: 15438,13900,12853,15030,15303,15516
13185: 15361,14279
13567: 
13927: 15703,14654,15266,13983
15756: 14040,13369,14235,14488,14537
15289: 
12985: 14264,15430,14517,14138,14905,14636
15628: 13823,14107
13746: 
13955: 
15715: 14092,15632
12834: 14203,14805,13232,14264,14457,13264
13217: 14572,13740,13767,13604,14732,15465
15033: 13772,13534,14720,14356,14851
14422: 13283,15501,13068,14289,15436,15388
12895: 13851,15038,14199,13517
14451: 13352,13793,14948,15564,14429,14994
12977: 13691,14263,15589,15506,14321,13305
15209: 14251,12992,15166,14921,14559,15519
13991: 13058,15332,13913,13629,15246,13143
15648: 
14540: 14188,13325,15064
13095: 13388,15171
14113: 14208,13716,12859,13246
12946: 13826,15118,15562,14716,14632,14940
14453: 13776,13811,15250,13372,14856
14720: 14356,13849,14851,15033,13847
13643: 12999,13060,14036
13609: 12929,15750,13247,15371,15380,13890
14324: 
14349: 12906,12973,15236,15017,14968,14816
15474: 14271,15355,12882,13132,15283
15477: 13383,13408,12938,13295,14400,14957
14014: 15626,13163,12967,15226,14831,14555,15116
14308: 13171,15200,14487,12927,13184,13665
15512: 12939
15723: 12984,15518,12922,14790
15453: 13191,15319
15729: 13755,13656,13750,14391,13381
13665: 12927,15688,14744,14308,14487,15285
13545: 14352,12817,12869,14346
14971: 14009,14893,13022,14163,14377,12979
15204: 13174,13634,15135,15129
14903: 12852,14902
14741: 14444,15505,14673,14076,13187
15658: 
13914: 14006,12902,15343
15341: 15710,13380,15476,12876,14648
13963: 13733,13872,14476,12903,12969,15232
15543: 13025,13274
15157: 13467,14508,13940
15777: 13385,14172
13047: 14131,14132,15625,15223,13134,15473
13103: 15615,13234,12984,13407,15295,15713
14531: 12880,15065,13860,15747,14226,13911
15136: 14446,13821,15409,15084,13226,14407
13853: 13519
15805: 15103,15252,14547,14748,15753,13938
13452: 13072,15015,15431,12943,13631
13224: 12915,15346,14835
14709: 15342,14831,15145,13311,14397
14460: 14742,14058
13997: 13738,15406,14521,13719,14524,15659