9266: 9877,9718,9602,9454,9348,9523
9886: 9832,9702,9426,9413,9694,9312
9339: 4891,3777,4893,9440,9337,9553
9882: 9245,9474,9745,9840,9895
9378: 9545,9292,9456,9640,9420,9277
9556: 9982,9317,9571,9297,9629,10005
6507: 7152
3486: 9865,9837,9940,9974,3786,9487
4811: 9454,4826,4719,9503,4937,9602
3874: 3471,4485,5084,3983,9506,5870,9384
5975: 9805,9379,6731,5876,9355,9588
8475: 
9376: 9484,9413,9346,7719,8033,9426
10012: 6967,9714,10031,9880,7146,10009
9954: 3491,9474,9948,9451,3295,9730
9562: 5138,3210,5215,9784,9249,9429
1556: 9491,1225,2733,9554,9859
9482: 9352,9408,9574
10017: 9985,9871,9808,9574
10007: 8970
9833: 9953,9687,9783
10011: 9878,9925,9891,10036,9932,9576
9394: 4773,9455,9410,2968,4271,9533
2280: 2189
9092: 
9962: 9879,9946,2699,9663,1622,10026
7010: 9465,9993,9499,9289,9534,7014
5215: 4603,9668,9409,9562,3210,9784
9354: 9465,9499,9402,9310,9458,9550
4218: 3027,9269,4525,3607,2540,3121,4521
30: 
4867: 5755,4347,5064,4771,9533,9311
6358: 9310,9458,5882,5876,7360,9508
9848: 9710,5466,5475,9884,10019
34: 
7009: 7292,7641,6749,6930,9436,7014
9294: 9480,10025,9703,9454,9503,9523
9663: 2699,2321,9758,9918,9879,9962
9392: 9633,9483,4322,4626,9269,4525
8694: 8631,6385,6665,9971,9930,8498
40: 
6085: 7123,5775,9406,6280,9860
9533: 4771,2968,4867,9311,9394,9410
9362: 10042,9529,9398,9244,9377,9476
9782: 9460,10040,9338,9446,9907,217
9265: 9909,5856,9549,9968,9305,9306
9317: 9982,9556,8770,8991,8990,9297
9588: 9252,9355,9379,5975,9593,9622
6884: 
7345: 7080
2600: 2585,9669,2685,2321,9758
9633: 9670,9392,9483,4322,9280,9459
9280: 9633,9670,4322,4937,9877,9602
9005: 
9645: 9813,2649,3119,9335,9709,9717
9295: 9528,9918,9247,9427,9758
56: 
1740: 
4322: 9633,9392,9280,4004,4937
9469: 9494,9417,9801,9309,9908,9847
5010: 4498,6508,4603,3903,9668,9401
9945: 9826
9779: 9753,10031,9880,9627,5408,9977
9914: 9896,9341,9906,9685,9847,10016
9851: 492
9943: 9435,9647,9638,9920,9529,9650
4893: 4891,9432,9339,4697,5578,9553
8150: 7992,9356,9448,9336,8309
5475: 5574,4773,5754,5466,9848
9855: 
9566: 9428,9324,9431,9611,9445,9315
9829: 9655,9798,9760,9707,9270,9736
9434: 9711,9373,9447
73: 336
9709: 9335,9246,9761,9645,9700,9717
4891: 3778,9475,3777,9432,4893,9339,4485
9519: 9285,10030,9340,9594
4979: 10010,10001,9322,2678,9810,9607
9325: 10033,9398,9463,9364,9261,9476
9854: 9926,9889,9691,9767,9800,9787
9508: 7360,9301,9561,9643,9310,6358
10023: 9671,9970,9542,9965,9327,9579
9398: 10033,9325,9659,9244,9476,9362
9765: 9677
9699: 9883,9791,9950,9329,9775,9345
9629: 9960,10005,9297,9556,9600,9894
9415: 2305,9637,9251,9283,9737,2492
9510: 9675,9286,9862,9997,10010,9822
9814: 9328,9825,9955,9922,9897,9935
5640: 
7355: 
9691: 9854,9889,9800,9450,9545,9292
9922: 9921,9897,9876,9766,9955,9814
9853: 9657,9746,9883,9441,9804,9698
9617: 9795,7494,10029,9448,9938,8513,7988
7318: 7581,8766,7899,9284,7818
9880: 10031,9779,10012,9977,9517,10009
9698: 9804,9440,9969,9883,9853,9807
9787: 9800,9634,9892,9438,9767,9854
3321: 9704,3731,3820,3615,3715
2523: 9547,9788,9923,9275,9743,9321
9738: 9835,9754,9846,9764,5400,6849
8710: 8296,8770,8225,8372,9752,9982,10003
9907: 217,9273,9338,9793,9326,9782
9754: 9835,9738,9846,9852,9303,9885
9819: 9399,9500,1950,2403,9748,9972
9857: 7992,9752,8309,9340,9762,10030
9565: 9487,9329,9775,9806,9416,9515
9918: 9528,9295,9414,9663,9758,9879
9788: 9547,3786,2523,9321,10002,9940
8225: 7992,8372,9752,8296,7988,8710
9426: 9702,9886,9376,9413,8033,9836
9722: 9708,9720,9813,9296,9715,9335
5400: 9627,5408,6849,9738,9846,5403
3982: 2333,4083,3504,9259,4498,5207
9761: 9246,9709,9700,9342,9357,3907
9852: 9622,9453,9303,9915,9835,9754
8189: 
9858: 9827,9811,9996,9794
6682: 6967,9525,9466,7146,7505,7417
9724: 9860,9764,9696,9601,9801,9309
10010: 4979,10001,9822,9675,9510,9810
9609: 9572,4139,9327,9555,9579
9729: 9486,7617,9705,9928,9472,10024
9405: 9949,9682,9551,9612,9257,9748
9878: 9972,10011,9925,9500,9576,9255
4485: 3471,3983,3874,3778,9475,4891,3777,9384
127: 
7119: 7811,6460,6916,6749,9019,7383
9964: 5564,5070,9873,9872,9776,6155
9713: 9990,9957,9516,9520,3722,3731
9838: 9994,10000,9870,9866,9689
9899: 9374,9665,9874,9774,9425
9982: 9317,9556,9571,8710,8770,10003
4463: 4569,4155,4146,4255,4347,4164
2333: 4083,3701,3982,9366,9430,9259
1729: 
9245: 9552,9882,9895,9635,9363
9467: 7811,6460,9477,9478,9290,6071
9974: 9806,9933,9869,3786,9487,3486
9868: 4941
141: 
7181: 
9572: 9609,3850,9986,9630,9327
5564: 9964,5070,5754,9578,9455,9872
1793: 9869,616,10040,217,9626,683
3119: 3607,9913,1727,2649,9645,9717
3540: 3345
9431: 9566,9324,9288,9464,9315,9300
8498: 8496,7478,9930,8694,6385,6665,9919
5870: 9433,9506,6348,5084,3874,5478
3121: 2540,2928,3607,1727,4218
9407: 9438,9661,9563,8867,9019,9892
5578: 4486,4697,5202,9553,9259,4893
9401: 9979,9911,6508,5010,9668,9726
155: 
156: 
9708: 1553,9720,9722,9902,9903,9715
9644: 9911,4486,5202,6508,9896
9382: 9399,9500,9637,9255,1867
9246: 9335,9709,9761,9296,9443,9342
9985: 10017,9871,9808,9632,9755,10018
9957: 9990,9713,10041,10038,3731,3715
8921: 
10002: 9388,9321,9788,9940,9316,9818
9606: 9905,9267,9780,927,9389
4521: 4626,9700,9717,3607,4218,4525
2858: 3835
8192: 
9983: 8346
7934: 9683,9842
9485: 9585,9333,9924,9759,9796,9697
9324: 9428,9566,9527,9431,9473,9464
9319: 9813,2649,9624,9585,9333,9720
9446: 9338,9537,9803,9263,9460,9782
3607: 1727,3119,3121,4521,9717,4218
2194: 
9413: 9376,9484,9733,9312,9886,9426
9843: 9856,9934,9770,9281,9586
9523: 9348,9454,9266,9294,9703
9736: 9823,9769,9270,9821,9829,9798
9648: 9400,9518,9701,9849,6204,9666
5084: 3874,5870,5478,9575,9384
3504: 4083,3982,4293,3207,4498,3903
9601: 9511,6280,9575,9724,9860,9309
9253: 9977,9517,9636,9299,9274,9631
9581: 9844,9881,9653,9492
9596: 9497,5792,9639,9971,9368,8631
9259: 4486,5578,9553,9366,2333,3982,5207
9895: 9780,9635,9840,9245,9882
8264: 
9367: 9539,9311,9578,4950,9410,9490
9258: 9573,9538,9412,9723,9513
9299: 9636,9639,9253,8631,6385,9274
9893: 9336,9692,9592,9437,9786
9433: 3674,9313,9506,6348,5870,9330,9502
1950: 9281,2403,9257,9748,1592,9819
9450: 9739,9828,9976,9800,9691,9545
9741: 1849
9881: 9716,9653,9995,9581,9492
9700: 4521,4626,9717,9709,9761,3907
9650: 6731,9773,9920,9647,9943,9805
4941: 9868
9669: 2585,2600,9747,2685,9874,9774
3731: 3722,3321,9957,9713,3715
9976: 9739,9450,9625,9800,9634,9641
9385: 9288,9345,9791,9370,9300,9900
9662: 9997,9742,2987,9428,9822,9611
1594: 1178
2778: 2699,2321,2585,9361,2509,2974
9870: 9838,9994,9947,9693
9815: 9771,9990,10041
9586: 9674,1592,9956,9843,9281
6071: 6916,9550,9458,5882,9478,9467,6460
10000: 9838,9994,9422,9689,9797,9462
7080: 7345
9849: 9726,9861,9979,9666,9648,9701
217: 9907,9273,10040,9782,1793,616
9941: 9992,9792,9658,9873,9901,10035
9908: 9685,9278,9847,9511,9469,9309
9920: 10042,9529,9943,9773,9650,9839
9569: 9328,9825,9734,9262
9544: 10022,9778,9952,9359,9712,9386
7901: 8991,8990,9194,9081,8766
9529: 9920,10042,9362,9377,9943,9638
7292: 7641,7009,9436,9346,7719,8333
9656: 9728,9769,9781,9537
9681: 9984,9844,9739,9828,9653
7494: 9795,9617,9649,7581,8513
7965: 7885,8333,9568,7721,8046
8904: 
9716: 9881,9653,9995,9381,9864
9470: 2536,9358,9902,2721,9365,9557
9515: 9272,9416,9706,683,9806,9565
5064: 4867,5755,4347,4569,4448,5256
9677: 9765,3251
9769: 9823,9728,9736,9656,9798,9781
237: 
9261: 9603,9884,9476,9325,5572,9364
9248: 9536,9298,9441,9268,9430,9590
9970: 9671,9862,10023,9351,9579,9845
9965: 9542,2509,2609,9671,10023,9742
9667: 10019,9561,9603,9884,9301,9839
9461: 9642,10037,9496,9803,9263
9593: 7123,9915,5775,9379,9588,9622
8391: 
9373: 9452,9998,9678,9711,9434,9447
9723: 9646,9513,9258
9570: 3284,9900,9330,9370,9506,3471
9594: 9750,9340,9293,9519
9637: 2305,9415,9255,9382,9251
2305: 9415,9637,9372,2492,9247
9971: 10043,9368,9930,9596,8694,8631
9575: 9511,6280,9601,9384,5084,5478
9830: 9826,9956,9674,9719,9276
9445: 9287,9322,9315,9566,10001,9611
9673: 9794,9811,9863,9672
9612: 9551,9770,10004,9405,9257
9516: 9520,9771,9990,9713
10035: 9305,9867,9471,9901,9992,9941
7899: 6483,9419,9284,7818,7570,7318
9406: 9512,5585,9540,6280,9967,5775,6085
9824: 9727,9571,10039,10005,9664
10006: 9992,9792,9817,9975
9822: 10010,10001,9611,9997,9662,9510
3778: 9475,4891,3777,4485
9917: 9712,9353,9386,9988,9334
2391: 3860,4255,3166,2580,9541,4057
9832: 9702,9886,9694,9981
9257: 9281,1950,9748,9612,9770,9405
7721: 8867,7383,7641,8333,7965,8046,7723
5856: 9909,9265,9901,5051,9305
9582: 9591,10032,9597,9375,3850
9874: 9737,2685,9665,9899,9774,9669
274: 
275: 
2476: 
9418: 9912,9621,9772
9486: 9729,9705,9928,9289,9390,9534
8046: 9625,7723,7721,7965,9568,9391
2609: 2974,9965,2509,9742,2987
9592: 9336,9893,9353,9437,9356,9334
2585: 2600,9747,9669,2321,2778,9361
3471: 4485,3983,3874,3284,9570,9506
9969: 9440,9698,9807,3284,3983,3777
9546: 9564,9610,9560,9827,9749,9567
9909: 9265,5856,9404,4950,9755,9549
9793: 9326,9338,9907
9481: 4083,3701,3502,9250,9279,9254,3207
10037: 9461,9496,9655,9798,9781,9803
9494: 9469,9417,9847,10016,9684
6695: 
3786: 9547,9788,9933,9974,3486,9940
3907: 4004,4710,9761,4626,9700,9357
3983: 3471,4485,3874,3284,9969,3777
9979: 10020,9911,9401,9726,9849,9666
9726: 9849,9861,9784,9668,9979,9401
10042: 9920,9529,9362,9603,9476,9839
9473: 9439,9676,9468,9324,9527,9464
299: 411
9613: 9564,9610,9307,9420,9618,9277
9686: 9618,9277,9456,9984
9801: 9469,9417,9309,9724,9764,6849
10029: 9795,9617,9740,9395,9988,9938
9307: 9237,9420,9079,9613,9564,9504
9755: 9632,9404,9985,9549,10018,9909
8296: 8513,7988,7996,8710,8770,8225
9682: 9949,9405,9888,9748,9972,9925
9772: 9424,9332,9620,9418,9621
10036: 9891,10011,9756,9744,9932
9836: 9688,9423,9587,8033,9702,9426
9585: 9485,9333,9697,2649,9319,9913
9542: 9361,9965,9630,2509,9327,10023
5754: 5564,5070,4773,9455,5475,5466
9500: 9819,9399,9382,9972,9878,9255
9733: 10024,9951,9928,9484,9413,9312
316: 
9888: 9949,9682,9931,9891,9925
9291: 9264,9530,927,9635,9812,9363
9712: 9917,9386,9988,9359,9544,9395
3860: 2391,4255,3166,9489,9256,4155
10025: 9480,9294,9703,9678,9711
9916: 9688,9587,9864,9995
6155: 9776,9964,5070,6349,6249
9428: 9566,9324,9527,9662,2987,9611
9410: 9455,9394,9533,9311,9367,9578
9503: 9454,4826,4811,5138,9429,9480,9294
9411: 9541,9605,9479,9351,9535,9845
9714: 6009,6967,10012,9768,10031
9597: 9375,9396,9425,9582,3850
9580: 9460,10040,9393,9323,9626,9369
9873: 9658,9872,9964,9792,9941,9776
9599: 9646,9887,9513,9799,9498,9522
9803: 9781,9537,9446,9461,10037,9263
3533: 
9327: 9542,9630,9609,9572,9579,10023
336: 73
9643: 10034,9402,9936,9561,9508,9310
9420: 9640,9237,9307,9378,9277,9613
9753: 10031,9779,9417,9684,9768,5408
4826: 4811,4719,9503,4616,6018,5138
2699: 2321,9663,2778,9962,2974,1622
9778: 10022,9544,9831,9386
2024: 9374,9665,9283,3947,3255,9424
3722: 9790,3731,9520,9713,9816
8426: 
7340: 
9926: 9854,9889,9919,9767,10043,9930
9826: 9830,9945,9719
3207: 9254,4293,4083,3504,9481,3903
9912: 9621,9756,9744,9418
6731: 7360,9773,9650,9805,5975,5876
10024: 9733,9951,9472,9729,9928
3345: 3540
9316: 9818,9380,9388,10002,9557,2536
10003: 9762,10039,8710,9752,9982,9571
9697: 9679,9796,9304,9585,9485,9913
6420: 
7581: 7318,8766,9649,7494,8513,7996
359: 1525,2133,874,2407,9760,9707
9891: 10036,9931,9888,10011,9925
4486: 5202,5578,9259,5207,6508,9644
2906: 2526,2244
9757: 9865,9837,9958,9950,9657,9746
9911: 9979,10020,9401,9644,6508,9896
9987: 9214
9821: 9719,9270,9823,9736
6849: 5408,5400,9764,9417,9801,9738
9689: 9797,9799,9866,9838,10000,9887
3850: 9572,9597,9986,9582
9628: 9616,9623,9271,9419,9260,9904
6140: 
1666: 
9701: 9648,9400,9785,9849,9861,9583
9671: 9970,9862,10023,9965,9997,9742
9748: 1950,9257,9682,9405,9972,9819
376: 492
9499: 7010,9465,9354,9550,6930,7014
9584: 9449,9444,9497,9661,9660,9368
9329: 9487,9565,9775,9837,9699,9950
9476: 9603,9261,9398,9325,10042,9362
9929: 9718,9721,9348
9463: 9619,9608,9595,10033,9325,9364
9813: 2649,9319,9645,9720,9722,9335
384: 
9271: 8081,9344,9875,9616,9628,9904
9984: 9844,9681,9828,9456,9686
9276: 9719,9270,9830,874,9674,9760
9608: 9619,9463,4169,4271,5574,9364
9391: 9641,9381,9568,8046,9625,9349
8879: 9560,9504,9219,9081,7565,9194
9454: 4811,9503,9266,9602,9294,9523
1867: 9372,9382,1525
9379: 9967,9805,5975,9593,5775,9588
394: 
9616: 9623,9628,9631,6389,9271,8081
9668: 4603,5215,5010,9401,9726,9784
9312: 9694,9733,9951,9413,9886
7723: 8046,9625,8867,7721,9634,9892
2364: 
9549: 9968,10018,9755,9909,9265
9444: 9449,9509,9584,9563,9477,9661
9194: 7901,8990,8885,9081,8879,9219
9145: 
9311: 9539,9367,4867,5755,9533,9410
1996: 
9540: 9435,9647,9543,9406,9512,9967
9802: 9672,9507
9331: 9489,9797,9799,9522,4155,4146
9638: 9435,9943,9377,9607,9308,9529
9752: 8225,7992,8372,9857,8710,9762,10003
411: 299
9488: 9495,9365,9557,9264,9388,9514
7123: 9593,9915,5775,6085,9860,9696
9646: 9599,9887,9513,10027,9723
9397: 9342,9357,4616,9320,9409,6018,3210
4771: 2968,4057,4164,9533,4867,4347
9081: 7818,7565,8766,8879,7901,9194
9640: 9237,9420,8205,6480,9378,9292
9900: 9807,3284,9570,9385,9791,9370
9679: 9796,9697,9304,9704,3612,3712
9343: 9867,9471,9614
9847: 9685,9908,9914,9469,9494,10016
9303: 9852,9453,9754,9449,9509,9885
424: 1529
9555: 9351,9579,9535,4139,9609,3559
9247: 9295,9427,2305,9372,2492
9595: 9619,9463,9605,9479,9532,10033
9968: 9549,9265,9306
10039: 9762,10003,9789,9571,9824,9727
7811: 9467,7119,6460,9477,9563,9019
9255: 9637,9878,9500,9382,9251,9576
9877: 9266,9718,9602,9670,9280,9751
10026: 9439,9676,9946,9962,9991,1622
3820: 9927,3615,9966,3715,3321
9539: 9311,9367,5755,9404,9350,4950
9309: 9469,9801,9511,9601,9908,9724
9551: 9612,9949,9405
8885: 8990,9194,9297,9219,9125,9600
8513: 8296,7988,7996,9617,7494,7581
9797: 9331,9489,9689,9799,9462,10000
9693: 9947,9834,9870
442: 698,634
9996: 9858,9794
10008: 9745,9840,9937
9517: 9977,9253,6389,9880,10009,9631
3743: 
9784: 9726,9861,5215,9668,9562,9249
9942: 9963,9651,9447,9531,9998,9457
449: 
6018: 5138,3210,9397,4616,4826
9448: 9356,9938,9617,7988,8150
7958: 
9371: 9372,9421,9642,9496,9427
9973: 9823,9728
5792: 9596,9885,9497,9846,9639,5403
456: 
9988: 9712,9917,9395,10029,9334,9938
9666: 6011,6204,9979,10020,9849,9648
9933: 9869,9974,616,9809,9547,3786
9938: 9356,9334,9448,9988,9617,10029
9365: 9495,9488,9557,1225,9470,2721
5129: 
9300: 9526,9370,9431,9288,9385,9315
8991: 7901,8990,8766,7996,8770,9317
9360: 9249,9429,9583,9480,9452,9678
466: 
9665: 9374,2024,9283,9899,9737,9874
9166: 10014
9432: 9475,4891,4893,4697,9685,9278,9341
9615: 9863,9125,9567,9749,9126,9548
9670: 9633,9280,9959,9459,9877,9751
9561: 9936,10019,9667,9301,9508,9643
9850: 698,9732
9995: 9716,9881,9864,9916
475: 535
2540: 9935,3121,2928,3810,3027,4218
9809: 9589,9923,9273,9933,616,9547
2133: 1525,359,2403,2407,9399
9414: 9393,9528,9918,9879,9323
480: 
9496: 9642,9461,10037,9655,9371,9421
9466: 9457,9559,9735,6682,9525,7417
9840: 10008,9745,9937,9882,9895,9780
9711: 9434,10025,9373,9678
9717: 4521,9700,9645,3607,3119,9709
1622: 2974,2699,9962,9439,10026
8770: 8296,7996,8710,8991,9982,9317
9550: 6916,6930,6071,9458,9499,9354
9277: 9618,9686,9378,9456,9420,9613
4498: 5207,6508,5010,3504,3982,3903
9079: 7570,7565,9237,6671,9307,9504
492: 376,687,9851
8599: 
9627: 5408,5400,9779,9636,5403,9977
1529: 424
9577: 9380,2536,9358,9536,9493
1246: 
9527: 9428,9324,9439,9473,2987
1709: 2526,2244,2153
9524: 9959,9459,9282
9739: 9828,9450,9976,9641,9681
5876: 5882,6358,6731,7360,5975,9355
9359: 9952,7847,9544,9505,9395,9712
8737: 
8627: 
9785: 9400,9701,9531,9583,9452,9998
9842: 9683,7934
9427: 9528,9247,9295,9371,9372,9642
7259: 
4134: 
9632: 9404,9350,9755,9604,9985,9808
7880: 
513: 
1849: 9741
9531: 9400,9785,9998,9457,9559,9942
9603: 9884,9261,9476,10042,9667,9839
9353: 9917,9437,9334,9592
9416: 9272,9468,9515,9565,9775,700
9684: 10016,9898,9768,9494,9417,9753
9652: 9680,9910
6041: 
9436: 9390,9534,7014,7292,7009,9346
2407: 874,1592,2403,2133,359
9823: 9728,9769,9736,9821,9973
9318: 9894,9960,9501
9286: 9532,9675,9845,9510,9862,9479
9564: 9613,9610,9546,9307,9560,9504
9621: 3947,9912,9756,9418,9424,9772
9903: 9250,9493,9358,9902,9708,9715
6916: 9550,6930,6071,7119,6460,6749
9474: 9954,3491,9948,9745,9882
9871: 9985,10017,10018,9820
9310: 9458,6358,9508,9402,9643,9354
1419: 
535: 475
3903: 4603,3504,4293,3207,4498,5010
537: 
9545: 9378,9292,9456,9691,9828,9450
9393: 9414,9263,9580,9460,9323
9273: 9907,217,9326,9589,9809,616
9525: 6009,6967,6682,9518,9559,9466
9703: 10025,9294,9523
9283: 2024,9665,3255,9251,9415,9737
9278: 9685,9908,9475,9432,9511,9384
9507: 9672,9548,9802,9558,9387
7002: 
2153: 1709,2526
5572: 9884,9261
9464: 9288,700,9473,9468,9324,9431
9807: 3284,9900,9883,9791,9698,9969
9905: 9606,9267,9937,9780
9293: 9692,9786,9750,9594
10014: 9166
9518: 9648,9400,6204,6009,9525,9559
9425: 9332,9374,9899,9597,9396
9479: 9605,9411,9532,9286,9845,9595
4146: 4569,4155,4463,9331,4450,9522
9825: 9328,9814,9569,9897,10028
9267: 9905,9606,9389,9961,10021
9658: 9873,9901,9490,5051,9872,9941
561: 760
9756: 3947,9912,9621,9744,10036,9932
9614: 9471,9306,9343
9883: 9699,9791,9950,9657,9853,9807,9698
4448: 5256,4858,4450,4569,5064
9879: 9946,9323,9962,9918,9414,9663
9396: 9597,9375,9332,9620,9834,9425
1446: 1617,1044
10004: 9934,9770,9612
2468: 2189,2658
9404: 9632,9350,4950,9755,9539,9909
2721: 9902,9470,9365,1225,1553
9275: 9923,9598,9743,9980,2523
9587: 9688,9836,9702,9981,9916
10015: 9975,9783,9725,9314,9347,9687
10034: 9402,9944,9643,9936,9690,9695
9844: 9984,9681,9581,9653
4004: 4937,4710,3907,4626,4322,4719
9459: 9959,9524,9282,9633,9670,9483
9687: 9953,9833,10015,9783,9314,7617
9563: 9444,7811,9477,9019,9661,9407
9659: 10033,9398,9532,9675,9244,9810
9953: 9472,9687,9833,7617
1873: 1616
7014: 9436,9534,7010,9499,6930,7009
9977: 9517,9253,9627,9779,9880,9636
9898: 10016,9684,9768,9906,6011
9537: 9781,9338,9803,9446,9656
9773: 6731,7360,9301,9650,9839,9920
5332: 
9657: 9853,9746,9757,9883,9950
9618: 9686,9277,9613,9610
9767: 9438,9660,10043,9787,9926,9854
9672: 9507,9548,9802,9863,9673
9904: 9284,9649,9628,9271,9875,9419
596: 731
8614: 
9308: 9403,9607,9502,9435,9543,9638
8318: 
9763: 9989,9347,9690,9944,9993
9281: 1950,9257,9770,9843,1592,9586
9676: 9439,9473,10026,9991,9272,9468
9298: 9536,9248,9441,9958,9380,9746
6671: 9237,6093,6480,6483,7570,9079
5755: 4867,5064,5256,9350,9539,9311
9377: 9244,2678,9607,9529,9362,9638
4710: 4004,4937,3907,9357,4616,4719
9409: 4603,5215,9320,4293,9397,3210
9955: 4232,9922,9876,9935,3810,9814
9750: 8309,9340,9594,9692,9293
9740: 9505,9395,9344,9875,9795,10029
1571: 
9251: 3255,9576,9415,9637,9255,9283
614: 
9718: 9877,9266,9721,9751,9348,9929
616: 9933,9869,1793,217,9273,9809
9579: 9555,9351,9609,9327,9970,10023
9287: 9445,9322,9315,9526,9403,9313
9653: 9716,9881,9844,9681,9581
9605: 9541,9411,9479,2580,9619,9595
9422: 9591,10032,9994,10000,9462,9442
2685: 9737,2492,9874,2600,9669
9386: 9712,9917,9544,9778
9288: 9385,700,9464,9345,9431,9300
3835: 2858
9867: 9471,10035,9992,9343
9861: 9726,9849,9784,9249,9583,9701
1592: 2407,9586,9281,1950,2403
8596: 6583,7505,7847,8081,9344,9505
3295: 9730,9954,3491,2806
3502: 9250,9493,9268,3701,9481
7641: 7292,7009,6749,7721,7383,8333
9358: 2536,9902,9470,9577,9493,9903
634: 698,442
1387: 
2678: 9244,9377,9810,4979,9322,9607
5466: 9710,6349,9848,5475,5070,5754
9685: 9278,9908,9847,9432,9341,9914
9297: 8990,8885,9317,9556,9600,9629
9468: 9272,9416,9676,9473,700,9464
9388: 9321,10002,9514,9488,9557,9316
9636: 9639,5403,9299,9627,9977,9253
9696: 9724,9860,9764,7123,9915,9835
9429: 9249,9360,5138,9562,9503,9480
645: 
2928: 2540,3121,3810,9304,3612,1727
9493: 3502,9250,9268,9903,9577,9358,9536
5051: 9658,9901,9490,4950,5856
9967: 9805,9379,9540,9647,9406,5775
9894: 9600,9960,9629,9501,9318
9342: 9397,9357,9246,9761,9320,9443
7565: 7818,7570,9081,9079,9504,8879
9948: 9954,9474,9451,9745
4255: 3860,2391,4155,4463,4057,4164
9816: 9759,9731,10021,9520,9790,3722
7936: 
9333: 9585,9485,9924,9624,9491,9319
9438: 9661,9407,9660,9767,9787,9892
9509: 9449,9444,9290,9453,9303,9477
2658: 2468
5426: 
9511: 9601,9575,9384,9278,9908,9309
9526: 9330,9370,9300,9287,9315,9313
9776: 9817,6155,9873,9964,9792
9559: 9457,9466,9400,9518,9531,9525
9372: 9371,1867,2305,9247,9427
9370: 9526,9330,9300,9385,9900,9570
7780: 
9623: 9274,9616,9628,9631,6665,9260
4164: 4771,4057,4463,4255,4347
9818: 9316,9380,10002,9865,9940,9958
9260: 6483,9419,6665,9623,9628,8496
9758: 2321,9663,9918,9295,2600
3701: 2333,4083,9481,3502,9268,9430
7439: 
9989: 9314,9347,9763,9289,9993,9705
9502: 9403,9308,9433,3674,9313,6348,9543
9642: 9461,9496,9371,9528,9427
2733: 1556,1225,9530,9554,9495
9285: 9519,10030,9789,9939
9506: 9433,5870,9330,9570,3471,3874
9480: 10025,9294,9503,9429,9360,9678
683: 9626,9706,9806,9869,1793,9515
3712: 3612,4232,9704,3615,9679
9924: 9485,9333,9859,9759,9731,9491
3491: 9954,9474,3295,2806,3991
687: 492
9491: 9624,1556,9859,9333,9924
9560: 9504,8879,9219,9564,9546,9567
9661: 9438,9407,9660,9444,9584,9563
9256: 3559,9442,9489,9462,3860,3166
9770: 9934,10004,9612,9843,9281,9257
4139: 9591,9609,3559,9442,9555
9384: 9511,9575,4485,5084,3874,9475,9278
9771: 9815,9516,9990
9786: 9893,9692,9293
2554: 9530,927
698: 442,9850,9732,634
7478: 8496,8498,6093,8205,6480,9919
700: 9288,9464,9345,9416,9468,9775
9651: 9963,9942,9447,9831
9695: 9690,9710,6349,9936,10034
9925: 9972,10011,9878,9682,9888,9891
9290: 9478,9252,9453,9467,9477,9509
9934: 9770,10004,9856,9843
9244: 2678,9377,9810,9398,9659,9362
707: 
9952: 7417,7847,9359,9735,10022,9544
709: 9841,9654
2580: 2391,9541,9605,4169,4057,9619
9869: 9806,9933,9974,1793,616,683
9513: 9599,9646,9723,9538,9258,9498
9315: 9445,9287,9566,9431,9526,9300
10013: 9412,9352
9458: 9310,5882,6358,9354,9550,6071
9437: 9353,9893,9592
2509: 9361,9542,9965,2778,2974,2609
9576: 9932,3255,9251,10011,9878,9255
9440: 9804,9698,9969,9337,3777,9339
9889: 9926,9854,9691,9919,8205,9292
9340: 9750,8309,9594,9857,9519,10030
9274: 9623,9631,9299,9253,6385,6665
9892: 9634,9787,8867,9438,9407,7723
9395: 9740,9505,9359,9712,9988,10029
8081: 9271,9344,6389,6583,8596,9616
9173: 
6348: 9433,3674,5870,9502,9543,9512,5478
10001: 10010,4979,9822,9611,9445,9322
2953: 
9350: 9632,9404,9604,5256,5755,9539
731: 596
3517: 10038,9966
9896: 9341,9914,9906,5202,10020,9911,9644
10022: 9544,9778,9831,9735,9963,9952
4131: 9777
9272: 9416,9468,9515,9991,9706,9676
9735: 9457,9466,9963,7417,9952,10022
9430: 9366,9590,9248,9268,2333,3701
9863: 9615,9811,9749,9673,9672,9548
9337: 9366,9590,9804,9440,9339,9553
9219: 9560,8879,8885,9194,9125,9567
9521: 9734,9262,9282,3027,9269,9483
10028: 9897,9890,9825
9435: 9540,9647,9543,9943,9638,9308
7191: 
5478: 9512,6348,5870,5084,6280,9575
3715: 3820,9966,9957,10038,3321,3731
9622: 9852,9453,9593,9915,9252,9588
10019: 9936,9561,9667,9884,9710,9848
4855: 9573,9538,4650,9302,9408,4858
9465: 7010,9993,9499,9354,9402,9944
7360: 6731,9773,9301,9508,6358,5876
8309: 9750,9340,9336,9692,7992,8150,9857
9804: 9440,9698,9853,9441,9590,9337
9906: 9896,9914,10020,10016,9898,6011
9356: 9334,9448,9938,9336,9592,8150
9347: 9989,9314,9763,10015,9725
1553: 9708,9720,9624,9902,2721
9399: 9819,9500,9382,2403,2133
760: 561
9864: 9381,9349,9688,9916,9716,9995
9574: 9302,9408,9482,10017,9808
9992: 9792,9941,10006,9867,10035
9743: 9812,9980,9275,2523,9321,9514
9783: 10015,9975,9687,9833
9910: 9652,9680
9706: 9626,683,9369,9991,9272,9515
9664: 9960,10005,9824
4697: 5202,5578,9432,4893,9341
6665: 8694,6385,9274,9623,8496,8498,9260
6385: 8694,8631,6665,9299,9274,8498
9390: 9436,9534,9486,9928,9484,9346
9304: 9679,9697,3612,9913,1727,2928
9806: 9869,9974,683,9515,9487,9565
9348: 9523,9266,9718,9929
6009: 6967,9714,9525,6204,9518
2198: 
7818: 7570,9081,7565,7899,7318,8766
9417: 9469,9494,9801,9684,5408,6849,9753
9959: 9524,9459,9670,9751
9254: 9320,4293,3207,9443,9279,9481
9423: 9349,9688,9836,7885,8033,9568
9655: 9829,9798,9707,9421,10037,9496
9781: 9537,9803,9798,9769,9656,10037
9412: 9573,9258,9352,10013
9639: 9636,5403,9299,9596,5792,8631
9859: 9961,9554,9731,9491,1556,9924
9338: 9537,9446,9793,9782,9907
9795: 9617,7494,10029,9875,9740,9649
9817: 9776,9792,10006,9975,9725
9936: 10019,9561,9710,9695,10034,9643
792: 
9705: 9486,9729,7617,9989,9314,9289
8346: 9983,8970
7617: 9729,9705,9314,9472,9953,9687
9306: 9305,9471,9614,9968,9265
9620: 9772,9332,9834,9396
9737: 2492,2685,9874,9415,9665,9283
10021: 9816,9731,9267,9520,9961
9534: 9436,9390,7014,9289,7010,9486
9313: 9433,9287,9526,9330,9403,9502
9383: 2806,3991,9326,9589,9598
2974: 1622,2609,2699,2778,2509
5574: 5475,9364,4271,9608,4773
2536: 9358,9470,9557,9316,9380,9577
9913: 1727,3119,9585,9697,9304,2649
9268: 3502,9493,9536,9248,9430,3701
4293: 9254,9320,3207,3504,4603,3903,9409
6389: 9517,6583,10009,9616,9631,8081
9363: 9812,9980,9552,9245,9635,9291
9674: 874,9586,9956,9830,9276
4626: 4521,9700,4525,4004,3907,9392
9284: 9904,9649,9419,7899,7318
9730: 3295,9451,9954
9553: 5578,9259,9366,9337,4893,9339
7265: 
7996: 8513,8296,8770,7581,8766,8991
3810: 9935,2540,2928,3612,9955,4232
9937: 10008,9840,9780,9905
1617: 1446,1044
9798: 9829,9655,9769,9736,10037,9781
8695: 
9725: 10015,9975,9817,6249,9347
3255: 9932,9251,9576,3947,2024,9283
8970: 10007,8346
9944: 10034,9402,9690,9763,9465,9993
9932: 3255,9576,10036,10011,3947,9756
8372: 8225,9752,8710
9487: 9329,9565,9806,9974,3486,9837
9972: 9878,9925,9682,9748,9819,9500
6093: 8496,7478,6480,6483,6671
9336: 9893,9692,9592,9356,8150,8309
9820: 10018,9871
10043: 9971,9368,9930,9660,9767,9926
7146: 6583,7505,10009,6967,10012,6682
9400: 9648,9518,9701,9531,9785,9559
1340: 1178,1019
9625: 8046,7723,9634,9391,9641,9976
2968: 4771,4169,4271,4057,9533,9394
6011: 6204,9666,9906,10020,9898
9389: 9961,9554,9606,9267,927
9897: 9922,9921,9890,9814,9825,10028
2806: 9383,3991,3295,3491
9305: 9471,9306,10035,9265,5856,9901
9501: 9558,9387,9894,9318
6508: 4498,5207,5010,4486,9911,9401,9644
8205: 7478,6480,9889,9919,9292,9640
848: 
5408: 9627,5400,6849,9417,9753,9779
9302: 9408,9574,4855,9604,4858,9808
9810: 9244,2678,9675,10010,4979,9659
4603: 3903,5215,9668,9409,4293,5010,3210
3559: 9442,9256,4139,9555,9535,3166
5256: 4448,9604,4858,5755,5064,9350
7248: 
6531: 
9947: 9693,9834,9375,9994,9870,10032
7847: 7417,9952,9359,7505,8596,9505
10030: 9285,9519,9857,9340,9762,9789
6118: 
861: 864
4057: 4771,4169,2968,4164,2391,4255,2580
9387: 9501,9558,9126,9507,9548
864: 861
9548: 9672,9507,9615,9863,9126,9387
9528: 9918,9295,9427,9642,9414
9375: 9597,9396,9947,9834,10032,9582
9282: 9734,9521,9483,9524,9459
10041: 9990,9957,9815,10038
9442: 3559,9256,9591,9422,4139,9462
9049: 
9321: 9388,10002,9514,9743,9788,2523
6349: 9710,5466,5070,6155,9695
874: 2407,9674,9276,359,9760
9270: 9719,9276,9821,9829,9760,9736
9747: 2585,9669,9986,9774,9361,9630
9940: 3486,9865,3786,9788,10002,9818
9019: 8867,7383,7811,7119,9563,9407
9600: 9126,9894,8885,9297,9125,9629
9719: 9270,9276,9826,9830,9821
1727: 3607,9913,3119,9304,3121,2928
9505: 9740,9395,8596,7847,9359,9344
9591: 9422,10032,9582,4139,9442
9520: 9516,9713,9816,10021,3722
9262: 9734,9521,9328,9569,3027
9424: 9772,9332,3947,9621,9374,2024
9710: 6349,5466,9848,9936,10019,9695
10020: 9979,9911,9896,9906,6011,9666
9647: 9540,9435,9943,9650,9967,9805
9732: 698,9850
9707: 9829,9655,9760,1525,359,9421
9837: 3486,9865,9757,9487,9329,9950
9598: 9589,9923,9275,9383
3615: 9927,3820,3321,3712,4232,9876
9504: 9560,8879,9307,7565,9079,9564
5775: 9593,7123,6085,9406,9967,9379
9558: 9501,9387,9507
9999: 9866,10027
9841: 709,9654
9831: 10022,9778,9963,9651
9419: 6483,9260,7899,9628,9284,9904
9688: 9349,9423,9587,9836,9864,9916
9846: 9738,9754,5400,9885,5792,5403
8631: 8694,6385,9596,9639,9299,9971
10027: 9999,9866,9646,9887
6204: 6011,9666,9648,9518,6009
9335: 9246,9709,9722,9813,9645,9296
9471: 9305,9867,9306,9614,10035,9343
9472: 9953,9729,7617,10024
910: 
9835: 9738,9754,9915,9764,9696,9852
9993: 7010,9465,9944,9989,9763,9289
9856: 9956,9843,9934
9808: 9985,10017,9302,9574,9604,9632
9604: 5256,4858,9302,9808,9632,9350
9538: 4855,9573,9258,9513,4650,9498
9264: 9530,9291,9812,9514,9495,9488
4937: 4004,4710,4322,9280,4811,4719,9602
9126: 9600,9615,9125,9548,9387
4719: 4826,4811,4616,4004,4937,4710
9567: 9615,9125,9546,9560,9219,9749
4616: 9397,9357,4710,6018,4826,4719
9827: 9811,9858,9749,9610,9546
1619: 
9351: 9555,9579,9535,9970,9411,9845
10040: 9580,9460,9782,217,9626,1793
927: 9530,9291,2554,9635,9606,9389
9403: 9607,9308,9502,9287,9322,9313
3777: 3778,4891,9339,9440,9969,4485,3983
9796: 9679,9697,9759,9790,9704,9485
9789: 9762,10039,9285,10030,9727,9939
9530: 9264,9291,2554,927,9554,9495,2733
9764: 9724,9696,9801,9835,9738,6849
9960: 9629,10005,9664,9894,9318
9950: 9883,9699,9329,9757,9837,9657
2189: 2280,2468
9611: 10001,9822,9662,9428,9566,9445
9477: 7811,9467,9290,9444,9509,9563
9921: 9922,9897,9766,9890
2526: 1709,2244,2153,2906
3991: 2806,9383,3491,9552
3027: 9269,4218,2540,9521,9262
943: 
944: 
2492: 9737,2685,2305,9415,9247
4858: 4448,9604,5256,4855,9302
7383: 8867,7721,9019,7119,7641,6749
3251: 9677
9981: 9832,9702,9587
9368: 9971,10043,9584,9596,9497,9660
9439: 9676,9473,10026,1622,9527
9715: 9279,9296,9708,9722,9250,9903
4155: 4463,4146,9331,9489,3860,4255
9552: 9245,3991,9980,9363
5633: 
6967: 6009,9714,10012,6682,9525,7146
6323: 
7992: 8225,8150,9857,9752,8309
959: 
6460: 7811,9467,7119,6916,6071
9250: 3502,9493,9903,9279,9715,9481
9923: 9589,9275,9598,9809,9547,2523
4271: 4169,2968,9608,4773,9394,5574
9269: 3027,4218,4525,9521,9392,9483
10032: 9591,9422,9582,9947,9375,9994
9794: 9673,9996,9811,9858
8044: 
9902: 9358,9470,2721,9708,1553,9903
9812: 9743,9980,9363,9264,9291,9514
9745: 10008,9840,9474,9948,9882
3674: 9433,6348,9502,9543
972: 
8033: 7885,7719,9376,9426,9423,9836
9249: 9429,9360,9583,9562,9861,9784
9800: 9634,9787,9854,9691,9450,9976
9364: 5574,9608,9463,9325,9261
8867: 7721,9019,7383,9407,7723,9892
978: 1052
9374: 2024,9665,9899,9424,9332,9425
9568: 7885,7965,8046,9349,9423,9391
9876: 9922,9927,3615,9766,9955,4232
9483: 9633,9392,9269,9521,9282,9459
9421: 9371,1525,9655,9707,9496
9720: 9708,1553,9722,9624,9813,9319
9790: 3722,9704,9759,9816,9796
9366: 9430,9590,9337,2333,9553,9259
9930: 9971,10043,8694,9926,9919,8498
9332: 9424,9772,9620,9374,9396,9425
9845: 9286,9351,9970,9862,9411,9479
10009: 7146,6583,9880,10012,9517,6389
8807: 8917
4950: 9404,9539,9367,9909,9490,5051
9451: 9730,9954,9948
9573: 4855,9538,9412,9258,9352,9408
3545: 3641
9578: 9367,9455,9410,9490,9872,5564
9381: 9391,9641,9864,9349,9716
9460: 9580,10040,9782,9446,9393,9263
6749: 7641,7009,6916,6930,7119,7383
9495: 9488,9365,9264,9530,1225,2733
9630: 9361,9542,9327,9986,9747,9572
9547: 3786,9788,2523,9923,9809,9933
9536: 9248,9298,9380,9577,9493,9268
9320: 9254,4293,9443,9397,9342,9409
9728: 9823,9769,9656,9973
1006: 
9557: 9488,9365,9388,9316,2536,9470
10016: 9898,9684,9847,9914,9906,9494
7719: 7885,8033,8333,7292,9376,9346
9792: 9992,9941,10006,9873,9817,9776
9749: 9827,9811,9546,9615,9863,9567
7570: 7818,7565,9079,6483,7899,6671
7988: 8513,8296,9617,9448,8225
9762: 10039,10003,9789,9857,9752,10030
4232: 3612,3712,9955,3615,9876,3810
6583: 7146,7505,8596,10009,6389,8081
9834: 9947,9693,9620,9375,9396
9872: 9658,9873,9490,9578,9964,5564
1019: 1340
9344: 9271,8081,9875,8596,9740,9505
9349: 9688,9423,9568,9391,9381,9864
9811: 9827,9858,9749,9863,9673,9794
9727: 9824,10039,9789,9939
9602: 9877,9266,4937,9280,9454,4811
8658: 
9484: 9376,9413,9346,9928,9390,9733
5403: 9636,9639,9846,9627,5400,5792
2987: 9662,9742,2609,9428,9527
9997: 9662,9742,9671,9862,9510,9822
7885: 7719,8033,8333,7965,9568,9423
9766: 9978,9927,9922,9921,9876
8261: 
5207: 4498,6508,3982,4486,9259
9631: 9274,9616,9623,9517,9253,6389
9860: 9724,9696,6280,9601,7123,6085
9301: 7360,9773,9508,9839,9561,9667
10018: 9549,9820,9985,9871,9755
5841: 
5202: 4486,4697,5578,9896,9341,9644
7417: 9952,7847,6682,9466,9735,7505
10038: 3517,9957,10041,3715
1525: 2133,359,9707,1867,9421
9323: 9879,9946,9393,9414,9580,9369
1044: 1616,1617,1446
4347: 4867,5064,4569,4463,4771,4164
5585: 9406,9512
3839: 
2649: 9813,9319,9645,9585,9913,3119
9334: 9356,9938,9353,9917,9988,9592
9862: 9671,9970,9997,9286,9845,9510
9489: 9331,9797,9462,9256,4155,3860
1052: 978
9978: 9766,9927,9966
9731: 9759,9816,10021,9961,9859,9924
9721: 9751,9718,9929
8496: 8498,7478,6093,6665,9260
9775: 9329,9565,9416,700,9345,9699
9635: 9895,9245,9363,9291,927
9634: 9800,9787,9892,9625,7723,9976
6930: 6916,9550,9499,7014,7009,6749
9361: 9542,9630,2509,2585,9747,2778
9214: 9987
9279: 9296,9715,9250,9481,9254,9443
9641: 9391,9381,9625,9739,9976
9885: 9497,5792,9303,9754,9846,9449
4083: 2333,3504,3701,3982,9481,3207
1067: 
9346: 9376,9484,9436,9390,7292,7719
1069: 
9734: 9521,9262,9282,9569
9535: 9555,9351,3559,3166,9541,9411
9543: 9540,9435,9308,9502,3674,6348,9512
9742: 9997,9662,2987,9965,2609,9671
9890: 9921,9897,10028
9680: 9652,9910
9994: 9838,10000,9870,9947,9422,10032
9352: 9573,9412,10013,9482,9408
3641: 3545
9649: 9284,9904,9875,9795,7494,7581
9961: 9389,9554,9859,9267,9731,10021
9292: 9378,9545,9889,9691,8205,9640
5070: 9964,5564,5754,6349,5466,6155
9963: 9651,9942,9457,9735,10022,9831
9626: 9706,683,9369,9580,10040,1793
4169: 2968,4271,4057,2580,9619,9608
9571: 9982,9556,10039,10003,10005,9824
7775: 
4525: 9269,4218,4521,4626,9392
1089: 
9011: 
9607: 9403,9308,4979,9322,2678,9377,9638
9986: 9774,9747,9572,3850,9630
9590: 9366,9430,9337,9248,9441,9804
9583: 9249,9360,9861,9701,9785,9452
9683: 9842,7934
9746: 9657,9853,9757,9958,9298,9441
9660: 9438,9661,9767,9584,10043,9368
9322: 9445,9287,4979,10001,2678,9403,9607
3947: 9621,9756,9932,3255,9424,2024
9990: 9957,9713,10041,9771,9815,9516
9554: 9389,9961,9859,9530,1556,2733
9512: 9406,5585,5478,6348,9540,9543,6280
4569: 4463,4146,4450,4448,4347,5064
9452: 9373,9998,9678,9360,9583,9785
9341: 9896,9914,9432,4697,5202,9685
9935: 2540,3810,9955,9328,9814
3166: 3860,2391,3559,9256,9535,9541
9751: 9721,9670,9959,9877,9718
9939: 9789,9285,9727
7505: 7146,6583,8596,6682,7417,7847
9780: 9895,9840,9937,9905,9606
9866: 9999,10027,9838,9887,9689
9314: 9989,9347,10015,9687,7617,9705
8917: 8807
9927: 3820,3615,9966,9978,9766,9876
10005: 9960,9629,9664,9556,9571,9824
9694: 9312,9832,9886
9522: 9498,4450,9599,9331,9799,4146
9514: 9388,9321,9812,9743,9264,9488
9237: 9640,6671,9307,9420,6480,9079
6249: 9690,6155,9725
9760: 9829,9707,874,9270,9276,359
9624: 9491,9333,1553,9720,9319
9492: 9881,9581
9610: 9613,9564,9546,9618,9827
9791: 9883,9699,9385,9345,9807,9900
5331: 
9928: 9486,9729,9390,9733,10024,9484
9125: 9615,9567,9219,8885,9126,9600
9441: 9248,9298,9853,9746,9804,9590
1616: 1044,1873
9931: 9888,9891
9915: 9593,7123,9696,9852,9622,9835
7176: 
2403: 1950,2407,1592,9819,9399,2133
9675: 9532,9286,9510,10010,9659,9810
6280: 9601,9575,9406,9512,5478,6085,9860
9345: 9288,9385,700,9775,9699,9791
9490: 9658,5051,9872,4950,9367,9578
9497: 9596,9885,5792,9449,9584,9368
9402: 10034,9944,9643,9310,9465,9354
9289: 9989,7010,9993,9486,9705,9534
9887: 9599,9646,9866,10027,9689,9799
9692: 9336,9893,9786,9750,8309,9293
9702: 9832,9886,9426,9587,9836,9981
3612: 3712,4232,9679,9304,2928,3810
3210: 6018,5138,9562,9397,4603,5215,9409
6483: 9419,9260,7899,6093,6671,7570
9759: 9816,9731,9790,9485,9924,9796
9777: 4131
9541: 9605,9411,9535,2391,3166,2580
10033: 9398,9325,9659,9532,9463,9595
9956: 9856,9830,9674,9586
9447: 9651,9942,9373,9998,9434
9991: 9946,9706,9369,9676,10026,9272
9690: 6249,9695,10034,9944,9763
9958: 9865,9757,9818,9380,9746,9298
9619: 9608,9463,9595,2580,9605,4169
9532: 9675,9286,9479,9595,10033,9659
9252: 9478,9290,9355,9588,9622,9453
4650: 4855,9538
3284: 9807,9900,9570,9969,3471,3983
9678: 9452,9373,9360,9480,10025,9711
9589: 9923,9598,9809,9326,9383,9273
9355: 9478,9252,9588,5975,5882,5876
5882: 9458,6358,5876,9478,9355,6071
9456: 9378,9545,9828,9984,9686,9277
8990: 7901,8991,8885,9194,9297,9317
9744: 9912,9756,10036
9946: 9879,9323,9962,9991,9369,10026
9453: 9852,9622,9303,9290,9252,9509
9326: 9793,9383,9907,9273,9589
9369: 9626,9706,9580,9946,9323,9991
9805: 9967,9379,5975,9647,6731,9650
5138: 6018,9562,3210,4826,9503,9429
9884: 9603,9261,5572,9848,10019,9667
9449: 9444,9509,9584,9303,9885,9497
1178: 1340,1594
9457: 9559,9466,9735,9531,9963,9942
9455: 4773,9394,9410,9578,5564,5754
9408: 9302,9574,4855,9573,9352,9482
9357: 9397,9342,4616,9761,4710,3907
9704: 9790,3321,9679,9796,3712
4773: 9455,9394,4271,5475,5574,5754
2321: 2699,9663,2778,9758,2585,2600
9330: 9526,9370,9570,9433,9313,9506
8333: 7885,7719,7965,7292,7641,7721
9296: 9279,9715,9722,9335,9246,9443
2551: 
9478: 9290,9252,9355,5882,6071,9467
9975: 10015,9783,9725,10006,9817
9774: 9986,9899,9874,9747,9669
9462: 9489,9797,10000,9422,9442,9256
9443: 9254,9320,9279,9296,9246,9342
6978: 
9949: 9682,9405,9888,9551
9768: 9898,9684,9753,10031,9714
9951: 9733,10024,9312
5250: 
2244: 1709,2526,2906
9328: 9814,9825,9569,9935,9262
4450: 9498,9522,4569,4146,4448
9380: 9316,9818,9577,9958,2536,9536,9298
9980: 9812,9743,9363,9552,9275
8766: 7581,7318,7818,9081,7996,7901,8991
9498: 4450,9522,9599,9513,9538
9654: 709,9841
9263: 9393,9461,9803,9446,9460
9475: 3778,4891,9432,4485,9384,9278
9998: 9452,9373,9531,9785,9942,9447
2459: 
9865: 3486,9757,9837,9940,9958,9818
9799: 9331,9689,9797,9599,9887,9522
9017: 
2669: 
7353: 
9875: 9271,9344,9740,9904,9649,9795
9901: 9658,5051,5856,9305,10035,9941
10031: 9753,9779,9880,9768,9714,10012
9919: 9926,9889,9930,8498,7478,8205
9966: 9927,3820,3715,3517,9978
9839: 9773,9301,9603,9920,10042,9667
9828: 9739,9450,9545,9456,9984,9681
6480: 7478,6093,8205,9640,9237,6671
1225: 1556,2733,9495,9365,2721
7086: 
7152: 6507