9266: 9877,9718,9602,9454,9523,9348
9886: 9702,9426,9832,9312,9413,9694
9339: 3777,9553,9337,9440,3284,3471
9882: 1630,1892,10008,9745,9895,9840
9378: 9545,9292,9640,9420,9456,9277
5: 
5727: 5331
2743: 3615,4330,3715,2836,3712
4811: 4525,4937,4626,4004,4826,4823
3874: 5478,2148,9506,3471,3777,3983
5975: 5876,5775,9967,5587,9588,9379
8475: 
9376: 9413,9484,7719,9346,9426,8033
10012: 7146,10009,9714,10031,6967,9880
9954: 709,9730,9451
9562: 4616,5421,9784,5138,9429,9249
1556: 2733,9554,9491,1820,9624
9482: 9408,9574,9352
10017: 9871,9574,9985,9808
10007: 8970,8555
9833: 9783,9953
10011: 9925,9878,9891,10036,9576,9932
9394: 4773,4073,4475,9410,9533,9455
2280: 2189
9092: 
9962: 2326,2231,9663,9879,10026,9946
7010: 6930,7195,9465,9289,9993,7014
5215: 3210,4605,4603,4606,5214,5010,5917
9354: 9402,9499,9643,9310,9550,9458
4218: 3506,4322,3121,2540,9269,9392
30: 
4867: 4164,4463,4569,5064,4771,4968
6358: 6071,6639,6823,9310,9458
9848: 5475,9884,9667,9710,5466,10019
34: 
7009: 7292,7014,9436,7195,7117,8186
9294: 9703,10025,9503,9454,9523,9480
9663: 9962,2231,9758,9879,9918,2321
9392: 9483,9269,4322,4218,9633
8694: 9971,8631,9930,8632,8498,8496
40: 
6085: 5587,6280,9860,7123,9379,9696
9533: 4771,9410,9311,4168,9394,4475
9362: 9476,10042,9244,9398,9377,9529
9782: 9793,9907,10040,9338,9460,9446
9265: 9549,9968,9305,6335,9909,9306
9317: 9556,9982,8770,8995,9297,8991
8878: 9238,9079,7979,9237,9307,9504
6884: 
7345: 7080
2600: 9758,2666,2685,9669,2585,2321
9633: 9670,9459,9280,9483,9392,4529
9280: 9633,9670,4937,9602,9877
6347: 9964,6155,5564,5070,6349,5466
9645: 3119,2649,9335,9813,9717,9709
4168: 4068,4164,4771,9533,4475
56: 
7033: 7564,5792,9596,7563,6385,8631
4322: 3506,4218,4521,9392,4525
7739: 9260,7821
6767: 7478,6671,6483,7570,6093,7565
9945: 477,9826
8632: 6665,9639,6385,8631,8694,8496
9914: 9896,9906,9341,9685,9847,10016
9851: 93
9943: 9638,9529,9920,9647,9435,9650
4893: 4486,4697,3982,3778,4485,5578
8150: 8225,7988,9448,9356,7992,8309
5475: 9884,5574,9848,5070,5754,5466
9855: 6517
7564: 7033,5792,9596,9846,9497,9885
9829: 9736,9769,9760,9707,9655,9798
9434: 9711,9373,9447
73: 336
9709: 9700,9717,9335,9645,9246,9761
2135: 1867,1525,2133,9399,9382
5509: 9601,9860,5389,5395,9575,6280
4979: 6629,9502,9308,9403,9607,3184
9325: 9364,9261,9463,9608,9398,9476
9854: 9926,9889,9767,9787,9438,9691
6658: 5389,5970,5084,9512,9406,5585
7870: 
9398: 9244,9659,9463,9325,9476,9362
9765: 9677
9699: 9791,9775,9883,9950,9657
9629: 9297,9600,9556,9894,10005,9960
6244: 9901,6335,5051,9658,5856
9510: 9662,9997,9862,9286,9822
9814: 9935,9328,9955,9922,9897,9825
5640: 
7355: 
9691: 9545,9292,9787,9854,9889,9800
9922: 4330,9876,9955,9921,9897,9814
93: 9851
9617: 9938,10029,9795,8383,7988,9448
7318: 8766,8770,7742,7581,7996,8222
9880: 7434,9977,10031,10009,10012
9698: 9804,9440,9883,9657,9853,9969
9787: 9892,9438,9854,9800,9691
3321: 3731,3715,3722,9704,9790
100: 9837,9974
9738: 5304,5400,9846,6849,9754,9835
7979: 8878,9238,7818,9504,8879,9081
9907: 9793,9782,10040,9326,9273,217
9754: 9852,9303,9835,9738,9846,9885
9819: 9399,9500,9748,2689,2403,9972
6517: 9855
9565: 9487,9329,9416,9806,9272,9515
9918: 9879,9414,9528,9295,9758,9663
9788: 9940,10002,3795,3991,9321
4393: 4590,5413,4498,3998,3504,4603
5062: 5755,5256,5064,4661,4448,4858
9722: 9296,9335,9813,9708,9903,9715
5400: 5304,9738,9846,5613,5792,5302
3982: 4893,4486,3778,9259,4083
9761: 9342,9246,9700,9709,9357,3907
9852: 9622,9303,9754,9835,9453,9915
8189: 8192
9858: 9827,9996,9794,9811
1861: 9949,9551,9405
9724: 9801,9764,9309,9601,9860,9696
10010: 9675,9822,10001,3279,9810
9609: 9572,9327,4139,9579,9555
8119: 8261,7880
9405: 9748,1512,9682,9551,9257,1861
9878: 9925,9972,10011,9500,9576,9255
4485: 4284,4893,3778,6375,5676,5578
127: 
1494: 1246
9964: 6347,6155,5564,9873,9872,9776
6437: 9690,9695,6249,6155,6349,6537
9838: 10000,9994,9870,9866,9689
9899: 9425,3458,9665,9374,9874,9774
9982: 9556,9571,9317,8710,8995,10003
4463: 4867,4057,4164,4255,4347,4569
2333: 9259,9366,4083,9430,3207,3783
1729: 
9245: 9895,1075,9552,9363,9635
9467: 9478,9290,9477,6460,7646,6931
9974: 9933,9869,9487,100,9837
9868: 4941
141: 
7181: 
9572: 9327,9609,9630,9986,3850
5564: 9964,6347,5664,5070,9872
1793: 9626,683,217,9806,616,9515
3119: 9645,2744,2649,1727,3607,9717
3540: 3345
9431: 9300,9288,9315,9464,9566,9324
149: 
5870: 5970,5084,5478,6348,6724,5086
3121: 3025,1727,3607,2540,3506,4218
9407: 9019,8867,9661,9892,7723,9438
5578: 9475,4997,4485,4893,4697,6375
9401: 5214,9668,6508,9979,9726,9911
155: 
156: 
157: 
9644: 5000,5207,6508,9896,9341,9911
9382: 9399,9500,2135,9637,9255
9246: 9443,9342,9761,9296,9335,9709
9985: 9632,9755,9808,10017,9871,10018
9957: 9990,9713,10038,3517,10041,3731
163: 
10002: 9316,9940,9788,9557,9321,9388
9606: 9389,9961,9267,9780,9905,927
4529: 9633
2858: 3835,3646
8192: 8189
9983: 8346
7934: 9683,9842
9485: 9585,9697,9796,9924,9759,9333
9324: 9566,9428,9473,9527,9464,9431
6007: 10016,9898,5801,9494
9446: 9460,9263,9803,9537,9338,9782
3607: 3121,1727,3119,9717,3506
2194: 
9413: 9733,9484,9376,9312,9886,9426
9843: 9586,9281,9934,9856,9770
9523: 9454,9266,9703,9294,9348
9736: 9829,9769,9823,9270,9821,9760
9648: 6204,9518,9666,9849,9701,9400
5084: 5389,5970,6658,5870,5395
3504: 4605,4603,3903,3998,9409,3205,4393
5041: 
9253: 9274,9631,9636,9299,7434,9517
9581: 9844,9653,9881,9492
2236: 9676,10026,9946,9369,683,9706
9259: 2333,9366,4083,9553,3485,3982,3778
9895: 9245,1075,1630,9882,9840
8264: 
9367: 9578,9490,9539,9410,9311
9258: 9723,9513,9573,9412,9538
9299: 9274,9253,9636,6665,9639,6093
9893: 9592,9336,9437,9786,9692
9433: 2148,9313,9506,9330,3674,9502
1950: 2689,1592,2403,1180,801,2407
9450: 9976,9800,9739,9545,9828
9741: 1251,1013
1512: 9748,9405,9257,2689,1592
9700: 9717,9709,9761,4521,3907,4626
9650: 6731,9805,9773,9943,9920,9647
4941: 9868
9669: 9747,9774,2685,9874,2600,2585
3731: 3321,3722,9957,9713,3517
9976: 9450,9800,9739,9641,9634,9625
2148: 5478,3874,6348,9433,9506,3674
9662: 9510,9997,2987,9611,9428,9822
1594: 1178
2778: 2585,2321,9361,2231,2509,2699
9870: 9947,9994,9693,9838
9815: 9771,9990,10041
9586: 9281,1180,9843,9856,9674,9956
6071: 6358,6639,6823,5882,9355
10000: 9462,9797,9422,9838,9994,9689
7080: 7345
9849: 9979,9666,9726,9861,9701,9648
217: 9626,1793,9907,10040,9273,616
9941: 9992,9792,9901,9658,9873,10035
9908: 9685,9847,9278,9309,9511,9469
9920: 9529,9943,10042,9839,9650,9773
9569: 9734,9262,9328
9544: 10022,9386,9778,9952,7847,9359
7901: 9081,9194,9037,7737,7742,8766
9529: 9638,9943,9920,9377,10042,9362
7292: 7009,9436,8186,8333,9346,7555
9656: 9781,9769,9728,9798
9681: 9844,9653,9739,9984,9828
7494: 8513,8383,9649,9284,7996
6375: 9384,4891,5676,4485,9475,5578
8904: 
9716: 9381,9864,9995,9653,9881
9470: 2721,1225,9557,9365,9358,2536
9515: 9272,9706,1793,683,9806,9565
5064: 5755,5062,4569,4448,4867,4968
9677: 9765,2669
2044: 2305,9637,9372
237: 
9261: 4271,9364,9325,9476,3771,5572
9248: 9590,9441,9536,9430,9298,9268
9970: 9845,9671,9411,10023,9579,9351
9965: 10023,2509,9542,2974,9742,9671
9667: 9301,9603,9884,9848,9561,10019
9461: 9642,9496,10037,9263,9803
9593: 7123,9379,9915,9588,9252,9622
245: 
9373: 9452,9998,9447,9678,9711,9434
9723: 9258,9513,9646
9570: 9506,3284,3471,9330,9370,9900
9594: 9293,9750,9340,9519
9637: 2305,9415,2044,9255,9251,9382
2305: 9637,9415,2044,9372,9247,2492
9971: 8631,8694,9930,9596,10043,9368
9575: 9384,5395,4891,9511,9601,5509
9830: 9276,9674,9956,9719
2326: 9962,2231,10026,3372,2699,1622
9673: 9672,9863,9811,9794
8620: 
9516: 9520,9771,9990,9713
10035: 9867,9471,9901,9305,9992,9941
7899: 7818,7565,7737,7570,9260,7821
9406: 9540,9512,6658,5775,9967,5585
9824: 10005,9664,9571,10039,9727
10006: 9992,9792,9817,9975
9822: 10010,9510,9662,9611,10001
3778: 4893,3982,9259,3485,4284,4485
9917: 9353,9334,9938,9988
2391: 2772,3166,3860,4057,2968
9832: 9702,9886,9694,9981
9257: 9770,9612,9551,9281,9405,1512
7721: 8126,7555,8046,8333,7885,7965
5856: 9658,9872,5051,9490,6244
9582: 9591,3850,9597,10032,9375
8020: 
274: 
275: 
2476: 2196
9418: 9772,9621,9912
9486: 9390,9534,9928,9705,7617,9729
8046: 8126,7721,7888,9634,7965,9625
7836: 6389,8081,6583,6585,8596
9592: 9356,9336,9893,9353,9334,9437
2585: 2321,2778,9361,2600,9747,9669
1630: 9882,1892,9895
9969: 9900,9807,9883,9440,9698,3284
9546: 9567,9749,9610,9564,9560,9827
9909: 6335,9755,9404,9549,9265
9793: 9907,9782,9338,9326
9481: 3205,9254,9279,3502,9250,2822
10037: 9655,9798,9781,9461,9496,9803
9494: 9684,9417,9469,9847,10016,6007
291: 344
3786: 3486,2523
3907: 4710,4626,4004,9761,9700,9357
3983: 6724,3485,4284,3777,5478,3874
9979: 9666,9726,9849,10020,9911,9401
5965: 6629,3674,6348,9512,9543,5970
7117: 7383,8186,7195,6916,7009
9473: 9439,9527,9464,9468,9324
299: 411
1892: 1630,9882,9474,9745
9686: 9984,9456,9277,9618
9801: 6376,9764,9724,9309,9417,9469
10029: 9938,9988,9617,9395,9795,9740
3372: 2974,2609,2699,2326,1622,2057
9755: 9985,9632,9404,9549,10018,9909
8296: 8222,8710,8995,8372,8513
9682: 9748,9405,9888,9925,9972
9772: 9418,9621,9424,9620,9332
309: 
6339: 9404,5051,9350,4950,9539
9585: 9485,9697,9319,9333,2744,9913
9542: 10023,2509,9965,9361,9327,9630
5754: 5664,5070,9455,4773,5475,5574
9500: 9399,9382,9819,9972,9878,9255
9733: 9413,9484,9928,9951,10024,9312
316: 
9888: 9931,9891,9949,9682,9925
9291: 2554,9635,9812,9363,9264,9530
4068: 2580,4169,2968,4168,4475
3860: 4255,3953,3166,2391,4057
10025: 9703,9294,9480,9678,9711
9916: 9688,9864,9995
6155: 9964,6347,6349,6537,9776,6437
9428: 9566,9611,9324,9527,9662,2987
8609: 
9503: 4826,5138,9429,9454,9480,9294
9411: 9845,9970,9351,9541,9479,9605
9714: 9753,9768,10031,6009,6967,10012
9597: 9425,3458,9396,9375,9582,3850
9580: 9323,9369,9460,9393,10040,9626
9873: 9658,9872,9964,9792,9941,9776
9599: 9522,9498,9799,9513,9646,9887
9803: 9263,9446,10037,9537,9781,9461
334: 9850,9732,387
9327: 9572,9609,9630,10023,9542,9579
336: 73
3998: 4293,3903,3783,4393,4498,3504
5413: 4590,4393,4603,5207,5202,5010
9753: 9768,9714,10031,5801,5408,9779
4826: 5138,9503,4719,4811,4823,9454
2699: 2974,3372,2778,2326,2231,2509
3294: 3295,3491
2024: 9665,9374,3947,9424,3255,9283
344: 291
8426: 
7340: 
9926: 9854,9889,10043,9767,9930,9919
9826: 9945
3207: 4293,3783,9430,3701,9268,2333
9912: 9756,9744,9418,9621
6731: 5882,9650,9805,9773,7360,6823
10024: 9951,9472,9729,9928,9733
3345: 3540
9316: 9940,10002,9557,9818,2536,2165
10003: 10039,9762,8710,9752,9571,9982
9697: 9485,9585,9796,9304,9679,9913
6420: 5920
7581: 7742,9284,7821,7996,9419,7318
359: 874,9760,2407,9707,1525,2133
9891: 9888,9931,9925,10011,10036
4486: 4893,4697,3982,4083,4590,4498
2906: 2336,2244,2526
9757: 9746,9958,9865,4287
9911: 9979,10020,9644,9401,6508,9896
9987: 9214
9821: 9719,9736,9823,9270
6849: 6376,9764,7300,9835,5304,9738
9689: 9887,9866,10000,9797,9838,9799
3850: 9582,9597,3458,9986,9572
9628: 9419,9271,9904,9616,9260,9623
6140: 5455
1666: 
9701: 9583,9861,9849,9648,9400,9785
9671: 9845,9970,9862,10023,9965,9742
9748: 9405,1512,9682,2689,9972,9819
376: 492
9499: 9354,9402,9550,6930,9465,6749
9584: 9449,9497,7973,9444,9368,9660
5249: 5250
9476: 10042,3771,9362,9398,9261,9325
9929: 9348,9718,9721
9463: 9619,9608,10033,9398,9659,9325
9813: 9722,9335,9708,9720,9645,2649
384: 
9271: 9628,9904,9616,8081,9344,9875
9984: 9456,9686,9828,9844,9681
387: 334
9608: 9463,9619,2580,4169,9364,9325
9391: 7965,9625,9568,9349,9641,9381
8879: 9504,9560,7979,9081,9194,9219
9454: 9602,4823,9523,4826,9503,9266,9294
1867: 9421,1525,2135,9371,9372
9379: 7123,9593,5975,6085,5587,9588
394: 
9616: 6389,8081,9631,9623,9628,9271
9668: 5214,9401,5421,9784,5917,9726
397: 
7723: 7888,9892,7641,9407,8867,8126
2364: 
6696: 6695
9444: 9019,9563,7973,9584,9660,9661
9194: 9081,9037,7901,9219,8879,9038
9145: 
9311: 4771,9410,4968,9533,9367
9242: 9038,8885,9125,9219,9567,9615
9540: 9512,9406,9543,9435,9647,9967
3485: 4284,3983,3777,9553,9259,3778
9331: 4146,4155,9489,9797,9522,9799
9638: 9529,9943,9607,9377,9308,9435
9752: 7992,9857,8710,8372,9762,10003
411: 299
9488: 9388,9365,9514,9264,9495
7123: 7300,9379,9696,9593,9915,6085
3953: 3860,4255,9256,4155,9489
9397: 4606,6018,9357,9320,9342,3210
4771: 9311,4968,9533,4867,4164,4168
9081: 9194,7901,7979,7818,7737,8879
9640: 6474,9237,9120,8205,9420,9378,9292
9900: 9969,9385,9807,9570,3284,9370
9679: 3712,3612,9704,9697,9796,9304
9038: 9242,8885,9194,9037,9219,8990
4094: 3795,2523
8868: 
424: 1529
7821: 7742,7581,9260,9419,7899,7737,7739
9247: 9372,9427,2305,2492,9295,2666
2538: 9902,9250,9358,2721,3502,9493
9968: 9549,9265,9306
2271: 1996
7811: 9563,6931,7119,9509,7973,9477
9255: 9637,9251,9878,9382,9500,9576
9877: 9751,9718,9266,9670,9280,9602
10026: 2236,9676,9946,2326,9962,1622
3820: 9966,9927,2836,3517,3715
9539: 9490,9367,4950,6339,5051
9309: 9511,9601,9908,9801,9724,9469
9551: 9612,9257,1861,9405
8885: 9038,9242,9125,9126,8990,9039
8513: 8383,7494,8225,7988,8296,8372
9797: 9462,10000,9689,9799,9489,9331
9693: 9947,9870,9834
442: 634
6520: 6804
10008: 9745,9882,9937,9840
5801: 9898,6007,9684,5408,9753,9768
3743: 2761
9784: 5421,9562,9668,9726,9249,9861
9942: 9963,9651,9531,9998,9447,9457
449: 
6018: 4606,9397,9357,4710,4616,5417
9448: 7988,8150,9938,9617,9334,9356
7958: 
9371: 9372,9427,9421,1867,9642,9496
9973: 9823,9728
5792: 7564,7033,5400,9846,7563,5302
456: 
9988: 9938,10029,9395,9917
9120: 6474,9640,9237
7609: 
9938: 9988,10029,9617,9917,9334,9448
9365: 9388,9488,9557,9470,1071
5129: 6022
9300: 9431,9288,9315,9385,9526,9370
8991: 9297,8990,9039,8766,8770,9317
7737: 7818,7899,7742,7821,9081,7901
466: 
9665: 2024,9374,9737,9874,9283,9899
9166: 10014
9432: 9475,4997,5000,9685,9278,9341
9615: 9567,9749,9242,9125,9863,9548
9670: 9633,9459,9280,9959,9877,9751
6335: 9901,9305,6244,9909,9265
9850: 334,9732
9995: 9716,9864,9916,9881
475: 535
9171: 9173
477: 9945
2133: 1525,2135,2403,359,2407,9399
9414: 9879,9918,9528,9393,9323
480: 
9496: 9461,9642,9421,9655,10037,9371
9466: 9457,9559,9735,9525,6682,7417
9840: 9937,9780,9882,10008,9895,1075
9711: 9434,9678,10025,9373
9717: 9700,9709,3119,9645,3607
1622: 9439,2057,2326,9676,10026,3372
8770: 7318,8766,8222,8995,8991,9317
9550: 6460,7646,9458,9354,9499,6749
4287: 9657,3486,9950,9757
4498: 4590,4393,4083,3998,3783,4486
7354: 7265
492: 687,376
8599: 
9037: 9194,7901,8766,9038,8990
1529: 424
3940: 
5395: 9575,4891,5389,5084,5509
5942: 9910
499: 
9524: 9959,9282,9459
9739: 9976,9450,9641,9681,9828
5876: 5975,9967,5882,9805,9355,9588
9359: 9505,7847,9386,9544,9712
8737: 
8627: 9112
9785: 9531,9400,9583,9701,9452,9998
6585: 7505,7847,6583,7836,8596
9427: 9371,9372,9247,9642,9295,9528
7259: 
4134: 
9632: 9985,9755,9808,9604,9404,9350
7880: 8119
513: 
1849: 1583
9531: 9400,9785,9998,9457,9559,9942
9603: 9839,9301,9667,3771,5572,9884
2822: 4293,3903,3502,3701,3205,9481
9416: 9329,9565,9272,700,9345,9775
9684: 9494,9417,5801,5508,5408
9652: 9680,6041
6041: 9680,9652
9436: 7292,7014,7009,9390,9534,9346
2407: 874,359,801,1950,2403,2133
9823: 9736,9769,9821,9973,9728
9318: 9501,9894,9960
9286: 9532,9479,9845,9862,9510
9564: 9504,9560,9307,9613,9610,9546
9621: 9772,9418,9756,9912,3947,9424
9903: 9708,1553,1225,9902,9715,9722
6916: 6932,7019,7119,7383,7117
9474: 2072,9948,1892
9871: 10017,9985,9820,10018
9310: 9508,6358,9354,9643,9458
2836: 9927,3820,3715,4330,2743,9876
535: 475
3903: 4293,2822,3998,3783,9409,3205,3504
537: 
9545: 9378,9292,9691,9450,9456,9828
9393: 9460,9263,9414,9323,9580
9273: 9589,9326,9907,217,9809,616
7563: 5995,9627,6385,5302,7033,5792
9703: 10025,9294,9523,9348
9283: 9737,3255,9415,9251,9665,2024
9278: 9685,9908,9384,9432,9475,9511
9507: 9387,9548,9558,9672,9802
3205: 9409,9254,9481,2822,3903,3504
5455: 6140
5572: 9884,5574,4271,9261,3771,9603
9464: 9468,9473,9324,9431,9288
8995: 8296,8222,8710,8770,9982,9317
9905: 9937,9780,9606,9267
9293: 9594,9786,9750,9692
10014: 9166
9518: 9648,6204,9400,6009,9525,9559
9425: 9597,3458,9899,9332,9396,9374
9479: 9532,9595,9605,9286,9845,9411
5543: 
9825: 10028,9897,9328,9814
9267: 9606,9961,9905,10021
4590: 4393,5413,4498,4486,4697,5202
561: 760
9756: 10036,9744,9912,9932,9621,3947
9614: 9306,9471,9343
4475: 9394,4073,4169,4068,4168,9533
4448: 4347,4569,4146,4661,4450,5062,5064
9879: 9918,9414,9323,9962,9663,9946
9396: 9425,9597,9332,9834,9620,9375
6805: 
7195: 7010,6930,7014,7009,7117
2468: 2189,2658
9404: 6339,9350,9632,9755,9909
2721: 1225,9470,9358,2536,9902,2538
9275: 9923,9598,9547
7973: 7811,9563,9509,9449,9584,9444
10015: 9687,9783,9975,9314,9347,9725
10034: 9690,9695,9944,9936,9402,9643
9844: 9681,9653,9984,9581
4004: 4710,3907,4626,4719,4811
9459: 9633,9670,9483,9282,9524,9959
9687: 10015,9783,9314,9953,9472,7617
9563: 7811,7119,7973,9444,9019,8356
9659: 9244,9810,9398,9675,9463,10033
9953: 9833,9687,9783,9472
1873: 1616
7014: 7009,9436,9289,7010,7195,9534
9977: 7434,9880,9779,10031,5995,9627,9636
9898: 10016,6007,5801,7252,6011,9906,9768
588: 645
9773: 9650,6731,9920,9839,9301,7360
5332: 5931
9657: 4287,9853,9699,9883,9746,9698
9618: 9613,9277,9610,9686
9767: 10043,9660,9661,9438,9926,9854
9672: 9673,9863,9507,9548,9802
9904: 9628,9419,9271,9875,9649,9284
596: 664,731
7761: 
9308: 6629,4979,9607,9638,9543,9435
8318: 
4837: 9777
9281: 9586,1180,9843,9770,9257,1592
9676: 2236,10026,9706,9991,9439,1622
9298: 9746,9958,9380,9248,9441,9536
6671: 8211,6480,7478,6767,9238,9079,6481,7565
5755: 4950,5256,5062,5064,4968
9377: 9607,2678,9244,9362,9638,9529
4710: 3907,4004,4719,6018,9357,4616
9409: 3205,9254,9320,3903,3210,4605,3504
9955: 3615,4330,9922,4232,9935,9814
9750: 8451,8376,9692,9293,9594,9340
9740: 9795,9875,9505,9344,9395,10029
1571: 
9251: 9637,9415,9255,9576,3255,9283
614: 886
9718: 9877,9751,9266,9721,9348,9929
616: 9809,9806,9869,9273,1793,217
9579: 9351,9555,9327,9609,10023,9970
9287: 9526,9313,9403,9315,9322,9445
9653: 9844,9681,9716,9881,9581
9605: 9479,9595,9411,2772,9541,2866
9422: 9462,10000,9994,10032,9591,9442
2685: 9737,9874,2492,2600,2666,9669
9386: 9778,9544,9359,9712
9288: 9431,9300,9464,834,9385
3835: 2858
9867: 10035,9471,9992,9343
9861: 9583,9249,9701,9784,9726,9849
3795: 4094,3991,9788
8596: 9505,9344,7847,6585,7836,8081
630: 910,978
3502: 3701,9493,2538,9250,2822,9481
7641: 7383,8186,8867,8126,7555,7723
9358: 9577,2536,2165,2721,9470,9493,2538
634: 442
8356: 9563,7119
3037: 
5466: 9710,6349,5070,5475,9848,6347
2231: 2326,9962,9663,2321,2778,2699
9297: 9039,8991,9600,9629,9556,9317
6823: 6071,6358,7360,5882,6731
9388: 9488,9365,9321,9514,10002,9557
9636: 9253,9299,9627,7434,9977,9639
9696: 7300,7123,6085,9860,9764,9724
9429: 5138,9503,9562,9249,9480,9360
645: 588
2928: 3027,2540,3810,9304,3612,3025
7770: 7936
5051: 6339,9490,9539,6244,5856
9967: 5975,5876,5775,9647,9540,9406,9805
9894: 9501,9318,9600,9629,9960
9342: 9443,9246,9761,9320,9397,9357
2761: 3743
9948: 9474,2072
4331: 4232,9935,3027,3810,9521,9262
9816: 9731,9759,9790,10021,9520,3722
7936: 7770
9333: 9624,9319,9924,9491,9485,9585
4073: 4773,9394,4475,4169,4271,9364
9509: 7811,7973,9477,9303,9453,9449
2658: 2468
5426: 5328
6537: 9817,9725,9776,6155,6437,6249
9526: 9287,9313,9300,9315,9330,9370
664: 596
9559: 9457,9466,9518,9531,9400,9525
9372: 9371,9427,9247,1867,2305,2044
9370: 9570,9330,9300,9900,9385,9526
4757: 9573,9352,9538,4650,4855,9408
9623: 6483,9260,9274,9631,9616,9628
4164: 4867,4057,4463,4168,4771
9818: 9958,9380,9865,9316,9940,2165
9260: 6483,7570,9623,9628,9419,7899,7739,7821
9758: 9295,2600,2666,9918,2321,9663
1583: 1849
7439: 
9989: 9289,9993,9763,9314,9347,9705
9502: 6629,3674,4979,9313,9403,9433
9642: 9461,9496,9371,9427,9528
2733: 1556,9495,1071,1553,1820
9285: 9340,9519,10030,9789,9939
9506: 9570,3471,9330,2148,3874,9433
9480: 9678,9360,9503,9429,10025,9294
683: 9626,1793,9369,2236,9706,9515
3712: 9679,3612,9704,3615,2743
9924: 9859,9491,9731,9759,9333,9485
3491: 3991,3294
687: 492
9491: 9859,9924,1556,9554,9624,9333
9560: 9504,9564,8879,9219,9567,9546
9661: 9660,9767,9444,9407,9019,9438
9256: 9442,3559,9462,9489,3953
9770: 9612,9257,9934,10004,9281,9843
4139: 9442,3559,9591,9609,9555
9384: 6375,9575,4891,9475,9511,9278
9771: 9815,9516,9990
9786: 9893,9692,9293
2554: 9291,9635,927,9389,9530
698: 
7742: 7581,7821,7737,7901,7318,8766
700: 9468,9272,9991,9416,9345
9651: 9963,9942,9831,9447
9695: 9690,6437,10034,9710,6349,9936
9925: 9972,9878,10011,9682,9888,9891
9290: 9478,9467,9477,9252,9622,9453
2196: 2476
9244: 9810,9398,9659,2678,9377,9362
707: 
9952: 7417,7505,7847,9735,10022,9544
709: 9954
2580: 4169,4068,2968,2866,9619,9608
5086: 6724,5870
9513: 9498,9599,9646,9723,9258,9538
9315: 9431,9300,9566,9445,9287,9526
10013: 9573,9352,9412
2772: 3166,9541,2391,9605,2968,2866
2866: 2580,2968,2772,9595,9605,9619
2509: 9965,9542,2778,9361,2974,2699
9576: 9932,3255,9878,10011,9255,9251
9440: 9804,9698,9969,3284,9339,9337
9889: 9926,9854,9919,9292,9691,8205
9340: 9519,9285,10030,8451,9750,9594
722: 
723: 792
3783: 4293,3903,3998,3207,2333,4083,4498
8081: 6389,7836,9616,8596,9344,9271
9173: 9171
6348: 5478,2148,5965,3674,5970,5870
2293: 
2953: 2662
9350: 6339,9404,9604,4950,5256,9632
731: 596
3517: 10038,9957,3731,9966,3820
9896: 9906,9914,9341,9644,10020,9911
10022: 9778,9544,9735,9963,9831,9952
3098: 
9272: 9706,9991,9515,9416,9565,700
9735: 9457,9466,9963,7417,9952,10022
9430: 9590,9248,9268,2333,9366,3207
9863: 9672,9673,9811,9615,9749,9548
9337: 9553,9339,9804,9440,9590,9366
9219: 9194,8879,9560,9567,9038,9242
6724: 4284,3983,5478,5870,5086,5676
5328: 5426
9435: 9540,9543,9308,9638,9943,9647
7191: 
746: 
6405: 6507
9622: 9852,9453,9252,9593,9915,9290
10019: 9508,9561,9848,9667,9710,9936
2002: 1909
9465: 7010,6930,9944,9402,9499,9993
7360: 9301,6731,9773,9561,6823
8309: 7992,9857,8150,8451,8376
9804: 9440,9698,9853,9590,9441,9337
9906: 9896,9914,10020,10016,9898,6011
9356: 9592,9336,9334,9448,8150
9347: 10015,9314,9725,6249,9989,9763
1553: 9708,1820,9903,2733,1225,1071
9399: 9382,9819,9500,2403,2133,2135
760: 561,973
1820: 9708,1553,1556,2733,9624,9720
9574: 9408,9482,9302,10017,9808
9992: 9792,10006,9941,10035,9867
9743: 9514,9980,9812,9321
9783: 10015,9687,9975,9833,9953
9910: 5942
9706: 9272,9991,9515,683,2236,9676
9664: 10005,9960,9824
4697: 4893,4486,4590,4997,5578,5202
6665: 8632,9639,9299,7478,8496,6093
6385: 7563,9627,7033,8631,8632,9639
9390: 9486,9534,9928,9436,9484,9346
9304: 9697,9679,3612,3025,9913,2928
9806: 9869,616,1793,9515,9487,9565
9348: 9929,9523,9718,9266,9703
4823: 9602,9454,4937,4811,4826
6931: 7811,7119,6460,9467,9477,7019
7818: 7899,7565,7737,9238,7979,9081
9417: 9684,9494,9469,6376,9801,5508
9959: 9524,9670,9459,9751
781: 
9423: 8033,9836,9568,9349,9587,9688
9655: 9798,10037,9829,9421,9707,9496
9781: 9537,9656,9798,10037,9803
9412: 9573,9258,10013
9639: 8632,6665,9627,6385,9636,9299
9859: 9924,9491,9389,9961,9554,9731
8395: 
9795: 9875,9740,9649,10029,9617,8383
9817: 6537,9725,9776,9792,10006,9975
9936: 9710,9508,10019,9695,10034,9643
792: 723
9705: 9486,9534,9314,9989,9289,7617
8346: 9983,8485
7617: 9472,9729,9687,9314,9486,9705
9306: 9614,9968,9265,9305,9471
9620: 9834,9772,9332,9396
7019: 6916,6749,6460,6931,7119
10021: 9520,9961,9267,9731,9816
8485: 8970,8273,8346
801: 874,2407,1180,9276,9674,1950
9383: 9589,9326,9598
8273: 8485
5574: 5475,5572,9884,4773,4271,5754
2536: 9358,2165,9316,9557,2721,9470
9913: 3025,1727,9585,9697,9304,2744
9268: 3701,9493,9248,9536,9430,3207
4293: 2822,3903,3998,3207,3783,3701
6389: 7836,9616,8081,9517,9631
9363: 9980,9812,9552,9245,9291,9635
9674: 9830,9276,9956,9586,1180,801
4626: 3907,4004,9700,4521,4525,4811
9284: 7581,7996,9419,9904,9649,7494
9730: 9954,9451
9553: 3777,9339,9337,9259,9366,3485
7265: 7354
8376: 8451,9750,9692,9336,8309
3810: 2928,3027,3612,4232,4331
9937: 9840,9780,9905,10008
1617: 1446,1044
9798: 9655,10037,9829,9769,9781,9656
8695: 
9725: 9817,6537,6249,10015,9975,9347
3255: 9576,9932,9251,2024,3947,9283
8970: 8485,10007,8555
5587: 6085,5585,6280,5975,5775,9379
8972: 8921
8372: 8296,8710,8513,8225,7992,9752
9487: 9329,9565,9806,9869,9974,9837
9972: 9925,9878,9748,9682,9819,9500
6093: 6483,6665,9274,9299,7478,6767
9336: 9592,9356,9893,8376,9692
9820: 9871,10018
834: 9345,9791,9288,9385,9807
5417: 4616,5421,5917,4606,6018
9400: 9531,9785,9701,9648,9518,9559
7300: 7123,9696,9915,9764,6849,9835
9625: 7965,9391,8046,9634,9976,9641
2968: 2580,4068,2866,2772,2391
840: 1216
9389: 9606,9961,2554,9554,9859
9897: 9890,9921,9922,9814,10028,9825
2806: 
9305: 9901,6335,9265,9306,10035,9471
9501: 9894,9085,9318,9387,9558
6508: 5214,9401,5010,5207,9644,9911
8205: 6474,9640,9889,9919,8499,9292
848: 
5408: 5508,5613,5403,9684,5801,9753
3497: 9321
9810: 9244,9659,9675,10010,3279,2678
7646: 9550,6460,9458,6639,9478,9467
3559: 9256,9442,4139,9535,9555
5256: 5755,4950,5062,4858,9604,9350
7248: 
6531: 
9947: 9994,10032,9375,9693,9870,9834
7847: 9952,7505,6585,9544,8596,9359
10030: 9340,9285,9857,8451,9789,9762
6118: 
861: 864
4057: 4164,4463,3860,4255,2391
9387: 9507,9548,9558,9125,9126,9501,9085
864: 861
8962: 
9528: 9918,9414,9427,9642,9295
9375: 9947,10032,9834,9597,9396,9582
9282: 9734,9483,9521,9459,9524
10041: 10038,9815,9990,9957
9442: 9256,3559,4139,9591,9462,9422
9049: 
872: 1340,1178,1019
6349: 9710,5466,6347,6155,9695,6437
874: 9760,359,801,2407,9276,9270
9270: 9736,9276,9821,9719,874,9760
9747: 9774,9986,9669,2585,9361,9630
9940: 9316,10002,9788,9865,9818
9019: 9444,9407,8867,9563,9661
4330: 3615,2743,9876,9955,9922,2836
9719: 9821,9830,9276,9270
1727: 3025,3121,3607,9913,3119,2744
7555: 8126,7721,7292,7641,8186,8333
9591: 9582,10032,9422,9442,4139
9520: 10021,9516,9713,9816,3722
9262: 9734,9569,9935,4331,9328,9521
886: 614,965
9710: 6349,5466,9936,9848,10019,9695
888: 
9647: 9943,9540,9435,9650,9805,9967
9732: 334,9850
9707: 9421,1525,9760,359,9829,9655
9837: 100,3486,9950,9974,9487,9329
9598: 9589,9383,9275,9923
3615: 4330,2743,9955,3712,3612,4232
9504: 9564,8879,9560,8878,7979,9307
5775: 5975,9967,9406,5587,5585
9558: 9387,9507,9501,9802
9999: 10027,9866
9841: 9654
9831: 9963,9651,10022,9778
9419: 9628,9904,9260,7581,9284,7821
9688: 9587,9916,9423,9349,9864
5970: 5084,6658,5870,5965,6348,9512
8631: 9971,8694,7033,9596,6385,8632
10027: 9887,9866,9999,9646
6204: 9648,9518,9666,7252,6011,6009
9335: 9296,9722,9813,9645,9246,9709
9471: 10035,9867,9305,9614,9306,9343
9472: 7617,9729,9687,9953,10024
910: 630
9835: 9852,9754,7300,9915,6849,9738
9993: 9989,9289,9763,9944,7010,9465
9856: 9586,9843,9956
9808: 9985,9632,9574,9302,9604,10017
9604: 9302,4858,5256,9632,9808,9350
9538: 4757,9573,9258,9498,9513,4650
9264: 9514,9812,9291,9488,9495,9530
4937: 4525,4811,9280,9602,4823
9126: 8885,9125,9039,9600,9387,9085
4719: 4710,4004,4616,4826,5138
9567: 9546,9615,9749,9560,9219,9242
4616: 5421,9562,5417,6018,4710,4719,5138
9827: 9858,9610,9546,9749,9811
1619: 
9351: 9535,9579,9555,9970,9411,9541
10040: 9907,9782,9460,9580,9626,217
927: 2554,9635,1075,9780,9606
9403: 9287,9313,9322,3184,4979,9502
3777: 9553,9339,3471,3874,3485,3983
9796: 9485,9697,9759,9790,9704,9679
9789: 10039,9762,9285,10030,9727,9939
9530: 9495,9264,9291,2554
9764: 6376,9801,6849,9724,7300,9696
5931: 5332,5633
9950: 9837,9329,9699,9775,4287
2189: 2280,2468
9611: 9566,9428,9662,9822,10001,9445
9477: 9290,9467,9453,7811,6931,9509
9921: 9890,9897,9766,9876,9922
2526: 2153,1709,2244,2906
3991: 3491,3795,9788
3027: 2928,2540,3810,4331,9269,9521
943: 
944: 
5995: 7563,9627,5302,5403,9977,9779
4858: 9302,9604,4661,4855,5256,5062
7383: 7641,7117,8186,6916,8867
3251: 
9981: 9702,9832,9587
9368: 10043,9660,9497,9584,9596,9971
9439: 9473,1622,9676,9991,9468
9715: 9902,9250,9903,9296,9722,9279
4155: 4146,9489,9331,4255,3953,4347
9552: 3295,9245,9980,9363
5633: 5931
8499: 8498,9919,8211,6480,8205
6323: 
7992: 9857,9752,8309,8225,8150,8372
959: 965
6460: 9550,7646,9467,7019,6749,6931
9250: 9902,2538,9715,3502,9481,9279
9923: 9275,9589,9598,9809,9547,9933
4271: 9364,9261,4773,4073,5572,5574
9269: 9483,9392,9521,3027,2540,4218
965: 959,886
9794: 9996,9858,9673,9811
8044: 
9902: 2538,9250,9715,2721,1225,9903
9812: 9514,9980,9363,9264,9743,9291
9745: 10008,9882,1892
3674: 6629,5965,9502,2148,6348,9433
972: 
973: 760
9249: 9583,9861,9562,9784,9429,9360
9800: 9976,9450,9634,9787,9691
9364: 4271,9261,9325,4169,9608,4073
8867: 9407,9019,7641,7383,7723
978: 1052,1286,630
9374: 9665,2024,9424,9425,9899,9332
9568: 7965,9391,9349,7885,8033,9423
9876: 4330,9922,9927,2836,9766,9921
9483: 9269,9392,9521,9282,9633,9459
9421: 9707,1867,1525,9655,9371,9496
9720: 9624,9319,9708,1820,9813,2649
9790: 9759,9816,3321,3722,9704,9796
9366: 9259,2333,9590,9430,9553,9337
9930: 9971,8694,10043,9926,8498,9919
9332: 9425,9396,9772,9374,9424,9620
9845: 9671,9970,9862,9411,9479,9286
10009: 7146,6583,10012,9880,9517
8807: 8917
4950: 5755,5256,6339,9350,9539
9451: 9954,9730
9573: 4757,9352,9412,9538,9258,10013
7765: 
9578: 9490,9367,9410,5664,9455
9381: 9716,9864,9391,9349,9641
2057: 9527,1622,2609,3372,2987
6749: 6932,7019,9499,9550,6460,6930
9495: 2733,9530,9264,9488,1071
9630: 9572,9327,9747,9986,9361,9542
9547: 2523,9933,9275,9923
9536: 9248,9298,9380,9577,9493,9268
9320: 9409,9254,9443,9342,3210,9397
5000: 5207,5202,9644,9432,9341
1006: 1078
9557: 9316,10002,9388,9365,2536,9470
10016: 9898,6007,9847,9906,9914,9494
7719: 8333,9346,7885,9376,8033
9792: 9992,10006,9941,9873,9817,9776
9749: 9567,9546,9615,9827,9863,9811
7570: 6483,9260,6767,7899,7565
1013: 1251,9741
9762: 9789,10039,10003,9857,9752,10030
4232: 9935,4331,3612,3615,9955,3810
6583: 7146,10009,7505,6585,7836
9039: 9297,8990,8991,9600,8885,9126
9872: 9658,9873,5856,9964,5564
1019: 1340,872
9344: 8596,9505,8081,9271,9875,9740
9349: 9391,9568,9423,9688,9381,9864
9811: 9673,9863,9858,9827,9749,9794
9727: 9789,10039,9824,9939
9602: 4823,9454,4937,9280,9877,9266
4661: 4650,4855,4450,4448,4858,5062
9484: 9733,9413,9376,9390,9928,9346
5403: 5408,5613,5995,5302,9779
2987: 9662,9997,2609,9527,2057,9428
9997: 9510,9662,2987,2609,9742,9862
7885: 8333,7719,7721,8033,7965,9568
9766: 9978,9927,9876,9921
8261: 8119
5207: 5000,5202,9644,5413,5010,6508
9631: 9274,9253,6389,9616,9517,9623
9860: 9601,5509,6085,6280,9696,9724
6932: 6916,6749
10018: 9549,9871,9985,9755,9820
5841: 
5202: 5000,5207,4697,4590,5413
7417: 9952,7505,6682,9466,9735,7146
10038: 3517,10041,9957
1525: 9421,9707,1867,2133,2135,359
9323: 9369,9580,9393,9879,9414,9946
1044: 1616,1617,1446
4347: 4569,4448,4146,4155,4255,4463
5585: 5587,6280,9406,5389,6658,5775
3839: 3646
2649: 3119,9645,2744,9319,9720,9813
9334: 9917,9353,9938,9448,9592,9356
9862: 9845,9671,9742,9510,9997,9286
9489: 4155,9331,9462,9797,9256,3953
1052: 978,1286
9978: 9766,9966,9927
9731: 9759,9816,9961,10021,9859,9924
9721: 9751,9718,9929
8496: 8211,7478,8694,8632,6665,8498
9775: 9345,9791,9699,9329,9416,9950
9635: 9291,2554,927,9245,1075,9363
9634: 7888,9892,8046,9625,9976,9800
6930: 7010,7195,9465,9499,6749
9361: 2585,2778,9747,9630,2509,9542
9214: 9987
9279: 9254,9481,9250,9715,9296,9443
9641: 9976,9739,9391,9625,9381
2336: 2906,2244
4083: 9259,2333,3783,4486,3982,4498
1067: 1805
9346: 8333,7719,9390,7292,9436,9484,9376
1069: 
7888: 9892,9634,7723,8046
1071: 1225,9365,2733,9495,1553
9543: 9540,9512,9435,6629,5965,9308
9742: 2974,2609,9965,9671,9862,9997
9890: 9921,9897,10028
1075: 9895,9245,9840,9780,9635,927
9994: 9947,10032,9870,10000,9422,9838
9352: 4757,9573,10013,9408,9482
1078: 1152,1006
9649: 9795,9875,9904,9284,8383,7494
9961: 9606,9389,9267,10021,9859,9731
9292: 9545,9378,9691,9889,9640,8205
5070: 5664,5754,5475,6347,5564,5466
9963: 9651,9942,9831,9457,9735,10022
9626: 1793,683,217,10040,9369,9580
4169: 2580,4068,9608,4073,4475,9364
9571: 9556,9982,10039,10003,10005,9824
7775: 
4525: 4937,4811,4322,4521,4626
1089: 
9011: 
9607: 2678,9377,3184,4979,9308,9638
9986: 9747,9774,3458,3850,9572,9630
5421: 4616,9562,5417,9784,5917,9668
9583: 9249,9861,9701,9360,9785,9452
9683: 9842,7934
9746: 9958,9298,9757,9657,9853,9441
9660: 10043,9368,9767,9661,9584,9444
9322: 10001,3279,9445,9287,9403,3184
1805: 1067
9990: 9957,9713,9771,9815,9516,10041
9554: 1556,9389,9859,9491
9512: 9540,9406,9543,5965,5970,6658
4569: 4347,4448,4867,4463,5064
9452: 9373,9998,9583,9678,9360,9785
9341: 9896,9914,9432,5000,9644,9685
1909: 1996,2002
8392: 
9751: 9877,9718,9670,9959,9721
9939: 9789,9285,9727
7505: 7417,9952,7847,6585,7146,6583
9780: 9937,9840,9905,1075,927,9606
9866: 10027,9887,9689,9999,9838
9314: 10015,9687,9347,9989,7617,9705
2689: 1950,1592,2403,9748,1512,9819
9927: 9966,3820,2836,9978,9766,9876
2744: 3119,2649,9319,9585,1727,9913
5664: 5070,5754,9455,9578,5564
9522: 9498,9599,9799,4146,9331,4450
9514: 9812,9264,9743,9321,9388,9488
9237: 6474,9640,9120,9420,8878,9079,9307
6249: 9690,6437,6537,9725,9347,9763
9760: 874,359,9736,9829,9270,9707
9624: 9319,9720,9333,1556,9491,1820
9492: 9881,9581
9610: 9613,9618,9564,9827,9546
9791: 9345,834,9699,9775,9883,9807
5331: 5727
9928: 9486,9390,9729,10024,9733,9484
9125: 9242,8885,9126,9615,9387,9548
9441: 9590,9248,9853,9746,9298,9804
3279: 10001,9322,10010,9810,2678,3184
9931: 9888,9891,9949
9915: 7300,7123,9593,9852,9622,9835
7176: 
2403: 2689,1950,2407,9399,9819,2133
9675: 10010,9532,10033,9810,9659
6280: 6085,5587,5585,5389,9860,5509
9345: 9791,834,9775,9416,700
9490: 9578,9367,9539,5051,5856
6474: 9640,9237,9120,8205
9402: 9354,9499,9643,9944,10034,9465
9289: 9989,9993,7010,9534,9705,7014
9887: 10027,9866,9689,9599,9799,9646
9692: 8376,9750,9336,9893,9786,9293
9702: 9886,9426,9832,9836,9981,9587
3612: 9679,3712,9304,3615,2928,3810,4232
3210: 5215,4605,9409,9320,4606,9397
6483: 7570,6093,9260,9623,9274,6767
9759: 9731,9816,9790,9924,9485,9796
9777: 4837
9541: 2772,3166,9535,9351,9411,9605
1152: 1078
9956: 9830,9674,9856,9586
9447: 9373,9998,9434,9651,9942
9991: 9272,9706,9676,9439,700,9468
9690: 9695,6437,9944,10034,6249,9763
9958: 9746,9298,9380,9757,9818,9865
9619: 9463,9608,10033,9595,2580,2866
9532: 9479,9595,9286,9675,10033
9252: 9355,9588,9593,9478,9290,9622
4650: 4661,4855,4450,9498,4757,9538
3284: 9570,3471,9900,9969,9440,9339
9678: 9480,9360,10025,9452,9373,9711
9589: 9326,9273,9383,9598,9923,9809
9355: 5973,9588,9252,5882,5876,6071,6639,9478
5882: 6731,9805,5876,6071,6823,9355
9456: 9984,9686,9828,9545,9378,9277
8990: 9039,8991,9037,9038,8885
9744: 10036,9756,9912
9946: 2236,10026,9879,9323,9369,9962
9453: 9852,9622,9303,9290,9477,9509
9326: 9589,9273,9383,9793,9907
9369: 9323,9580,9626,683,2236,9946
9805: 5882,9650,6731,9647,5876,9967
5138: 4826,9503,9429,4719,4616,9562
9884: 5475,5572,5574,9848,9667,9603
9449: 9497,9584,9885,9303,9509,7973
1178: 1340,872,1594
9457: 9559,9466,9735,9531,9963,9942
1180: 9586,9281,9674,1950,1592,801
5302: 7563,5995,5400,5613,5403,5792
9357: 6018,9397,9342,9761,4710,3907
9704: 3321,9790,9796,9679,3712
4773: 9394,4073,4271,5754,9455,5574
2321: 2585,2778,2600,9758,2231,9663
9330: 9506,9570,9370,9526,9313,9433
8333: 7719,9346,7885,7292,7555,7721
9296: 9722,9335,9715,9279,9443,9246
9085: 9501,9126,9600,9387
3643: 
9975: 10015,9783,10006,9817,9725
9774: 9747,9986,9669,9874,3458,9899
2662: 2953
9443: 9342,9246,9296,9254,9320,9279
6978: 
8555: 8970,10007
9768: 9753,9714,9898,5801,7252,6009
9951: 10024,9312,9733
5250: 5249
2244: 1709,2526,2336,2906
9328: 9935,9814,9825,9262,9569
4450: 4661,4650,9522,9498,4146,4448
9380: 9958,9298,9818,9577,2165,9536
9980: 9812,9363,9743,3295,9552
8766: 7318,8770,7742,9037,7901,8991
9498: 9522,9599,9513,9538,4650,4450
9654: 1314,9841
9263: 9460,9446,9803,9393,9461
9475: 9432,4997,5578,9384,6375,9278
9998: 9452,9373,9447,9531,9785,9942
2459: 
9865: 9940,9958,9757,9818
9799: 9522,9599,9887,9689,9797,9331
9017: 
2669: 9677
1216: 840
9875: 9795,9740,9649,9344,9271,9904
8451: 8376,9750,9857,8309,9340,10030
10031: 9753,9714,9977,9880,9779,10012
9919: 8498,8499,9930,9926,9889,8205
9966: 9927,3820,3517,9978
9839: 9301,9603,10042,3771,9920,9773
9828: 9984,9456,9450,9739,9545,9681
6480: 8211,6671,8499,9079
1225: 2721,9470,1071,1553,9903,9902
7086: 
7152: 6507
1996: 1909,2271
9303: 9852,9754,9453,9509,9449,9885
3771: 9476,10042,9261,5572,9839,9603
9462: 10000,9797,9422,9256,9442,9489
7434: 9977,9880,9253,9636,9517
9312: 9951,9733,9413,9694,9886
9511: 9309,9601,9384,9575,9908,9278
9555: 9535,9579,9351,9609,3559,4139
8186: 7641,7383,7117,7292,7009,7555
8710: 8296,8995,8372,9752,9982,10003
2165: 9358,9577,2536,9316,9380,9818
9313: 9287,9526,9403,9330,9502,9433
1240: 
4521: 3506,4322,9700,4626,4525
9005: 
3486: 3786,9837,4287
9254: 9409,3205,9481,9320,9279,9443
9556: 9571,9982,9317,9297,9629,10005
1246: 1494
9932: 9576,3255,10011,10036,9756,3947
6639: 6071,6358,9355,7646,9458,9478
10023: 9965,9542,9327,9579,9671,9970
9901: 9305,6335,6244,9658,10035,9941
1251: 9741,1013
3646: 3839,2858
9458: 9550,7646,9310,6358,6639,9354
9438: 9892,9787,9407,9767,9661,9854
8225: 7988,8150,8513,8372,7992
10036: 9756,9744,9891,10011,9932
8917: 8807
4997: 9432,9475,5578,4697
4605: 5215,3210,3504,4603,9409,5010
7478: 8211,6671,8496,6767,6665,6093
7780: 
9420: 9640,9237,9378,9307,9613,9277
3928: 
8126: 7555,8046,7721,7641,7723
9307: 9613,9237,9420,8878,9504,9564
9238: 8878,9079,6481,7979,6671,7818,7565
7002: 
3184: 9607,2678,3279,9322,9403,4979
5973: 9355,9588
9534: 9486,9390,9705,9289,7014,9436
9853: 9657,9746,9804,9698,9441
9493: 3502,3701,9268,9358,9577,9536,2538
9643: 9354,9402,9936,9310,9508,10034
9548: 9387,9507,9615,9125,9672,9863
9846: 9738,5400,9754,9885,7564,5792
9600: 9297,9039,9629,9126,9894,9085
10039: 9789,9762,10003,9571,9824,9727
3641: 3545
3533: 
4255: 3860,3953,4155,4347,4057,4463
5917: 5421,5417,5215,4606,5214,9668
7565: 7818,7899,6671,6767,7570,9238
3471: 9506,9570,3284,3777,9339,3874
9874: 2685,9737,9665,9899,9774,9669
9834: 9620,9396,9947,9375,9693
1286: 1052,978
10043: 9368,9660,9767,9971,9930,9926
7996: 7581,9284,7494,7318,8222
9395: 9712,9505,9740,9988,10029
7119: 7811,9563,6931,7019,6916,8356
9537: 9781,9338,9446,9803
9601: 9309,9511,9860,5509,9575,9724
4891: 9384,5395,6375,9575,5676
9343: 9614,9867,9471
9892: 7888,9634,7723,9787,9438,9407
4284: 6724,3485,4485,3983,3778,5676
1297: 
9360: 9480,9678,9429,9583,9249,9452
9935: 4232,4331,9328,9814,9955,9262
9613: 9307,9277,9618,9610,9420,9564
9505: 8596,9344,9359,9712,9395,9740
8921: 8972
9321: 3497,9514,9743,10002,9788,9388
6507: 6405,7152
2974: 2609,3372,2699,9742,2509,9965
3295: 9552,3294,9980
10001: 3279,9322,9445,9611,10010,9822
9857: 7992,9752,8309,8451,9762,10030
9566: 9611,9428,9324,9431,9315,9445
2609: 2974,3372,9742,2057,9997,2987
4603: 5215,4605,3504,4393,5413,5010
9353: 9917,9334,9437,9592
9713: 9990,9957,9520,9516,3731,3722
1314: 9654
9408: 9482,9574,4757,9352,4855,9302
2678: 9607,9377,3184,3279,9244,9810
8383: 8513,7494,9795,9649,9617,7988
9712: 9395,9386,9505,9359
6598: 
4968: 4771,9311,4867,5755,5064
9410: 9311,9533,9394,9578,9367,9455
4855: 4661,4650,4757,9408,9302,4858
8033: 9423,9836,9376,7719,7885,9426,9568
9525: 6009,6967,6682,9518,9559,9466
5389: 5084,6658,5395,5585,6280,5509
10042: 9476,3771,9362,9529,9920,9839
5676: 6375,4891,6724,4284,4485
9802: 9672,9507,9558
8222: 8296,8995,7996,7318,8770
10004: 9934,9770,9612
9590: 9248,9441,9430,9804,9337,9366
4606: 6018,9397,5215,3210,5417,5917
3166: 2772,9541,2391,9535,3860
7353: 
9778: 10022,9386,9544,9831
2492: 2685,9737,2305,9415,9247,2666
9996: 9794,9858
2540: 2928,3027,3025,3121,4218,9269
9729: 9472,7617,9486,9928,10024
1340: 1178,872,1019
2153: 2526,1709
10032: 9947,9994,9375,9582,9591,9422
9519: 9340,9285,9594
10033: 9463,9619,9532,9595,9675,9659
9588: 5973,9355,9252,5975,5876,9379,9593
5304: 9738,5400,6376,6849,5508,5613
9424: 2024,9374,3947,9772,9621,9332
9468: 9464,700,9991,9439,9473
6022: 5129
5508: 5408,5613,6376,9684,9417,5304
9527: 9473,2057,2987,9428,9324
9807: 9900,9969,9385,9791,834,9883
9517: 6389,7434,10009,9631,9253
9295: 9758,2666,9427,9247,9918,9528
9276: 9830,9674,9719,874,801,9270
9627: 7563,5995,6385,9977,9639,9636
9934: 10004,9770,9843
1616: 1044,1873
9864: 9381,9716,9995,9349,9688,9916
3701: 3502,9493,9268,4293,2822,3207
6967: 6009,9525,6682,9714,10012
8391: 
9685: 9847,9908,9278,9432,9914,9341
9842: 9683,7934
9338: 9537,9446,9793,9782
5214: 9401,9668,5010,6508,5215,5917
6481: 9238,9079,6671
3506: 4322,4218,4521,3121,3607
10005: 9664,9960,9824,9629,9556,9571
9737: 2685,9874,2492,9283,9415,9665
9776: 9817,6537,9873,9964,6155,9792
6695: 6696
9885: 9449,9497,9303,9754,9846,7564
9960: 10005,9664,9629,9894,9318
2072: 9474,9948
3818: 
2286: 
9596: 7564,7033,9497,9368,9971,8631
9881: 9492,9716,9995,9653,9581
9577: 9358,2165,9380,9536,9493
1592: 2689,1950,9281,1180,1512
9437: 9353,9592,9893
9726: 9979,9849,9401,9668,9784,9861
3947: 2024,9424,9756,9932,3255,9621
7965: 9391,9625,9568,7885,8046,7721
6009: 6967,9525,7252,6204,9518,9768,9714
1387: 
3722: 3731,3321,9520,9713,9816,9790
8498: 9919,8499,8694,9930,8211,8496
9478: 9290,9467,6639,9355,9252,7646
1740: 
9112: 8627
9561: 9508,10019,9301,9667,7360
9274: 9631,9253,9299,6483,6093,9623
3458: 9425,9597,9899,9774,9986,3850
9549: 10018,9968,9265,9755,9909
5010: 5214,6508,5413,5215,4605,4603,5207
10028: 9825,9890,9897
3025: 3121,1727,9913,9304,2928,2540
9302: 4858,9604,4855,9408,9574,9808
9521: 9483,9269,3027,4331,9282,9734,9262
3545: 3641
5613: 5508,5408,5403,5304,5400,5302
3715: 3321,3820,2836,2743
9385: 9900,9807,834,9300,9288,9370
6682: 6967,9525,9466,7146,7417
8343: 
9949: 1861,9888,9931
9944: 9690,10034,9402,9993,9763,9465
10020: 9979,9666,9911,9896,9906,6011
4131: 
9587: 9688,9702,9423,9836,9981
9277: 9613,9618,9378,9420,9456,9686
9426: 9702,9886,9413,9376,8033,9836
6376: 9801,9764,6849,9417,5304,5508
7252: 9898,6011,6204,9768,6009
9680: 6041,9652
9883: 9791,9699,9657,9969,9807,9698
1419: 
6011: 9898,7252,9906,9666,10020,6204
8614: 
8658: 
9809: 9869,616,9589,9273,9923,9933
9415: 2305,9637,9251,9737,2492,9283
9079: 8878,9238,6481,6480,6671,9237
9646: 9599,9513,10027,9887,9723
9535: 9351,9555,3559,3166,9541
9728: 9973,9769,9823,9656
1709: 2244,2153,2526
9779: 9977,5403,9753,10031,5995
9329: 9487,9416,9565,9950,9837,9775
9694: 9312,9886,9832
7865: 
9847: 9685,9908,9914,9494,9469,10016
9460: 9263,9446,9393,9782,10040,9580
9595: 9532,9479,9605,2866,9619,10033
9445: 10001,9322,9566,9611,9315,9287
8211: 6480,7478,6671,8496,8498,8499
2198: 
7146: 6583,10009,10012,6682,7417,7505
9612: 9770,9257,10004,9551
7988: 8225,9448,8150,9617,8513,8383
9836: 8033,9423,9702,9426,9587
9319: 9624,9720,9333,9585,2744,2649
9734: 9282,9262,9569,9521
1446: 1617,1044
9933: 9547,9974,9923,9809,9869
9301: 9839,9667,9603,7360,9773,9561
2551: 
6804: 6520
4146: 4155,9331,9522,4450,4347,4448
9869: 9809,9806,616,9974,9933,9487
9497: 9449,9584,9885,7564,9596,9368
9769: 9736,9829,9823,9728,9798,9656
2523: 9547,4094,3786
2666: 9295,2600,9758,9247,2685,2492
9708: 1553,1820,9903,9720,9722,9813
1497: 
5920: 6420
6629: 5965,3674,4979,9502,9308,9543
9455: 5664,5754,9410,4773,9394,9578
9469: 9494,9417,9309,9847,9908,9801
4332: 
5478: 2148,3874,6348,6724,3983,5870
9508: 9310,9561,10019,9936,9643
9658: 9873,9872,5856,9901,6244,9941
9666: 9979,9849,10020,6011,9648,6204
9763: 9989,9993,9690,9944,6249,9347