9266: 9718,9348,9280,9602,9877,9523
9886: 9413,9426,9702,9694,9832,9312
9339: 1133,1539,9440,9337,9553
4658: 4660,5062,4661,4553,4858,4655
9378: 9640,9237,9292,9545,9277,9456
5: 
4797: 4697
6185: 
8579: 8513,8296,8710,8770,9127,8995
8704: 8824,8882,8703,8365,8766,9081
3176: 3079
8276: 8422,8688,8046,8121,7965,8044
8460: 7679,9942
10012: 10009,6973,10031,9880,9714
7073: 6983,7164
9562: 9249,9429,5338,5136,5225
3451: 2961,3550,3942,3255,3947,3452
2957: 3057,2858,9609,2961
18: 
3625: 3727,3929
9833: 9953,9783
10011: 9932,10036,9891,3742,3839
22: 23,50
23: 22
5930: 9701
9962: 1611,683,10026,9879,9946,9663
5277: 5475,5177,5574,5278
27: 56
5688: 
4218: 4320,4427,4216,4010,4108,4319
30: 60
4104: 4004
6358: 6163,6639,6357,6266
33: 133,9851
34: 
7009: 7014,7103,7008,7010,6916,9550
9294: 9703,9503,9480,9523,9454,10025
3904: 3903,4004,3803
4306: 4307
8694: 8632,8631,9596,9971,8496,8636
40: 
6085: 6084
9533: 5755,5159,5157,5359,9410,9394
9362: 6056,9377,6249,7086,9529,10042
7319: 7581,7402,7318
9265: 6140,9306,6338,6336,9305
9317: 8888,9297,8373,9556,9982
8878: 8361,8499,8701,8430,8429,8636
6884: 7160,6886,7163
7345: 7344,7080
50: 22
4010: 3712,4216,3810,4218
3665: 3765,3666,3764,3464,3664
6347: 6058,6155,6629,6349,9607,6537
9645: 9813,9335,1820,9709,9717,2826
8540: 8338,8479
56: 27
57: 91
8960: 8861,8743,9017
5060: 5755,5361,4858,5062,5159
60: 30
9945: 77,9826
8708: 8938,8991,8990,9130,8440,9039
9914: 9685,9847,9341,9896,9906,10016
64: 275
9943: 9650,9647,9435,9638,9529,9920
66: 386,387,334,446,447
8150: 7911,7909,7579,8225,7992,8227
8661: 8593
9855: 6805,6804
7564: 7125,7302,9738,9846,7565,7478
9829: 9655,9707,9736,9798,9760
3634: 9966,9927,3729,3731,3734,3635
73: 336,283
8144: 8066,7311,7742,8143,8219,8221
8175: 9842,9683,8097
4677: 
77: 9826,9945,115
7744: 7402,7318,7494,7743,8222,7988
3789: 
6658: 6847,6939
81: 
9398: 9810,9244,9659,9476,9325,9463
9765: 9677,1838
4637: 4838,4839
8120: 8033,8262,9836,8042,7962,8616,7884
6244: 6337,6144,9490,6339,6242,6335
3380: 
7207: 7383,7380,7293,7117,7209,7974
6403: 6974,6984,6209,6507,9779
7355: 
91: 57
9922: 4030,9955,9876,9921,9897,9814
93: 133,9851
9617: 8380,8455,9938,8453,9448,9334
4480: 4580,4481
9880: 10031,7434,9517,10009,10012
3897: 3898,3998
9787: 9854,9691,9800,9438,9892,9634
3321: 3127,2836,3421,3517,3519
100: 9506,2523,181,2710
9738: 9754,7302,7563,9835,7564,9846
7979: 7733,8058,8639,7899,8061,7818
4566: 4569,4565,4367
5490: 5390
6100: 6003
3185: 3284
9565: 9487,9329,9515,9806,9272,9416
9918: 9663,9758,9528,9879,9414,9295
9788: 9321,10002,9940
4393: 4293,4292,4494
3449: 3545,3448,3251,3742,3153
7902: 8365,8292,7901,7821,7737
5400: 5300
6576: 6480,6575,6671,6672
115: 77,116
116: 115
6910: 6912,7002,9603
118: 307,309
4565: 4569,4566,4665,4367,4463,4462
9724: 9696,9860,9764,9309,9601,9801
121: 127
9609: 9579,9572,2957
4427: 4320,4218,9269,4319,4422,9392
9405: 9612,872,1510,9551
9878: 9500,9972,9925,9255
4485: 4486,4385
127: 121
8478: 8475,8677,8614
9964: 9872,9873,9776,6437,6249,6248
6437: 6055,6249,5956,6052,9872,9964
131: 220
6021: 6022,5920,5424,9475
133: 93,9851,33,134
134: 176,133
3211: 2824,3210,3506
5211: 5110,5312
4343: 4139,4045,4155,9256,9442,3953
9467: 8565,9477,9478,9290,7973,8497
9974: 9837,9869,9487
9868: 4840
141: 
7181: 
9572: 9579,9609,9986,9630,9327
5564: 5663,5662,9455,9578,5466,5664
6461: 6460,6744
146: 
3540: 3246,3345
7837: 8526,7670,7836,8386
149: 
150: 
3121: 3119,2928,3316,3027
9407: 8422,9019,8688,9661,9438,9892
8882: 8824,8704,8989,8766,8705,8991
4660: 5163,5062,4658,4661,4665,4865
155: 156,157,9803,10037,9496,251
156: 157,155,959,811,251,1193
157: 156,155,9803,9446,959,965
9644: 9896,10020,6038,9401,9911
159: 
9246: 9443,9296,9335,9761,9342,9709
9985: 9871,10018,10017,9632,9808,9755
9957: 3335,3729,9990,9713,10041,10038
163: 208
7850: 7769,7936,7767
6003: 5904,6100
4529: 4836,4527,9670,4322,9633,4525
167: 
7371: 7283,7794,7014,7195,7545
6248: 6246,7086,9964,9776,6249,9817
7934: 7935,8015,7771
9485: 9585,9759,9697,9796
9324: 9431,9464,9473,9527,9428,9566
6007: 5710,5709,6105,6204
8521: 9336,9592,8658,8451,8450,8591
5285: 5185
176: 134
9413: 9426,9886,9733,9484,9312,9376
9843: 9281,9586,9956,9934,9856,9770
9523: 9294,9703,9602,9266,9348,9454
7217: 7735,7127,7128,7039,7393
181: 2523,2335,2151,100
5084: 5185
8018: 7855,7937
6068: 5873,5970,6256,6350,5973,6164
185: 
9581: 8273,8271,9653,9881,9492
187: 283,285
9259: 1973,9553,1709,9366,1134,9430
5453: 5253,5251
9027: 8495,8627,9112
9367: 9490,9539,9311,9578,5662,5951
8799: 8481,8679,8480
9299: 7252,6204,9274,9636,9639,9253
9893: 9437,9336,9692,9786
9433: 9313,9502,9330,9506,2333
8380: 9617,8455,9649,9795,8453,8383
5724: 5426,5424,5129,6022,6316,6219
4579: 4580
7142: 7141,7582,7050,7836,8236
9232: 9987,9211
9650: 9647,9943,9920,9773,9805
8450: 10030,8591,9857,8378,8451,8521
9669: 9361,9747,9874,9737,2021,1747
3731: 3335,3729,3628,3734,3829,3634
4397: 4498
206: 309
5451: 5250,6238
208: 163,426
8462: 8008,8599,8163
9870: 9838,9693,9947,9994
9815: 9990,9771,10041
3663: 3763,3664,3860,3166,3661,3857
6071: 5973,6164,5975,6163,6072
10000: 9422,9462,9994,9797,9838,9689
7080: 7344,7520,7345
8005: 7761
217: 1045,424,9326,9793,9383,9907
9941: 10035,9901,9992,9873,9658,9792
3627: 3531,3727,3628,2841,3431,3425
220: 131
9569: 4336,9262,9328,9734
5167: 5069,5462,5363,5064,4968,4969
7901: 7735,7737,7818,7902
4736: 4837,4939
7292: 7631,7462,7380,7293,7550
9656: 9769,9728,358
9681: 9828,9739,9984,9844
7494: 7318,7744,7832,7579,7988
6375: 6376
6617: 
9716: 8343,9653,9381,9995,9864
9470: 1806,9316,9557,1225,716
233: 9345,700,9883,834,697
5064: 4865,4867,5163,4968,5167,5363
9677: 1840,9765
5329: 5327,5725,5826,5727
237: 
238: 338,288
7130: 7396,7569,7039
240: 344,291
9965: 9742,9671,2205,9361,2666,1747,10023,9542
9667: 9301,9603,9884,9561,9848,10019
243: 
9593: 9252,9379,9588,7300,9622,9915
245: 
246: 
247: 301
9570: 9900,9370,9330,9506
5312: 5413,5211
7145: 7413,7146,6964,7670
251: 672,811,9496,156,155,9642
5150: 5148,5051,4849,4845,4852,4950
7393: 7649,7565,7899,7127,7735,7217
9830: 9276,9674,9270,9719,9956
7692: 7344,7520,7521
6238: 5452,5451
5251: 5353,5453,5352
7560: 7298,7386,7646,9588,8208,9355
7939: 
7899: 7649,7393,7735,7733,7979,7818
4323: 4115,4328,4320,4331
3755: 4139,3559,3949,3850,3656
10006: 9975,9817,9792,9776
9822: 10010,10001,9662,9675,9810
8153: 8451,9448,9356,8154,8304,8378
5224: 5620,5421,5123,5124,5621,5136
7974: 8356,8208,7811,7209,7207
8304: 8376,8378,8228,8154,8153
9257: 1261,948,9281,9612,9770,9551
7721: 7723,7885,8042,7719,7638
5856: 5663,5662,5951,6047,5761,5959
5710: 6007,5709
7631: 7462,7292,7375,8186,8032
274: 
275: 438,498,64
8881: 9081,8987,8639,8061,8703,8879
9418: 9912,9621,9424
278: 387
8292: 8365,7902,8766,7821,7903,8142
7836: 7052,7670,7050,7142,7837,8236
4405: 
6336: 6338,6242,5455,5852,9265,6140
283: 187,288,73,336
7777: 7176
285: 338,187
9909: 9404,5455,9755,9549,9968,6140
4108: 4319,4216,4007,4218
288: 283,238,336
3487: 3486,3586
4196: 
291: 344,240
3786: 3686,3787
3907: 4216,3810
3983: 4083,3982
9979: 9726,9668,9401,9666,9911
5965: 6349,6631,5672,5964,5868,6062
8417: 8681,8346,8419,8555
7884: 7965,9625,8120,7885,8042,8616
299: 411
3106: 3204
301: 247
8976: 8982,10007,9063
10029: 9795,9740,8455
3372: 3471,3470,3373
9755: 9404,9909,10018,9985,9632,9549
6138: 6618
307: 118,309
9772: 9424,3536,9332,9620
309: 206,118,307
6339: 9490,9539,5256,5355,6242,6244
9585: 9333,9485,9319,9913,9697
312: 
6934: 7117,7026,6932,6749,7119,7209
9500: 9972,9878,9399,9819,9382,9255
9733: 9928,9484,10024,9951,9312,9413
316: 370
9888: 2767,2672,9682,9949,9931
3452: 3555,3552,3451,3255,3947
4068: 4168,3765,3867,4069,4169
7344: 7692,7520,7080,7345,7521
10025: 9711,9294,9703,9480,9678
7929: 7340,8170,7248,9998,9373
3572: 
9428: 1881,9611,9527,1622,9324,9566
8609: 
4156: 4263,4347,4255,4057,4164
8779: 8891,9005,8835
9714: 9753,9768,10031,10012
329: 2424,2057,9611,9445,9322,2148
5505: 5504
9873: 9872,9964,9658,9792,9776,9941
7079: 
9803: 157,155,9781,9537,9446,10037
334: 9850,9732,387,66,446
9327: 9630,10023,9542,9579,9572,1756
336: 73,288,283
3998: 3897,3898
338: 285,238
3856: 3956,3857,4045,3460,3262,3559
4826: 4817,4823,4730,4929
341: 1216,989,1136,1297
4504: 4605
343: 397
344: 291,240
7550: 7548,7555,7292,7380,7467
346: 519,650,647
9926: 10043,9930,9767,9854,9919,9889
9826: 77,9945
4298: 4399
9912: 9418,9744,9621
7733: 8058,7979,8056,7649,7899,8498
10024: 9928,9733,9472,9729,9951
3345: 3639,3248,3540,3246
9316: 1306,9470,9940,10002,9557
7831: 7911,7913
9697: 9913,9304,9585,9485,9796,9679
5668: 5765,5961,5664,5372,5572
358: 9798,9656,9769
359: 9427,9371,1108,1263,1187,1110
9891: 10036,10011
4486: 4485,4385
362: 
3200: 
5983: 
9987: 9232
366: 9946,750,368,1362
6849: 6662,6848,6941,7033
368: 10040,9907,9626,424,366
3850: 2964,3656,3458,4141,3755,3949
370: 316,426
371: 9598
372: 897,1124
9701: 5930,9648,9849
8591: 8450,8715,8521,8658,8898
9748: 1019,9972,9819
376: 492
9499: 9550,9354,9402,7008,7542,7098
9584: 9563,8811,9444,9497,9368,9660
2945: 
9476: 9244,9398,9325,2678,9261
5204: 5104,5304
382: 561,499
383: 902,762,501
384: 839,566,768
385: 
386: 66,447
387: 278,334,66
9608: 9325,9364,9463,9619,2968
9391: 9641,9381,9568,8121,9625,9349
390: 449
8544: 8676,8675
6163: 6358,6541,6164,6071,6357
9379: 7646,7122,9588,7300,7123,9593
394: 
395: 641,514
5124: 5031,5123,5023,5224,5136
397: 343
5761: 6047,6052,5957,5856,6155,5959
6575: 6576,6671
6696: 6886,6695,7160
9444: 9563,9584,8867,9019,9661,9660
402: 521,9948,519
403: 9474
7103: 7014,7009,7010,6645,6832,7195
405: 
9540: 9647,9543,9435,9512,9406,9967
407: 411
3234: 2944
5044: 4849,4845,4641,4947,9408,9302
9752: 10003,9982,8301,8376,9857,9132,9762
411: 407,299
412: 413
413: 412
3953: 4255,3957,4343,3956,4045,4155
9397: 1238,1732,9409,9320,9357,9342
416: 477,808
9081: 9193,8881,8987,8703,8824,8704
3127: 3321,2836,3224,9304,2743
9900: 9570,1057,9385,9807,1295,9370
420: 480,544
9235: 8982,8928
8560: 8497,7558,7470,9563,8811
8868: 9024,9069,8812
424: 1529,217,368,9907,1362
4683: 
426: 208,370
5504: 5505
3683: 3782,3783
6744: 6461,6653,7019
7811: 8356,7974,7383,7973,7558
7548: 7555,7550,7638,7877,8032
8481: 8679,8480,8799
3090: 3091
3531: 3627,3628,3431,9520,9713,3335
9539: 9490,9367,6339,5256,9311
9309: 9601,9724,9801,9469
437: 498
438: 499,275,498,559
5868: 5574,5672,5965,6062
9797: 9462,10000,9489,9799,9689,9331
9693: 9947,9834,9870
442: 568,634
6418: 
10008: 9882,9745,9840
6854: 7128,7039
446: 447,334,9850,66
447: 446,66,386
448: 
449: 390
3271: 3170,2678
9448: 9356,8153,8453,8154,9617,9334
8066: 7742,8144,7488,8146,8221,8296
9371: 9427,359,9642,9421,1108
454: 456
3301: 3400
456: 454
4845: 5044,4849,9302,9604,5148,5150
9120: 9640,9237,8361,8701,9238,9217
7609: 7161
9938: 9617,8455,9334,9917,9988
4007: 4108
6388: 6291,6483,6389,6387
9300: 9370,9526,9431,9288,9385,9315
3116: 3119,2926,2540
7293: 7380,7207,7117,7026,7462,7292
466: 730,807,9973,9821,9270
467: 666,475,535
7128: 6854,7039,7127,7217
9432: 9278,6416,6421,6327,9685,9341
8987: 9193,8881,9081,8879,9122,9219
9670: 4529,4836,9633,9459,9959,9751
472: 473,537
473: 472
9995: 9916,9864,9716,9653,9881
475: 467,666,535
9171: 9173
477: 416,808
8703: 8061,8365,8881,9081,8704
9414: 9879,616,1118,9528,9918
480: 420,544,609
9496: 10037,9421,9655,155,9642,251
9466: 9525,7505,9559,9457,7675,9735
2964: 3850,3656,2772,2865,3458,2870
9711: 10025,9678
9717: 9700,9709,9645,2826,2540
6284: 
8770: 8707,8221,8296,8579,8440,9127
4494: 4393
3782: 3683,3783
4498: 4397
8168: 8392,8603
492: 559,687,376
6590: 10009,6973,6784,6781,6969
9037: 9194,9162,9193,8824,9239
3222: 3417,2742,2836,3615,3517
7952: 9951,7190,7942,9687
8422: 9019,9407,8688,8276,8126,8046
498: 437,275,438
499: 438,559,755,382
9524: 9459,9282,9734,9959
501: 978,383,1052,762
502: 9322,2148,9403,2802,2240,980
9359: 9505,8729,9712,8457,9386,9544
8737: 8338,8479,8474
8627: 8495,9027,9112
9785: 9400,7062,7156,9531
6585: 6871,6586
9427: 9371,359,9642,672,1110,740
3763: 3663,3664,3860,3764,3858
6784: 6688,6588,6590,10009
511: 768,568,634
512: 630
513: 
514: 395
9531: 9457,9400,9785,9559
5027: 5018,4821,4929,5036,5121,5023
6055: 6437,6249,6052,5957,6056
518: 647,649,645
519: 346,402
9652: 5750,6041,9680
521: 9948,402,584
9436: 9346,9390,9534,8186,8032
3867: 3765,3666,4068,4069
9823: 9769,9736,9728,807,9973
4074: 4073
9286: 9845,9479,9862,2770,9510,9532
527: 1148,9365,9495,9488,1227
9621: 3339,9756,9912,9418,9744
529: 730
3482: 3383
9474: 403,9948
7209: 7386,7119,7117,6934,7207,8208,7974
9310: 7092,9508,7532,9643,9354,9458
3686: 3586,3786
535: 467,475
3903: 3904,4004,3803
537: 602,472
3327: 3431,9520
9393: 9263,9460,9461,1042,9323,9580
4840: 9868,4941
7563: 7033,7389,7562,9835,7302,9738
9703: 9294,9523,9348,10025
9283: 9251,9415,9576,2119,1421
544: 480,420,609
9507: 9558,9387,9548,9672,9802
3205: 3204
5826: 5329,5725,5727,6226,6128
8919: 8274
9464: 9324,9431,9473,9288
3431: 3327,9520,2841,3531,3627
8163: 8006,9998,8599,8462
9293: 9750,9692,9786,9594
10014: 9167
7179: 7176
9425: 9332,9396,9374,3552,3849,9597
9479: 9845,9286,9411,9595,9605,9532
5543: 5837,5639
9209: 
559: 492,687,499,438,755
4590: 
561: 382,758,760
9756: 3835,9932,9744,3444,9621
563: 760,973,1125
4475: 
6708: 
566: 768,568,384
9396: 9332,9425,9620,9597,9834,9375
568: 768,511,442,566
7195: 6832,7198,7014,7103,7371,7545
9211: 9185,9232
9404: 5151,5455,9909,9755,9632,9350
4929: 4821,5027,4826,5142,5036
6618: 6138
8989: 8824,8882,8991,8990,9194,9038
7198: 6927,7195,7020,7545,7460
10034: 9643,9936,9695,9402,9465,9944
9844: 9984,9681
8550: 8679,8412
9459: 9483,9282,9524,9633,9670,9959
8707: 8219,8770,8064,8938,8440
6357: 6823,6448,6163,6639,6358,6733
9659: 9810,9398,2770,9675,10033,9463
7298: 7386,7560,6939,7646
584: 521
7247: 7249,7248,7340
9977: 9636,9627,10031,7434,9779
9898: 10016,9906,6419,6425
588: 783,645
3666: 3665,3765,3464,3867
5332: 5533,5931
9657: 9791,9883,9853,9698
9618: 9613,9420,9277,9686
9767: 9661,9660,9438,10043,9926,9854
9672: 9863,9548,9507,9673,9802
9904: 9875,9649,9419,9628,9271,9284
596: 599,664,733,731
7050: 7052,7836,7141,7142
9308: 9543,6820,9435,9638,6629,9607
599: 596,664,666
5916: 6410,6797,5613,5713,5813
9281: 801,9586,9843,9770,948,9257
602: 537
9298: 9577,9380,9746,9536
3170: 3271,3073,2777,9244
5755: 5361,5657,5060,9533,5159,9394
9377: 9607,6056,9362,6537,9638,9529
5957: 6052,5761,6155,6055,6056,6537
8425: 9691,9800,8695,9236
609: 480,544
9114: 9214,9072,9187
9740: 9395,9344,9875,9795,10029
612: 746,890,888
9251: 9283,9415,9576,9637,9255
614: 886,889,966
9718: 9266,9348,9929,9751,9721,9877
616: 9414,1118,9369,750
9579: 9609,9572,9327,1756
9287: 9322,9403,9445,9315,9526,9313
3246: 3540,3045,3345,3248
8688: 8422,9407,8276,8624,9892,8044
9422: 9462,10000,9994,9591,10032,9442
5887: 5886
3081: 
9288: 9385,9431,9464,9300
6586: 6688,6588,6585,6682
9867: 10035,9992,9343,9471
3589: 3489
9127: 9130,8440,9600,8770,8579,8995
8596: 8457,7839,8081,8729
630: 1367,910,978,512
9170: 9091,9049
7641: 7470,7467,7555,7723,7888
9358: 9493,1067,9577,9380,1302,1805
634: 442,511
3578: 3678,3577
6813: 
6256: 5871,6724,9512,6068,5970,6350
8888: 8995,9297,9317,8710,8373,8647
9297: 8995,8888,9317,9600,9629,9556
6823: 6448,6357,6637,6915,6733
641: 395
9636: 9627,9977,9639,9299,9253,7434
9696: 9724,9860,9764,6797,6508
9429: 9562,9249,9360,9503,9480,5338
645: 783,588,518
9128: 9085,9318
647: 650,649,346,518
3072: 3073,2777,2974,3071
649: 650,647,518
650: 647,649,346
4269: 4168
8718: 8835,9005
4319: 4108,4427,4218,4314,4422
4331: 9521,4232,4323,4328,4330
8378: 8376,8304,9857,8451,8153,8450
7936: 7850,7769,7770,7771
7625: 7191,9472,7368,7627,9729,9705
4442: 4642,4643,4338,9538,4650
9509: 9453,9303,9449,9477,8282
3717: 3820,3519,3615,3715,3517,3915
661: 876
6537: 9607,6056,9377,5957,6155,6347
9526: 9370,9330,9300,9315,9287,9313
664: 596,599,666,733
8748: 8555,8807
666: 467,475,599,664
9370: 9330,9526,9300,9385,9570,9900
3792: 
5849: 5848,5551,5552,5653
670: 9760,1027,9707,874,1108
8565: 9477,9467,8282,8497,8811,9497
672: 884,811,251,9427,9642,740
7913: 7911,7831,7993,7996,8076,8075
8029: 7870,7787
6091: 6188
9989: 8020,7617,9314,9763,9993,9347
9502: 9433,9313,9403,980
678: 746,744
3084: 2987
9285: 8716,9340,9519
3242: 3144,3342
8526: 7837,8236,8527,8386,9623
683: 9962,1611,10026,1784,2050
3712: 4010,4115,3715,3713,3810
8006: 8163,9998,7248
686: 758
687: 492,559,755
9491: 2463,2554,9624,9333
5185: 5186,5084,5285
3262: 3460,2967,2870,3656,3559,3856
3073: 3072,2777,3170
9770: 10004,9612,9934,9281,9843,9257
4139: 3755,3559,4343,3949,9591,4045,9442
694: 
9771: 9990,9516,9815
9786: 9893,9692,9293
697: 834,9807,233,700
698: 
7742: 8066,7311,8144,7400,7135
700: 233,9345,9775,9416,697
8527: 8081,8386,8526,9623,9616
9695: 9710,10034,9936,9690,9944
9925: 9972,9878
2973: 2778,2974,3071,10001
8242: 8391,8667,8318
6290: 6387,6291
707: 
9952: 7675,8597,9735,10022,9778,9544
709: 1068
710: 781
5086: 5087,4986,5186
9513: 9538,9498,9646,9599,9258,9723
8365: 8292,7902,8766,8703,8704
3400: 3301
7325: 7150,7757,6966,7413,7146
716: 1071,9470,9365,9557,1225
6028: 5727,5331,6128
718: 927,9635,9245,1312,1075
9440: 9969,9698,9337,9804,9339
9889: 9919,8426,8695,9926,9854,9691
9340: 9750,8898,8716,9285,9594,9519
722: 
723: 792
3783: 3683,3782
8081: 8527,8386,7673,7839,8596
3071: 10010,10001,2973,2974,3072,2777
6348: 5870,6062,6631,6820,5871,6724
728: 943
2953: 3144,2662
730: 466,529,9821
731: 596,733,876
3517: 3615,3222,3321,2836,3717,3519
733: 876,596,664,731
10022: 9963,9952,9735,9778,9831
3098: 
9272: 9416,9515,9565,835
7832: 7668,7996,7581,7318,7494
9430: 1134,9366,9248,1375,9259
7455: 7791
740: 1034,1111,9427,672,884,1110
9219: 9239,9560,9122,9193,8987,9504
6724: 5871,6256,9512,6348,9543,6820
743: 744
744: 746,678,743
745: 
746: 744,890,678,612
6405: 9753,9768,6507
9622: 9915,9852,9252,9593,9290,9453
7279: 7791,7942
750: 366,9946,9626,616
7413: 7145,7146,7673,7325
6637: 6823,6448,9967,6731,9805
8309: 9284,8075,7993,8152,8453,8383
754: 1449,1286,9933,1364
755: 559,687,499
9356: 8451,9448,8153,9334,9353,9592
9347: 10015,9763,9989,9314
758: 973,686,561,760
6072: 6266,6071,5975
760: 563,561,973,758
9217: 9307,9218,9420,9238,9640,9120
762: 977,1052,902,383,501
9992: 10035,9941,9867,9792
9743: 9812,9980
9783: 9687,9953,10015,9314,9833
8179: 
5023: 5121,5123,5027,5036,5124,5031
768: 568,511,566,384
7348: 7259,7349
6665: 6759
6385: 6481,6480
9390: 9436,9346,9486,9534,9928,9484
9304: 9913,2743,9697,9679,3127,3224
774: 840
7289: 7200,7110,7026,7462
4823: 4817,4826,4725,4729,4730
6931: 6464,6749,6930,6653,6932
7818: 8061,7899,7735,7901,7979
9417: 6209,9801,6507,9469,9494,9684
8984: 9292,8820,8426,8821,9545,9450
781: 710
5113: 5214,5317,4917
783: 588,645
9781: 9537,9798,10037,9803
785: 923,848
7141: 7582,7142,7050
787: 858,1006
8395: 
9795: 9875,9649,9740,8380,8455,10029
5495: 5594,5395
9936: 10034,9643,9508,9695,9710,10019
792: 793,723
793: 792
794: 9637,9382,1676,2030,1762,2028
4328: 4330,3915,3819,4115,4323,4331
796: 
8480: 8481,8799
7019: 6930,6653,7020,6744,6927
10021: 9961,9731,9267
4643: 4642,4947,4442,4757,4650,4955
801: 9281,9586,1025,874,948
9383: 9793,9589,9326,217
8273: 8271,9581,9102,9140,8485
5574: 5868,5274,5277,5475,5672
6941: 7300,7123,7562,6848,6849,7033
9913: 9304,2743,9697,9319,9585,2649,2744
807: 466,9823,9276,9270
808: 477,416
6389: 6388
9363: 9291,9552,9980,9245,9635
811: 672,884,251,156,1193,1276
4626: 4725,4525,4616,4729,4621,4527
9284: 8309,8075,9419,9904,9649,8383
5352: 5353,5251
9553: 9259,1973,9366,9337,1539,9339
4263: 4458,4156,4364,4463,4164
8376: 8304,9857,9132,8378,8301,9752
3810: 3907,3713,4010,3712
6832: 6927,7195,6645,6460,7103
6180: 
6316: 6223,6219,5724,6320,6022
5054: 5051,5256
823: 1444,1698,1616,1362,1529
3255: 9555,2961,3451,3555,3452
8970: 9140,8419,8555
5327: 5329,5725,5328
8972: 8921
8372: 7909,7988,8513,8222,8710,8647
3204: 3106,3205
9972: 9500,9878,9925,9748,9819
6093: 5995
7349: 7437,7348
9820: 9871,10018
834: 9807,1295,697,233,9969
835: 9468,9272
9400: 9785,7062,9518,7419,9559,9531
7300: 6941,7123,7562,9379,9593,9915
9625: 8121,7965,7884,8616,9568,9391
839: 384
840: 774,1216,989
9389: 2362,2453,9267,9606,9554,9961
9897: 9825,9814,9922,9921,9890,10028
8058: 7733,8639,7979,8056,8431,8363
9305: 10035,9901,9265,9306,6338,9471
9501: 9318,9126,9085,9558,9387
6508: 5917,6018,6410,6797,9696,9860
7516: 7775
848: 996,785
5873: 6068,5775,5970,5776,5876,5973
7858: 7152,7062,7156
9810: 9244,9398,9659,10010,9822,9675
7646: 7122,9379,9588,6939,7298,7560
9111: 8921
5256: 5154,5051,5054,5355,9539,6339
7248: 7249,7247,7340,7929,8006
6531: 6906
9947: 9693,9834,9375,10032,9870,9994
858: 860,787,1006
10030: 8450,8715,9857,9789,9762
860: 858
861: 864
3994: 4094
9387: 9558,9507,9126,9125,9501
864: 861
8962: 9010
9528: 9372,9414,1118,9295,9247,9918
8964: 9011,9059
9282: 9483,9459,9524,9521,4336,9734
10041: 10038,9990,9815,9957
9442: 9256,9591,4139,4343,9422,9462
8431: 8058,8056,8211,8499,8363,9079
872: 1427,1510,9551,9405,1512,1594
6906: 6531
874: 9674,670,1027,801,9586
9270: 9276,9830,9821,807,466,9719
876: 733,731,661
7386: 7298,7560,7119,7209,8208
9019: 8422,9407,8867,8126,9444,9661
4621: 4521,4514,4525,4616,4626
7518: 6979
4123: 4132,4329,3922,3821,4330,3819
7555: 7548,7550,7638,7467,7641,7723
9591: 9582,10032,4139,3949,9422,9442
884: 672,811,1276,1034,740,1272
6128: 5826,5727,6028,9861
886: 614,9338,9446,966,965
4385: 4284,4285,4485,4486
888: 889,966,612
889: 888,966,614
890: 746,612
9707: 9421,9655,1347,9829,670,9760
892: 1193,1276,1042,9323,1196,1197
6716: 6622
3615: 3715,3713,3517,3222,3612,3717
6582: 6583
5775: 5873,5970,5676,5774,5678,5776
897: 372,972,1048,1124
9999: 10027,9866
5839: 5933,5536,5736
9831: 9651,9963,10022,9778
9419: 8076,9260,9628,9284,8075,9904
902: 1125,1124,383,762
5970: 6068,5873,5775,5774,5871,6256
8228: 7992,8227,8152,8301,8154,8304
3425: 2937,3226,2841,3627,3727
9067: 
9335: 9722,9813,9645,9246,9296,9709
9471: 9343,9614,9306,10035,9867,9305
9472: 7191,7625,7190,9729,10024
910: 1367,630,1449
9835: 9915,9852,7562,7563,9754,9738
9091: 9092,9170
6320: 6022,6316,6416,6421
9808: 9604,9632,10017,9574,9302,9985
9604: 9632,9350,9808,9302,4845,5148
6266: 6072,6358,6550,6265
8097: 9842,8175
5278: 5379,5277,5177
4573: 4574,4675
4719: 4710,4716,4611,4725,4616
9567: 9239,9560,9162,9749,9546,9615
4616: 4725,4626,4514,4621,4510,4719
923: 785
7470: 7467,7641,7383,8560,7558
9351: 9970,1756,9555,9411,9541,9535
10040: 368,9907,9460,9782,9580,9626
927: 718,9530,9635,1556,1228,1075
6188: 6091
5620: 5818,5421,5224,5621,5819,6118
9796: 9679,9704,9790,9485,9759,9697
9789: 9727,10039,9762,10030,9939
9530: 927,9635,9291,9495,9264,1228
933: 
5931: 5332,5633
9950: 9775,9699,9837,9329
936: 
9611: 2147,2057,1881,9428,9566,9445,329
9477: 8565,9467,8282,9290,9453,9509
3248: 3639,3345,3246
3238: 3236
941: 
3027: 3417,2742,3121,2928,2744,3316
943: 728,1097
944: 
5995: 6093
4842: 
7383: 7380,7207,7811,7470,7467,7558
948: 1261,9257,9281,801,1025,1180
9981: 9587,9832,9702
3838: 3835,3940,3842,3741,3057,3550
7160: 6884,6696,6886
9715: 9902,9903,9296,9722
4155: 4146,9256,4343,4347,3953,4255
7150: 7325,7757,7847,6967,6966,7417
5633: 5833,5533,5931
8499: 8361,8878,8211,8430,8431,9079
6323: 6223,6037,6219,6126,6226,9784
7992: 8227,8228,8152,7911,7993,8150
959: 1042,965,156,157,9461,1193
5481: 5480,5581
5807: 5709,6105
4574: 4573,4675
3342: 3145,3144,3242,3340
5110: 5211,5009,5010
965: 959,886,9446,157,9461
966: 888,889,886,614,9338
7649: 7393,7565,7478,7899,8498,7733
9902: 9715,9903,1727,1899
9812: 9743,9514,9291,9980,9264
5678: 5680,5676,5775,5776
3674: 3774
972: 1048,897
973: 1048,758,563,760,1125
9249: 9562,9429,9360,9583,5129,5225
9800: 9787,9691,9634,8425
7787: 7865,8029
977: 1052,762
978: 501,1052,1286,1367,630
3224: 3127,3421,9304,9679,2937,3226
980: 502,9403,9502,2802
9876: 9921,9766,3635,9927,4030,9922
6037: 6323,6223,9784,6420,6326,9668
5683: 
9720: 1820,2642,9708,2643,9813
8705: 8142,8766,8882,8938,8991
9366: 9590,9337,9248,9259,9553,9430
9930: 9971,10043,9926,8496,8205,9919
5031: 5338,5124,5138,5036,5023
989: 840,1216,341,1297
10009: 6590,10012,9517,9880,6784
6056: 9377,9362,6537,5957,6055,6249
5956: 6337,6144,6047,6052,9872,6437
9451: 2280,2189,2098,9954
6911: 6731,9773,9301,7360
4266: 4364,4165,4166
996: 848,1069
997: 9365
4783: 
5355: 5852,5154,5256,6339
5536: 5335,5833,5839,5933
3661: 3166,3364,3363,3460,3857,3663
6759: 6665
9536: 1215,9577,9298,1545,9268
9320: 9443,9279,9254,9409,9397,9342
5000: 
1006: 1078,787,858
1007: 1395
10016: 9898,9914,9847,9906
1009: 
8891: 9005,8779
5093: 5194,5092
7570: 7821,7737,7396,7569,7309,7739
1013: 1251,9741
1014: 
4232: 4331,4330,4132,4336,9262
6583: 6582,6964
9039: 9085,9894,8708,8990,9130,9126,8885
9872: 9964,9873,9658,5956,6337,6437
1019: 9748,1510,1340,9819,1178
7462: 7631,7292,7375,7200,7289,7293
8497: 7973,8560,7558,8565,9467,8811
9811: 9827,9749,9863,9858,9794,9673
3373: 3471,3372
9602: 9280,5141,9266,5142,9454,9523
1025: 1108,801,948,1263,1180
8199: 8624,8044,9641,8343,8274
1027: 670,9760,9276,9674,874
2987: 2891,3084
8271: 8273,9581,8620
7885: 7721,8042,8046,7965,7884
3803: 3903,3904
8261: 8119,8110
5419: 5215,5417,5818,5421
1034: 740,884
7060: 9518,6969,6967,6781,7417
5294: 5194,5295,5395
10018: 9871,9985,9820,9549,9755
5841: 
2944: 3041,3137,3234
7417: 9525,6967,7060,7150,7847
10038: 10041,9957,3729
1042: 959,9393,9461,892,1193,9323
1043: 1782,9663,9758,1611,2231
1044: 1529,9326,1446,9273,1616
1045: 9326,217
5585: 
3839: 3743,3741,3742,9932,10011,3835
1048: 973,972,897,1125,1124
9334: 9353,9917,9617,9938,9448,9356
9862: 9845,9286,9742,9671,9997,9510
3680: 
1052: 977,762,501,978,1286
9978: 9966,9927,9766
9731: 9961,9859,10021,9924,9816
9721: 9959,9751,9718,9929
5776: 5876,5680,5678,5873,5775
1057: 9900,1295,1133
7877: 7548,7638,8032,8333,7719
8146: 7743,8066,8513,8222,8296
6930: 6653,7019,7020,6931,7110,6932
4978: 4979
7309: 7398,7396,7570,7739,7905
9279: 9443,9320,9481,9250,9254
9641: 9391,9381,8121,8044,8199
5177: 5277,5278
5598: 5697
1067: 9358,9493,1805,1716,1892
1068: 709,1145
1069: 996
7888: 8867,8126,7641,7723
1071: 1553,716,1225,1387,1987
6847: 6564,6658,6939
9742: 9965,9671,2205,2666,9997,9862
9890: 10028,9921,9897
1075: 1556,1473,718,927,1392
1076: 1644,1477,9552,9745
9066: 
1078: 1006
5175: 5269,5274,5070,5475
4852: 4855,5157,4849,4955,5150,4950
5621: 5920,5722,5136,5620,5224,6118
3764: 3665,3765,3763,3664
9963: 10022,9942,9831,9651
6270: 
7932: 7770
9571: 10005,9556,10003,9982,9824,10039
7775: 7516,7428
8170: 7340,7929,7765,9373
1089: 
5274: 5175,5475,5672,5572,5574
9607: 9377,6537,6347,6629,9308,9638
1092: 1170,1169
5421: 5818,5620,5224,5123,5417,5419
9583: 9452,9249,9360,5129,5426
1095: 9637,9415,2028
9746: 9380,9298,9757,9958
1097: 943
9322: 502,2148,9287,9403,9445,329
7562: 6941,7300,7033,7563,9915,9835
7903: 7739,7821,8292,8142,8064
3091: 3090
9512: 6724,6256,9543,9540,6350,9406
4569: 4566,4565,4867
9452: 9678,9583,9360
9341: 9685,9914,9432,6327,6038,9896
4665: 4565,4661,4462,4660,4865
4939: 4736
1108: 1025,670,9371,359,1263
9939: 9789,8590
1110: 1351,1187,9427,359,1111,740
1111: 1608,740,1351,1110,1270
3776: 3777
3382: 3480,3383
6414: 9511,9475,9278,6421
9927: 3634,9966,3635,9876,9766,9978
4703: 
5664: 5668,5765,5466,5564,5663
1118: 9414,616,9372,9528,1197
9514: 9812,9321,9388,9488,9264
8208: 8356,7974,7386,7560,7209,9355
6249: 6055,6437,9964,6056,9362,7086,6248
9760: 670,1027,9736,9707,9829
7200: 7110,7289,7460,7630,7462,7375
1124: 1125,902,1048,897,372
1125: 902,1124,1048,973,563
9791: 9657,9883,9699,9345
3842: 3646,3741,3057,2858,3450,3838
5348: 5551
5092: 5192,5093
9441: 9853,9590,9804
3279: 3280
1132: 1704,9706,1444,1620
1133: 2151,1539,9339,1057
1134: 1461,9430,9259,1709,2153
2963: 3555,3552,2865,9535,3849,3458
1136: 1375,341,1215,1297
6280: 
9345: 233,700,9775,9699,9791
8373: 8647,8225,8943,8888,9317
7127: 7125,7128,7393,7565,7217
9402: 9499,9354,10034,9643,9465,7098
5951: 5662,5856,9490,9367,6144,6047
4345: 4240,4450,4349,4444,4448
6939: 6658,6847,7298,7646
1145: 1303,9940,1068
3612: 3412,3417,3615,3713
3210: 2822,2728,3211,2824
1148: 527,1901,9495,1472,1228
9759: 9485,9796,9790
9777: 4839
7532: 7095,6733,6915,7092,9310,9458
1152: 1477
9956: 9586,9843,9830,9674,9856
9447: 9434,9373,9998,8008,7682
9991: 9468,9706,9515,9676
9690: 9763,9695,9944
9958: 1384,1302,9818,9757,9380,9746
4491: 4391,4390
1159: 1240,1314
6265: 6460,6266,6550,6645
4650: 4757,4655,4338,4548,4643,4442
4871: 4870,4771,4968,4969,4773
9678: 9452,9480,9711,10025,9360
9589: 9809,9923,9383,9326,9273
9355: 9478,9252,7560,9588,8356,8208
8838: 8837,8835,8841
9456: 9277,9686,9984,9378,9545,9828
8990: 8708,8991,8989,8885,9038,9039
1169: 1251,9741,1170,1092
1170: 1092,1169
2983: 
9326: 1529,1045,217,1044,9383,9589,9273
7092: 7360,9561,9310,9508,6915,7532
9805: 6731,9650,9647,9967,6637
4192: 4293,4292
7062: 9400,9785,7858,7152,7419,7156
8453: 8383,8154,8309,8380,9617,9448
1178: 1594,1592,1019,1510,1340
9457: 9531,9466,9559,9735
1180: 1263,1428,1600,1025,1261,948
5302: 5403,5202,5201
9357: 9761,2728,9342,1732,9397,2822
9704: 9796,9679,2841,9790,2937
4773: 4771,4871
8983: 9292,8820,8429,8205,8701,9237
6058: 6155,6347,5959,5765,5961,6349
1187: 1351,1687,1110,359,1263,1600
6084: 6085
7276: 7368,7098,9993,9465,7617,7191
9140: 8970,8419,8485,8273,9102
9975: 9817,10006,9725
6105: 5807,6007,7252
1193: 892,1276,156,959,1042,811
5852: 5355,5455,6242,6336
6896: 6516
1196: 9369,9323,892
1197: 1272,9372,892,1276,1118
1198: 9295,1527,9247,1525,1867,1610
5372: 5668
6973: 6590,10012,7152,6969
3628: 3531,3627,3727,3335,3731
1202: 
3079: 3176
9980: 9291,9363,9743,9812
8766: 8365,8292,8705,8142,8704,8882
6291: 6388,6290,6387
6900: 
9263: 9393,9460,9461
9475: 9511,9384,6021,6414,6421
4789: 4891
1211: 9676,1620,9439,1706,1793
9865: 9757,1303,9818
4655: 4858,4757,4650,4548,4553,4658
9017: 8743,9016,8960,8861,9983
1215: 1297,9536,1136,1375,1545
1216: 341,840,989
9875: 9904,9649,9795,9271,9344,9740
8451: 9356,8153,8378,8450,8521,9592
10031: 9880,9977,9753,9714,9779,10012
9919: 9889,8426,9930,9926,8205,8820
9966: 3634,9927,9978
9839: 9920,10042,9773,6912
9828: 9545,9450,9739,9456,9984,9681
8821: 9236,9976,8426,8695,8984,9450
1225: 1387,1721,9470,1071,716
7086: 6246,6248,6249,9362,10042
1227: 1553,527,1901,1810
1228: 1556,1472,9495,9530,927,1148
9303: 9453,9509,9449,9852,9754,9885
3771: 3772
9462: 9422,10000,9797,9489,9256,9442
7542: 7368,7098,9499,7008,7283,7627
7052: 7670,7836,7050
9511: 9384,9475,9575,9601,6414
5910: 6009,5713
8186: 8031,9534,7631,7375,9436,8032
8710: 8513,8579,8372,8995,8888,8647
1238: 1732,9397,2170,9409,3207
9313: 9433,9502,9330,9526,9287,9403
1240: 1159
4521: 4314,4621,4422,4322,4525
3734: 3733,3635,3829,3731,3634
5283: 
5447: 5548
9556: 9629,10005,9571,9297,9317
1246: 1494
4236: 3934
3678: 3777,3578,3778
10023: 9542,9327,9965,9671,9970,1756
9901: 10035,9941,9305,6338,6335,9658
1251: 1169,9741,1013
3646: 3842,3743,3741,2022,2389,3450
6622: 6902,6716
9438: 9661,9767,9407,9892,9854,9787
8225: 8373,8647,8943,7909,8150,8227
8274: 8919,8199,8343,8620
8917: 8916,8807,8805
4997: 
7440: 7353,7265,7352
7478: 7649,7565,8498,7564,9846
1261: 948,9257,1428,1180,1427,9551
9420: 9307,9217,9640,9277,9618,9613
1263: 1600,1180,1025,1108,359,1187
8126: 8867,7888,8046,8422,9019
3364: 3166,3661,2968,3363,2391
4839: 9777,4838,4637,4941
8178: 
3184: 
8336: 8265
1270: 1777,1436,1351,1608,1111,1864
6645: 7010,6550,6460,6265,7103,6832
1272: 1524,9372,1197,884,1276
9643: 10034,9936,9310,9508,9354,9402
9548: 9863,9615,9672,9242,9125,9507
9846: 9885,9754,9738,7564,7478
1276: 892,1193,884,811,1272,1197
10039: 9727,9789,9762,9571,10003,9824
3641: 3545,3448,3151
3533: 3434
4255: 4347,3953,3957,4155,4057,4156
1281: 1446,9273,1532,1364
8619: 8861,8801,8683
4364: 4266,4367,4463,4164,4263
9874: 9669,9747,9899,9737,9665,9774
4694: 
1286: 754,1052,978,1367
5298: 
7996: 7832,7668,8076,7913
9395: 9740,9344,9505,9712
7119: 7386,7209,6749,6934
9537: 9781,9338,9446,9803
9601: 9309,9575,9511,9724,9860
4891: 4789
9343: 9471,9614,9867
1295: 834,9807,9969,9900,1057
4284: 4285,4385
1297: 1215,341,989,1136
9360: 9249,9429,9480,9452,9678,9583
9935: 9262,9328,4132,4329,9955,9814
7582: 7141,7142,7581,7668
9505: 9359,8729,9712,8663,9344,9395
1302: 1384,9958,9380,9358,1549,1805
1303: 1145,9940,9865,9818,1306
4582: 4481
2974: 2881,2973,2879,2685,3071,3072
1306: 1806,9316,1303,1384,9818
5639: 5837,5543,5640
8143: 7905,7311,8144,8064,8219
9016: 8743,9010,9017
6283: 
4603: 
1312: 1729,9245,1644,718,1392
9713: 9990,9516,9520,3531,9957,3335
1314: 1159
9408: 9574,9302,9482,4641,9352,5044
4216: 3907,4010,4108,4218
8383: 8453,8309,9284,9649,8380
9712: 9359,9505,9386,9395
3819: 4328,4330,3915,3820,3821,4123
8943: 8373,8225,8227,8301,9982
5036: 5138,5142,5027,4929,5023,5031
8659: 
7670: 7052,7836,7145,7837
5594: 5495
7190: 7191,9472,8020,7617,7952
3367: 9261,2776
1327: 
9130: 8440,9127,9600,8708,9039,9894
5361: 5755,5657,5060,5163,5062,5363
6246: 7086,6248,9817,6439,9725
4559: 4661,4462,4553,4450,4458,4448
7935: 8015,7934,7771
3476: 
7353: 7352,7440
6201: 7066
1336: 1502,1759,1504
9996: 9858,9794
3586: 3686,3487,3486
6038: 6327,6326,9401,9341,9896,9644
1340: 9399,9819,1019,1592,1178,1506
5833: 5633,5335,5533,5536,5933
6448: 6823,6357,6637,6541,9406,9967
9519: 9594,9340,9285
10033: 2580,9619,9532,2770,9659,9463
9588: 7646,9379,7560,9252,9355,9593
5304: 5204
1347: 9421,9707
9468: 9991,835,9676,9439,9473
6022: 6021,6320,5424,5724,6316
4687: 4585
1351: 1187,1687,1110,1111,1864,1270
6964: 6871,6583,7145,7146
9193: 9081,8987,8824,9239,9219,9037
9295: 1198,1527,9247,9528,9758,9918
9276: 9830,9674,9270,807,1027
5889: 5789
9024: 9069,8868,8921
3774: 3674,3874
5601: 
3701: 3700
6902: 6622
1362: 823,1698,1529,424,366
9685: 9914,9847,9341,9278,9432,9908
1364: 1619,1532,9809,754,1281
9338: 886,9446,966,9537
6278: 
1367: 630,910,978,1449,1286
9012: 9059
10005: 9629,9556,9571,9960,9824,9664
7008: 7014,7009,9499,9550,7542,7283
5281: 5180
6695: 6598,6696
8479: 8338,8737,8540
5390: 5389,5490
1375: 1136,1215,1461,9430,1545
3818: 3821,3722,3526,3421,3820,3519
3577: 3578
9596: 9497,9368,8282,8631,8694,9971
9881: 9492,9995,9653,9581
6662: 6849,7033,7389
5121: 5123,5417,5023,5018,5027,5317
9437: 9893,9353,9336,9592
5123: 5121,5417,5023,5124,5421,5224
1384: 9958,1302,9818,1806,1306,1549
7965: 8046,8121,9625,7884,7885,8276
6009: 5910,9627,6010,9639
1387: 1225,1984,1721,1071,2074,1987
3957: 3953,4255,3956,3860,3858,4057
5813: 6011,5916,6797,5713
4483: 
5649: 5548,5550
1392: 1557,1995,1729,1312,1473,1075
9561: 7360,7092,9508,9301,9667,10019
9274: 7252,9299,9253,9631
1395: 1007
7679: 8460,9942
5010: 4910,5110
10028: 9890,9897,9825
3025: 2649,2928,2926,2830,2553,3119
9302: 9574,9408,5044,4845,9604,9808
9521: 4331,9269,4336,9483,9282
3545: 3449,3448,3641
5663: 5564,5662,5856,5765,5664,5959
3715: 3615,3713,3717,4115,3712,3915
6126: 5725,5328,6323,6219,6226
1406: 1573,1572,1571
8343: 9716,8620,9381,8199,8274
9949: 2761,9931,9888,3251,9682,3153
9070: 9236,9976,8630
5104: 5204
4131: 
1412: 1841,1666,1838
9277: 9456,9686,9640,9378,9420,9618
1414: 
6376: 6375
6327: 6420,6038,6326,6416,9432,9341
3137: 3041,2944,3236
9883: 9791,9657,9698,233,9969
1419: 1502
1420: 
1421: 2305,2024,1935,2119,9283,9415
8716: 8776,8898,8590,9340,9285
9809: 9933,9923,9589,9273,1364
9415: 9251,9283,9637,1095,1421,2305,2028
9079: 9080,8363,9238,8431,8361,8499
9646: 9887,10027,9599,9723,9513
1427: 872,9551,1261,1428,1512
1428: 1600,1180,1261,1427,1512
4141: 3849,3458,9597,3850,9582,3949
9779: 9753,9977,6974,6403,10031
9329: 9487,9565,9837,9950,9775,9416
7905: 8143,7739,7398,7309,7311
7865: 7787
8905: 8904
9460: 9393,9263,9782,9580,10040
1436: 1777,1525,1778,1867,1270,1608
4045: 3956,3856,4139,3559,4343,3953
4240: 4345,9331,4146,9489,4349
3386: 3485
7146: 7413,7145,6871,6964,6966,7325
8008: 8462,9447,7682
7988: 7909,7579,8372,7494,7744,8222
9836: 9426,9702,8120,8262,9587,7962
1444: 823,1698,1616,1704,1132,1873
9734: 4336,9569,9282,9524
1446: 1281,1044,1616,1704,1617
7673: 7413,7757,8081,8386,7839
9301: 9603,9667,6911,7360,9561
1449: 754,1367,910,1619
5142: 5138,5036,9454,9602,4929
4146: 4155,9489,9256,4347,4240,4349
9869: 1619,9974,9806,9487
9497: 9596,9368,8565,8282,9584,8811
9769: 9736,9823,9728,9656,358
5163: 4660,5062,4865,5064,5361,5363
4716: 4710,4811,4719,4817
9708: 9903,2643,9722,9813,9720
8679: 8550,8412,8481,8799
5920: 5722,5621,6118,9384,6021
6629: 6349,6631,6347,9607,9308,6820
1461: 1134,1800,1375,1545
9469: 9494,9309,9801,9417
5736: 5839,5637
9236: 9976,8821,8695,8425,9070
9508: 7092,9561,9310,10019,9643,9936
9658: 9872,9873,6335,6337,9901,9941
9666: 9648,9849,9726,9979
9763: 9690,9993,9944,9347,9989
4314: 4521,4422,4319
6439: 9725,6246
9860: 9724,9696,6508,6018,9575,9601
1472: 1727,1556,1228,1148,1901
1473: 1727,1556,1075,1557,1392,1816
9325: 9364,9608,9463,9398,9476,9261
9489: 4146,9256,9462,9797,4240,9331
9077: 8928,9119
1477: 1152,1076,9745
9547: 9275,9598,9933,9923
6733: 7095,7532,6823,6357,6915,6639
7870: 8029,8265
7434: 9880,9636,9977,9253,9517
7265: 7354,7440
1483: 1651,2361
9606: 9267,9905,2362,9389
3777: 3678,3776,3778
7396: 7130,7569,7309,7570
1487: 9730,1738,1739
1488: 1557,1995,2552,2453,2451,2364
3639: 3345,3643,3248
7839: 7503,8596,7673,7757,8081
3835: 3940,3838,9756,3741,3839,9932
7033: 7389,7563,6662,6849,6941,7562
3713: 3615,3715,3612,3810,3712
1494: 1246
9074: 9214,9072
9858: 9996,9794,9827,9811
1497: 1931,2483
9268: 1630,1545,9536,9577,9493
7581: 7582,7319,7318,7832,7668
5408: 5308,5508
9392: 4322,9633,4427,9269,4422,9483
1502: 1419,1336,1759
5722: 5920,5621,5136,5424,5225
1504: 1849,1583,1336,1759
9544: 9386,9778,8457,9952,8597,9359
1506: 1676,2033,1340,9399,1592,1853
3448: 3545,3449,3641,3251
9802: 9672,9558,9507
9754: 9738,9852,9835,9303,9885,9846
1510: 872,9405,1019,1594,1178
5548: 5447,5649
1512: 1772,1428,872,1427,2037
2968: 3364,9619,9608,2391
3294: 3295
3471: 3372,3470,3373
6916: 7010,6549,7095,9550,9458,7009
9516: 9990,9771,9713,9520
8015: 7935,7934
9682: 9888,9949
9990: 9516,9771,9713,9815,9957,10041
5159: 4855,5157,5755,5060,9533
7794: 7283,7371,7627,9705,9289
6481: 6385,6480
1524: 1272,9372
1525: 1436,1867,1608,1198,9247
7161: 6978,7609
1527: 9295,1198,9758,1610,2047,1782
9376: 8262,9484,8333,9346,9413,9426
1529: 424,9326,1044,823,1616,1362
10010: 3071,10001,9822,2777,9810,9244
9483: 9459,9282,9269,9521,9633,9392
1532: 1619,1364,1281,1617
5403: 5302
3858: 4057,3763,3860,3957
4177: 4278
9577: 9380,9298,9536,9268,9358,9493
8457: 8596,8597,9359,8729,9544
3922: 4123,4329,3821,3722,3928,4332
1539: 2151,1133,9339,1973,9553,2061
8879: 9080,8363,9122,8639,8881,8987
9461: 9393,9263,959,1042,965
1542: 2715,2526,2153,1800,2341
7505: 9525,9466,7847,7503,7675
9258: 9723,9538,9513,9573,9412
1545: 9268,1375,1215,9536,1461
9970: 9351,10023,9671,9845,9411
7735: 7217,7901,7393,7899,7818
8361: 8499,8878,8701,9079,9238,9120
1549: 1894,1805,1384,1302,1806,1721
5878: 5977
9968: 9549,9909,6140
6979: 7518
1553: 1071,1227,1902,1987,1810
9735: 9952,7675,9466,9457,10022
4525: 4626,4521,4621,4322,4529,4527
1556: 1727,1472,1473,1228,1075,927
1557: 1995,1488,1392,1473,2451,1816
9732: 334,9850
7973: 8497,7558,8356,7811,9478,9467
3765: 3665,3666,3764,3867,4068
1561: 9895,9780,1729,1995,2552,2362
6969: 7060,7419,6590,6973,6781
3837: 3947,9374,3942,3536,3444,3339
9421: 9655,1347,9707,9496,9371,9642
7627: 7283,7794,7542,7368,7625,9705
8296: 8513,8579,8066,8146,8221,8770
4069: 4169,3867,4068
3915: 4328,3819,3715,3717,3820,4115
9229: 9185
8995: 8888,9297,8579,8710,9127,9600
1571: 1572,9730,1406
1572: 1571,1573,1406,1740
1573: 1406,1572
10032: 9375,9582,9591,9947,9422,9994
5882: 
8471: 
9851: 93,133,33
9916: 9995,9864,9688
3550: 2961,3451,3942,3057,3940,3838
5508: 5408,5509
9884: 9603,9667,9848
1582: 2767
1583: 1504,1849,1759
5977: 5978,5878
5551: 5348,5849,5848
9253: 9631,9517,9299,9274,9636,7434
4448: 4444,4548,4345,4450,4559,4553
9745: 9882,10008,1477,1076,1644
6378: 6474
8282: 8565,9477,9509,9497,9596,8631
5455: 9404,9909,5852,6140,6336
1592: 1855,1178,1340,1506,1853
7638: 7548,7555,7877,7721,7723,7719
1594: 1178,872,1510,2037
5317: 5113,5215,4917,5018,5121,5417
5087: 5086,4986
9480: 9294,9503,10025,9429,9360,9678
9564: 9307,9504,9560,9613,9610,9546
5194: 5093,5294,5295
1600: 1263,1428,1180,1187,1687
9166: 9167
9971: 10043,9930,9596,9368,8694,8496
8614: 8677,8478
8419: 8970,9140,8485,8346,8417,8555
8794: 
9458: 9550,9354,9310,7095,7532,6916
9342: 9761,9357,9246,9443,9320,9397
1608: 1111,1525,1436,1270
4087: 
1610: 1957,2047,1867,1198,1527,2135
1611: 9962,683,9663,1043,2231,2050
4100: 4000
4294: 4293
9157: 8978,8495
6371: 6275
1616: 823,1444,1529,1044,1446,1704
1617: 1704,9706,1446,1532
3857: 3956,3856,3460,3661,3663,3860
1619: 1532,1364,9869,1449
1620: 1211,1132,1784,1873,1706
9486: 9729,9705,9534,9289,9928,9390
1622: 9527,1793,2145,2236,1881,9428
4950: 5359,4852,5157,5051,5150
5964: 5672,5572,5961,5965,6349
4838: 4837,4637,4839
5269: 5175,5069,5070,5366
9145: 9205
3934: 4236
8636: 8429,8496,8632,8694,8430,8878
1630: 9268,9493,1978,2156,1716
9662: 2584,10001,9822
8677: 8614,8478,8676
8861: 8960,8619,8683,9983,9017
9484: 9928,9733,9346,9390,9413,9376
5051: 5148,5154,5256,5150,5054,4950
3460: 2967,3262,3661,3363,3857,3856
3464: 2873,2391,3665,3666
4941: 4839,4840
9929: 9718,9348,9721
9348: 9266,9718,9929,9703,9523
5848: 5849,5551,6041
5550: 5649,5750
5202: 5201,5302
1644: 1076,9245,9882,9745,1312
9723: 9258,9646,9513,9412
8075: 8309,9284,8076,9419,7913,7993
9749: 9827,9546,9811,9567,9863,9615
9848: 9710,10019,9667,9884
4422: 4314,4521,4319,4427,4322,9392
8392: 8168,8603
1651: 2361,1483,1996
7630: 7545,7460,7200,8031,7375
5328: 5426,5327,5725,6126
9494: 9469,9417,9684
7761: 8005
7110: 7200,7289,6930,7020,7460
10042: 9529,9920,9839,9362,7086
8597: 9952,7675,8457,7503,9544
9863: 9615,9548,9672,9749,9811,9673
4332: 4030,9955,3928,3733,4329,3922
3295: 3294
4462: 4559,4661,4458,4463,4565,4665
4004: 3903,3904,4104
7680: 7155
9318: 9501,9085,9960,9128,9664
1666: 1840,1838,1412
9612: 10004,9770,9257,9405,9551
9824: 9664,10005,9571,9727,10039
9998: 8006,8163,7929,9373,9447
7380: 7383,7207,7293,7292,7550,7467
9680: 6041,9652
8221: 8219,8770,8066,8144,8296
9520: 3327,3431,9516,9713,3531
6671: 6672,6575,6576
9700: 9709,9717,9761,2728,2824,2540
1676: 2030,2033,1506,9399,794,9382
9518: 7060,7419,9400,9525,9559
9750: 9340,9692,9293,8658,8898,9594
7163: 6978,6886,6884
6011: 5813,6010,6974,6984
5961: 5668,5765,5572,5964,6058
9549: 9968,10018,9909,9755
9510: 2770,9675,9997,9286,9862
8898: 8590,8716,8591,8658,9340,9750
7428: 7775
8020: 9989,7617,9314,7190,9687
1687: 1351,1187,1600,1864,1861
5300: 5400,5200
9776: 9964,9873,9792,9817,10006,6248
5380: 5379,5480,5578
9798: 358,9781,10037,9655,9829
9792: 9873,9776,9941,9992,10006
3956: 3857,3856,4045,3860,3953,3957
8978: 8630,9157
6391: 
4849: 5044,4955,4845,4947,4852,5150
6672: 6671,6576,6767
1698: 823,1444,1362,10026,1873
4585: 4687
9931: 9949,2761,2672,9888,1931,2578
9434: 9373,9447
9896: 10020,9644,9906,6038,9914,9341
9409: 9254,1991,2170,9320,1238,9397
1704: 1132,1617,1446,1444,1616
9353: 9334,9917,9356,9592,9437
1706: 1784,1211,1620,2145,1878,1793
6516: 6896
9517: 9253,9631,7434,9880,10009
1709: 9259,1973,1134,2244,2526,2153
9993: 9465,9944,9763,7276,9989,7617
5148: 5154,5051,5150,4845,9604,9350
10020: 9896,9644,9906
8624: 9892,9634,8044,8199,8688
3664: 3663,3763,3166,3665,3764
8743: 9016,9010,9017,8960
1716: 1890,1630,9493,1067,1978,1892
9623: 9260,9628,8526,8527,9616
3743: 3646,3741,3839,2389,3742
9399: 1340,9819,9500,9382,1676,1506
9730: 1571,1487
1721: 1225,1387,1984,1806,1549,1894
9072: 9114,9214,9074
9465: 9993,9944,10034,9402,7098,7276
8593: 8661
9994: 9422,10000,9947,10032,9870,9838
5902: 
1727: 1556,1472,1473,9902,1816
5606: 
1729: 1312,9895,1561,1995,1392
6307: 9684,6598
4165: 4166,4266,4164
1732: 1238,9397,9357,3207,2822
9906: 9896,10020,9914,10016,9898
9573: 4641,9352,9412,9258,9538,4642
9238: 9080,9079,8361,9120,9217,9218
9741: 1251,1169,1013
6338: 6242,6335,6336,9265,9901,9305
1738: 1739,1487
1739: 1738,1487,1740
1740: 1572,1739
3929: 3722,3526,3928,3625,3727
8119: 8261,9587,7880
9085: 9039,9894,9960,9128,9126,9501,9318
3285: 3383,3284
4115: 3712,4323,3715,4328,3915
9248: 9366,9590,9430
1747: 2666,2111,2021,9669,9361,9965
9961: 9859,9731,10021,9389,9267,9554
9590: 9366,9337,9804,9441,9248
3093: 
6967: 6966,6682,6781,7060,7150,7417
9818: 1384,9958,9757,9865,1303,1306
9813: 9722,9335,9645,9708,1820,9720
9814: 9897,9825,9955,9922,9328,9935
5353: 5251,5352
1756: 9351,9579,10023,9327,9555
9825: 9897,9814,9328,10028
5709: 5807,5609,5710,6007
1759: 1502,1336,1504,1583
9627: 9636,9977,6010,9639,6009
6052: 6047,5761,5957,5956,6055,6437
1762: 2492,2028,794,2030,2123
7945: 8026
9821: 730,466,9719,9270
9245: 9363,9552,1644,718,9635,1312
9799: 9522,9599,9689,9797,9887,9331
7191: 7625,9472,7190,7368,7276,7617
9495: 9488,9264,9530,527,1148,1228
6410: 5916,6797,5917,6508
9331: 4240,9797,9489,9522,9799
5186: 5185,5086,5287
1772: 1512,1861,1950,1951
9011: 8964
4169: 4069,4168,4068
7066: 6201,9631
9529: 9920,10042,9377,9362,9638,9943
1777: 1778,1436,1270,1864,1953,2043
1778: 1777,1436,1867,2043,2044,2135
6541: 6350,9406,6164,6448,6163
9944: 9993,9465,9695,10034,9690,9763
4675: 4574,4573
1782: 2321,1043,1527,9758,2047
7467: 7470,7641,7383,7380,7555,7550
1784: 1873,1706,683,1620,1878
9940: 1303,1145,10002,9788,9316
8663: 9616,9271,9344,9505,8729
8639: 8058,7979,8061,8363,8879,8881
9790: 9796,9704,9759
6517: 6709
3383: 3284,3285,3382,3482
9576: 9251,9283
3821: 3818,3722,3820,3819,4123,3922
1793: 9527,1622,1706,1211,9439,2145
9794: 9858,9996,9811,9673
9119: 9077
3497: 
3940: 3835,3838,3550,3942,3444
6820: 9543,9308,6629,6631,6348,6724
9628: 9260,9623,9419,9616,9271,9904
1800: 1461,1542,2153,2341,2156
9332: 9396,9425,9620,3536,9374,9772
8616: 7962,9568,8120,9625,7884
7437: 7349
9592: 9336,8521,8451,9356,9353,9437
1805: 1549,1894,1893,1302,9358,1067,2072
1806: 1306,9470,1384,1549,1721
9692: 9750,9293,9336,8658,9893,9786
6464: 6931,6653
8363: 9080,9079,8879,8058,8639,8431
1810: 9250,1899,1227,1553,1901,1902
8142: 8705,8064,7903,8292,8766
5680: 5678,5581,5776
9946: 366,750,9879,9962,10026
4278: 4177
8715: 10030,8591
1816: 2451,1727,1473,1557
4910: 5010,4809
5699: 
8844: 8784
1820: 9720,9813,9645,2826,2733
8729: 9359,9505,8457,8596,8663
9449: 9303,9509,9885,8358
9642: 9427,9371,9421,9496,672,251
5975: 5876,5973,6071,6072
9953: 7942,9687,9783,9833
8904: 8905
9543: 9308,6820,9435,6724,9512,9540
7757: 7150,7325,7847,7673,7503,7839
5804: 5705,5904
9443: 9246,9320,9279,9296,9342
9684: 6307,9417,6507,9494
9647: 9650,9943,9540,9435,9967,9805
1833: 1921
9296: 9246,9443,9715,9722,9335
3555: 2963,3452,3255,9555,9535
1836: 
9560: 9239,9219,9567,9504,9564,9546
1838: 9765,1840,1666,1412
6768: 6767
1840: 1666,9677,1838
1841: 1412,2199
9768: 9753,6405,9714
9255: 9637,9382,9500,9878,9251
1844: 2578,2022,1931
5009: 5110
3145: 3144,3342,3340
9819: 1340,9399,1019,9748,9500,9972
6155: 6058,6347,5959,5761,5957,6537
1849: 1504,1583,2119
9554: 1915,2453,9389,9961,9859
9817: 9975,10006,9776,6246,6248,9725
7778: 7354
1853: 1943,2218,1855,1592,2033,1506
9552: 9363,9245,1076
1855: 1592,2036,1943,1853,2407
5253: 5453
3552: 2963,3452,3947,9374,9425,3849
4390: 4391,4491
6480: 6576,6385,6481
3037: 2940
1861: 1864,1953,1687,1772,1951
5637: 5736,5837
9854: 9787,9691,9767,9438,9926,9889
1864: 1861,1953,1351,1687,1777,1270
9719: 9821,9830,9270
9726: 9668,9979,9784,9861,9666,9849
1867: 1525,1778,1436,1198,2135,1610
3849: 3458,4141,9597,2963,3552,9425
5070: 4969,5069,5175,5269
9563: 9584,8811,9444,8560,8867,8352
8042: 7721,7885,7719,8033,8120,7884
9574: 9408,9302,9482,10017,9808
1873: 1784,1444,1698,1620
5007: 4907
9850: 334,9732,446
8033: 8120,8262,8333,8042,7719
9631: 9253,9517,9274,7066
1878: 2234,2145,1784,1706,2050
9847: 9685,9914,9908,10016
9778: 9386,9544,9952,10022,9831
1881: 2610,2147,2057,9611,9428,2236,1622
9908: 9278,9685,9847
8555: 8748,8417,8970,8419
7565: 7649,7393,7478,7125,7127,7564
9239: 9219,9560,9567,9193,9037,9162
6915: 6823,6731,7360,7092,6733,7532
10013: 9352,9412,9482
7081: 7342
9578: 9410,9455,9311,9367,5564,5662
1890: 2251,1716,1978,2719
9264: 9495,9488,9812,9514,9291,9530
1892: 2161,2072,1067,2251,1716
1893: 1805,2072
1894: 1549,1805,1984,1721,2072
9747: 9669,9361,9874,9774,9986,9630
9614: 9343,9471,9306
5295: 5395,5194,5294
9261: 3367,2678,9476,9325,9364
1899: 9250,1810,1901,9902
5308: 5408,5207
1901: 1148,1227,1472,1810,1899
1902: 2079,9481,1987,1553,2165,1810
10036: 9932,10011,9891,9744
9394: 9410,9455,5755,5657,9533,5754
3119: 3121,3116,2926,2928,3025
3820: 3717,3519,3818,3821,3915,3819
5876: 5776,5873,5973,5975
9503: 9294,9480,5138,9454,5338,9429
1909: 
9660: 9661,9767,9584,9444,9368,10043
6272: 
9882: 10008,9745,1644,9895,9840
5480: 5380,5578,5481
9637: 794,1095,9382,9255,9251,9415,2028
1915: 2459,9554,9859,2554,2551
7918: 
1917: 2279
9352: 9573,4641,9412,10013,9408,9482
3519: 3717,3820,3321,3421,3517,3818
6326: 6327,6420,6038,6037,9668,9401
1921: 1833
9954: 2010,2098,9451
8044: 8624,8199,8121,8688,8276,9641
9346: 9436,8333,9390,9484,9376
9928: 9733,9484,10024,9486,9729,9390
9911: 9979,9401,9644
9969: 9440,9883,9698,834,1295
4809: 4709,4910
5792: 5891
6978: 7161,7163
1931: 1497,9931,2578,1844
9849: 9666,9648,9861,9701,9726
5492: 5393
4320: 4427,4218,9269,4323
1935: 1421,2024,2119,9737,9665
4917: 4915,5018,5113,5317
4179: 4280
9853: 9657,9698,9441,9804
5200: 5201,5300
3635: 3733,3734,3634,9927,4030,9876
4606: 4605
4450: 4458,4349,4345,4448,4559
1943: 2311,2218,1853,1855,2407
7340: 8170,7929,7248,7247
9112: 9027,8627
4083: 3982,3983
5475: 5277,5175,5274,5574
9038: 9125,8885,8989,8990,9194,9242
4729: 4725,4626,4937,4527,4823,4730
1950: 2131,2036,2037,1772,1951
1951: 2133,1772,1861,1953,1950
4817: 4826,4823,4716,4915
1953: 1864,1861,1777,2133,2043,1951
9845: 9286,9479,9862,9411,9671,9970
9722: 9813,9335,9715,9903,9708,9296
9312: 9694,9951,9733,9413,9886
1957: 1610,2047,2136,2135,2228
3236: 3238,3041,3137
6483: 6388,6387
3990: 3991
4990: 
7314: 7743,7135,7402
3480: 3382
7962: 8616,9836,8120,9587,7880
9534: 8031,8186,9289,9486,9436,9390
4307: 4306
5379: 5380,5278,5578,5478
5705: 5804
3772: 3771
8620: 8343,9653,8274,8271
5154: 5148,5051,5256,9350,5355
8683: 8805,9983,8801,8619,8861
1973: 9259,9553,1709,1539,2244,2061
9679: 9796,9704,9304,9697,3224,2937
5395: 5295,5294,5495
8916: 8807,8805,8917
5426: 5328,5724,9583,5129,6219
1978: 2249,2156,1630,1890,1716
3795: 
4168: 4068,4166,4169,4269
7579: 7909,7988,7494,7911,8150
6709: 6517
9626: 9369,9580,10040,368,750
1984: 1387,1721,1894,2072,2253,2074
4937: 4836,4527,4729,9280,4730,9877
9675: 2770,9510,9822,9810,9659
1987: 1902,1387,1071,1553,2165,2074
9492: 9881,9581,8485
4000: 4100
8046: 7965,7885,8126,8422,8276
1991: 9254,9409,2079,2538,2441,2170
9401: 9668,9979,6038,6326,9644,9911
9260: 8076,9623,9419,9628
9885: 9846,9754,9303,9449
1995: 1557,1488,1392,1729,1561,2552
1996: 2272,1651,2271
9388: 9365,9557,9321,10002,9514,9488
4661: 4559,4462,4553,4665,4660,4658
3733: 3734,3635,3928,4030,4332
9605: 2390,9595,9479,9411,2772,9541
3829: 3734,3731
2002: 2090
8667: 8242,8318,8603
9426: 9413,9886,9702,9836,8262,9376
7095: 6733,7532,6549,6916,9458
6848: 6849,6941,7123
5973: 6164,6071,6068,5873,5876,5975
3656: 2964,3850,3262,2870,3755,3559
4501: 
2010: 2098,9954
9487: 9329,9565,9869,9974,9837,9806
5886: 5887
8056: 7733,8058,8431,8498,8210,8211
6669: 
2015: 2199,2293,2198
8483: 8110,7958
4134: 
5613: 5916,5713
9328: 9569,9262,9935,9825,9814
4301: 
2021: 2395,2111,1747,9737,2024,9669
2022: 2578,1844,2389,3646,3450
6416: 6421,9432,6320,6327,6420
2024: 1421,2305,1935,9737,2395,2021
5819: 6018,5620,6118
5018: 4915,5027,4917,5317,5121
10017: 9574,9871,9985,9808
2028: 1762,2212,9415,9637,794,1095,2305
9498: 4338,9538,9513,9522,9599
2030: 1676,2033,794,1762,2123,2403
9354: 9499,9550,9458,9402,9310,9643
8227: 7992,8228,8301,8150,8225,8943
2033: 1676,2030,1506,2218,1853,2403
7520: 7344,7692,7080
8701: 8361,8878,8429,8983,9237,9120
2036: 2131,1950,2037,1855,2407
2037: 1950,2036,1512,1594
4548: 4444,4448,4338,4553,4650,4655
9766: 9876,9921,9927,9978
8426: 9919,9889,8695,8820,8984,8821
4338: 9498,4444,4548,4442,4650
9905: 9937,9780,2362,9606
2043: 2133,1953,1777,1778,2044
2044: 2136,2135,1778,2225,2043
9595: 2866,2390,9605,9479,2580,9532
6420: 6327,6326,6223,6037,6416
2047: 1610,1957,1527,2321,1782,2228
7010: 6549,6550,6645,6916,7103,7009
9568: 8616,9625,9349,9423,9391
2050: 2231,1611,683,1878
9582: 9375,9591,10032,4141,9597,3949
6275: 6371
10019: 9848,9710,9667,9561,9508,9936
5287: 5186
9687: 9953,9783,8020,9314,7952
8210: 8211,8358,8498,8056
2057: 2610,1881,9611,2424,329
6639: 6358,6357,6733,6549,6550
6871: 6585,6964,6966,6682,7146
8338: 8479,8737,8540
2061: 2336,2244,2151,1539,1973,2335
9804: 9590,9337,9853,9698,9441,9440
7993: 7911,7913,8309,8075,7992,8152
3144: 2953,3145,3242,3342
3417: 2742,3222,3027,3316,3412,3612
5891: 5792
6223: 6323,6316,6037,6219,6420
7780: 
7880: 9587,7962,8119,9423
8982: 8976,9235
8949: 8999,8950,9046
2072: 2161,1892,1894,1893,1805,1984,2253
8837: 8838,8841,8950,9046
2074: 2165,2253,2439,1387,1984,1987
9194: 9037,9162,9242,8989,9038
7821: 7737,7570,7739,7903,8292,7902
8496: 8429,8636,8205,8694,9971,9930
4986: 5086,5087
2079: 9481,1902,2165,2441,9254,1991
9613: 9618,9610,9307,9420,9564
8928: 9077,9235
9380: 9577,9298,9746,9958,1302,9358
9762: 10039,9789,10003,9752,9857,10030
8106: 
9205: 9145
6749: 6931,6934,6932,7119
7125: 7127,7564,7302,7565
6140: 9265,9968,5455,9909,6336
5653: 5552,5849
2090: 2002,2272
6805: 6804,9855
9903: 9715,9902,9708,9722
4771: 4870,4871,4773
8805: 8683,8916,8801,8917
6588: 6688,6784,6586,6682,6781
2096: 2188
9455: 9410,9578,9394,5754,5466,5564
2098: 2010,9954,2280,2188,9451
3207: 1238,1732,3305
9382: 9637,794,9255,9500,9399,1676
3340: 3145,3342
9557: 9388,9365,10002,9470,9316,716
9256: 4155,4146,9489,9442,4343,9462
9122: 9080,8879,8987,9218,9504,9219
7318: 7402,7494,7744,7319,7581,7832
8938: 8708,8991,8705,8707,8440
4002: 
9834: 9693,9947,9396,9620,9375
9758: 9663,9918,9295,1527,1782,1043
5750: 6041,9652,5550
2111: 2395,2666,2021,1747,2201
9368: 9497,9596,9584,9660,9971,10043
9761: 9357,2728,9342,9246,9700,9709
8110: 7958,8261,8483
4867: 4865,5064,4569,4870,4968
9933: 9809,9923,9547,754
8429: 8496,8636,8205,8878,8701,8983
9879: 9414,9946,9663,9918,9962
2119: 1849,9283,1421,1935
6041: 5750,9652,9680,5848
9538: 9498,9513,9258,9573,4642,4442
7123: 6941,7300,6848,9379
2123: 2680,2586,2403,2030,2492,1762
9522: 9599,9799,9331,9498,4444
4880: 
6349: 6629,5965,6631,5964,6058,6347
9937: 9905,9780,9840
4285: 4284,4385
8681: 8346,8417
3741: 3842,3743,3646,3839,3835,3838
2131: 1950,2036,2407
6337: 5956,6144,6244,6335,9872,9658
2133: 2224,2225,2043,1951,1953
7342: 7081
2135: 2136,2044,1778,1867,1610,1957
2136: 2044,2135,1957
7117: 7026,6934,7209,7207,7293
5672: 5572,5964,5274,5574,5868,5965
9728: 9769,9823,9656,9973
3421: 3321,3224,3226,3519,3818,3526
9411: 9845,9479,9351,9970,9541,9605
8981: 9069
9668: 9726,9979,9401,6037,9784,6326
4821: 5027,4929
2145: 2234,1878,2236,1706,1793,1622
6767: 6768,6672
2147: 1881,9611
2148: 9322,502,2424,329,2240
7911: 7913,7831,7993,8150,7579,7992
5509: 5609,5410,5508
2151: 1133,1539,2335,181,2061
9934: 9856,9843,10004,9770
2153: 2526,1542,1709,1134,1800
9445: 9566,9315,9611,329,9322,9287
6219: 6323,6316,6223,5426,5724,6126
2156: 2341,1978,1800,1630
8219: 8707,8221,8143,8144,8064
9373: 9434,9447,8170,7929,9998
4757: 4858,4650,4655,4643,4855
8061: 7818,8703,8639,7979,8881
2161: 2534,1892,2072,2251,2253,2531
7847: 7150,7757,7417,7505,7503
5933: 5839,5536,5833
9555: 3255,9351,1756,3555,9535
2165: 2439,2074,2079,1902,1987,2441
9541: 2772,2865,9535,9351,9411,9605
4293: 4192,4393,4294
7488: 8066
3305: 3207
2170: 2538,1991,9409,1238
7867: 
7791: 7279,7455
8352: 8867,9563
9688: 9349,9423,9916,9864
6421: 9278,6416,9432,9475,6320,6414
6549: 7010,6550,6916,6639,7095
9384: 6118,9511,9475,5920,9575
4387: 4287
4865: 4867,5064,4665,5163,4660
5410: 5509
5640: 5639
4811: 4710,4716
8841: 8950,8837,8838
9706: 1132,1617,9676,9991
2185: 
9841: 2752,9654,2657,2658
9951: 7952,9733,10024,9312
2188: 2280,2098,2096
2189: 2280,9451,2468
4322: 9633,9392,4521,4422,4525,4529
9727: 10039,9789,9824
9638: 9308,9435,9607,9377,9529,9943
2193: 2194,2284
2194: 2193,2286
9639: 9636,9627,6009,9299,6204
2196: 2476,2571,2384
6983: 7073,7164
2198: 2015,2293,2481
2199: 2015,1841,2293
9838: 9870,10000,9994,9866,9689
2201: 2584,2395,2666,2111
5898: 
6912: 9773,9839,6910,9603
9757: 9865,9746,9958,9818
2205: 9742,9965
9493: 9358,1067,9577,1630,9268,1716
3643: 3639
8999: 8949,9092
6797: 5916,6410,6508,5813,9696
3991: 3990,3891
9959: 9751,9721,9459,9524,9670
2212: 2492,2028,2305,2395,2585
9598: 9547,9275,371,9923
3898: 3897,3998
7503: 7839,7757,7847,7505,8597
6018: 5917,5819,6508,9575,6118,9860
7767: 7850,7769
2218: 1943,2311,1853,2033,2403,2595
4444: 4548,4448,9522,4345,4338
3942: 3451,3550,3940,3444,3947,3837
6688: 6588,6784,6586
9463: 9325,9608,9398,9659,9619,10033
8064: 8142,8143,7903,8707,8219
2224: 2225,2133,2410,2411
2225: 2224,2133,2044,2411
4580: 4480,4579
9185: 9211,9229
2228: 1957,2047,2321,2415
5207: 5308
9364: 9325,9608,9261,2873,2776
2231: 2050,1611,1043
5214: 5113,5215
4947: 4642,4643,4641,5044,4849,4955
2234: 2145,1878,2236,2326
8211: 8210,8358,8430,8056,8431,8499
2236: 2234,2145,1622,1881
9986: 9774,9747,9572,9630
5754: 5366,5466,5657,5462,9455,9394
9403: 9322,502,9287,9313,9502,980
2240: 2802,502,2148,2800
9852: 9622,9915,9835,9754,9453,9303
7156: 7858,9785,7062
4697: 4797
2244: 2336,2061,1973,1709,2526
5478: 5578,5676,5774,5379,5870
4367: 4364,4463,4566,4565
6164: 5973,6071,6068,6350,6541,6163
8440: 9130,9127,8707,8770,8938,8708
2249: 2341,1978
9915: 9622,9852,9835,7300,7562,9593
2251: 1890,2161,1892,2815,2719,2531
3742: 3153,3449,3743,3839,10011
2253: 2439,2074,1984,2534,2161,2072
7176: 7179,7777
7937: 8018
6474: 6378
3339: 3536,3444,9621,3837,9424
9997: 9742,9862,9510
9361: 9669,9747,1747,9630,9542,9965
9774: 9986,9899,9747,9874
9278: 6421,9432,6414,9908,9685
9262: 4336,9569,9328,9935,4132,4232
7389: 7033,7563,6662,7302
9527: 1793,1622,9439,9324,9473,9428
9633: 4322,9392,9483,9459,4529,9670
7336: 
8386: 8081,8527,7673,7837,8526
9877: 9280,4836,4937,9751,9266,9718
9661: 9767,9660,9438,9444,9019,9407
3153: 3742,3251,9949,2761,3449
2271: 2272,1996
2272: 1996,2090,2271
4288: 4287
2274: 2371
9446: 886,9338,9537,157,9803,965
4709: 4809,4710
9699: 9950,9775,9345,9791
8630: 8978,9070
2279: 1917
2280: 2189,2188,9451,2098
9984: 9456,9686,9828,9681,9844
9481: 2079,1902,9250,9254,9279
7855: 8018
2284: 2193
3251: 9949,3449,3448,3153
2286: 2194
7521: 7344,7692
2288: 2380
4073: 4072,4074
9982: 10003,9752,9317,8943,9571
5129: 5424,5225,9249,9583,5426,5724
8333: 9346,7877,8033,8262,9376,7719
2293: 2015,2199,2198
5201: 5202,5200,5302
7259: 7348
7765: 8170
9861: 6226,9784,6128,9726,9849
3335: 9957,3729,3731,9713,3531,3628
7352: 7353,7440
7152: 7858,6973,7419,7062
6226: 9784,9861,5725,5826,6126,6323
9895: 9780,1561,9840,9882,1729
5335: 5533,5536,5833
9793: 9782,9383,9907,217
2305: 1421,2024,9415,2212,2028,2395
3506: 3211
7419: 9518,6969,7152,9400,7062
9242: 9194,9162,9125,9038,9615,9548
6047: 6052,5761,5856,5951,5956,6144
7958: 8110,8483
2311: 1943,2218,2595
5727: 5331,6028,5329,5826,6128
8787: 
8824: 8704,8882,8989,9193,9081,9037
9894: 9085,9039,9960,9130,9600,9629
5657: 5755,5361,5462,5363,9394,5754
3491: 
9892: 8624,9634,9407,8688,9438,9787
7682: 9447,8008
9566: 9445,9315,9324,9431,9611,9428
2321: 1782,2047,2228,2415
7668: 7832,7996,7582,7581
3297: 
3526: 3818,3722,3929,3421,3226
5338: 5031,5138,9503,9562,9429
2326: 2234
7002: 6910,7184
4837: 4736,4838
9784: 6226,9861,6323,6037,9726,9668
7283: 7794,7371,7627,7014,7008,7542
7026: 7117,6934,6932,7289,7293
4955: 4849,4947,4643,4855,4852
2333: 2710,9433
8264: 8474
2335: 2523,2524,181,2151,2336,2061
2336: 2244,2061,2524,2335
6098: 6196
9653: 9716,8620,9995,9881,9581
9840: 9895,9780,9882,10008,9937
4836: 4529,4937,4527,9670,9751,9877
2341: 2249,2156,1800,1542
5497: 
3444: 3339,3940,9756,3942,3837
8867: 8352,7888,8126,9563,9444,9019
5837: 5639,5543,5637
6350: 6541,9406,6256,9512,6068,6164
8391: 8242
9319: 2553,9624,9585,9333,2649,9913
9365: 9388,9557,9488,997,716,527
9504: 9307,9218,9564,9122,9219,9560
4870: 4771,4871,4968,4867
4030: 4332,9955,9922,3733,3635,9876
9450: 9545,9828,9739,8984,9976,8821
9290: 9478,9252,9622,9477,9467,9453
8026: 7945
8542: 
9960: 9085,9894,9629,10005,9318,9664
9439: 9676,1211,9468,9527,1793,9473
5249: 5250,5552
9616: 9271,8663,8527,9623,9628
2361: 1651,1483,2363
2362: 2552,9389,9780,1561,9905,9606
2363: 2361
2364: 2459,1488,2453,2451,2643
8031: 9534,8186,9289,7630,7375
2366: 9816
9920: 9529,10042,9839,9650,9943,9773
9237: 9640,9120,9378,8701,9292,8983
3722: 3818,3821,3929,3526,3928,3922
6984: 6974,6403,6011,9764,6209
2371: 2274
2967: 3460,3262,2870,2866,2390,3363
4330: 4328,3819,4123,4132,4331,4232
9336: 8521,9592,8658,9437,9893,9692
2961: 3451,3550,3057,2957,3255
8631: 8632,8694,8282,9596
9344: 9271,8663,9505,9875,9395,9740
9615: 9863,9548,9567,9162,9242,9749
3787: 3786
2380: 2288
7771: 7935,7934,7936,7770
3559: 4139,3755,3656,3262,3856,4045
3486: 3487,3586
2384: 2573,2571,2196
9575: 6018,6118,9511,9384,9860,9601
7014: 7103,7009,7008,7195,7283,7371
2387: 2481,2576
5725: 5327,5329,5826,6126,5328,6226
2389: 2578,2022,2761,3743,3646
2390: 2866,9595,9605,2772,2967,2870
2391: 3464,2873,3166,3364,2968
9655: 10037,9421,9707,9829,9496,9798
9725: 6439,9975,9817,6246
4292: 4192,4393
2395: 2111,2021,2305,2024,2212,2201
6932: 7026,6934,6930,6749,6931
3458: 3849,4141,2963,2865,2964,3850
9988: 9938,9917
4642: 4947,4643,4442,9538,9573,4641
6118: 9384,5620,5920,5621,5819,6018,9575
9620: 9332,9396,9772,9834
5746: 5942,5943
2403: 2123,2586,2030,2033,2218
9932: 10036,10011,3839,3835,9756,9744
10004: 9612,9770,9934
7402: 7318,7744,7319,7314,7743
2407: 1855,2131,2036,1943
9702: 9426,9886,9836,9832,9981,9587
3316: 3412,3121,3417,3027
2410: 2411,2224
2411: 2410,2224,2225,2412
2412: 2411
8513: 8222,8296,8579,8710,8146,8372
9686: 9277,9456,9984,9618
2415: 2416,2509,2321,2228
2416: 2415,2511
6682: 6967,6966,6586,6588,6871
6419: 9898,6425
3729: 9957,3335,3731,10038,3634
7135: 7400,7742,7314
7354: 7265,7778
9664: 9824,9960,10005,9318
9515: 9806,9565,9991,9272
2424: 2704,329,2057,2609,2148
7545: 7460,7630,7198,7195,7371
8835: 8718,8779,8838
3971: 4072
4605: 4606,4504
9269: 4320,4427,9521,9392,9483
9453: 9303,9509,9290,9622,9852,9477
9619: 2580,10033,9608,9463,2968
9806: 9515,9869,9487,9565
8318: 8242,8667
4710: 4811,4716,4719,4611,4709
9648: 9666,9849,9701
9330: 9370,9526,9570,9433,9313,9506
9600: 9130,9127,8995,9297,9894,9629
9866: 9887,10027,9999,9838,9689
2439: 2165,2253,2074,2534,2536,2441
3363: 3364,3661,2866,3460,2967
2441: 2538,2536,2165,2439,2079,1991
5452: 6238,5250
10015: 9347,9314,9783
4915: 5018,4817,4917
10035: 9901,9941,9992,9867,9305,9471
8222: 8513,7743,8146,7744,8372,7988
8301: 8227,8228,8943,9752,8376
8205: 8429,8496,9930,9919,8983,8820
4979: 4978
10043: 9971,9930,9926,9368,9767,9660
2451: 2643,1816,1557,1488,2364
7558: 7973,8497,8560,7383,7811,7470
2453: 2552,9389,1488,2364,9554
9306: 9265,9471,9614,9305
3434: 3533
3805: 
9709: 9700,9717,9246,9335,9645,9761
9063: 8976,10007
2459: 2364,1915,2643,2642,2551
7098: 7542,7368,7276,9499,9402,9465
9323: 9369,1196,9580,1042,9393,892
5870: 6062,6348,5478,5774,5871
2463: 2639,2554,2551,9491,9624,2738
9694: 9832,9312,9886
5774: 5676,5478,5870,5871,5775,5970
9478: 9252,9355,9290,8356,7973,9467
9807: 834,1295,697,9385,9900
2468: 2657,2189,2658
9736: 9769,9823,9760,9829
8032: 7548,7877,8186,7631,9436
9782: 9793,9460,10040,9907
9856: 9934,9956,9843
9921: 9876,9766,9922,9897,9890
5578: 5676,5478,5380,5379,5480
7617: 8020,9989,9993,7276,7191,7190
2476: 2196,2571
5389: 5390
6387: 6290,6291,6483,6388
4271: 
4514: 4621,4510,4616
2481: 2387,2198
9635: 718,9530,927,9291,9363,9245
2483: 2767,1497
8076: 9260,9419,7996,7913,8075
10001: 3071,10010,9822,2973,9662
5230: 5331
9546: 9827,9749,9564,9560,9567,9610
9827: 9749,9546,9811,9610,9858
7743: 7314,8146,7402,7744,8222
5812: 
6196: 6098
2492: 1762,2212,2123,2680,2585
4858: 4757,4655,5062,4658,4855,5060
8346: 8681,8417,8419,8485
5393: 5492
4463: 4367,4364,4263,4458,4462,4565
4553: 4559,4661,4548,4448,4655,4658
9917: 9334,9353,9938,9988
9551: 872,1427,9612,1261,9257,9405
7375: 7631,7462,7630,7200,8031,8186
7252: 9299,6204,9274,6105
6886: 6696,6884,7160,7163
9280: 4730,5141,9602,9877,4937,9266
5697: 5598
4391: 4390,4491
9673: 9811,9863,9672,9794
8921: 9111,9024,8972
9049: 9170
2509: 2415
9983: 8683,8861,9017
2511: 2512,2416
2512: 2511
6209: 9801,9417,6507,9764,6984,6403
5138: 5142,5036,9454,9503,5338,5031
7460: 7545,7630,7198,7020,7200,7110
5069: 5167,5462,4969,5070,5366,5269
9587: 9981,7880,9702,9836,7962,8119
10027: 9887,9866,9646,9999
7249: 7248,7247
9506: 100,9330,9570,9433
8152: 7992,8228,7993,8309,8154
3982: 4083,3983
2523: 2524,2335,181,100,2806
2524: 2523,2335,2336,2808
8470: 
2526: 2715,1542,2153,1709,2244
8356: 8208,7974,7811,9478,9355,7973
9640: 9237,9120,9378,9217,9420,9277
7302: 9738,7389,7563,7125,7564
3330: 
2531: 2721,2251,2534,2161,2815
9271: 9616,8663,9344,9628,9875,9904
9126: 9125,8885,9085,9039,9387,9501
2534: 2161,2253,2439,2721,2531,2536
8776: 8590,8716
2536: 2818,2538,2441,2534,2439,2721
9775: 9950,9699,9329,9416,9345,700
2538: 2818,2536,2441,2170,1991
8695: 9889,8426,9691,8425,9236,8821
2540: 2824,9700,9717,3116
9473: 9324,9464,9439,9468,9527
9482: 9574,9408,10013,9352
9899: 9665,9774,9874
5713: 5910,5613,5916,5813
3583: 3385
9773: 6912,9920,9839,9650,6911
8262: 8033,8120,9376,8333,9426,9836
9080: 8363,9079,9238,8879,9122,9218
9069: 9024,8868,8812,8981
7164: 7073,6983
2551: 2639,2463,2554,1915,2459,2642
2552: 2362,2453,1561,1995,1488
2553: 9319,9624,2738,2830,2649,3025
2554: 2463,2551,1915,9859,9924,9491
4072: 4073,3971
4336: 9569,9262,9521,4232,9282,9734
9674: 9276,9830,1027,9586,9956,874
5180: 5281
9923: 9933,9809,9589,9547,9598
6974: 6984,6403,6011,6010,9779
4969: 5070,4871,4968,5069,5167
5141: 9280,9602
8358: 8210,8211,8430,9449,8632
6062: 5870,6348,5868,5965,6631
4730: 9280,4729,4937,4826,4823
9214: 9114,9072,9187,9074
9559: 9525,9466,9518,9400,9457,9531
9545: 9450,9828,9292,8984,9378,9456
9410: 9455,9578,9394,9533,5359,9311
2570: 2669
2571: 2573,2384,2196,2476
8485: 9140,8419,9492,8273,8346
2573: 2571,2384
5942: 5746,9910
6804: 6805,6520,9855
2576: 2387,2767
9273: 1281,9809,9589,9326,1044
2578: 1844,2022,2389,1931,2761,9931
9423: 9349,9688,7880,9568
2580: 9619,10033,9532,2866,9595
7719: 7721,8042,8333,7638,7877,8033
5345: 
9247: 9295,1198,9372,9528,1525
2584: 2585,2201,2778,9662
2585: 2584,2492,2212,2778
2586: 2123,2403,2689,2685
5818: 5620,5421,5419,5917
9955: 4030,4332,9922,4329,9935,9814
5359: 9311,4950,5157,9533,9410
7675: 9952,8597,9735,9466,7505
5417: 5121,5123,5215,5317,5419,5421
4807: 
4876: 
7400: 7135,7311,7742
2595: 2689,2691,2311,2218
5157: 4855,5159,4852,9533,5359,4950
9162: 9037,9194,9242,9239,9567,9615
6460: 6461,6265,6645,6832,6927
8475: 8478
2600: 2695
9857: 8376,9132,8378,9752,9762,10030,8450
8632: 8631,8694,8358,8430,8636
8121: 7965,9625,8276,9391,9641,8044
7368: 7542,7098,7276,7627,7191,7625
9218: 9307,9217,9504,9080,9238,9122
9375: 9582,10032,9396,9597,9947,9834
3874: 3774
8192: 8189,8412
2609: 2610,2704,2424
2610: 2057,1881,2609
9374: 3947,3837,3536,3552,9332,9425
7909: 7579,8372,7988,8150,8647,8225
5331: 5727,6028,5230
9671: 9742,9965,10023,9970,9845,9862
7311: 7742,8144,7400,8143,7905
6564: 6847
4481: 4582,4480
9744: 9912,9932,10036,9756,9621
4349: 4450,4146,4347,4240,4345
6242: 6338,6335,6336,5852,6339,6244
9859: 9961,9731,1915,9554,2554,9924
9649: 9875,9904,9795,9284,8383,8380
4527: 4529,4836,4937,4525,4626,4729
9942: 7679,8460,9963,9651
4893: 
5366: 5754,5466,5069,5462,5269
3450: 2858,2022,3842,3646
4399: 4298
8430: 8211,8358,8632,8636,8499,8878
8474: 8264,8737
6631: 6629,5965,6349,6062,6348,6820
8498: 7649,7478,8210,7733,8056
9369: 9323,1196,9580,9626,616
3928: 3722,3929,3733,3922,4332
9532: 2580,10033,9286,9479,2770,9595
9046: 8837,8950,8949
9698: 9657,9883,9853,9969,9440,9804
3412: 3316,3607,3417,3612
2639: 2463,2551,2642,2733,2738
6520: 6804
7723: 7721,7555,7638,7641,7888
2642: 9720,2643,2459,2639,2551
2643: 2451,9708,2364,2459,9720,2642
9887: 10027,9866,9646,9599,9799,9689
5917: 6508,6018,5818,6410
3485: 3386
9010: 8743,9016,8962
3670: 
2649: 2928,2744,3025,2553,9319,9913
3166: 3364,3661,2391,3663,3664
6927: 6832,7198,6460,7019,7020
7770: 7932,7769,7936,7771
9580: 9369,9323,9626,9393,9460,10040
4458: 4450,4263,4463,4559,4462
2655: 2657,2752
8991: 8938,8708,8990,8705,8882,8989
2657: 2655,2468,2658,2752,9841
2658: 2657,2468,9841
9629: 10005,9556,9600,9297,9894,9960
8455: 8380,9617,9938,9795,10029
9250: 1810,1899,9481,9279
2662: 2758,2953
8820: 9292,8983,8984,8205,9919,8426
3947: 9374,3837,3451,3942,3552,3452
8675: 8544,8676,8674
2666: 2111,1747,2201,9742,9965
9599: 9522,9799,9887,9646,9498,9513
9488: 9495,9264,9514,9388,9365,527
2669: 2570
9167: 10014,9166
3470: 3471,3372
2672: 9888,9931
4329: 4123,4132,3922,4332,9955,9935
4085: 
8811: 9563,9584,8497,8560,8565,9497
7569: 7130,7396,7039,7737,7570
9291: 9363,9980,9812,9264,9530,9635
2678: 9261,3271,9476
3700: 3701
2680: 2123,2492
3489: 3589
8599: 8163,8462
9431: 9324,9464,9288,9566,9315,9300
9610: 9613,9564,9827,9546
2685: 2879,2586,2689,2881,2974
4968: 4870,4871,4867,5064,5167,4969
6598: 6695,6307
9315: 9566,9445,9431,9526,9300,9287
2689: 2595,2586,2685,2881
9314: 8020,9989,9347,10015,9687,9783
2691: 2595
7739: 7905,7903,7309,7821,7570
2693: 
5943: 5746
2695: 2600
9654: 2752,9841
3504: 
2698: 2699
2699: 2698
9691: 9854,9787,9800,9889,8695,8425
3151: 3641
3949: 4139,3755,4141,3850,9582,9591
3041: 3137,2944,3236
2704: 2424,2609,2800
8807: 8916,8748,8917
9558: 9387,9507,9501,9802
9337: 9366,9590,9804,9440,9339,9553
3502: 
4470: 
2710: 2902,2333,100,2806
5424: 5129,5225,5722,5724,6021,6022
3891: 3991
4094: 3994
9059: 9012,8964
2715: 2526,1542
9948: 521,402,9474
5062: 5163,4660,4658,4858,5361,5060
3860: 3663,3763,3956,3857,3957,3858
2719: 2815,1890,2251
4641: 9573,9352,4642,4947,9408,5044
2721: 2912,2531,2534,2818,2536
4907: 5007
8812: 9069,8868
3280: 3279
8154: 8453,8228,8152,8304,9448,8153
5581: 5680,5481
6507: 6209,9417,6403,6405,9684
2728: 9761,9357,9700,3210,2822,2824
4287: 4288,4387
9976: 9236,8821,9450,9739,9070
5466: 5754,5366,9455,5564,5664
4164: 4364,4165,4057,4263,4156
2733: 2826,2830,1820,2639,2738
5413: 5312
9910: 5942
3284: 3383,3285,3185
5533: 5335,5332,5833,5633
2738: 2553,9624,2639,2463,2830,2733
9244: 9810,9398,10010,3170,9476
9967: 9406,9647,9540,9805,6448,6637
9292: 8983,8820,8984,9237,9378,9545
2742: 3417,3222,3027,2744,2743,2836
2743: 9913,9304,2744,2742,3127,2836
2744: 2649,2928,9913,2743,2742,3027
9907: 10040,368,9782,9793,424,217
9689: 9799,9838,10000,9797,9887,9866
5192: 5092
6966: 6967,6682,6871,7146,7150,7325
8676: 8544,8675,8677
9005: 8891,8779,8718
9187: 9114,9214
2752: 9654,9841,2655,2657,2848
5789: 5889
9603: 9301,9667,9884,6910,6912
3101: 
9632: 9604,9350,9808,9985,9404,9755
5225: 5424,5129,9562,9249,5722
2758: 2662
9751: 9959,9721,4836,9670,9877,9718
7737: 7821,7570,7569,7901,7902
2761: 9949,9931,2578,2389,3153
10037: 9655,9496,9798,9781,155,9803
6781: 6967,6588,6590,7060,6969
9385: 9288,9807,9370,9300,9900
9705: 9486,9729,7794,7627,7625,9289
8784: 8844
2767: 2483,9888,1582,2576
9594: 9519,9340,9750,9293
8647: 8373,8225,8710,7909,8372,8888
2770: 9510,9675,9286,9659,10033,9532
7942: 9953,7952,7279
2772: 2865,9541,2390,9605,2964,2870
9490: 9539,9367,6339,5951,6144,6244
8658: 9336,8521,8591,8898,9750,9692
5765: 5668,5961,5664,5663,6058,5959
2776: 9364,3367,2873
2777: 3073,3072,3071,10010,3170
2778: 2973,2584,2585
9832: 9694,9886,9702,9981
6550: 7010,6549,6645,6639,6266,6265
5280: 
9842: 8175,9683,8097
6144: 5956,6337,6244,9490,5951,6047
9173: 9171
9289: 8031,9534,7794,9486,9705
9307: 9217,9218,9420,9504,9564,9613
5959: 6058,6155,5663,5856,5765,5761
9416: 9272,9329,9565,9775,700
7122: 7646,9379
4166: 4168,4165,4266
7020: 6930,7019,6927,7198,7460,7110
6078: 6077
7184: 7002
8603: 8667,8168,8392
9102: 8273,9140
5462: 5069,5167,5363,5657,5754,5366
6204: 7252,9299,6007,9639
5904: 6003,5804
9406: 6350,6541,9967,9512,9540,6448
2800: 2896,2704,2240
9412: 9573,9352,9258,9723,10013
2802: 2240,502,980
7360: 7092,9561,6731,6911,6915,9301
5871: 6724,6256,5870,6348,5774,5970
8674: 8675
2806: 2523,2902,2710
9801: 6209,9417,9724,9764,9309,9469
2808: 2524
9624: 2553,9319,2738,2463,9491,9333
4855: 5159,4852,5157,4858,4757,4955
9663: 9758,9918,9879,9962,1611,1043
4057: 3858,4255,3957,4156,4164
9550: 9499,9354,9458,6916,7009,7008
3607: 3412
2815: 2719,2251,2912,2531
5041: 
9333: 9585,9491,9319,9624
2818: 2538,2536,2721
5215: 5214,5317,5417,5419
5662: 5564,5663,5856,5951,9578,9367
4081: 
2822: 3210,1732,9357,2728
5801: 
2824: 3211,2540,2728,9700,3210
4510: 4611,4514,4616
2826: 2926,2830,2733,9645,1820,9717
3136: 
10026: 9962,683,9946,1698
9837: 9974,9487,9329,9950
2830: 2926,2826,2733,2553,2738,3025
9586: 9281,801,9956,9843,9674,874
3536: 3339,9374,3837,9772,9424,9332
9311: 5359,9410,9578,9539,9367
9871: 10018,9985,9820,10017
9386: 9778,9544,9359,9712
2836: 3321,3127,2743,2742,3222,3517
8236: 8526,7836,7142
6425: 9898,6419
9525: 9466,7417,7505,9559,9518
9630: 9542,9327,9986,9361,9747,9572
2841: 9704,3431,3425,2937,3627
2842: 
7155: 7680
2844: 
9780: 9895,1561,9840,9905,9937,2362
9816: 9924,9731,2366
5552: 5249,5849,5653
2848: 2752
9739: 9450,9828,9976,9681
4611: 4510,4710,4719
6335: 6338,6242,6337,6244,9901,9658
2852: 
8801: 8619,8805,8683
10002: 9321,9788,9940,9316,9388,9557
9454: 5138,5142,9602,9294,9503,9523
9597: 3849,4141,9396,9425,9375,9582
9737: 9665,2024,1935,9669,9874,2021
2858: 3057,2957,3450,3842
9350: 9604,9632,5148,5154,9404,5151
5587: 
9125: 9126,8885,9038,9242,9548,9387
3778: 3678,3777
3727: 3627,3628,3425,3625,3929
9267: 9606,9389,9961,10021
2865: 2772,9541,9535,2963,3458,2964
2866: 2390,9595,2580,2967,3363
9132: 8376,9857,9752
5572: 5672,5964,5274,5668,5961
8189: 8192
2870: 2967,3262,2772,2390,2964,3656
9634: 8624,9892,9787,9800
5136: 5722,5621,5124,9562,5224
2873: 3464,2391,9364,2776
9651: 9831,9963,9942
9729: 9486,9705,7625,9472,9928,10024
8950: 8841,8837,9046,8949
9535: 2865,9541,9555,9351,3555,2963
9254: 1991,9409,2079,9481,9320,9279
2879: 2685,2974
8495: 9027,8627,9157
2881: 2974,2689,2685
9435: 9543,9308,9638,9647,9943,9540
4132: 4123,4329,4330,4232,9262,9935
6077: 6078
7439: 
4280: 4179
5978: 5977
2888: 
5363: 5167,5462,5163,5064,5361,5657
9676: 1211,9439,9706,9991,9468
2891: 2987
7398: 7309,7905
2893: 
3045: 3246
2895: 2896
2896: 2800,2895
5151: 9404,9350
5609: 5509,5709
9753: 6405,9714,9768,9779,10031
8412: 8550,8679,8192
9321: 10002,9788,9514,9388
2902: 2710,2806
9372: 1272,1524,9528,1197,1118,9247
3385: 3583
9973: 466,9823,9728
2906: 
9381: 9391,9641,9349,9864,8343,9716
9252: 9478,9355,9593,9290,9588,9622
2909: 
7769: 7850,7936,7767,7770
6653: 6930,7019,6744,6464,6931
2912: 2721,2815
6731: 6911,9805,6637,6915,7360
9924: 9816,9859,9731,2554
9764: 9724,9696,6984,6209,9801
6010: 9627,6009,6011,6974
10007: 8976,9063
9665: 9737,9899,1935,9874
9275: 9547,9598
10003: 9982,9752,9571,10039,9762
5250: 5451,5249,5452
5641: 
8885: 9126,9125,9038,8990,9039
9349: 9688,9423,9568,9391,9381,9864
3057: 2858,2957,3842,3838,2961,3550
2926: 2826,2830,3119,3116,3025
7039: 6854,7128,7130,7569,7217
2928: 2649,2744,3025,3119,3121,3027
5676: 5578,5478,5774,5678,5775
9542: 9630,10023,9327,9361,9965
8265: 8336,7870
9683: 9842,8175
9864: 9995,9916,9349,9688,9381,9716
9092: 9091,8999
4347: 4255,4155,4146,4156,4349
9710: 9848,9695,10019,9936
2937: 3425,3226,9679,9704,2841,3224
4725: 4616,4626,4729,4719,4823
9424: 9772,9418,3536,3339
2940: 3037
3226: 3425,2937,3421,3224,3526
8590: 8776,8898,8716,9939