9266: 9348,9877,9602,9523,9280,9718,9454
9886: 9702,9832,9836,9694,9426,9312,9413
9339: 9337,9440,9553,9804
9882: 10008,9895,9840,9745,9245,9474
9378: 9456,9292,9277,9640,9545,9420
9556: 9629,9317,9297,9571,10005,9982
6507: 
3486: 
4811: 
3874: 9506,9575
5975: 
8475: 
9376: 9484,9346,9413,9426
10012: 10031,10009,9880,9714,9768
9954: 9451,9730,9948,9474,9383
9562: 9249,9503,9429,9784,9409
9512: 9406,9540,9543
9482: 9574,9408,9352,10013,10017
10017: 9871,9985,9808,9574,9482
10007: 
9833: 9783,9953,9687,9910,9652
10011: 10036,9932,9891,9576,9925,9878
9394: 9410,9455,9533,9608
2280: 
9092: 
9962: 9879,10026,9946,9663,9439
9590: 9441,9248,9366,9337,9804,9430
9690: 9763,9695,9944,10034
9354: 9550,9458,9499,9643,9310,9402,9465
4569: 
9990: 10041,9771,9957,9516,9713,9815
9774: 9899,9874,9747,9986,9669,9425
9768: 9714,9753,9898,10031,9684,10012
9848: 9710,10019,9884,9667
9958: 9818,9757,9746,9380,9865,9298
7009: 
9294: 9503,9454,9523,9480,10025,9703
9663: 9758,9918,9414,9879,9962
9392: 9633,9269,9483
8694: 
40: 
6085: 
9533: 9394,9410,9311
9362: 9529,9377,10042,9476,9244,9398
9782: 9793,9907,10040,9460,9446,9338,9537
9265: 9306,9305,9909,9968,9549,9901
9317: 9297,9556,9571,9982
9588: 9252,9355,9593,9379,9622
6884: 
9746: 9757,9958,9380,9298,9441,9853,9657
2600: 
9633: 9392,9483,9459,9670,9280
9280: 9266,9602,9877,9633,9670
9322: 9287,9445,9403,10001,10010,9810,9607
9645: 9717,9709,9335,9813
9295: 9247,9528,9758,9918,9427
9607: 9377,9308,9638,9403,9322
1740: 
4322: 
9469: 9309,9417,9494,9801,9908,9847
9935: 9955,9814,9328,9262
9945: 9826,9719,9821
9779: 9977,10031,9753,9627,9880
9914: 9906,10016,9685,9847,9896,9341
9851: 
9943: 9805,9647,9529,9638,9435,9650,9920
4893: 
8150: 9750
5475: 
9855: 6695
9566: 9611,9428,9324,9431,9445,9315
9829: 9798,9707,9655,9760,9736,9769,9270
9434: 9447,9373,9651,9711
9683: 9842
9709: 9761,9700,9717,9246,9645,9335
4891: 
9519: 9594,9340,9285,10030
9928: 9484,9486,9390,9729,10024,9733
9325: 9398,9364,9261,9476,9463,9608,10033
9854: 9691,9889,9787,9767,9926,9438,9800,10043
9508: 9561,9310,9643,9936,10019,9301
10023: 9965,9671,9970,9542,9327,9579
9398: 9476,9325,9463,9244,9810,9659,9362,10033
9765: 9677
9699: 9950,9775,9791,9345,9657,9883,9329
9629: 9600,9297,9556,9894,9960,10005
9415: 9283,9251,9637,9737,9665,9372
9510: 9286,9532,9997,9675,9862,9822,9662,10010
9814: 9955,9922,9935,9328,9825,9897
5640: 
7355: 
9691: 9854,9889,9787,9800,9292,9545,9450
9922: 9955,9814,9825,9876,9897,9921,9766
9853: 9657,9883,9698,9969,9804,9441,9746,9440
9617: 9448,9334,9938,9795,10029
7318: 
9880: 10009,9977,10031,10012,9517,9779
9698: 9804,9969,9440,9853,9883,9657,9807
9787: 9800,9892,9691,9854,9438,9634,9767
3321: 
9931: 9888,9949,9891
9738: 9885,9754,9846,9835,9764
8710: 
9907: 9793,9782,10040,9326,9383,9273,9338,9589
9754: 9738,9885,9303,9835,9852,9846
9819: 9972,9878,9748,9500,9399
9857: 9762,9752,10030,9340
9565: 9416,9272,9515,9487,9329,9806,9775
9918: 9528,9414,9758,9663,9295,9879
9788: 9940,10002,9321,9547,9933
8225: 
9426: 9312,9413,9376,9836,9886,9702
9722: 9708,9813,9715,9296,9335,9903,9720
5400: 
9660: 9661,9584,9444,9767,9368,10043,9438
9761: 9709,9700,9246,9342,9357
9852: 9835,9915,9303,9622,9453,9754,9593
9456: 9545,9378,9277,9828,9984,9686
9858: 9827,9811,9794,9996
6682: 
9724: 9696,9860,9601,9309,9764,9801
10010: 9810,9244,10001,9822,9675,9659,9322,9510,9611
9609: 9579,9572,9555,9327,9582,9591
9729: 9472,9705,9928,9486,10024
9405: 9612,9551,9748,9257,9682,9949
9878: 9819,9972,9500,9255,9925,9576,10011
4485: 
127: 
9514: 9488,9264,9388,9321,9812,9743
9964: 9873,9872,9776
9713: 9520,9516,9957,9990,9771
9838: 9994,9870,9689,10000,9866
9899: 9774,9874,9665,9374,9425,9332
9982: 10003,9752,9571,9317,9556
4463: 
2333: 
1729: 
9245: 9635,9363,9552,9895,9882,9980
9467: 9478,9290,9477
9974: 9869,9837,9487,9933,9806,9809
9868: 
141: 
9884: 9603,9667,9848,10019,9261
9572: 9327,9630,9579,9986,9609,9582,9597
5564: 
1793: 
3119: 
3540: 
9431: 9288,9464,9324,9566,9300,9315
9619: 9608,9463,10033,9595,9605
5870: 
3121: 
9407: 9444,9438,9661,9892,9563
10033: 9675,9659,9619,9463,9532,9595,9398,9325
9401: 9911,9979,9668,9644,9726
9441: 9590,9248,9804,9853,9298,9746
156: 
9708: 9722,9903,9813,9715,9720,9624,9902
9644: 9911,9341,9896,9401,10020
9382: 9399,9500,9255,9637
9246: 9335,9296,9761,9709,9443,9342
9985: 9820,9871,10017,10018,9755,9632,9808
9957: 10041,9990,9713,10038
8921: 
10002: 9321,9316,9557,9788,9940,9388,9818
9606: 9267,9389,9905,9780,9961,9635
9692: 9893,9786,9293,9336,9750
2858: 
1225: 
9983: 
7934: 
9485: 9759,9796,9697,9585,9333,9924
9324: 9473,9527,9428,9566,9464,9431
9319: 9333,9585,9624,9913,9720,9813
9446: 9338,9537,9803,9263,9460,9782,9461
10005: 9664,9960,9629,9556,9571,9824
2194: 
9413: 9312,9426,9376,9484,9733,9886
9843: 9934,9856,9281,9586,9770,9956
9523: 9454,9602,9294,9266,9348,9703
9736: 9829,9760,9769,9823,9270,9821,9798
9648: 9849,9701,9666,9785,9400,9518
9751: 9721,9877,9718,9670,9959
3504: 
9601: 9511,9309,9575,9860,9724
9253: 9631,9274,9299,9636,9517,9977
9581: 9492,9881,9653,9844,9681,9716
9596: 9497,9368,9971,9639
9259: 9430,9553,9366
9895: 9780,9840,9882,9245,9635,9363
8264: 
9367: 9311,9539,9490,9578,9410
9258: 9538,9498,9573,9513,9412,9723
9299: 9274,9639,9253,9636
9893: 9692,9786,9336,9437,9592
9433: 9506,9330,9313,9502
1950: 
9450: 9545,9976,9828,9739,9800,9691
9741: 
9881: 9653,9492,9581,9995,9716
9700: 9717,9761,9709
9650: 9773,9920,9943,9805,9647,9839
4941: 
9669: 9747,9874,9737,9361,9774
9369: 9323,9626,9580,9946,10026,9706,9991
9976: 9450,9739,9800,9634,9641,9625
9385: 9300,9288,9370,9900,9807,9791,9345
9662: 9822,10001,9997,9510,9611,9428,9742,9527
1594: 
2778: 
9870: 9838,9994,9947,9693
9815: 9771,10041,9990
9586: 9281,9956,9856,9674,9843
6071: 
10000: 9689,9797,9422,9462,9994,9838
9583: 9360,9452,9249,9861,9784,9701,9785
9849: 9701,9648,9861,9726,9666,9979
217: 
9941: 9658,9901,10035,9792,9873,9992
9908: 9847,9685,9278,9469,9309,9511
9920: 9773,9650,9839,10042,9529,9943
9569: 9328,9262,9734,9825
9544: 9386,9359,9952,9778,10022,9712,9735
7901: 
9529: 9362,9377,9638,9943,9920,10042
7292: 
9656: 9769,9728,9798,9781,9537,9338,9793
9681: 9844,9984,9739,9828,9653,9581
9887: 9799,9689,9599,10027,9866,9646
7965: 
8904: 
9716: 9381,9653,9864,9995,9916,9881,9581
9470: 9316,9557,9902,9365,9358,9577
9515: 9272,9565,9806,9991,9706,9416,9775,9626
5064: 
9677: 9765
9769: 9728,9823,9656,9736,9798,9829,9781
9462: 9331,9256,9489,9442,9422,9797,10000
9261: 9364,9325,9476,9884,9603
9248: 9590,9441,9430,9366,9536,9298,9268
9970: 9671,9862,9845,10023,9411,9351,9579
9965: 10023,9671,9742,9542,9361
9667: 9603,9301,9561,9884,10019,9848,9839
9461: 9263,9393,9496,9642,9803,10037,9446
9593: 9379,9622,9588,9252,9915,9852
8391: 
9373: 9434,9447,9998,9452,9678,9711
9723: 9646,9412,9258,9513
9570: 9370,9526,9330,9506,9900
9594: 9519,9340,9750,9293
9637: 9251,9255,9382,9415,9283,9372
2305: 
9971: 10043,9930,9596,9368,9926
9575: 9511,9601,9384,9860,3874,9506
9830: 9956,9674,9276,9270,9719,9826
9445: 9322,9611,9315,9287,9566,10001
9673: 9811,9863,9672,9794
9612: 9551,9257,9405,10004,9770
9516: 9520,9713,9990,9771
10035: 9901,9941,9992,9867,9305,9471
7899: 
9406: 9512,9967,9540,9379,9915
9824: 9727,10039,10005,9571,9664
10006: 9776,9792,9817,9975,9992,9725
9822: 9662,10001,10010,9810,9675,9510,9611,9997,9428
10031: 9977,9779,9880,10012,9753,9714,9768,9684
9917: 9988,9938,9334,9353,9386,9712,9592
2391: 
9832: 9886,9702,9694,9981
9257: 9551,9612,9281,9770,9405,9748
9296: 9443,9246,9335,9722,9715,9279
9237: 
9582: 9375,10032,9591,9396,9597,9572,9609
9874: 9665,9737,9669,9747,9774,9899
274: 
9791: 9699,9775,9345,9883,9657,9807,9385,9288,9900
2476: 
9418: 9424,9621,9912,9772
9486: 9534,9289,9390,9928,9705,9729
8046: 
2609: 
9592: 9353,9356,9437,9336,9334,9893,9917
2585: 
3471: 
9969: 9698,9440,9883,9853,9807,9900
9546: 9560,9567,9564,9610,9827,9749
9909: 9968,9549,9755,9404,9265
9793: 9907,9782,9383,9326,9338,9728,9656
9481: 9279,9254,9250
10037: 9781,9798,9655,9496,9803,9461,9421
9494: 9417,9469,9684,9847,10016,9753
6695: 9855
3786: 
3907: 
3983: 
9979: 9726,9668,9911,9401,9666,10020,9849
9726: 9861,9668,9784,9979,9666,9849,9401
10042: 9839,9920,9362,9529,9476,9603
9473: 9324,9527,9439,9468,9464,9676
299: 
9613: 9618,9420,9307,9564,9610,9277
9686: 9618,9277,9456,9984
9801: 9309,9469,9417,9724,9764
10029: 9795,9740,9617,9938,9395,9988
9307: 9613,9420,9564,9504
9755: 10018,9549,9632,9909,9404,9985
8296: 
9682: 9949,9888,9925,9972,9748,9405
9772: 9424,9620,9332,9418,9374,9621
10036: 9932,10011,9744,9891,9756
9836: 9886,9702,9587,9426,9423,9981,9688
9585: 9333,9319,9913,9697,9485
9542: 9327,9630,9361,9965,10023
5754: 
9500: 9399,9382,9255,9878,9819,9972
9733: 10024,9951,9413,9312,9484,9928
316: 
9888: 9931,9949,9682,9925,9891
9291: 9530,9363,9635,9264,9812,9980
9712: 9395,9505,9359,9386,9988,9544,9917
3860: 
10025: 9711,9703,9480,9678,9294
9916: 9995,9864,9716,9688,9587
6155: 
9428: 9527,9611,9324,9566,9662,9822
9410: 9455,9394,9578,9533,9311,9367
9503: 9294,9562,9429,9480,9454
9411: 9351,9541,9605,9845,9479,9970,9535
9714: 9768,9753,10031,10012,9525,9518
9597: 9396,9425,9582,9375,9986,9572
9580: 9460,9393,9323,9369,10040,9626,9263
9873: 9964,9792,9776,9872,9658,9941
9599: 9522,9513,9799,9887,9646,9498
9803: 9537,10037,9446,9781,9496,9461,9263
9624: 9491,9333,9319,9720,9708
9327: 9630,9542,9572,9579,10023,9609
336: 
9643: 9508,9310,9354,9402,9936,10034,9561
9420: 9613,9618,9307,9640,9277,9378
9753: 9768,9714,10031,9779,9684,9898,9417,9494
9951: 9733,10024,9312
2699: 
9778: 10022,9952,9386,9831,9544,9353,9437
2024: 
3722: 
9744: 9756,9621,9932,10036,9912
7340: 
9926: 9919,10043,9930,9767,9854,9889,9971
9826: 9945,9719,9830
8333: 
9912: 9621,9744,9418,9756
6731: 
10024: 9733,9951,9472,9928,9729
3345: 
9316: 9470,9557,10002,9940,9818,9388,9380,9577
10003: 9982,9752,9762,9571,10039
9697: 9679,9796,9304,9485,9913,9585
6420: 
7581: 
359: 
9891: 10011,10036,9932,9925,9888,9931
4486: 
2906: 
9757: 9746,9958,9818,9865,9657,9950,9837
9911: 9644,9401,9979,10020,9896
9987: 
9821: 9270,9719,9736,9823,9945
6849: 
9689: 10000,9797,9799,9887,9838,9866
9541: 9411,9351,9535,9605,9479
9628: 9623,9616,9271,9260,9419,9904
6140: 
9289: 9486,9534,9705,9993,9989
9701: 9849,9648,9861,9785,9400,9583
9671: 9862,9970,9742,10023,9965,9845,9997
9748: 9819,9972,9405,9682,9257
376: 
9499: 9465,9402,9354,9550,6930
9584: 9563,9444,9660,9497,9368,9449,9509,9661
9329: 9487,9837,9416,9565,9950,9775,9699
9476: 9398,9261,9325,9244,9362,10042,9603
9929: 9718,9721,9348
9463: 9398,9325,9608,9619,10033,9659,9595,9364
9813: 9720,9722,9708,9335,9645,9319
9330: 9506,9570,9433,9526,9313,9370
9271: 9616,9628,9344,9904,9875
9984: 9844,9681,9828,9456,9686,9545
9276: 9270,9830,9674,9760,9719
9608: 9619,9364,9463,9325,9394
9391: 9349,9625,9381,9641,9568,9864
8879: 
9454: 9602,9523,9294,9503,9266
9455: 9578,9410,9394
9379: 9593,9588,9967,9406,9805
9866: 10027,9999,9838,9689,9887
9616: 9623,9271,9628,9631,9274
9668: 9784,9726,9979,9401
9312: 9426,9413,9733,9951,9886,9694
7723: 
2364: 
9549: 10018,9755,9909,9968,9265
9444: 9407,9563,9584,9660,9661,9509,9449,9477
9975: 9817,9725,10006,10015,9783
9145: 
9311: 9367,9539,9578,9410,9533
9780: 9895,9840,9937,9905,9606,9635
9540: 9435,9543,9512,9967,9647,9406
9802: 9507,9558,9672,9548
9331: 9489,9462,9522,9797,9799,4146
9638: 9435,9607,9377,9308,9529,9943
9752: 9762,10003,9982,9857
411: 
9488: 9514,9264,9365,9388,9495,9530,9557
9760: 9707,9829,9736,9276,9270
9646: 9723,9513,9599,10027,9887
9397: 9357,9342,9320,9409
4771: 
9081: 
9640: 9292,9378,9277,9420
9900: 9807,9385,9370,9570,9969,9791
9679: 9697,9304,9796,9704
9343: 9471,9614,9867
9847: 9908,9685,9914,10016,9469,9494
9303: 9449,9509,9453,9852,9754,9885,9622
424: 
9555: 9535,9351,9579,9609
9247: 9295,9528,9372,9427,2685
9595: 9479,9532,9605,9619,10033,9463
9968: 9909,9549,9306,9265,9305
10039: 9789,9727,9762,10003,9824,9571
7811: 
9255: 9251,9637,9382,9500,9878,9576
9877: 9266,9348,9718,9751,9670,9280,9602
10026: 9962,9946,9676,9369,9439,9991,9879
3820: 
9539: 9490,9367,9311,9350,9404
9309: 9601,9469,9801,9724,9908,9511
9551: 9612,9257,9405,9949
8885: 
8513: 
9797: 10000,9689,9799,9331,9462,9489
9693: 9947,9834,9870
9341: 9432,9644,9278,9685,9896,9914
9996: 9794,9858
10008: 9882,9745,9840,9937,9948
9517: 9253,9631,10009,9880,9636,9977
3743: 
9784: 9668,9726,9861,9249,9583,9562
9942: 9651,9963,9531,9457,9447,9998
449: 
6018: 
9448: 9617,9334,9356,9938
9492: 9581,9881,9844
9371: 9642,9427,9421,9372,9496
9973: 9823,9728,9730
5792: 
456: 
9988: 9917,9938,9395,10029,9712,9334
9666: 9979,9726,9648,9849,10020,9906
9933: 9809,9923,9547,9869,9974,9788
9938: 9334,9617,9917,9988,10029,9448,9356
9365: 9495,9388,9488,9557,9470,2721
5129: 
9300: 9385,9288,9431,9370,9526,9315
8991: 
9360: 9583,9452,9249,9429,9480,9678
466: 
9665: 9874,9737,9899,9415,9283,9374
9475: 9384,9511,9278,9432
9432: 9341,9278,9685,9475
9615: 9567,9548,9749,9863,9387
9670: 9877,9751,9959,9459,9633,9280
9561: 9508,9301,9667,10019,9936,9643
9850: 9732
9995: 9916,9881,9716,9653,9864
9408: 9574,9302,9482,9352,9573,9538
2540: 
9809: 9923,9933,9589,9273,9869,9547,9974
2133: 
9414: 9918,9663,9879,9528,9427,9393,9323,9946
9449: 9303,9509,9885,9497,9584,9444,9453
9496: 9421,9655,10037,9803,9642,9461,9371
9466: 9525,9559,9457,9735,9952
9840: 9895,9780,9937,9882,10008,9745
9711: 9703,10025,9678,9373,9434
9717: 9700,9709,9645
9946: 9879,9962,10026,9369,9323,9991,9414
8770: 
9550: 9458,9354,9499
9277: 9378,9456,9640,9420,9618,9686,9613
4498: 
9079: 
492: 
9777: 
9627: 9636,9639,9977,9779
1529: 
9577: 9358,9493,9268,9536,9298,9380,9557,9316,9470
1246: 
9527: 9439,9428,9473,9324,9662
1709: 
9524: 9459,9282,9734,9959
9739: 9828,9450,9976,9681,9641,9653
5876: 
9359: 9505,9544,9386,9712,9395,9952
8737: 
3284: 
9785: 9531,9400,9648,9701,9998,9583,9452
9842: 9683
9427: 9371,9642,9372,9528,9414,9247,9295
7259: 
7505: 
9632: 9350,9604,9404,9755,9808,9985
7880: 
513: 
9828: 9739,9450,9545,9456,9984,9681,9844
9531: 9400,9785,9457,9559,9942,9998
9603: 9301,9667,9884,9773,9839,9261,10042,9476
9353: 9356,9437,9592,9334,9917,9386,9336,9778
9416: 9272,9565,9329,9775,9345,9515,9468
9684: 9417,9494,9753,10016,9898,9768,10031
9652: 9680,9910,9833
9252: 9355,9588,9622,9478,9290,9593,9453
9436: 9390,9534,9346
9805: 9647,9967,9943,9773,9650,9379
9823: 9973,9728,9769,9736,9821
9318: 9558,9501,9960,9664,9894
9286: 9510,9532,9479,9845,9862,9997,9675
9564: 9504,9560,9613,9307,9610,9546
9621: 9418,9756,9744,9912,9424,9772
9903: 9902,9715,9708,9722,9250,9493,9358
6916: 
9474: 9948,9745,9954,9882,3991
9871: 9820,10017,9985,10018
9310: 9508,9458,9643,9354,9402
6480: 9292
535: 
3903: 
537: 
9545: 9456,9450,9828,9378,9292,9984,9691
9393: 9580,9460,9263,9323,9461,9414,9528,9642
9273: 9326,9589,9809,9907,10040,9869
9525: 9466,9559,9518,9714
9703: 9711,10025,9348,9523,9294
9283: 9415,9576,9251,9665,9637,9737
9278: 9685,9908,9432,9341,9511,9475,9384
9507: 9558,9387,9548,9802,9672,9501
7002: 
2153: 
9919: 9926,9930,9889
9464: 9288,9431,9473,9324,9468
9807: 9900,9385,9969,9883,9791,9698
9905: 9780,9937,9606,9267
9293: 9750,9594,9692,9786
10014: 
9518: 9559,9525,9400,9648,9714
9425: 9396,9597,9332,9374,9899,9774,9986
9479: 9595,9532,9605,9286,9845,9411,9541
4146: 9331
9825: 9922,9814,10028,9897,9328,9569
9267: 9389,9606,9961,10021,9905
9658: 9941,9792,9901,9873,9872,9490
561: 
9756: 9744,9621,9932,10036,9912,9424,3947
9614: 9471,9306,9343
9883: 9853,9657,9969,9698,9345,9791,9807,9699,9950
4448: 
9879: 9962,9946,9663,9414,9918,9323,10026
9396: 9425,9597,9332,9620,9375,9582,9834
9991: 9706,9676,9468,9515,9272,9439,9369,10026,9946
10004: 9770,9612,9934
9402: 9465,9499,10034,9354,9643,9944,9310
9404: 9350,9632,9755,9909,9539
2721: 9365
9275: 9598,9547,9923,9743,9980,9552
9587: 9836,9702,9981,9423,9688,9916
10015: 9347,9314,9783,9725,9975,9687
10034: 9695,9936,9944,9402,9465,9643,9690
9844: 9984,9681,9828,9581,9653,9492
4004: 
9459: 9483,9633,9524,9282,9670,9959
9687: 9953,9783,9314,9472,10015,9833
9563: 9444,9584,9509,9477,9661,9407
9659: 10033,9675,9810,9463,9398,9532,10010,9244
9953: 9687,9783,9833,9472
1873: 
9011: 
9977: 10031,9779,9880,9636,9627,9517,9253
9898: 10016,9906,9768,9753,9684
9537: 9803,9446,9338,9781,9656,9782
9773: 9920,9650,9805,9839,9603,9301
5332: 
9657: 9853,9883,9698,9791,9699,9746,9757,9950
9618: 9613,9420,9610,9277,9686
9767: 9660,9661,9926,10043,9854,9438,9787
9672: 9863,9507,9548,9673,9802
9904: 9649,9875,9419,9284,9628,9271
6280: 
8614: 
9308: 9543,9435,9607,9638,9502,9403
8318: 
9763: 9690,9347,9989,9944,9993
9281: 9586,9257,9770,9843
9676: 9468,9991,9439,9706,10026,9473,9272
9298: 9536,9577,9380,9746,9248,9958,9441
9447: 9434,9373,9998,9942,9651
9678: 9480,9452,9360,9711,10025,9373
9377: 9607,9638,9529,9362,9244,9810
9956: 9674,9830,9586,9856,9843
9409: 9320,9397,9254,9562
9955: 9922,9814,9935,9876
9750: 9293,9594,9340,9692,8150
9740: 9344,9395,9875,9795,10029,9505
3210: 
9251: 9637,9255,9415,9283,9576
9694: 9886,9832,9312
9718: 9877,9348,9751,9721,9929,9266
8917: 
9579: 9572,9327,9609,9555,9351,9535,9970,10023
9287: 9322,9313,9502,9403,9315,9445,9526
9653: 9881,9716,9581,9995,9844,9681,9381,9739,9641
9605: 9595,9479,9411,9541,9619
9422: 9442,9462,9591,10000,10032,9994
2685: 9247
9386: 9544,9359,9712,9778,9952,9917,9353,10022
9288: 9431,9464,9300,9385,9791,9345,700
9522: 9599,9513,9331,9799,9498
9867: 9992,10035,9471,9343
9861: 9726,9784,9849,9701,9583,9249
1592: 
8596: 
3295: 
3502: 
7641: 
9358: 9577,9493,9380,9470,9902,9903,9536,9268
634: 
7353: 
2678: 
5466: 
9685: 9908,9847,9914,9278,9341,9432
9297: 9600,9629,9317,9556
9468: 9439,9473,9676,9991,9272,9464,9416
9388: 9365,9557,9488,9514,9321,10002,9316
9636: 9627,9639,9299,9253,9977,9517
9696: 9724,9860,9764,9915,9835
9429: 9480,9360,9249,9562,9503
645: 
2928: 
9493: 9358,9577,9268,9536,9903,9250,9902
9554: 9389,9961,9859,9491,9530,9495
9967: 9805,9647,9540,9406,9379
9894: 9629,9600,9960,9318,9501,9558
9342: 9357,9320,9397,9761,9246,9443
7565: 
9948: 9474,9745,10008,9954,9451
4255: 
9816: 9924,9731,9759,9790,10021,9520
7936: 
9333: 9319,9585,9491,9624,9485,9924
9438: 9407,9892,9661,9787,9854,9767,9660,9634
9509: 9453,9477,9303,9449,9563,9444,9584,9290
2658: 
5426: 
9511: 9601,9475,9384,9575,9278,9908,9309
9526: 9370,9570,9330,9313,9315,9300,9287
9776: 9792,10006,9873,9964,9817,6349
9559: 9525,9466,9457,9518,9400,9531
9372: 9247,9528,9427,9371,9637,9415
9370: 9526,9570,9300,9385,9330,9900
9443: 9296,9246,9342,9320,9279,9254
9623: 9616,9628,9260,9631,9274
9314: 9347,9687,9783,9989,10015,9705
9818: 9958,9757,9865,9940,9316,9380,10002
9260: 9628,9623,9419
9758: 9663,9918,9295
3701: 
7439: 
9989: 9993,9347,9763,9314,9705,9289
9502: 9403,9313,9287,9433,9308,9543
9642: 9371,9427,9421,9496,9461,9528,9393
2733: 
9285: 9340,9519,9939,10030,9789
9506: 9330,9433,9570,3874,9575
9480: 9429,9360,9678,10025,9294,9503
9125: 
3712: 9704
9924: 9816,9731,9859,9491,9759,9485,9333
3491: 
687: 
9491: 9624,9333,9924,9859,9554
9560: 9546,9504,9564,9567
9661: 9660,9444,9407,9438,9767,9584,9563
9256: 9489,9462,9442
9770: 10004,9612,9257,9281,9843,9934
4139: 
9384: 9475,9511,9575,9278
9771: 10041,9990,9815,9516,9713
9786: 9692,9893,9293
7152: 
9326: 9273,9589,9383,9793,9907,9598,9338
9532: 9479,9595,9286,9510,10033,9845,9659,9675
700: 9288
9651: 9942,9831,9963,9447,9434
9695: 10034,9936,9944,9690,9710
9925: 9972,9878,9682,9888,10011,9891
9290: 9477,9467,9478,9622,9252,9453,9509
9934: 9843,9856,9770,10004
9244: 9810,9398,9476,10010,9362,9377,9659
707: 
9952: 10022,9778,9735,9386,9544,9359,9466
709: 
2580: 
9869: 9806,9487,9974,9809,9933,9273,10040
9513: 9258,9498,9522,9599,9723,9646,9538
9315: 9313,9287,9445,9526,9300,9566,9431
10013: 9352,9412,9482,9573
9458: 9550,9354,9310
9437: 9336,9353,9592,9893,9778
2509: 
9576: 9283,9251,9255,9878,10011,9932
9440: 9337,9339,9969,9698,9804,9853
9889: 9691,9854,9919,9926,9292
9340: 9285,9519,9594,9750,10030,9857
9274: 9299,9253,9631,9623,9616
9892: 9800,9787,9634,9438,9407,9625
9395: 9344,9505,9712,9740,10029,9988,9359
3612: 
9173: 
6348: 
10001: 9822,9662,10010,9322,9445,9611,9810
3947: 9756
9350: 9404,9604,9632,9539
731: 
3517: 
9896: 9906,9914,10020,9644,9341,9911
10022: 9952,9778,9735,9831,9963,9544,9386
4131: 
9272: 9416,9515,9565,9991,9468,9706,9676
9735: 10022,9952,9466,9457,9963,9544
9430: 9259,9366,9248,9590,9536,9268
9863: 9749,9672,9615,9548,9673,9811
9337: 9339,9553,9440,9366,9590,9804
9219: 
9521: 9269,9282,9483,9734,9262
10028: 9897,9890,9825
9435: 9540,9543,9308,9638,9647,9943
9986: 9572,9630,9747,9774,9597,9425
5478: 
3715: 
9622: 9453,9252,9290,9593,9915,9852,9588,9303
10019: 9848,9710,9884,9667,9561,9936,9508
9610: 9613,9618,9564,9546,9827
9465: 9499,9402,9993,9944,10034,9354
7360: 
8309: 
9804: 9698,9440,9337,9590,9441,9853,9339
9906: 9914,10016,9898,9896,10020,9666
9356: 9353,9334,9592,9448,9336,9938
9347: 9314,9989,9763,10015,9725
1553: 
9399: 9500,9382,9819,9707
760: 
9864: 9688,9381,9716,9349,9916,9995,9391
9574: 9408,9302,9482,9808,10017,9352
9992: 9867,10035,9941,9792,10006
9743: 9812,9980,9514,9321,9275,9547
9783: 9953,9687,9833,9314,10015,9975,9910
9910: 9652,9680,9833,9783
9706: 9991,9676,9515,9272,9626,9369
9664: 10005,9960,9318,9824
4697: 
9452: 9583,9360,9678,9785,9373,9998
6385: 
9390: 9436,9534,9346,9484,9486,9928
9304: 9679,9697,9913
9806: 9869,9487,9565,9515,9974
9348: 9266,9877,9718,9523,9929,9703
6009: 
2198: 
9457: 9559,9466,9531,9735,9963,9942
9417: 9494,9469,9801,9684,9753
9959: 9721,9751,9670,9459,9524
9254: 9279,9481,9409,9320,9443
9423: 9568,9349,9688,9587,9836
9655: 10037,9798,9496,9421,9707,9829
9781: 9798,10037,9803,9537,9656,9769
9412: 9573,9258,9352,10013,9723
9639: 9299,9636,9627,9596
9859: 9731,9961,9554,9924,9491,9389
9338: 9446,9537,9782,9793,9907,9656,9326
9795: 10029,9649,9875,9740,9617
9817: 9725,9975,10006,9776,9792
9936: 10034,9695,9710,9643,9508,10019,9561
9901: 10035,9658,9941,9305,9265
9705: 9729,9486,9289,9314,9989,9534
8346: 
7617: 
9306: 9265,9305,9471,9614,9968
9620: 9375,9332,9396,9772,9834
9737: 9874,9665,9669,9415,9283
10021: 9267,9961,9731,9816,9520
9534: 9436,9390,9486,9289,9705
9313: 9315,9287,9502,9330,9433,9526,9403
9383: 9589,9326,9793,9598,9907,9954,9552
9497: 9596,9368,9584,9449,9885
5331: 
9263: 9461,9460,9393,9446,9803,9580,9323
9913: 9585,9319,9304,9697
9268: 9493,9577,9536,9430,9248,9358
4293: 
6389: 
9363: 9245,9635,9291,9552,9980,9812,9895
9674: 9956,9830,9276,9586
2244: 
9284: 9419,9649,9904
9730: 9954,9451,9973
9553: 9366,9259,9337,9339
7265: 
9939: 9789,9727,9285
3810: 
9937: 9840,9780,9905,10008
9915: 9835,9852,9622,9593,9764,9696,9406
9798: 9781,10037,9655,9829,9769,9656,9736
8695: 
9725: 9817,9975,10015,9347,10006
9998: 9373,9447,9785,9531,9942,9452
8970: 
9944: 10034,9695,9690,9993,9465,9763,9402
9932: 10036,10011,9744,9756,9891,9576
9345: 9775,9791,9416,9883,9699,9288,9385
9487: 9329,9837,9565,9806,9869,9974
9972: 9819,9878,9748,9925,9500,9682
9704: 9790,9796,9679,3712
9336: 9437,9592,9893,9692,9356,9353
9820: 9871,9985,10018
10043: 9971,9930,9926,9368,9660,9767,9854
7146: 
9400: 9531,9518,9559,9785,9648,9701
1340: 
9625: 9641,9568,9391,9634,9976,9892
2968: 
9865: 9818,9757,9940,9958,9837
9389: 9267,9606,9554,9961,9859,9635,9530
9897: 10028,9890,9825,9922,9921,9814
2806: 
9305: 9471,9306,9265,9901,10035,9968
9501: 9387,9558,9318,9894,9600,9507
6508: 
3166: 
848: 
5408: 
9302: 9574,9408,9808,9604
9810: 10010,9244,9398,9659,9822,9675,9322,9377,10001
5250: 
3559: 
5256: 
7248: 
6531: 
9947: 9693,9834,9870,9994,9375,10032
7847: 
10030: 9789,9857,9762,9340,9285,9519
6118: 
861: 
4057: 
9387: 9501,9548,9558,9507,9615
5882: 
9548: 9387,9615,9507,9863,9672,9802
9528: 9295,9247,9372,9918,9414,9427,9642,9393
9375: 9582,10032,9620,9396,9834,9947,9597
9282: 9524,9483,9459,9521,9734
10041: 9771,9990,9957,9815,10038
9442: 9422,9462,9256,9591
9049: 
9321: 9514,9557,9388,10002,9788,9743,9547
6349: 9776
874: 
9270: 9276,9830,9821,9719,9760,9736,9829
9747: 9669,9874,9774,9986,9630,9361
9940: 9788,10002,9316,9818,9865
9019: 
9600: 9297,9629,9894,9501
9719: 9821,9270,9830,9276,9826,9945
9927: 9876,9766,9966,9978
9505: 9359,9395,9712,9344,9740
9591: 9582,10032,9422,9442,9609
9520: 9516,9713,10021,9816
9262: 9569,9328,9935,9734,9521
9424: 9418,9772,9621,9374,9332,9756
9710: 9848,10019,9936,9695
10020: 9896,9906,9644,9911,9979,9666
9647: 9805,9967,9435,9540,9943,9650
9732: 9850
9707: 9760,9829,9655,9421,9399
9837: 9487,9329,9950,9974,9865,9757
9598: 9547,9275,9923,9383,9589,9552,9326
9498: 9258,9538,9513,9522,9599
9504: 9564,9560,9307
5775: 
9558: 9507,9387,9318,9501,9802,9894
9999: 10027,9866
9841: 9654
9831: 9651,9963,10022,9778
9419: 9284,9260,9628,9904
9688: 9864,9349,9423,9916,9587,9836
9846: 9885,9738,9754
8631: 
10027: 9866,9999,9887,9646
6204: 
9335: 9246,9296,9709,9645,9813,9722
9471: 9305,9306,9614,9343,9867,10035
9472: 9729,10024,9687,9953
6249: 
9835: 9852,9915,9754,9738,9764,9696
9993: 9989,9465,9944,9763,9289
9856: 9843,9934,9586,9956
9808: 9302,9574,9604,10017,9632,9985
9604: 9350,9632,9302,9808
9538: 9258,9573,9498,9513,9408
9264: 9488,9514,9291,9530,9812,9495
4937: 
9126: 
4719: 
9567: 9615,9546,9749,9560
2551: 
9827: 9610,9546,9749,9858,9811
1619: 
9351: 9411,9535,9541,9555,9970,9579,9845
10040: 9460,9580,9626,9782,9907,9273,9869
927: 
9403: 9502,9322,9287,9313,9308,9607
3777: 
9796: 9679,9697,9485,9759,9790,9704
9789: 9939,9727,10039,10030,9762,9285
9530: 9495,9635,9291,9488,9264,9554,9389
9764: 9724,9696,9801,9835,9915,9738
9960: 9664,10005,9894,9629,9318
9950: 9699,9775,9837,9329,9657,9757,9883
2189: 
9611: 9445,9428,9566,10001,9662,9822,10010
9477: 9290,9467,9453,9509,9563,9444
9921: 9890,9897,9922,9876,9766
9355: 9252,9588,9478
3991: 9474
9453: 9622,9477,9290,9509,9303,9852,9252,9449
9949: 9682,9888,9931,9551,9405
4450: 
2492: 
9490: 9539,9367,9578,9872,9658
7383: 
9357: 9342,9397,9761
9981: 9832,9702,9587,9836
9368: 9497,9596,9660,9584,10043,9971
9439: 9527,9468,9473,9676,9991,10026,9962
9715: 9902,9903,9708,9722,9296,9250,9279
4155: 
9552: 9363,9245,9980,9598,9275,9383
5633: 
6967: 
6323: 
7992: 
959: 
6460: 
9250: 9279,9481,9715,9902,9903,9493
9923: 9809,9933,9589,9598,9547,9275
9380: 9298,9577,9358,9746,9958,9536,9818,9316
9269: 9392,9521,9483
10032: 9375,9582,9591,9422,9994,9947
9794: 9811,9673,9858,9996
8044: 
9902: 9903,9715,9250,9470,9358,9708,9493
9812: 9743,9980,9264,9291,9514,9363
9745: 10008,9882,9948,9474,9840
9875: 9649,9904,9271,9344,9795,9740
5138: 
8033: 
9249: 9562,9583,9360,9429,9784,9861
9800: 9787,9892,9634,9691,9976,9450,9854
9364: 9608,9261,9325,9463
8867: 
978: 
9374: 9332,9425,9772,9424,9899,9665
9568: 9423,9625,9391,9349
9876: 9927,9766,9955,9922,9921
9483: 9459,9633,9392,9282,9269,9521
9421: 9496,9371,9642,9655,9707,10037
9720: 9813,9708,9319,9624,9722
9790: 9704,9759,9796,9816
9366: 9553,9259,9430,9590,9248,9337
9930: 9971,10043,9926,9919
9332: 9374,9396,9425,9620,9772,9424,9899
9845: 9286,9479,9970,9862,9411,9671,9532,9351
10009: 9880,10012,9517
8807: 
4950: 
9451: 9954,9730,9948
9573: 9538,9258,9412,9352,10013,9408
3545: 
9578: 9455,9410,9311,9367,9490,9872
9381: 9349,9391,9716,9641,9864,9653
9460: 9580,9393,9263,10040,9782,9446,9626
9799: 9689,9797,9887,9599,9522,9331
9495: 9365,9530,9488,9264,9554
9630: 9327,9542,9572,9361,9986,9747
9547: 9598,9275,9933,9923,9788,9809,9321,9743
9536: 9298,9577,9268,9430,9248,9380,9493,9358
9320: 9409,9342,9397,9254,9279,9443
9728: 9769,9973,9823,9656,9793
1006: 
9557: 9470,9316,9388,9321,10002,9365,9488,9577
10016: 9898,9914,9906,9847,9494,9684
7719: 9346
9792: 9776,9873,10006,9658,9941,9992,9817
9749: 9863,9615,9567,9827,9546,9811
7570: 
7988: 
9762: 9752,10003,9857,10039,9789,10030
2669: 
9328: 9569,9262,9814,9935,9825
9834: 9693,9947,9375,9620,9396
9872: 9964,9873,9658,9490,9578
1019: 
9344: 9395,9271,9740,9875,9505
9349: 9391,9381,9568,9423,9864,9688
9811: 9673,9794,9858,9827,9749,9863
9727: 9939,9789,10039,9824
9602: 9454,9523,9266,9280,9877
8658: 
9484: 9376,9346,9390,9928,9413,9733
5403: 
9478: 9467,9290,9355,9252
9997: 9742,9862,9510,9286,9662,9822,9671
9980: 9743,9812,9363,9291,9552,9275,9245
9766: 9978,9927,9876,9921,9922
9759: 9485,9796,9790,9816,9924,9731
9702: 9886,9832,9836,9587,9981,9426
9631: 9253,9274,9517,9623,9616
9860: 9724,9696,9575,9601
9301: 9561,9603,9667,9773,9839,9508
10018: 9755,9549,9985,9820,9871
5841: 
5202: 
7417: 
10038: 9966,9957,10041
9675: 10033,9659,9822,9810,9510,10010,9532,9286
9323: 9369,9393,9580,9946,9879,9414,9263
1044: 
4347: 
9966: 9927,9978,10038
9589: 9383,9273,9326,9809,9923,9598,9907
2649: 
9334: 9448,9617,9356,9353,9938,9917,9592,9988
9862: 9671,9970,9742,9997,9286,9845,9510
9489: 9256,9331,9462,9797
1052: 
9978: 9766,9927,9966
9731: 9859,9961,9924,9816,10021,9759
9721: 9751,9718,9929,9959
8496: 
9775: 9699,9950,9345,9791,9329,9416,9565,9515
9635: 9245,9530,9363,9291,9895,9606,9780,9389
9634: 9892,9800,9787,9976,9641,9625,9438
6930: 9499
9361: 9542,9630,9669,9747,9965
9214: 
9279: 9481,9250,9254,9320,9443,9715,9296
9641: 9625,9391,9381,9634,9976,9739,9653
9885: 9738,9754,9846,9303,9449,9497
4083: 
8990: 
9346: 9484,9376,9390,9436,7719
9839: 10042,9920,9773,9650,9603,9301,9667
9734: 9524,9282,9569,9521,9262
9535: 9555,9351,9541,9411,9579
9543: 9435,9308,9540,9512,9502
9742: 9997,9862,9671,9965,9662
9890: 9897,10028,9921
9680: 9652,9910
9994: 9838,9870,9947,10000,10032,9422
9352: 9412,9573,10013,9482,9408,9574
9654: 9841
9649: 9875,9904,9284,9795
9961: 9731,9859,9267,9389,9554,10021,9606
9292: 9378,9640,9545,9691,9889,6480
5070: 
9963: 9942,9651,9831,10022,9457,9735
9626: 9369,10040,9580,9706,9460,9515
4169: 
9571: 9317,9556,9982,10003,10005,9824,10039
7775: 
4525: 