9266: 9523,9348,9718,9877,9602,9280
9886: 9694,9832,9312,9413,9702,9426
9339: 181,100,2523,9440,9337,9553
4658: 4660,5062,4655,4661,4757,4858
9378: 8984,9292,9545,9640,9277,9456
5: 
4797: 4697
3727: 3928,3226,3734,3628,9957,9713,3731
8579: 8221,9127,8146,8995,8770,8296
3874: 3771,3772,3774
3176: 2983,3271,3079,3073,9662
8475: 
8460: 7679
10012: 6682,6586,10031,9714,9880,6967
7073: 6983
9562: 5338,5123,9249,9429,5920
3451: 3940,3444,3942,3550,3255
9482: 10013,9352,9408,9574
18: 
10007: 8976
9833: 9953,9783
10011: 9932,3835,10036,3838,9891
22: 23
23: 22
9092: 9091,8999
9962: 9946,9879,10026,9663,683,1611
3489: 3589
5215: 4917,5317,5417,5113,5419,5917
5688: 
4218: 4108,3907,3810,4319,4427,4320
30: 60
4104: 4007,4314,4004,4306,4307
6358: 6072,6163,6823,7360,6639,6915
33: 133,9851
34: 
7009: 7195,7630,7794,7014,7010,8031
9294: 9480,9503,10025,9523,9703,9454
9663: 1043,9758,9918,9879,9962,1611
4306: 4104,4307,4514
8694: 9596,8631,8632,8636,8496,9971
40: 
6085: 5889,6084,6280,6375
9533: 9410,9394,5755,5060,9311,5159
9362: 6155,6537,6347,9377,9529,10042
7319: 7141,7050,7142,6768,7402,7581
9265: 6338,5355,9909,9968,9305,9306
9317: 9982,8995,8710,9297,9556
8878: 8429,8499,8205,9079,9120,8701,9238
6884: 6886,7163
7345: 7080
2600: 2888,2412,2693,2411,3079,2983
4010: 3712,3612,4115,3810,4320,4323
3665: 3764,3765,3763,2391,3464,3971
6347: 6058,6349,5959,9377,6155,9362
9645: 9717,2926,9813,2826,9709,9335
8540: 8338,8479
56: 
57: 
8960: 8861,9017
5060: 5755,9533,4858,4855,5062,5159
60: 30
9945: 9826,115
8632: 8358,8636,9449,8694,8631
9914: 9847,9685,9341,10016,9906,9896
64: 275
9943: 9920,9529,9638,9435,9647,9650
4893: 
8150: 8225,7992,7909,7579,7911
8661: 8593
9855: 6709,6517
7564: 7389,9846,7125,7565,7478
9829: 9655,9707,9798,9736,9769,9760
7569: 7130,7128,7570,7737
73: 336,283
8144: 8064,8221
8175: 9842,9683,8097
4677: 
77: 9826
3450: 2022,2578,3646,2858
3789: 
6658: 6371,6847
81: 
9398: 9244,9810,9659,9463,9325,9476
9765: 1838,9677
2610: 2236,1881,2326,2512,2609,2057
9629: 9297,9600,9556,9894,10005,9960
6244: 6337,6335,6242,6339,9490,6144
3380: 3185,2240,3578
7207: 8356,7292,7974,7811,7558,7383
6403: 6969,6507
7355: 
9691: 9889,9854,9787,9800,8984,9292
9922: 9876,4030,9921,9955,9814,9897
93: 133,9851
9617: 10029,9795,8383,9448,9938,9334
7375: 7462,7460,8031,7292,7380,8186
9880: 10009,7434,9977,10031,6586,10012
3897: 3898,3998
9787: 9854,9438,9892,9691,9634,9800
3321: 3519,3821,9304,9679,3818,2836
100: 181,9339,2523,3093,2333,2710
9738: 7562,9835,7563,9846,9754
7979: 7818,8639,8061,7733,7899
4566: 4565,4569,4367,4269,4470
5490: 5390
6100: 6389,6196,6391,9631,6003
3185: 3380,2240,3184,2896
9565: 9487,9329,9806,9515,9272,9416
9918: 9295,9414,9528,9879,9758,9663
9788: 9321,10002,9940
4393: 4293,4292
3449: 3545,3448,3251,3153
7902: 8365,8766,7821,7901,7903,8292
5400: 5300
6576: 6480,6575,6671,6672
115: 9945,116
116: 115
8189: 8192
118: 307,309
4565: 4566,4569,4367,4463,4462,4665
9724: 9309,9601,9860,9764,9696,9801
121: 127
9609: 9555,9579,3850,9572,3458
4427: 4319,9392,4218,4320,9269
9405: 1510,9551,9612,9748,1019
9878: 9255,9576,9500,9925,9972
4485: 4486,4385
127: 121
7164: 
9964: 5957,5761,9872,9873,6055,9776
6437: 7086,5957,6537,6249,6055
131: 
9899: 9665,9874,9774
133: 93,9851,33
4463: 4364,4367,4458,4263,4462,4565
3211: 3210,2728,3607,3903,3803,3506
5211: 5413,5214,5009,6797,9860
4343: 3856,4045,4139,9442,3953,9256
9467: 9478,8208,9290,9477
9974: 9869,9487,9837
9868: 4941
141: 
7181: 
9572: 9630,9327,9986,9579,9609
5564: 5466,5664,9455,5961,5765,9578
6461: 6460,6266,5978,5882,6077
146: 
3540: 3246,3345
2552: 9780,9895,2362,2364,2459
149: 
150: 
3121: 3412,2540,3119,3027,2928,3805
9407: 8126,8046,9019,9661,9438,9892
5578: 5281,5478,5180,5870,5774,5676
4660: 5062,5163,4658,4665,4661,4865
155: 9446,9803,251,9461,9263
156: 9446,157
157: 9338,156
9644: 6416,9341,9401,10020,9911,9896
159: 
9246: 9761,9709,9335,9296,9443,9342
9985: 9755,10018,9871,10017,9808,9632
9957: 9990,9713,10041,3727,3731,10038
163: 208
7850: 7936,7767
6003: 9274,9631,6098,6100,6196
4529: 4322,4525,9670,9633,4937
2858: 3838,3450,3646,3842
8192: 8189
9983: 8683,8861,9017
7934: 7935,8015,7771
9485: 9333,9759,9697,9585,9796
9324: 9428,9527,9473,9431,9464,9566
6007: 7252,6204,5910,5813,5807
8521: 9340,8450,10030,8304,8451,9750
5285: 5185
176: 
9413: 9484,9376,9733,9312,9886,9426
9843: 9770,9934,9856,9586,9281
9523: 9348,9266,9703,9602,9454,9294
7217: 7735
181: 100,9339,9440,3093,1295
5084: 5283,5581,5185
3504: 3701,2822,3210,3903
5041: 
185: 
9581: 9653,8199,9492,8044,9881
5789: 5889
9259: 2151,9553,9366,9430,1539
5453: 5251
9027: 8627,9112
9367: 9578,5663,9410,9311,9539,9490
8799: 8481,8679,8480
9299: 9639,9636,9274,9253
9893: 9786,9336,9437,9692
9433: 9313,9330,9502,9506,3285
8380: 8455
5724: 6219,5426,6022,6316
4579: 4580
7142: 7319,7050,7670,8236,7581,7668
9232: 9987
9650: 9647,9805,9943,9920,9839,9773
8450: 9285,9340,8521,10030,9789,9939
9669: 9361,1747,9747,9737,2021,9874
3731: 3729,3733,3928,3727,3734,9957,10038
4397: 4498
206: 309
5451: 5250
208: 163
2778: 2974,2584,2201,2685,2492,2585
9870: 9947,9994,9693,9838
9815: 9771,9990,10041
9586: 948,9281,9674,9956,9843
6071: 6541,5873,5973,6163,5975
10000: 9838,9689,9994,9422,9462,9797
7080: 7520,7345
8005: 7761
217: 9273,9326,9907,368,1362,424
9941: 9658,9873,9901,10035,9792,9992
3627: 3431,3531
3041: 3137,2944,3236
9569: 4336,9262,9328,9734
5167: 5754,5070,5361,4968,5064,4969
7901: 7821,7737,7735,7818,7902,8365
4736: 4837,4939
7292: 7207,7974,7462,7375,7380,7383
9656: 9728,9769,9781,9798
9681: 9739,9828,9844
7494: 7318,7996,7913,8222,8513,7988
6375: 6278,6848,6085,6084,6280,6376
6617: 
9716: 9864,9916,9381,9995,9653
9470: 2253,1387,9316,2074,9557,1225
233: 9345,9791,834,9883
5064: 4968,4867,4865,5163,5167,5361
9677: 1838,9765,1666,1412
5329: 5727,5725
237: 
238: 288
7130: 7569,7128
240: 344,291
9965: 10023,9671,9542,2666,2585,2201,9742
9667: 9561,10019,9603,9301,9848,9884
243: 
9593: 9588,9379,7123,9622,9252,9915
245: 
2852: 
247: 301
9570: 9506,9370,9900,9330
9594: 9293,9750,9340,9519
7145: 6964,7146,6871,7413,8526,8386
251: 9803,10037,155,811,9461,9496
5150: 4950,4852,9604,4845,9350,5051
7393: 7735,7899,7127,7565,7649
9830: 9674,9956,9719,9270,9276
6078: 5882,6077,6464,6653
9673: 9863,9811,9672,9794
5251: 5353,5453,5352
7560: 7298,9355,6931,7119,7386,9478
7939: 
7899: 7393,7735,7649,7733,7818,7979
4323: 4320,9521,9269,4010,4115,4331
3755: 3656,9582,3559,9591,4139
10006: 9792,9817,9776,9975
9822: 9662,10001,9810,9675,10010
3778: 3678,3777
9917: 9938,9334,9353,9988
7974: 8356,7207,7292,7026,7117,7462
8304: 8376,8451,8301,9857,10030,8521
9257: 9551,9612,9770,9281,1261,1512
7721: 7723,7555,8333,7888,7719,7885
5856: 5959,6144,6047,5663,5765,6058
5710: 6011,9684,6204,5910,9768
4730: 4937,4823,9877,4817,9280
274: 
275: 64
2476: 2196,2571
9418: 9912,9621,9424
278: 387
8292: 8064,8142,8705,7903,7902,8766
7836: 7670,8236,6583,6964,9623,8526
4405: 4514,4616,4606,4611
2585: 2666,2492,2111,2778,2201,9965
283: 288,73,336
7777: 7176
9546: 9567,9560,9564,9610,9827,9749
9909: 9265,5355,9755,9404,9968,9549
4108: 3907,4218,3803,4007,4319
288: 283,238,336
10037: 9803,251,9781,9655,9798,9496
4196: 
291: 344,240
3786: 3787
3907: 3506,4108,4218,3805,3810,3803
3983: 4083,3982
9979: 9668,9726,9401,9911,9666
5965: 5572,5672,5868,6631,6629,6348
8417: 8346,8419,8555
9473: 9324,9527,9439,9468,9464
299: 411
8675: 8676,8674
301: 247
8976: 8982,10007
10029: 9795,9740,9617,9938
3372: 10001,3271,3279,3373,2678,10010
9755: 9985,10018,9404,9632,9549,9909
6138: 
307: 118,309
9772: 9424,3536,9332,9620
309: 206,118,307
6339: 5051,9539,9490,5256,6244,6242
9585: 9913,9697,9319,9333,9485,2649
9542: 10023,9965,9361,2666,9630,9327
6934: 7386,7026,7117,6749,7119,6932
9500: 9255,9878,9972,9819,9382,9399
9733: 9951,9312,10024,9928,9413,9484
316: 
9888: 9949,1931,9682,2578,9931
9291: 9980,9363,9812,9264,9530,9635
4068: 4168,4169,3764,4266,4164
3860: 4165,3957,3166,3460,3763
10025: 9480,9294,9703,9711,9678
7929: 7340,7248,8170
3572: 3674,3470
9428: 9324,9527,1881,1622,9611,9566
8609: 
6781: 6984,6969,9400,9785
8779: 8891,9005,8835
9714: 9753,10031,9768,10012,6967
9597: 3656,3949,9582,9425,4141,9375,9396
9580: 9323,9369,9393,9460,10040,9626
9873: 9658,9941,9964,9872,9792,9776
9599: 9513,9799,9646,9498,9887,9522
9803: 251,10037,9537,9781,9446,155
334: 9850,9732,387,446
9327: 9630,9572,10023,9542,9579,1756
336: 73,283,288
3998: 3897,3898
5413: 5211,5214,5419,6508,9860,9575
3856: 4045,4343,3460,3953,3957
4826: 9602,4817,9280,4915,4929,5138
2699: 2987,2509,2512,2698
4504: 4501,4603,4606,4605
343: 397
344: 291,240
7550: 7723,7555,9436,8032,7467,7641
346: 519,9948,9474,650,647
9926: 9919,9889,9767,9930,10043,9854
9826: 77,9945
4298: 4399
9912: 9744,9621,9418
7733: 7649,8498,7899,8058,7979
10024: 9733,9951,7191,9729,9472,9928
3345: 3540,3246
9316: 1894,10002,9940,9470,9557
10003: 8373,9982,8943,9752,10039,9571,9762
9697: 9913,9304,9585,9485,9679,9796
2818: 1716,2815,2721,3205,2538,3301
358: 
359: 1187,874,1025,9371,1351,740
9891: 3842,3839,10011,10036
4486: 4485,4385
2906: 2336
3200: 2719,2251,3297
2802: 3386,980
9987: 9232
366: 750,368,1362,1132,1211
6849: 6848,6376,7562,7300,7033
368: 366,9907,10040,217,1362
3850: 9555,9609,3458,4141,3656,2964
7675: 7505,7847,9466,9735,8597,9952
2710: 2333,100,2523,2902
372: 1124
9701: 9849,9861
8591: 8658
9748: 9972,9405,1019,9819
376: 492
9499: 6832,7010,9402,9550,9354,9465
9584: 9368,9660,9444,9497,8811,9563
2945: 
9476: 9325,9261,9244,3470,9398
5204: 5104,5304
382: 561,499
5959: 5856,6047,6058,6347,5761,6155
384: 839,768
9271: 9904,9628,9616,9344,8663,9875
6144: 5856,6047,9490,5663,6337,6244
387: 278,334
9608: 9463,9619,9325,9364,2776
9391: 9568,9349,9625,9641,9864,9381
390: 449
9454: 5138,5031,9602,9523,9294,9503
6163: 6072,6823,6358,6071,5975
9379: 9588,6847,9593,6564,6278,7123
394: 
395: 641,514
2826: 9813,9720,1820,9645,2926,2553
397: 343
5761: 5957,9964,9872,5959,6047,6155
6575: 6671,6576
6696: 6886,6695
9444: 9584,9660,9661,9019,9563,8867
8455: 8380
403: 
9311: 9410,9533,4950,5159,9539,9367
2728: 3210,3211,9700,9761,9357,3607
9540: 9647,9967,9543,9512,9435,9406
3485: 3386
3234: 2944
5044: 4641,4643,9408,4849,9302,4845
9752: 8225,7992,8373,8943,10003,9857,9762
411: 299
412: 413
413: 412
3953: 4155,4255,9256,3856,4343,3957
9397: 9320,9342,9409,1732,9357,3502
416: 477,808
9081: 8987,9037,8061,8703,8824
9640: 9277,9420,8983,9237,9378,9292
9900: 9807,9370,9385,9570
420: 480,544
9235: 8982,8928
4094: 3994
8868: 9024,9069,8812
424: 1362,1444,217,9273,1529,1873
5641: 
9247: 1198,1867,1525,9372,9295,9528
5504: 
3683: 3783
6744: 6460,6645,6077,6653,6927,7019
7811: 8565,8356,7207,7558,7973
6966: 6586,10009,6585,7146,7325
8481: 8679,8480,8799
8262: 9426,9836,9376,8333,8033,7719
3531: 3224,9520,2937,3627
9539: 5051,6339,9490,4950,9311,9367
9309: 9601,9724,9511,9801,9469,9908
9551: 9612,9257,9405,1512,1019,872
8885: 9125,9038,8990,9039,9126
5868: 6062,6631,5574,5177,5965,5672
9797: 9462,9489,10000,9689,9799,9331
9693: 9947,9870,9834
442: 568,634
6418: 
10008: 9840,9882,9745
5801: 5904
446: 447,334,9850
447: 446
9942: 9651,9531,9457,9963
449: 390
3271: 3176,10001,3372
9448: 7911,8309,9356,8383,9617,9334
8066: 7314,7743,7742,8221,8146
9371: 1025,9642,9421,359,9427,740
454: 456
3301: 3400,2815,2818,3205,3204
456: 454
4845: 9302,9604,5044,4849,4852,5150
9120: 8701,9237,9217,8878,9238
7609: 
9938: 9917,9334,10029,9617,9988
4007: 4104,4314,4004,4108,4319
2570: 2669
9300: 9526,9370,9385,9431,9288,9315
8991: 8990,8707,9130,8705,8989
7737: 7821,7570,7901,7569,7735
466: 807
467: 666,475,535
7128: 6759,7127,7130,7569
9432: 9278,9475,9685,6416,9341
8987: 9239,9081,8879,9037,9219
9670: 9459,9633,4529,4937,9751,9959
472: 473,537
473: 472
9995: 9881,9716,9916,9653
475: 467,666,535
9171: 9173
477: 416,808
8703: 8365,8766,8061,9081,8824
9414: 9918,9528,1197,1272,9879,1118
480: 420,544
9496: 811,9655,251,10037,9642,9421
9466: 7505,7675,9525,9559,9457,9735
2964: 3559,9535,3262,9555,3850,3656
9711: 9678,10025
9717: 9645,2926,3119,9709,9700,2540
6284: 
8770: 8221,9127,8579,8064,8142
9550: 9354,9458,7020,6916,6832,9499
4287: 4288,4387
4498: 4397
2531: 2536,2165,2161,2253,1892
492: 687,376
5345: 
9037: 9239,9081,8987,8824,9194,9162
3222: 2836,3517,2743,3713,2742,3615
7952: 7942
8422: 9641,8046,9892,9634
5942: 5746,9910
499: 755,382
9524: 9734,9282,9459,9959
501: 1052,762,978
502: 9403,2148,9502,2240,3284
9359: 9712,9386,9544,8729,9505
8737: 8338,8479
8627: 9027,9112
9785: 6781,6969,9400,9531
6585: 10009,9517,6966,7146,6871
9427: 1608,740,9371,9642,672,884
3763: 3764,3665,3166,2391,4165,3860
6784: 6009,7060,9518
9632: 9350,9404,9808,9604,9755,9985
512: 630
513: 
514: 395
9531: 9559,9400,9785,9457,9942
9603: 9839,9301,9773,9884,9667
6055: 6249,9817,9776,5957,9964,6437
518: 647,588,645
519: 346,9474,650
9652: 5750,6041,9680
521: 584
9436: 7555,7550,9534,8032,9346,9390
3867: 4072,3971,3765,4169,4069
9823: 9821,9736,9973,9728,9769
4074: 4073
9286: 9532,9479,9845,9862,9510,2770
527: 1553,1901,1227,9495,1228,1148
9621: 3837,9756,9912,9744,9418,9424
529: 
3482: 
9474: 346,519,9948
9871: 9985,10018,10017,9820
9310: 9354,9458,9508,7532,9643
2836: 3222,3517,2743,9304,3519,3321
535: 467,475
3903: 3803,3210,3211,3504,4004
537: 472
9545: 9378,8984,9450,9984,9828,9456
9393: 9460,9263,892,9461,9323,9580
9273: 217,9326,9589,1529,9809,424
7563: 7033,6662,7562,9738,7389
9703: 9523,9348,9294,10025
9283: 9251,9576,2024
544: 480,420
9507: 9548,9672,9558,9387,9802
3205: 2170,2538,2818,3301,3204,1238
5826: 6226,5725,5727
8919: 8274,8343,8620
9464: 9431,9288,9324,9473
3431: 3627
8163: 8599,8006
9293: 9692,9750,9594,9786
10014: 9167
7179: 7176
9425: 3458,4141,9374,9332,9396,9597
9479: 9532,9286,9845,9411,9605,9595
5543: 
9209: 
9267: 9606,9961,9389,10021
4590: 
561: 382,758,760
9756: 3837,9621,9932,3444,3942,9744
563: 760,973
4475: 
6653: 6078,6077,6464,6744,6931,7019
2578: 2022,3450,9888,9931,3646
9396: 9834,9375,9620,9332,9425,9597
568: 768,442
7195: 7009,7010,7198,7460,8031
9211: 
9404: 9350,5256,9632,9755,5355,9909
4929: 4915,4811,4826,5317,5138,5121
9275: 9547,9598
8989: 8824,9194,8991,8990,9038
7198: 7289,7110,6832,7010,7195,7460
10034: 9936,9643,9402,9695,9690,9944
9844: 9984,9828,9681
8550: 8679
9459: 9282,9483,9670,9633,9524,9959
8707: 8991,9130,8142,8705,9127,9600
8811: 7973,9497,7558,7470,9563,9584
9659: 2770,9810,9675,9398,9463,10033
7298: 7646,7560,9355,6464,6371,6931
584: 521
5552: 5249,5849
9977: 9636,9627,9779,10031,7434,9880
9898: 10016,9906,6011,6984,6009
588: 783,645,518
9773: 9301,6731,9805,9650,9603,9839
5332: 5931
9657: 9791,9699,9883,9698,9853
9618: 9686,9277,9420,9613
9767: 9660,9661,10043,9854,9438,9926
9672: 9548,9507,9863,9673
9904: 9271,9628,9419,9875,9284,9649
596: 599,664,733,731
7050: 7141,7319,7142,6483,6582,7670
9308: 6629,9607,9638,6348,9543,9435
599: 596,664,666
5916: 5613,9696,5207,6797,5509
9281: 9586,948,9843,9770,9257,1261
9676: 1793,9439,1706,9706,9468,9991
9298: 9536,9577,9746,9380,2909
4969: 5274,5475,4968,4871,5167,5070
5755: 9394,9533,5060,5062,5163,5361
9377: 9607,9638,6349,6347,9362,9529
5957: 9964,5761,6155,6537,6055,6437
2481: 2387,2198
9955: 4123,9935,3820,9922,4030,9814
9114: 9214,9187
9740: 10029,9795,9344,9875,9395
4611: 4709,4606,4405,4616,4725,4719
9251: 9255,9637,9576,9283,9415,2024
614: 886
9718: 9877,9751,9721,9348,9266,9929
616: 9369,750,9626,9946,1118,1698
9579: 9555,9609,9327,9572,9351,1756
9287: 9315,9445,9526,9403,9322,9313
3246: 3540,3345
8688: 8044,9381,8426,8821
9422: 9442,9591,10032,9994,10000,9462
5887: 
9386: 9359,9712,9544,9778
9288: 9431,9464,9300,9385
6586: 6682,6966,10012,10009,9880,7325
9867: 9471,10035,9343,9992
3589: 3489
9127: 8579,8995,8770,8142,8707,9297,9600
8596: 8081,7839,7673,8729,8663,9505
630: 1367,910,978,512
5697: 5598
7641: 7470,7467,7723,7550,9563,8867
9358: 1892,9493,2072,9380,9577
634: 442
3578: 3678,3577,3380
6813: 
5466: 5564,5664,9455,5754,5070,5269
8801: 8619,8805,8683
9297: 9629,9600,9556,9127,8995,9317
6823: 6448,6163,6358,6731,7360
641: 395
9636: 9977,9627,9299,9639,9253,7434
9696: 5613,5916,9764,6797,9724,9860
9429: 9249,9360,9480,9503,5338,9562
645: 783,588,518
2928: 3027,2742,3119,2744,3025,3121
647: 650,346,518
3072: 3079,3073,2777,2974,2881
9967: 9647,9540,9805,6541,9406,6448
650: 647,346,519
4269: 4168,4266,4367,4566,4470
2777: 3072,3073,2974,2584,9997
4319: 4427,4108,4218,4007,4314
4331: 4336,4115,4232,9521,4323
9816: 9731,9924,9759
7936: 7850,7770,7771
9333: 9485,9491,9319,9624,9585
4442: 4548,4444,9498,4642,9538,4650
9509: 9303,9453,9449,9477
2658: 2657,2468,9841
661: 
6537: 6155,9362,5957,10042,6437
9526: 9370,9300,9287,9315,9313,9330
664: 596,599,666,733
9559: 9400,9518,9531,9525,9466,9457
666: 467,475,599,664
9370: 9526,9300,9385,9900,9330,9570
3792: 
5849: 5848,5551,5552
4164: 4266,4364,4165,4057,4068
8565: 7811,9477,7973,8282
672: 892,811,9642,9427,1276,884
7913: 8076,7494,7996,8075,7988
8029: 7870,7787
7909: 8075,7988,8372,7579,8150,8225
9989: 7542,9763,9993,9314,9347
9502: 9403,502,9313,9433,3284,3285
678: 746,744
2733: 2738,1473,1816,9624,1820
9285: 9340,8450,9939,9519
3242: 3144
8526: 9616,9623,8386,6964,7145,7836
683: 1611,2231,9962,10026,1793,2234
3712: 4010,3612,4115,3713,3615,3715
8006: 7761,8163
9218: 9504,9217,9307
687: 492,755
9491: 2554,9924,2738,9624,9333
5185: 5186,5084,5581,5285
3262: 3559,2964,2772,4045,2870
3073: 3072,3079,2777,3176,9662
9770: 9843,9934,10004,9281,9612,9257
4139: 4045,4343,3755,3559,9442,9591
8590: 8776
9771: 9516,9990,9815
9786: 9893,9692,9293
2554: 9491,9859,2551,2639,2738
698: 
7742: 7739,7311,7400,8066,8221
700: 9345,9416
9651: 9942,9963,9831
9695: 9710,9936,10034,9690
9925: 9972,9878
6631: 6062,5868,5870,5965,6348,6724
8242: 8391,8318,8667
9244: 2678,3470,9398,10010,9810,9476
707: 
9952: 9544,8597,7675,9735,10022,9778
709: 1068
2580: 9595,2866,9619,2873,2968
5086: 5087,4986,5186
9513: 9599,9646,9498,9723,9538,9258
8365: 7902,8766,8703,7901,7818,8061
3400: 3497,3301,3204
7325: 7757,7413,7150,6682,6966,6586,7146
2866: 2580,9595,2390,9605,2967,2968
6028: 5727,5331
718: 2643,1075,2451,9245,927,9635
9440: 9804,9698,9337,9969,181,9339
9889: 8983,9919,9926,9691,9854,9292
9340: 9285,8450,8521,9750,9594,9519
722: 
723: 792
3783: 3683
8081: 8596,7673,9616,8386,8663
9173: 9171
6348: 6724,9543,5965,6631,9308,6629
728: 943
2953: 3144,2662
9350: 5256,9404,9632,9604,5150,5051
731: 596,733
3517: 3222,2836,3519,3615,3819
733: 596,664,731
10022: 9778,9831,9963,9735,9952
3098: 1539
9272: 9991,9515,9565,9416
2800: 2896,2895,2424,2148,9322
9430: 9366,9248,9259
7455: 7791
740: 1608,1270,9427,359,9371,1351
9219: 9239,8987,8879,9122,9504,9560
6724: 6348,9543,9512,5870,6631,5774
743: 744
744: 746,678,743
2691: 2693,2311,2689,2595,2881
746: 890,744,678
6405: 7152,6507
9622: 9290,9852,9252,9593,9915,9453
7279: 7791,7942
750: 366,9626,616,1211,1698
7413: 7757,7325,7146,7145,8386,7673
7360: 9301,6731,6823,6358,9561,6915
8309: 7911,9448,8301,9356,7992,8228
754: 1286,1367,1449
755: 687,499
9356: 8309,9448,9334,9353,8228,9592
9347: 9314,10015,9763,9989
758: 973,561,760
6072: 6163,6358,5975,6639,6266,6265
760: 563,561,758,973
9217: 9120,9237,9238,9122,9218,9504,9307
762: 977,1052,902,501
9992: 9792,10035,9867,9941
9743: 9812,9980
9783: 9314,10015,9953,9833,9687
8179: 
5023: 5121,5031,5417,5421,5338,5123
768: 568,384
7348: 7259,7349
6665: 6474,6662,7389,7125,6759
6385: 6481,6480
9390: 9346,9484,9486,9534,9928,9436
9304: 9913,9697,9679,2836,2743,3321
774: 840
7289: 6932,7110,7198,7026,7462,7460
4823: 4716,4626,4725,4730,4817
6931: 7119,7019,6464,6653,7298,7560
7818: 7979,8061,7735,7899,7901,8365
9417: 9801,9494,9469,5813,5910,9684
8984: 9378,9292,9545,9691,9800,9450
781: 
5113: 5110,5010,5215,4917,5214,5419
783: 588,645
9781: 9537,9656,9798,9803,10037
9412: 9573,9258,10013,9352
7141: 7319,7050,6481,6483,6767,6768
2893: 2987,2609,2895
8395: 
9795: 10029,9740,9617,9875,9649,8383
5495: 5395
9936: 10034,9643,9508,10019,9695,9710
792: 793,723
793: 792
794: 2030,1676,9382,9637,2305,1762
7617: 7542,7794,9729,7368,9472,9687,9705
4329: 3820,4332,4030
8480: 8481,8799
7019: 6931,6749,6744,6653,6927,6930
10021: 9731,9267,9961
4643: 4641,5044,4642,4955,4650,4849
801: 874,1263,9674,9276,1027
9383: 9793,9326,9589
8273: 8485,8271,9102
5574: 5274,5475,4978,5177,5672,5868
2536: 2531,2165,1892,2721,2538,1991
9913: 9697,9304,9585,2744,2649,2743
807: 466
808: 477,416
6389: 6583,6100,6196,6391,6582
9363: 9980,9291,9245,9552,9635
811: 672,892,9461,9496,251,9642
4626: 4725,4823,4621,4616,4525
9284: 9649,7579,9904,9419,8075
5352: 5353,5251
9553: 9259,2151,9337,9366,9339,2523
4263: 4458,4349,4347,4364,4463
8376: 8304,8228,8451,9336,9592
3810: 3907,4218,3805,4010,3612,4320
6832: 9499,7010,9550,7020,7110,7198
2902: 2523,2151,2710
6316: 6022,5724
8695: 8199,9236
2719: 3200,2251,1630,9268,9536
3255: 3451,3942,3947
8970: 8419,8555
5587: 
8972: 8921
8372: 8710,8513,7909,7988,8373,8225
3204: 3207,1238,3205,3400,3301
9972: 9748,9925,9819,9878,9500
6093: 5995
7349: 7437,7348
9820: 10018,9871
834: 9969,9883,233,1295
2698: 2983,2888,2509,2699
9400: 9559,9518,9531,6781,9785
7300: 7562,9835,9915,6848,7123,6849
9625: 9568,9391,8042,7965,9641
839: 384
840: 774,1216
9389: 9554,2362,9267,9606,9961
9897: 10028,9890,9922,9921,9825,9814
8058: 8363,9079,8056,7733,8639
9305: 9471,10035,9306,6338,9265,9901
9501: 9558,9387,9085,9126,9318
6508: 6018,5917,5413,5419,9575
7516: 
848: 996
5873: 5776,5973,5680,6350,6071
7858: 7156,7062
9810: 9675,9659,9822,9244,9398,10010
7646: 7298,9355,6371,9588,6847
9111: 8921
5256: 9350,9404,5051,6339,5355,6242
7248: 7929
6531: 6906
9947: 9994,9870,9693,9834,9375,10032
858: 860,1006
10030: 9857,9762,9789,8304,8450,8521
860: 858
861: 864
3994: 4094
9387: 9558,9501,9125,9126,9548,9507
864: 861
8962: 9010
9528: 9295,9918,9414,9372,1272,9247
9375: 9834,9396,9582,9597,9947,10032
9282: 9483,9459,9521,9524,9734
10041: 9957,9990,9815,10038
9442: 9591,9422,4343,4139,9462,9256
9049: 
872: 1019,1340,9551,1512,2037,1178
6906: 6531
874: 801,1187,359,1263,1027,1025
9270: 9760,9276,9719,9821,9736,9830
5533: 
7386: 7117,6934,7119,7560,8208
9019: 7888,8867,9661,9444,8126,9407
4621: 4307,4514,4616,4521,4525,4626
7518: 
4123: 9935,9955,3820,3819,4330
7555: 7723,7550,9436,7721,8333,9346
9591: 9442,9422,10032,3755,9582,4139
884: 1276,1272,672,1608,9427,9372
9059: 9012
886: 614,965
4385: 4284,4285,4485,4486
888: 
4470: 4771,4269,4566
890: 746
9707: 9655,9829,9760,1027,1025,9421
892: 672,811,9461,9393,1276,9323
6716: 6622
3615: 3715,3819,3713,3222,3517,3712
6582: 6483,6583,6389,7050,7670
5775: 5678,5680,5970,5676,6350
9558: 9501,9387,9507,9802
9999: 10027,9866
6387: 6483,6098,6196
9831: 10022,9963,9651
9419: 9904,9628,8076,9260,9284
902: 1124,762
5970: 5774,5676,9512,5775,6350,9406
8228: 8376,8309,8301,9356,9592
10027: 9999,9866,9887,9646
6204: 7252,6007,5910,5710,9753
9335: 9246,9709,9296,9722,9813,9645
9471: 9305,10035,9306,9343,9867,9614
9472: 9729,9687,7617,9953,7191,10024
910: 1367,630,1449
9835: 7562,7300,9915,9738,9852,9754
9091: 9092
9856: 9956,9843,9934
9808: 10017,9574,9302,9604,9985,9632
9604: 9302,4845,9808,5150,9350,9632
6266: 6461,6460,6265,6072,5978,5975
8097: 9842,8175
7743: 7314,8066,7318,7402,8146,8222
9126: 9085,9039,9125,8885,9501,9387
4719: 4716,4725,4709,4611,4809,4710
9567: 9162,9560,9615,9546,9239,9749
4616: 4621,4514,4405,4611,4626,4725
923: 
7470: 7558,7383,7467,7641,8811,9563
9351: 9970,9411,1756,9555,9579,9535,9541
10040: 9907,9782,9460,9580,368,9626
927: 1228,9530,9635,718,1075,1556
6188: 
5192: 
9796: 9679,9704,9485,9790,9759,9697
9789: 10030,9762,10039,9727,9939,8450
9530: 1228,927,9635,9291,9495,9264
9764: 5613,9696,5713,9724,5709,9801
5931: 5332,5633
9950: 9329,9837,9775,9699
936: 
9611: 9445,9566,1881,9428,2424,2057
9477: 9509,9453,9467,9290,8565
9921: 9922,9876,9766,9890,9897
2526: 2153,1542,1709,2244
941: 
3027: 3713,2742,2928,3121,3805,3612
943: 728,1097
944: 
5995: 6093
4858: 4955,4757,4855,5062,4658,5060
7383: 7558,7470,7467,7207,7292,7380
948: 9586,9281,1263,1261,1180
9981: 9832,9702,9587
3838: 2858,3842,10011,3835
2767: 2483,2576
9715: 9296,9722,9903,9902,9250
4155: 3953,4255,9256,9489,4146,4347
7150: 7757,7325,6682,7417,7505,7847
5633: 5931
8499: 8429,8878,8211,9079,8056
6323: 6219,6226
7992: 8150,8225,9752,8309,8301,9857
959: 965,1042
6460: 6461,6266,6265,6645,6744,6077
5807: 5709,5813,6105,5508,5705,6007
9923: 9547,9598,9589,9809,9933
4271: 4168,4169,4069
5110: 5010,5113,5007,5009,5214
965: 959,886
8784: 8844
7649: 7478,8498,7733,7565,7393,7899
9902: 1810,1553,9250,9715,9903
9812: 9514,9743,9980,9291,9264
5678: 5680,5775,5480,5581,5676
3674: 3572,9261,3772,3774
972: 
973: 758,563,760
9249: 9429,9360,9583,9562,5722,5920
9800: 9634,9976,9450,9787,9691,8984
7787: 7865,8029
977: 1052,762
978: 1367,630,1052,501,1286
3224: 3531,3421,3628,9520,2937
980: 3093,1295,2802
9876: 9922,4030,9921,9927,9766,3635
6037: 
5683: 5585,5776,5876
9720: 9813,2826,1727,1816,9708,1820
8705: 8292,8142,8766,8991,8707
9366: 9590,9248,9430,9337,9259,9553
9930: 8496,9971,10043,8205,9919,9926
5031: 5023,5138,5121,9454,9503,5338
8470: 
10009: 7434,9517,6585,9880,6966,6586
8807: 8917
8950: 8841,9046,8949
9451: 2280,2189,2098,9954
9046: 8950,8949
4266: 4164,4364,4367,4168,4068,4269
996: 848,1069
9381: 8688,9391,9641,9864,9716
4783: 
5355: 6338,9265,9909,5256,9404,6242
5536: 5335,5933
9630: 9327,9572,9361,9747,9986,9542
6759: 7125,7128,7127,6665
9536: 9268,9298,9577,1630,2719
9320: 9397,9443,9342,9254,9409,9279
5000: 
1006: 1078,858
1007: 
10016: 9898,9906,9494,9847,9914
7719: 8033,8042,7885,7721,8333,8262
8891: 9005,8779
5093: 5194
7570: 7821,7737,7569,7739
1013: 1251,9741
1014: 
4232: 3715,4330,4115,4336,4331,9262
6583: 6389,6391,6582,6964,7836,7670
9039: 9894,9085,9126,8990,9130,8885
9872: 9964,5761,6337,6047,9658,9873
1019: 1340,872,9819,9405,9551,9748
7462: 7460,7375,7289,7026,7292,7974
9349: 9568,9391,9423,9688,9864
9811: 9749,9863,9673,9827,9858,9794
3373: 3280,3279,3372,2678,3471
9602: 4826,9280,9523,9266,5138,9454
1025: 9371,9421,1027,9707,359,874
8199: 9581,8044,8695
1027: 9760,9276,9707,801,874,1025
2987: 2699,2609,2893
8271: 8620,9102,8273
7885: 7719,8042,7721,7888,8126,7965
3803: 3903,3211,3506,4108,3907
8261: 8119
5419: 5413,5214,5113,5215,6508,5917
3385: 9506
7060: 6967,9525,6784,9518
5294: 
10018: 9755,9985,9871,9820,9549
5841: 
2944: 3041,3137,3234
7417: 6967,9525,6682,7150,7505
10038: 9966,9957,10041,3729,3731
1042: 9338,959
1043: 9758,9663
1044: 1529,9809,9933,1617,1446,1616
4347: 4263,4349,4155,4255,4146
5585: 5683
3839: 9931,3646,3842,3741,9891
2649: 2744,3025,2553,9319,9913,9585
9334: 9938,9917,9353,9617,9448,9356
9862: 9997,9742,9510,9671,9286,9845
3680: 
1052: 977,762,501,1286,978
9978: 9966,9927,9766
9731: 10021,9816,9961,9924,9859
9721: 9718,9751,9959,9929
5776: 5873,5973,5680,5683,5876
9775: 9345,9416,9329,9950,9791,9699
7942: 7952,7279
8146: 8221,8579,8066,7743,8296,8222
6930: 6927,7020,6749,7019,6932,7110
4978: 4979,5177,4876,5475,5574
9214: 9114,9187,9074
9279: 9250,9481,9320,9443,9254
9641: 8422,9391,9625,9381,8426
5177: 4978,4979,5574,6062,5868
5598: 5697
1067: 1894,1805,1984
1068: 709,1145
1069: 996
7888: 9019,8867,7723,7721,7885,8126
1071: 1810,1987,1225,9365,1227,1553
6847: 9588,9379,6658,6564,7646
9742: 9997,9862,2584,2201,9671,9965
9890: 10028,9897,9921
1075: 718,2643,927,1556,2639,1473
1076: 1477
4336: 4331,9569,9262,4232,9734
1078: 1006,1152
9649: 9284,8383,9904,9875,9795
4852: 4950,5159,5150,4855,4849,4845
9292: 9378,8984,8983,9889,9691,9640
3764: 3765,3665,3763,4165,4068
9963: 9457,9735,9942,9651,10022,9831
2940: 3037
7932: 7770
9571: 10039,9824,9556,9982,10003,10005
7775: 7428
8170: 7765,7340,7929
1089: 
5274: 5475,5574,4969,5070,5672,5269
9607: 5964,9308,6629,9377,9638,6349
1092: 1170,1169
5421: 6018,5917,5417,5023,6118,5123
9583: 9249,9360,9452,5722
9683: 9842,8175
9746: 9757,9958,9380,9298
1097: 943
9322: 9403,2148,2424,9287,9445,2800
7562: 7300,9835,9738,6849,7033,7563
7903: 7739,7821,7902,8064,8292
2742: 3027,3713,2928,2744,3222,2743
9512: 6724,9543,5970,5774,9540,9406
4569: 4565,4566,4665,4867,4865
9452: 9678,9360,9583
9341: 6416,9644,9432,9914,9685,9896
4665: 4462,4661,4565,4569,4660,4865
4939: 4736
9751: 9718,9877,9721,9959,9670,4937
9939: 9727,9789,9285,8450
4072: 3867,3971,3367,4073
9780: 2552,9895,2362,9840,9905,9937
3776: 3777
9314: 9347,10015,9783,9989,9687
2689: 2685,2403,2586,2595,2691,2881
9927: 9876,9766,3729,3635,9966,9978
4703: 
5664: 5466,5564,5961,5572,5269,5964
1118: 9946,9879,1197,616,9369,9414
9514: 9812,9321,9388,9488,9264
8208: 9478,9467,7386,7117,8356
6249: 6055,9817,7086,6437,9725
9760: 9270,9276,1027,9736,9829,9707
9624: 9319,1820,2733,2738,9491,9333
1124: 902,372
9610: 9564,9613,9546,9827
9791: 9699,9657,9345,9775,233,9883
3842: 3646,3839,3838,2858,9891
5348: 5551
9125: 9242,9038,8885,9126,9548,9387
9441: 9804,9853,9590
3279: 3280,3373,3372
1132: 1362,1444,366,1211,9806
2584: 2974,2778,2201,2777,9997,9742
2873: 2391,3464,2968,2580,2776
2963: 3552,3849,9374
1136: 1297,1375
6280: 6085,6375,6376
9345: 700,9416,9775,9791,233
8373: 9982,8943,10003,8710,8372,8225,9752
7127: 7125,6759,7128,7565,7393
9402: 10034,9643,9354,9944,9465,9499
9289: 9705,9486,9534,7630,8031,8186
9887: 9689,9866,10027,9599,9799,9646
2752: 9654,9841,2655,2657,2848
1145: 1068
3612: 3712,4010,3027,3713,3805,3810
3210: 2728,3211,2822,3504,3903
1148: 1556,1727,1228,527,1901
9759: 9790,9816,9485,9796
9777: 4839
7532: 6639,6915,7095,9458,9310
1152: 1477,1078
9956: 9830,9674,9856,9586
9447: 9434,9373,9998
9991: 9468,9272,9515,9706,9676
9690: 9695,10034,9763,9944
9958: 2072,9380,9818,9746,9757
4491: 4390
9532: 9479,9286,2770,9595,10033
6265: 6460,6266,6645,6072,6639,7095
4650: 4955,4757,4642,4548,4442,4643
4871: 4773,4870,4968,4876,5475,4969
9678: 9711,9480,10025,9360,9452
9589: 9273,9326,9383,9923,9809
9355: 7298,7646,7560,9588,9478,9252
8838: 8835,8841
9456: 9984,9378,9545,9277,9686
8990: 8991,9130,8989,9038,8885,9039
1169: 1251,9741,1170,1092
1170: 1092,1169
2983: 2698,3176,2888,2600,3079
9326: 217,9273,9589,9383,9907,9793
9369: 616,9323,9580,1197,9626,1118
9805: 9647,9967,9650,6731,9773,6448
4192: 4293,4292
7062: 7156,7152,7419,7858
9167: 10014,9166
1178: 2037,1594,1340,872,1506,1592
9457: 9963,9735,9559,9531,9466,9942
1180: 1772,1261,1861,948,1187,1263,1428
5302: 5403,5202,5201
9357: 2822,9397,9342,9761,2728
9704: 9679,3526,3818,9796,9790,3421
4773: 4871,4870,4771,4675,4876
8983: 9919,9889,8701,9237,9292,9640
6058: 6349,6347,5961,5765,5856,5959
1187: 359,874,1263,1180,1351,1428
6084: 6085,6564,6278,6375
9162: 9567,9615,9239,9037,9194,9242
2586: 2685,2403,2689,2212,1762,2492
9975: 10006,9817,9725
6105: 5508,5807,5705
2662: 2758,2953
5852: 5455
6896: 6516
2655: 2657,2752
1197: 1276,1272,9323,9369,9414,1118
1198: 2135,1867,9247,9295,1527,2044
5250: 5451,5249,5452
8032: 7380,8186,9534,7467,7550,9436
3628: 3224,3421,9520,3226,3727,9713
2937: 3224,3531
3079: 3072,3073,2693,2600,2983,3176
9980: 9363,9291,9743,9812
8766: 7902,8365,8703,8292,8705
6886: 6696,6884,7163
6900: 
9263: 9393,9460,155,9461
9475: 9278,9384,6118,9432
4789: 4891
1211: 1706,1698,750,366,1132,9706
9865: 9818,9757
4655: 4548,4448,4661,4559,4757,4658
9017: 9016,8960,8861,9983
2669: 2570
1216: 840
9875: 9344,9271,9904,9649,9795,9740
8451: 8304,8376,9336,8521,9692,9750
10031: 9753,9779,9714,9977,9880,10012
9919: 8983,9889,9926,9930,8205,8701
9966: 10038,3729,9927,9978
9839: 9603,9920,9650,9773
9828: 9984,9844,9450,9545,9739,9681
8821: 9739,8688,8044,8426
1225: 2074,9557,9365,9470,2253,1987,1071
7086: 6437,6249
1227: 9488,9495,9365,1071,527,1553
1228: 927,9530,9495,527,1148,1556
9303: 9509,9453,9449,9852,9754,9885
3771: 3874,3772,9364,3670
9462: 9797,9489,9442,9422,10000,9256
7542: 9989,7617,9993,7794,7014
2870: 2967,3460,3262,2390,2772,4045
9511: 9278,9384,9575,9309,9601,9908
5910: 6204,6007,5813,9417,9684,5710
8186: 8032,7380,7375,8031,9289,9534
8710: 8296,8513,8372,8373,9317,9982
1238: 3207,3204,2170,3205,9254,9409
9313: 9330,9433,9287,9526,9403,9502
1240: 
4521: 4621,4307,4314,4322,4525
3734: 3928,3727,3731
5283: 5084,5480,5581,5281
9254: 9320,9409,2170,9279,9481,1238
9556: 9297,9629,9317,9982,10005,9571
1246: 1494
4349: 4458,4263,4347,4450,4146
3678: 3777,3578,3778
10023: 9671,9965,9542,9327,9970,1756
9901: 9658,9941,6338,6335,9305,10035
1251: 1169,9741,1013
3646: 9931,3842,3839,2578,3450,2858
6622: 6902,6716
9438: 9854,9892,9787,9661,9767,9407
8225: 8150,7992,9752,8372,7909,8373
8274: 8919,9236,8343,9070
8917: 8807,8805
4997: 
7440: 7353,7265
7478: 7649,8210,8498,7564,7565
1261: 1772,1512,1180,1861,948,9281,9257
9420: 9640,9277,9237,9307,9613,9618
1263: 801,1187,874,948,1180
8126: 8046,9407,7965,7888,9019,7885
9307: 9564,9613,9217,9218,9504,9420
4839: 9777,4941
8178: 
3184: 2896,2895,3280,3185
8336: 
1270: 1608,740,1864,1351,1436,1525
6645: 6460,6265,6744,7095,6927,6916
1272: 1276,1197,884,9372,9414,9528
9643: 9936,10034,9402,9508,9354,9310
9548: 9507,9672,9615,9125,9863,9387
9846: 9754,9885,9738,7564
1276: 1197,1272,884,672,892,9323
10039: 9824,9571,9727,10003,9762,9789
3641: 3545,3448,3151
3533: 3434
4255: 3953,4155,4057,3957,4347
5917: 6018,6508,5421,5215,5417,5419
8619: 8861,8801,8683
4364: 4266,4164,4367,4463,4263
9874: 9665,9899,9774,9737,9669,9747
4694: 
1286: 754,1052,1367,978
2808: 2336,2524
7996: 7318,7581,7494,8076,7668,7913
9395: 9344,9505,9712,9740
7119: 6931,6749,7560,7386,6934
9537: 9781,9338,9803,9446
9601: 9309,9724,9860,9511,9575
4891: 4789
9343: 9471,9867,9614
1295: 980,834,9969,181
4284: 4285,4385
1297: 1136
9360: 9249,9429,9583,9480,9678,9452
9935: 4123,9955,4330,9262,9328,9814
2881: 2974,2685,2689,2691,3072
9505: 9344,8663,9395,8596,9359,9712
8921: 9111,9024,8972
9321: 9388,10002,9788,9514
6507: 6403,6405
2974: 2881,2584,2778,2685,3072,2777
2758: 2662
10001: 3372,3271,9662,9822,10010
9857: 10030,9762,7992,9752,8301,8304
9016: 9017,9010
2609: 2987,2512,2610,2057,2893
4603: 4501,4504,4605
1312: 1729
9713: 9957,9990,3628,9520,9516,3727
1314: 
9408: 4641,5044,9482,9352,9574,9302
9010: 9016,8962
8383: 9649,7579,9795,9617,7911,9448
9712: 9359,9386,9505,9395
3819: 3615,3715,4330,3517,4123
8943: 8373,10003,9752
9410: 9394,9533,9311,9578,9367,9455
4855: 4955,4858,4849,4852,5159,5060
7670: 7836,8236,6582,6583,7050,7142
9525: 7060,7417,9559,9518,7505,9466
5389: 5390
3367: 3670,2776,3464,4072,3971
1327: 
9130: 8991,8990,8707,9600,9894,9039
5361: 5754,5167,5163,5064,9394,5755
6246: 
4559: 4462,4661,4458,4450,4655,4448
7935: 8015,7934,7771
3166: 2967,3460,2391,2968,3860,3763
7353: 7440
6201: 9517,9631
2492: 2585,2111,2212,2685,2586,2778
9996: 9858,9794
2540: 3412,3607,3121,9717,3119,9700
9729: 9472,7617,9705,9486,9928,10024
1340: 1019,872,9819,1178,1506,9399
4399: 4298
6448: 6823,9967,9805,6541,6731
9519: 9285,9340,9594
10033: 9463,9619,9532,2770,9659
9588: 6847,9379,9593,7646,9355,9252
5304: 5204
9424: 9772,3837,3536,9621,9418
9468: 9991,9439,9676,9473
6022: 6316,5129,5724
4687: 
1351: 1864,1428,1187,359,1270,740
6964: 6871,7145,6583,6391,7836,8526
4081: 
9295: 9918,9528,1198,9247,1527,9758
9276: 9760,9270,1027,9830,9674,801
5889: 6085,5789
9024: 9069,8868,8921
3774: 3674,3874,3772
9864: 9716,9916,9349,9391,9688,9381
3701: 3504,3502,2822
6902: 6622
1362: 1132,1444,424,217,366,368
9685: 9847,9908,9914,9278,9432,9341
9842: 8175,9683,8097
9338: 1042,157,9537,9446
6278: 6848,6375,7123,6564,6084,9379
1367: 630,910,978,1286,754,1449
9012: 9059
10005: 9960,9664,9629,9556,9824,9571
9737: 2021,2024,9665,9874,9669
5281: 5578,5180,5283,5480
6695: 6598,6696
8479: 8338,8737,8540
5390: 5389,5490
1375: 1461,1136
3818: 9679,3526,9704,3821,3321,3722
3577: 3578
9596: 8694,8631,8282,9497,9368,9971
9881: 9995,9653,9581,9492
6662: 7033,7563,6474,6665
5121: 5023,5138,5031,4929,5317,5417
9437: 9592,9353,9336,9893
5123: 6118,5338,9562,5023,5421
1384: 1549
7965: 8126,8046,8042,7885,9625
6009: 6984,6011,9898,6784
1387: 9470,2161,2253,1894,1984
3957: 4057,3860,3856,3953,4255
5813: 5709,5807,9417,9801,6007,5910
4483: 
5649: 
1392: 1729,9745
9561: 9508,10019,9667,9301,7360,6915
9274: 9631,6003,9253,9299
7400: 6672,6671,7311,7742,7314
7679: 8460,7680
5010: 5110,5113,4910,4917
10028: 9890,9897,9825
3025: 2744,2649,2553,2926,3119,2928
9302: 9604,4845,5044,9408,9574,9808
9521: 9269,4323,4331,9282,9483
3545: 3449,3448,3641
5663: 9578,9367,9490,5765,5856,6144
3715: 3615,3819,4232,4330,3712,4115
9385: 9370,9300,9288,9900,9807
3280: 3279,3373,3184,3471
8343: 8919,9236,8274,9492
9949: 9888,9682,9931,2389
9070: 9236,8274
5104: 5204
4131: 
1412: 1841,1666,1838,9677
9277: 9640,9420,9378,9456,9686,9618
1414: 
6376: 6280,6848,6375,6849
5225: 
3137: 3041,2944,3236
9883: 834,9969,9791,9657,233,9698
1419: 
1420: 
1421: 2119
8658: 8591
9809: 1529,1044,9933,9923,9273,9589
9415: 2021,2024,9637,9251,2305,2395
9079: 8363,8056,8058,8499,8878,9238
9646: 9599,9513,10027,9887,9723
9535: 2964,9555,9351,2772,9541
1428: 1864,1351,1187,1180,1861
4141: 9425,3458,3850,3656,9597
9779: 9753,10031,7252,9977,9627
9329: 9487,9565,9837,9950,9416,9775
3949: 9582,9597
7865: 7787
8905: 8904
9460: 9393,9263,9782,10040,9580
1436: 2133,1951,1864,1270,1867,1525
4045: 3856,4343,4139,3559,3262,2870
4240: 9331,9522,4146,4450,4448,4444
3386: 2802,3485
7146: 6871,7145,6585,6966,7325,7413
2595: 2403,2689,1853,1943,2691,2311
7988: 8075,7909,7494,7913,8513,8372
9836: 9702,9426,8262,8033,9587,9423
1444: 1362,1132,424,9869,1873,9806
9734: 9524,4336,9569,9282
1446: 1617,1044,9933
7673: 8081,7839,8596,7757,7413,8386
9301: 6731,9773,7360,9603,9561,9667
1449: 754,1367,910,1619
6804: 6805,6520
4146: 9331,4240,9489,4155,4349,4347,4450
9869: 1873,9974,1444,9806,9487
9497: 7973,8282,8811,9596,9368,9584
9769: 9728,9656,9823,9736,9829,9798
5163: 4660,5062,5064,4865,5755,5361
4716: 4725,4719,4823,4915,4710,4817
9708: 9722,9903,1727,9813,9720
8679: 8550,8481,8799
5920: 5722,9562,9249,6421
6629: 5964,9308,9607,5572,5965,6348
1461: 1375,1800
9469: 9417,9801,9494,9309,9847,9908
5736: 5637
9236: 8274,8343,8695,9070
9508: 9561,10019,6915,9936,9643,9310
9658: 9941,9873,9901,6337,6335,9872
9666: 9979,9726,9849,9648
9763: 9944,9993,9690,9347,9989
4314: 4104,4007,4319,4307,4521
2523: 100,9339,2151,9553,2710,2902
9860: 9601,9724,6797,5413,5211,9696
2657: 2655,2468,2658,2752,9841
1473: 2733,2639,2738,1075,1556,1816
9325: 9261,9476,9364,9398,9463,9608
9489: 9462,9797,4155,9256,9331,4146
9077: 8928,9119
1477: 1152,1076
9547: 9598,9923,9275,9933
2693: 2411,2691,2311,2600,3079
7870: 8029,8265
7434: 10009,9517,9880,9977,9636,9253
7265: 7354,7440
1483: 
9606: 9267,2362,9905,9389
3777: 3678,3776,3778
4876: 4871,4773,5475,4978
1487: 9730,1738,1739
8076: 7668,7913,9260,7996,9419
8356: 7207,7974,7117,8208,7811
7839: 8596,7673,7757,7847,8597,8729
3835: 10011,9932,3838,3940,3444
7033: 6662,7563,6849,7562
3713: 3027,2742,3222,3712,3612,3615
1494: 1246
9074: 9214
9858: 9827,9811,9996,9794
1497: 1931,9682,2483
9268: 9536,9577,9493,2719,2251,1716
7581: 7318,7402,7996,7319,7142,7668
5408: 5509,5613,5508
9392: 4427,9269,4322,9483,9633
2511: 2509,2326,2512,2321,2136
5722: 6420,5920,9249,9583
1504: 1849,1583,1759
9544: 8597,8729,9952,9778,9359,9386
1506: 1676,9399,1340,1178,2033,1592
3448: 3545,3449,3641,3251
9802: 9507,9558
9754: 9846,9885,9852,9835,9738,9303
1510: 9405,10004,9612
2761: 3743,2389,3153
1512: 1261,1861,9551,9257,872,2037
2968: 2873,2391,2580,2866,3166,2967
3294: 3295
3471: 3280,3373,2678,3470
6916: 6927,7020,7095,6645,9550,9458
9516: 9771,9520,9990,9713
8015: 7935,7934
9682: 1497,9949,9888
9990: 9957,9713,10041,9516,9771,9815
5159: 4950,4852,4855,9533,5060,9311
7794: 7009,7014,7617,7542,9705
6481: 6385,6480,6483,6767,7141
9372: 1608,1272,884,9247,1525,9528
1525: 1867,9247,1608,1270,9372,1436
9435: 9543,9308,9638,9943,9647,9540
1527: 2044,2047,1198,9295,1782,9758
9376: 9346,9413,9484,8333,9426,8262
1529: 1044,9809,9273,424,1873,1616
10010: 2678,9244,9822,10001,3372,9810
9483: 9282,9459,9633,9392,9521,9269
1532: 1619
5403: 5302
9674: 9830,9956,9276,9586,801
4177: 4278
9577: 9268,9536,9298,9380,9493,9358
9910: 5942
5978: 5876,5975,6461,6266
1539: 3098,9259,2806
8879: 8987,9219,8363,8639,9122
9461: 892,811,251,155,9393,9263
1542: 2153,1800,2526,2156,2341
7505: 7847,7675,9466,7417,9525,7150
9258: 9538,9573,9723,9513,9412
9102: 8271,8273
9970: 9411,9351,1756,10023,9671,9845
7735: 7393,7217,7899,7737,7901,7818
9739: 8821,9681,9976,9450,9828
1549: 1721,1384
9374: 9332,2963,3552,3849,9425
9968: 9549,9265,9909,9306
3947: 3552,3942,3255,3837,3536
1553: 527,1901,1227,1810,1071,9902
9735: 9457,9963,7675,9466,9952,10022
4525: 4322,4529,4621,4521,4626
1556: 1148,1816,1228,927,1075,1473
1557: 9552,2364,1995,9882,9895
9732: 334,9850
7973: 8282,9497,8811,8565,7811,7558
3765: 3764,3665,3867,3971,4169
8776: 8590
6969: 6403,6781,9785
3837: 9756,3536,9621,3942,3947,9424
9421: 1025,9371,9642,9655,9707,9496
9859: 2554,9924,9554,2551,9961,9731
8296: 8222,8710,8513,8146,8579,8995
4069: 3867,4271,4169
9689: 9838,10000,9866,9887,9797,9799
9229: 9185
8995: 9127,8579,8296,9297,9317
1571: 1572,9730
1572: 1571,1740
7249: 
10032: 9591,9422,9375,9582,9947,9994
5882: 6078,6077,6461
8471: 
9851: 93,133,33
9916: 9864,9716,9688,9995
3550: 3940,3451
5508: 6105,5408,5613,5709,5807
9884: 9848,9603,9667
9924: 9491,9859,9731,9816
1583: 1504,1849,1759
6927: 6930,7020,6916,6645,6744,7019
5551: 5348,5849,5848
9253: 9274,9631,9299,9636,7434,9517
4448: 4655,4548,4444,4240,4450,4559
9745: 1995,1392,10008,9882
6242: 6244,6335,5256,6339,6338,5355
8282: 7973,9497,8565,9596,8631
5455: 6140,5852
1592: 1853,1855,2033,1178,1594,1506
9705: 9289,9486,7617,7794,9729,7368
1594: 2037,1178,1950,2036,1855,1592
5317: 5215,4917,5417,4811,4929,5121
5087: 5086,4986
9480: 9294,9503,10025,9678,9429,9360
9564: 9307,9613,9610,9504,9560,9546
5194: 5093,5295
9490: 9539,6339,9367,5663,6244,6144
9166: 9167
9971: 9930,8496,10043,8694,9596,9368
8614: 8677
8419: 8970,8485,8417,8346,8555
8794: 
9458: 9550,9354,9310,7095,7532,6916
9342: 9320,9397,9443,9246,9761,9357
1608: 1270,9427,9372,740,884,1525
4087: 
9431: 9288,9464,9324,9315,9566,9300
1611: 2416,683,2231,9962,9663
5581: 5084,5283,5480,5185,5678
6077: 5882,6078,6653,6461,6460,6744
9157: 8978
6371: 6658,6464,7298,7646
1616: 1873,1529,1044,1617
1617: 1446,1044,1616
7184: 7002
1619: 1532,1449
2776: 3367,3670,9608,2873,3464
9486: 9705,9289,9534,9928,9729,9390
1622: 2236,1881,2231,2234,9428,9527
4950: 4852,5159,5150,9311,5051,9539
5964: 6629,9607,5664,5961,5572,6349
5572: 5965,5672,5269,5664,5964,6629
5269: 5572,5672,5070,5274,5466,5664
9145: 
3934: 
8636: 8358,8632,8211,8694,8496,8429
1630: 2909,9536,2719
9662: 9822,3073,3176,10001
8677: 8614,8676
8861: 8960,8619,8683,9983,9017
9484: 9346,9413,9376,9390,9928,9733
5051: 9539,6339,4950,5150,9350,5256
3460: 3166,2967,2870,3856,3860
3464: 2873,2391,3367,2776,3665,3971
4941: 9868,4839
9929: 9718,9721,9348
9348: 9523,9266,9703,9718,9929
5848: 5849,5551,6041
4514: 4621,4307,4616,4306,4405
5202: 5201,5302
2512: 2511,2509,2326,2610,2699,2609
9723: 9513,9646,9258
8075: 7909,7988,7913,9284,7579
9749: 9863,9811,9567,9615,9546,9827
9848: 9884,10019,9667,9710
8346: 8417,8485,8419
8392: 
1651: 
7630: 7009,9289
5328: 5426,6219
9494: 9417,9469,9847,9684,10016
7761: 8006,8005
7110: 7289,6932,7198,6930,7020,6832
10042: 9920,9529,9362,6537
8597: 9544,8729,9952,7847,7675,7839
9863: 9749,9811,9673,9615,9548,9672
4332: 3820,3821,4329,3722,3733,3635,4030
3295: 3294
4462: 4665,4661,4559,4458,4463,4565
4004: 4104,4007,3903
7680: 7679
9318: 9960,9664,9085,9501
1666: 9677,1412
9612: 9551,9257,9770,10004,1510,9405
9824: 10039,9571,9727,10005,9664
9998: 9373,9447
7380: 8032,8186,7375,7292,7383,7467
9680: 6041,9652
8221: 8146,8579,8770,8144,7742,8066,8064
9520: 3224,3531,3628,9516,9713
6671: 6575,7311,6576,6672,7400
9700: 2728,9761,9709,9717,2540,3607
1676: 794,2030,9382,1506,9399,2033
9518: 9559,9400,6784,7060,9525
9750: 9692,9293,9594,8451,9340,8521
7163: 6978,6886,6884
6011: 9684,5710,9898,6009
5961: 5564,5664,5765,6058,6349,5964
9549: 9968,9755,10018,9909
9510: 9997,9862,9286,2770,9675
7368: 7617,9705
7428: 7775
8020: 
2483: 2767,1497
5300: 5400,5200
9776: 6055,9817,9873,9964,9792,10006
9976: 9634,9800,9450,8426,9739
9798: 9655,9829,9656,9769,9781,10037
9792: 10006,9992,9941,9873,9776
3151: 3641
8978: 9157
6391: 6583,6389,6100,6964,6871
4849: 4955,4855,5044,4643,4845,4852
6672: 6767,7400,6576,6480,6671
1698: 1211,1706,616,750,9946,10026
7311: 6671,7400,7739,7742
9931: 3646,3839,2578,9949,9888
9434: 9373,9447
9896: 10020,9914,9644,9341,9906
9409: 9320,9397,9254,3207,1238,1732
7723: 7555,7550,7721,7641,7888,8867
9353: 9917,9334,9356,9437,9592
1706: 1211,1698,10026,9706,1793,9676
6516: 6896
9517: 10009,7434,6201,6585,9631,9253
1709: 2244,2153,2526
9993: 9763,9944,9465,9989,7542,7014
8599: 8163
10020: 9911,9896,9644
2551: 1915,9554,2459,2643,2639,2554,9859
2848: 2752
10026: 9946,9962,1706,1698,683,1793
1716: 2815,2818,2721,9268,9493,2251
9623: 9616,8526,7836,9260,9628
3743: 3741,2389,2761
9399: 1676,9382,1506,1340,9819,9500
9730: 1571,1487
1721: 1549,1805
9907: 9782,10040,9793,217,9326,368
9465: 9944,9993,9402,9499,7010,7014
8593: 8661
9994: 9947,9870,9422,10032,9838,10000
9827: 9858,9610,9546,9749,9811
1727: 1148,1816,1901,9708,9720
9252: 9290,9622,9355,9588,9593,9478
1729: 1392,1312
6307: 6598
4165: 4057,3860,3764,3763,4164
1732: 3207,9397,9409,3502
9906: 10016,9898,9914,9896
9573: 4642,9538,9258,9412,9352,4641
9238: 9122,8878,8363,9079,9120,9217
9741: 1251,1169,1013
6338: 9265,5355,6335,6242,9305,9901
1738: 1739,1487
1739: 1738,1487,1740
1740: 1572,1739
9801: 9417,9469,9764,9309,9724,5709,5813
8119: 8261,7880
9085: 9894,9039,9126,9960,9318,9501
3285: 9502,9433,3284
4115: 3712,4010,3715,4232,4323,4331
9248: 9590,9366,9430
1747: 9361,9669,2021,2395,2666,2111
9961: 9267,9554,9389,9859,10021,9731
9590: 9366,9248,9804,9337,9441
3093: 980,181,100,2333
6967: 7060,7417,9714,6682,10012
9818: 9865,9757,9958,1984
9813: 9720,2826,9722,9708,9335,9645
9814: 9825,9328,9935,9955,9922,9897
5353: 5251,5352
1756: 9970,9351,9327,10023,9579
9825: 9328,9814,10028,9897
5709: 5813,5807,5613,9764,5713,5508,9801
1759: 1504,1583
9627: 9977,9636,5804,9639,9779
8485: 8273,8346,8419
1762: 2305,2212,794,2030,2586
7945: 8026
9821: 9823,9736,9719,9270
9245: 9552,9363,9635,718,2451
9799: 9599,9689,9887,9797,9331,9522
7191: 9951,10024,9953,9472
9495: 1227,9488,9264,1228,9530,527
6425: 6419
9331: 9522,4240,4146,9797,9489,9799
5186: 5185,5086,5287
1772: 1261,1180,1861
9011: 
4169: 4168,4271,4068,3765,3867,4069
2576: 2387,2767
9529: 9943,9920,10042,9377,9638,9362
7252: 6204,6007,5705,9779
8358: 8632,8636,8211,8210
6541: 6350,9406,6071,9967,6448
9944: 9763,9465,9993,10034,9402,9690
4675: 4771,4773
1782: 2321,9758,1527,2047,2136
7467: 7383,7470,7641,8032,7380,7550
2509: 2511,2512,2888,2136,2698,2699
9940: 10002,9788,1805,9316
8663: 9344,9505,8081,8596,9271
8639: 7979,8363,8058,8879
9790: 9759,3421,9704,9796
6517: 6709,9855
2815: 1716,2818,2251,3301
9576: 9255,9251,9878,9283
3821: 3820,3519,3321,3722,4332,3818
1793: 2234,9439,9676,10026,1706,683
9794: 9858,9811,9673,9996
9119: 9077
3497: 3400
3940: 3451,3444,3550,3835
8674: 8675
9628: 9271,9904,9419,9616,9623,9260
1800: 2153,1542,1461,2156
9332: 9374,9772,9425,9396,9620
8616: 
7437: 7349
9592: 9437,9356,9353,8376,8228,9336
1805: 1067,1721,9940
9635: 927,9530,9363,9291,9245,718
9692: 9293,9750,8451,9336,9893,9786
6464: 6078,6653,6371,6931,7298
8363: 9079,8058,8639,9238,9122,8879
1810: 2079,1987,1071,9902,1553
8142: 8064,8292,8705,9127,8770,8707
5680: 5678,5775,5776,5873
9946: 9879,9962,10026,1118,616,1698
4278: 4177
2895: 3184,2800,2896,2893
1816: 1556,1727,2733,1473,9720
4910: 4809,4811,4710,5010,4917
5699: 
8844: 8784
1820: 9319,9624,2733,9720,2826,2553
8729: 9544,8597,7839,8596,9359
9449: 9509,9303,9885,8631,8632
9642: 9371,9421,672,811,9496,9427
5975: 5978,5876,6071,5973,6072,6163,6266
9953: 9833,9783,9472,9687,7191
8904: 8905
9543: 6348,6724,9512,9435,9308,9540
7757: 7325,7413,7150,7847,7839,7673
5804: 5705,5904,9639,9627
9443: 9320,9342,9279,9296,9246
9684: 6011,5710,9417,9494,5910
9647: 9967,9540,9805,9650,9435,9943
1833: 1921
9296: 9722,9715,9443,9246,9335
2685: 2689,2586,2492,2974,2881,2778
5904: 5801,5804,9639
9560: 9567,9546,9504,9239,9219,9564
1838: 9765,9677,1412,1841
6768: 6767,7141,7319,7314,7402
2678: 9244,3470,10010,3372,3373,3471
1841: 1412,1838,2199
9768: 5710,9753,9714
9255: 9637,9251,9878,9576,9500,9382
3502: 2822,9397,1732,3701
5009: 5007,5110,5211,5214
3145: 3144,3340
9819: 1019,1340,9748,9972,9500,9399
6155: 9362,6537,5959,6347,5957,5761
1849: 1504,1583,2119
9554: 1915,2459,2551,9389,9961,9859
9817: 6249,6055,9776,10006,9975,9725
7778: 7354
1853: 1855,2033,1592,2407,1943,2403,2595
9552: 1557,9245,1995,9363
1855: 1853,1592,1594,2036,2407,2131
2772: 2390,9541,9535,3262,2870
3552: 2963,3947,3536,9374
4390: 4491
6480: 6385,6481,6576,6672,6767
3037: 2940
1861: 1772,1261,1512,1180,1428,2037,1950
5637: 5736
9854: 9438,9787,9767,9889,9926,9691
1864: 1351,1428,1270,1436,1951
9719: 9821,9830,9270
9726: 9979,9784,9668,9849,9861,9666
1867: 1198,2135,9247,1525,2133,1436
3849: 2963,9374,3458
5070: 5754,5167,5274,4969,5466,5269
9563: 8867,7470,7641,8811,9584,9444
8042: 8033,7719,7885,7965,9568,9625
9574: 10017,9808,9482,9408,9302
1873: 9869,1616,1529,1444,424
5007: 5009,5110
9850: 334,9732,446
8033: 7719,8042,8262,9836,9423,9568
9631: 9274,6003,9253,9517,6201,6100
5331: 5727,6028,5230
9847: 9908,9914,9685,9494,9469,10016
9778: 10022,9544,9952,9386
1881: 2610,2236,1622,9428,2057,9611
9908: 9847,9685,9309,9278,9511,9469
8555: 8417,8970,8419
7565: 7125,7127,7564,7649,7478,7393
9239: 8987,9037,9219,9567,9162,9560
6915: 6639,7532,7360,6358,9508,9561
10013: 9482,9352,9412
7081: 7342
9578: 9367,5663,9410,5564,9455,5765
2643: 718,1075,2451,2459,2551,2639
9264: 9488,9495,9514,9812,9291,9530
1892: 9493,9358,2161,2531,2536,2721
2926: 9645,9717,3119,2826,3025,2553
1894: 1067,9316,1984,1387
9747: 9361,9669,9874,9774,9986,9630
9614: 9471,9306,9343
5295: 5395,5194
9261: 9325,9476,9364,3674,3772
2806: 2151,1539
4641: 5044,4643,9408,4642,9573,9352
1901: 527,1553,1148,1727,9903
9744: 9912,9932,10036,9756,9621
10036: 10011,9932,9891,9744
9394: 9410,5755,9533,5754,5361,9455
3119: 9717,2926,3025,2540,3121,2928
3820: 3519,3821,4329,4332,4123,9955,4030
5876: 5978,5975,5776,5973,5683
9503: 9480,9294,5031,9454,5338,9429
1909: 
9660: 9368,9584,9661,9444,9767,10043
2639: 2738,1473,2643,1075,2551,2554
9882: 9840,10008,1995,9745,1557,9895
5480: 5283,5581,5281,5676,5678
9637: 9255,9251,794,9382,9415,2305
1915: 9554,2459,2551
8265: 7870
1917: 2279
9352: 10013,9482,9412,9573,4641,9408
3519: 3820,3821,3321,2836,3517
6326: 6420,6421,6416,9668,9401
1921: 1833
9954: 2010,2098,9451
8044: 8688,8821,9653,9581,8199
9346: 9484,9376,9390,7555,9436,8333
9928: 9486,9729,9733,10024,9484,9390
9911: 10020,9644,9979,9401
9969: 834,9883,9698,9440,1295
4809: 4910,4709,4719,4710
5792: 5891
6978: 7163
1931: 1497,9888
9849: 9701,9861,9726,9666,9648
9654: 2752,9841
4320: 9269,4323,4218,3810,4010,4427
2822: 9357,3502,3210,3504,3701
4917: 5215,5317,4910,4811,5010,5113
4179: 4280
9853: 9804,9698,9441,9657
5200: 5201,5300
3635: 3729,3733,4332,9876,4030,9927
4606: 4709,4605,4611,4405,4504
4450: 4458,4349,4240,4146,4448,4559
1943: 2407,1853,2595
7340: 7929,8170
9112: 8627,9027
4083: 3982,3983
5475: 5274,5574,4969,4871,4876,4978
9038: 9125,9242,8885,9194,8989,8990
2744: 3025,2649,9913,2742,2928,2743
1950: 2037,1594,1861,1951,2036
1951: 2133,1436,2036,1864,1950
4817: 4826,9280,4716,4823,4730,4915
8676: 8675,8677
9845: 9479,9286,9671,9862,9970,9411
9722: 9296,9715,9903,9708,9813,9335
9312: 9733,9951,9413,9694,9886
4085: 
3236: 3041,3137
6483: 6387,6582,6481,7141,7050
3990: 3991
6062: 5868,5870,6631,5177,5478
7314: 8066,7743,6768,7400,7402
3480: 3284
7962: 
9534: 9289,9486,8032,8186,9390,9436
4307: 4621,4514,4521,4306,4104,4314
8236: 7836,7670,7142,7668,9260
5705: 5804,6105,5807,7252
3772: 3874,3771,9261,9364,3674,3774
8620: 8271,8919
5424: 5129
8683: 8805,9983,8801,8619,8861
1973: 2524,2244,2336
9679: 3818,9704,9796,9697,9304,3321
5395: 5295,5495
2524: 1973,2336,2808
5426: 5328,6219,5724
1978: 2341,2909
3795: 
4168: 4271,4169,4068,4269,4266
7579: 9284,8383,8075,7909,8150,7911
6709: 6517,9855
9626: 750,10040,616,9369,9580
1984: 2072,9818,1894,1067,1387
4937: 4730,4529,9670,9877,9751
9675: 2770,9810,9659,9510,9822
1987: 1810,1071,2253,1225,2165
9492: 9581,9881,8343
4458: 4263,4349,4450,4463,4462,4559
8046: 8126,9407,7965,9892,8422
1991: 2170,2538,2536,2165,2079,9481
9401: 9979,9668,6326,6416,9644,9911
9260: 8076,7668,8236,9623,9628,9419
9885: 9846,9754,9303,9449
1995: 9745,9882,1557,9552
1996: 2272,2271
9388: 9321,10002,9514,9557,9365,9488
4661: 4462,4665,4559,4655,4660,4658
3733: 3729,3731,3635,3928,3722,4332
9605: 2390,9541,9411,9479,9595,2866
2896: 3184,2800,2895,2148,3185,2240
2002: 2090
8667: 8242,8318
9426: 9702,8262,9836,9413,9376,9886
7095: 6639,7532,6265,6645,9458,6916
6848: 6278,6375,7123,6849,6376,7300
5973: 5776,5873,6071,5876,5975
3656: 3755,9582,9597,4141,3850,3559,2964
4501: 4603,4504
2010: 2098,9954
9487: 9329,9565,9837,9869,9974,9806
9837: 9487,9329,9974,9950
8056: 9079,8058,8211,8210,8498,8499
9280: 9602,4826,4817,4730,9877,9266
2015: 2199,2293,2198
8483: 7958
4134: 
5613: 5916,9764,9696,5713,5408,5509,5508,5709
9328: 9825,9814,9935,9569,9262
4301: 
2021: 9737,9415,2024,2395,1747,9669
2022: 2578,3450
6416: 9644,9341,9432,6421,6326,9401
2024: 9737,9415,2021,9251,9283
9753: 9779,10031,9714,6204,9768
2666: 2585,2111,9361,1747,9965,9542
10017: 9574,9808,9985,9871
5713: 5613,9764,5709
9498: 9599,9513,9522,9538,4444,4442
2030: 794,1676,2033,1762,2403
9354: 9550,9458,9310,9643,9402,9499
2571: 2196,2476
2033: 1853,1592,2030,1676,1506,2403
7520: 7080
8701: 9120,9237,8878,8205,8983,9919
2036: 2133,1951,1594,1950,1855,2131
2037: 1178,1594,1950,1512,1861,872
4548: 4655,4448,4444,4442,4757,4650
9766: 9876,9921,9927,9978
8426: 8688,9641,9976,8821
3928: 3226,3727,3734,3526,3722,3731,3733
9905: 9937,9780,2362,9606
2770: 9675,9659,9510,9532,9286,10033
2044: 1527,2047,2225,1198,2135,2224
9595: 2580,2866,9532,9479,9605
6420: 6326,5722,9784,9668
2047: 1527,2044,2225,1782,2412,2136
7010: 6832,9499,9465,7198,7195,7009,7014
9568: 9349,9391,9625,8033,8042,9423
2738: 2733,2639,1473,9491,2554,9624
9582: 3755,3656,3949,9597,9375,9591,10032
5138: 5121,5031,9454,4929,9602,4826
10019: 9508,9561,9667,9848,9710,9936
5287: 5186
9687: 9472,9314,9783,7617,9953
8210: 7478,8498,8358,8211,8056
2057: 2424,2610,1881,2609,9611
6639: 6915,7095,7532,6072,6358,6265
6871: 6964,7146,7145,6585,6391
8338: 8479,8737,8540
9973: 9823,9728
9804: 9698,9440,9337,9441,9853,9590
9698: 9804,9440,9853,9657,9969,9883
3144: 2953,3145,3242
3536: 3837,3552,3947,9424,9772
5891: 5792
7739: 7742,7903,7311,7821,7570
7780: 
7880: 8119
8982: 8976,9235
8949: 8999,8950,9046
2072: 9958,1984,2161,9358
3982: 4083,3983
2074: 1225,9470,2253
9194: 8824,8989,9037,9162,9242,9038
7821: 7570,7737,7901,7739,7903,7902
8496: 9930,9971,8694,8636,8429,8205
4986: 5086,5087
2079: 1810,2165,1991,9250,9481
9613: 9564,9307,9610,9420,9618
8928: 9077,9235
9380: 9958,9746,9298,9577,9358
9762: 9857,10030,9789,10003,9752,10039
2743: 3222,2836,2744,9913,9304,2742
9205: 
6749: 7119,7019,6930,6932,6934
7125: 6759,7127,7565,6665,7564,7389
6140: 5455
9782: 9907,10040,9793,9460
2090: 2002,2272
6805: 6804
9903: 9722,9715,9708,9902,1901
4771: 4470,4675,4773,4870
8805: 8683,8801,8917
7460: 7462,7375,8031,7289,7198,7195
2096: 2188
9455: 5466,5564,9410,9394,5754,9578
2098: 2010,9954,2280,2188,9451
3207: 3204,1238,9409,1732
9382: 794,1676,9399,9255,9637,9500
3340: 3145
9557: 1225,9365,9316,9388,10002,9470
9256: 3953,4155,9442,4343,9462,9489
9122: 9238,9504,8363,9217,8879,9219
7318: 7402,7581,7494,7996,7743,8222
2721: 1716,2818,1892,9493,2536,2538
5765: 5564,5961,9578,5663,5856,6058
9834: 9375,9396,9620,9947,9693
9758: 1043,1782,9663,9295,9918,1527
5750: 6041,9652
2111: 2666,2492,2585,2212,2395,1747
9368: 9584,9660,9497,9596,9971,10043
9761: 9246,9709,9342,9357,2728,9700
9069: 9024,8868,8812,8981
4867: 4968,5064,4865,4569,4870
9933: 1044,9809,9547,9923,1446
8429: 8499,8878,8205,8636,8211,8496
9879: 9946,9962,1118,9918,9414,9663
2119: 1849,1421
6041: 5750,9652,9680,5848
9538: 4642,9573,9258,9513,9498,4442
7123: 6278,6848,9379,9593,7300,9915
10002: 9321,9388,9788,9940,9316,9557
9522: 9331,4240,9599,9799,9498,4444
4880: 4979
6349: 6058,6347,5961,5964,9607,9377
9937: 9905,9840,9780
4285: 4284,4385
7439: 
3741: 3743,2389,3839
2131: 2224,2407,2133,2036,2135,1855
6337: 6244,6335,6144,6047,9658,9872
2133: 1436,1951,2036,2135,1867,2131
7342: 7081
2135: 1198,1867,2133,2224,2131,2044
2136: 2412,2047,1782,2511,2509
7117: 7386,7026,6934,8208,8356,7974
5672: 5572,5965,5269,5274,5574,5868
9728: 9656,9769,9973,9823
3421: 3224,3628,9790,9704,3226
9411: 9970,9351,9479,9845,9605,9541
8981: 9069
9668: 9979,9784,9726,9401,6326,6420
5676: 5970,5774,5578,5480,5678,5775
2553: 3025,2649,2826,9319,1820,2926
6767: 6672,6768,6481,6480,7141
4725: 4716,4626,4719,4823,4616,4611
2148: 9403,502,9322,2800,2896,2240
7911: 8309,9448,7579,8383,8150
5509: 5408,5613,5916
2151: 9259,9553,2523,2902,2806
9934: 9843,9770,10004,9856
2153: 1800,1542,2526,1709
9445: 9287,9315,9611,9566,2424,9322
6219: 6323,5724,5328,5426
2156: 1800,1542,2341
9665: 9874,9899,9737
9373: 9434,9447,9998
4757: 4955,4858,4650,4655,4548,4658
8061: 7818,7979,8365,8703,9081
2161: 2253,1387,2072,1892,2531
7847: 7505,7675,7757,7150,7839,8597
5933: 5536
9555: 9579,9609,3850,9351,9535,2964
2165: 2531,2536,2079,1987,1991
9541: 2390,9605,2772,9411,9351,9535
4293: 4192,4393
9337: 9804,9440,9590,9366,9339,9553
9506: 9570,9330,9433,3385
2170: 3205,2538,1991,9481,1238,9254
2909: 1630,1978,9298
7791: 7279,7455
6731: 9301,9773,7360,9805,6448,6823
9688: 9349,9864,9916
6421: 6326,5920,6416
3284: 3480,502,9502,3285
9384: 9278,9511,9575,9475,6018,6118
4387: 4287
4865: 4867,5064,4665,4569,4660,5163
5230: 5331
5640: 
4811: 4915,4710,4929,4910,4917,5317
8841: 8950,8838
9706: 9515,1211,1706,9676,9991
9832: 9694,9886,9702,9981
9841: 2752,9654,2657,2658
9951: 9733,9312,7191,10024
2188: 2280,2098,2096
2189: 2280,9451,2468
4322: 4529,4525,9392,4521,9633
9727: 10039,9824,9789,9939
9638: 9308,9607,9377,9435,9943,9529
7770: 7932,7936,7771
2194: 2286
9639: 9299,5904,5804,9636,9627
2196: 2476,2571
6983: 7073
2198: 2015,2293,2481
2199: 2015,1841,2293
9838: 10000,9689,9866,9994,9870
2201: 2584,2778,2585,9965,9742
2844: 
6912: 
9757: 9746,9818,9865,9958
9710: 9695,9848,10019,9936
9493: 1892,9358,9268,9577,1716,2721
3643: 
8999: 8949,9092
6797: 5207,5211,5916,9696,9860
3991: 3990
9959: 9751,9721,9670,9459,9524
2212: 2305,1762,2395,2586,2492,2111
9598: 9547,9923,9275
3898: 3897,3998
6520: 6804
6018: 6508,5917,5421,6118,9384,9575
7767: 7850
3412: 2540,3607,3121,3506,3805
4444: 4548,4448,4442,9498,9522,4240
3942: 3451,3444,3255,3837,9756,3947
9315: 9287,9445,9566,9431,9526,9300
9463: 9608,9619,10033,9659,9398,9325
8064: 8292,8142,8144,7903,8221,8770
2224: 2407,2410,2131,2135,2044,2225
2225: 2044,2047,2224,2410,2411,2412
4580: 4579
9185: 9229
9423: 9587,9836,8033,9568,9349
5207: 6797,5916
9364: 9325,9261,9608,3670,3771,3772
2231: 2416,683,1611,2234,2236,1622
5214: 5413,5211,5419,5009,5110,5113
3670: 3367,2776,9364,3771
2234: 1793,9439,683,2231,1622,9527
8211: 8358,8636,8210,8429,8499,8056
2236: 2610,1881,1622,2416,2231,2326
9986: 9774,9747,9630,9572
5754: 5167,5070,5361,9394,5466,9455
9403: 502,2148,9322,9502,9287,9313
2240: 3380,3185,2896,502,2148
9852: 9622,9835,9915,9303,9453,9754
7156: 7062,7858
4697: 4797
2244: 1709,2526,1973,2336
5478: 5578,5180,6062,5870
4367: 4266,4364,4463,4269,4565,4566
9587: 9423,9702,9836,9981
6564: 6084,6847,9379,6278
6598: 6695,6307
9915: 7300,9835,9593,7123,9852,9622
2251: 3200,2719,9268,1716,2815
5417: 5215,5317,5023,5121,5917,5421
2253: 9470,2161,1387,2074,1225,2531,1987
7176: 7179,7777
7937: 
6474: 6665,6662
9416: 700,9345,9775,9329,9565,9272
9997: 9862,9742,9510,2584,2777
9361: 1747,9669,9747,2666,9630,9542
9774: 9874,9899,9747,9986
9278: 9384,9511,9475,9432,9908,9685
9262: 4336,9569,4232,4330,9935,9328
7389: 7564,7563,6665,7125
9527: 9428,9324,9473,2234,9439,1622
9633: 9483,9670,9459,9392,4322,4529
9250: 9279,9481,2079,9902,9715
8386: 9616,8526,7145,7413,8081,7673
9877: 9718,9751,4937,4730,9280,9266
9661: 9660,9444,9767,9019,9407,9438
3153: 3251,3449,2761
2271: 2272,1996
2272: 1996,2090,2271
4288: 4287
2274: 2371
9446: 156,155,9537,9338,9803
4709: 4606,4605,4611,4719,4809
9699: 9791,9657,9950,9775
4280: 4179
2279: 1917
2280: 2189,2188,9451,2098
9984: 9828,9456,9844,9545
9481: 9250,9279,2079,2170,1991,9254
7855: 
2888: 2600,2412,2509,2698,2983
3251: 3449,3448,3153
2286: 2194
7521: 
2288: 
4073: 4074,4072
9982: 8373,9317,10003,8710,9556,9571
5129: 5424,6022
8333: 7555,7721,9346,9376,8262,7719
2293: 2015,2199,2198
5201: 5202,5200,5302
7259: 7348
7765: 8170
9861: 9701,9849,9784,9726
8812: 9069,8868
9488: 1227,9495,9264,9388,9514,9365
7152: 6405,7419,7062
6226: 5826,5725,6323
9895: 2552,9780,9840,9882,1557,2364
5335: 5536
9793: 9907,9782,9383,9326
2305: 2212,1762,2395,9637,794,9415
3506: 3907,3211,3412,3607,3803
7419: 7152,7062
9242: 9125,9038,9194,9162,9615
6047: 5856,5959,6144,6337,5761,9872
7958: 8483
2311: 2693,2411,2691,2410,2595
5727: 5331,6028,5329,5826
8787: 
8824: 9194,8989,8703,9081,9037
9894: 9085,9039,9130,9629,9600,9960
5180: 5281,5578,5478
3491: 
9892: 9438,9787,8046,9407,8422,9634
7682: 
9566: 9315,9445,9611,9428,9324,9431
2321: 1782,2416,2511,2326
7668: 8076,9260,7142,8236,7581,7996
3297: 3200
3526: 3818,9704,3928,3226,3722
5338: 5123,9562,5023,5031,9503,9429
2326: 2511,2512,2321,2416,2610,2236
7002: 7184
4837: 4736
9784: 9668,9726,6420,9861
8498: 7649,7478,8210,7733,8056
7026: 7117,6934,7289,6932,7462,7974
4955: 4757,4858,4650,4855,4849,4643
2333: 2710,3093,100
8264: 
4057: 4165,3957,4255,4164
2336: 2808,2906,2244,1973,2524
6098: 6003,6387,6196
9653: 9581,9716,8044,9995,9881
9840: 10008,9882,9780,9895,9937
9634: 9800,9976,9892,9787,8422
2341: 1978,1542,2156
5497: 
3444: 3940,3451,3942,9932,3835,9756
8867: 7888,9019,9563,7641,7723,9444
2538: 2170,3205,1991,2536,2818,2721
6350: 6541,9406,5970,5775,5873
8391: 8242
9319: 9624,1820,9333,2649,2553,9585
9365: 9557,1225,9388,1227,9488,1071
9504: 9122,9218,9217,9219,9564,9307,9560
4870: 4871,4773,4771,4968,4867
4030: 9922,9876,3820,4329,4332,3635,9955
9450: 9800,9976,8984,9545,9739,9828
9290: 9622,9252,9478,9467,9453,9477
8026: 7945
3226: 3928,3727,3421,3628,3526
9960: 10005,9664,9318,9629,9894,9085
9439: 1793,2234,9676,9468,9527,9473
5249: 5250,5552
9616: 9623,8526,8386,8081,9271,9628
3330: 
2362: 2552,9780,9905,9389,9606
2363: 
2364: 1557,2552,9895,2451,2459
8031: 7460,7375,7195,7009,9289,8186
2366: 
9920: 9943,9529,10042,9650,9839
9237: 9120,8701,9217,8983,9640,9420
3722: 3821,4332,3526,3818,3928,3733
6984: 6009,6781,9898
2371: 2274
2967: 3166,3460,2870,2390,2866,2968
4330: 3715,3819,4232,4123,9935,9262
9336: 8376,8451,9437,9592,9692,9893
9948: 346,9474
8631: 8694,9596,9449,8282,8632
9344: 8663,9875,9505,9395,9271,9740
9615: 9567,9162,9242,9749,9863,9548
3787: 3786
7020: 6927,6930,6916,9550,6832,7110
7771: 7935,7934,7936,7770
3559: 2964,3262,3755,3656,4045,4139
3486: 
9671: 10023,9965,9862,9742,9970,9845
9575: 9384,9511,5413,6018,6508,9601
7014: 7009,7794,9465,9993,7010,7542
2387: 2481,2576
5725: 5826,6226,5329
2389: 3741,3743,2761,9949
2390: 9605,2772,9541,2866,2967,2870
2391: 2873,3464,2968,3166,3665,3763
9655: 9829,9707,9798,10037,9421,9496
9725: 6249,9817,9975
4292: 4192,4393
2395: 2305,2212,9415,2021,1747,2111
6932: 7289,7110,6930,6749,7026,6934
3458: 9425,4141,3849,9609,3850
9988: 9938,9917
4642: 9538,9573,4442,4641,4643,4650
6118: 5123,6018,5421,9384,9475
9620: 9834,9396,9772,9332
5746: 5942
2403: 2689,2586,2595,2030,1853,2033
9932: 10011,3835,10036,3444,9744,9756
10004: 9770,9934,1510,9612
7402: 7318,7581,6768,7319,7314,7743
2407: 2224,1943,2410,2131,1853,1855
9702: 9426,9836,9886,9832,9981,9587
6335: 6337,6244,6242,6338,9658,9901
2410: 2224,2407,2225,2411,2311
2411: 2693,2311,2410,2225,2600,2412
2412: 2888,2600,2136,2047,2225,2411
8513: 8296,8222,8710,8372,7494,7988
9686: 9618,9277,9456
5062: 4660,5163,4658,4858,5755,5060
2416: 1611,2231,2321,2326,2236
6682: 6586,10012,6967,7417,7325,7150
6419: 6425
3729: 3731,3733,3635,10038,9966,9927
6196: 6389,6100,6098,6003,6387
7354: 7265,7778
9664: 10005,9960,9318,9824
9515: 9806,9706,9565,9272,9991
2424: 2057,9445,9611,2800,9322
3470: 2678,9244,3471,9476,3572
8835: 8779,8838
3971: 4072,3867,3464,3367,3765,3665
4605: 4709,4606,4603,4504
9269: 4320,9521,4323,9392,4427,9483
9453: 9509,9303,9477,9290,9852,9622
9619: 9463,9608,10033,2580
9806: 9515,1132,1444,9869,9487,9565
8318: 8242,8667
4710: 4915,4811,4716,4719,4809,4910
9648: 9849,9666
9330: 9313,9433,9526,9370,9570,9506
9600: 9297,9629,9127,8707,9130,9894
9866: 9838,9689,9887,9999,10027
3607: 3412,2540,2728,3211,9700,3506
9187: 9114,9214
4481: 
5452: 5250
10015: 9314,9347,9783
4915: 4811,4710,4929,4716,4826,4817
10035: 9471,9305,9867,9941,9901,9992
8222: 8296,8513,7743,7318,7494,8146
8301: 8309,7992,9857,8304,8228
8205: 8429,8878,9930,8496,9919,8701
4979: 4978,5177,4880
10043: 9930,9971,9368,9660,9767,9926
2451: 718,2643,9245,2364,2459
7558: 7383,7470,7207,7811,7973,8811
2842: 
9306: 9471,9305,9968,9265,9614
3434: 3533
3805: 3907,3810,3412,3121,3027,3612
9709: 9246,9761,9335,9645,9717,9700
9005: 8891,8779
2459: 1915,9554,2551,2364,2552,2643,2451
4968: 4867,5064,4871,4870,5167,4969
9323: 9369,9580,892,9393,1276,1197
5870: 6062,6631,5578,5478,6724,5774
9406: 6541,6350,9512,5970,9967,9540
9694: 9886,9832,9312
5774: 5970,5676,5870,5578,6724,9512
9478: 8208,9467,7560,9355,9290,9252
9807: 9900,9385
2468: 2657,2189,2658
9736: 9823,9821,9769,9760,9270,9829