9266: 9877,9718,9280,9602,9523,9348
9886: 9312,9694,9413,9426,9832,9702
9339: 9337,3482,3680,9440,9553
9882: 2551,9895,9840,2459,9745,10008
9378: 9292,9640,9545,9456,9277,9420
5: 
5727: 5331,5826
2743: 3222,9679,3715,3713,3615
4811: 4826,4719,4004,4514,4626,4823
3874: 3471,3578,2148,9506,3674,9433
5975: 5876,5587,5683,5973,5882
8475: 
9239: 9567,9242,9194,9560,9219,9038
10012: 9714,10031,6586,9880,10009
9954: 9451
9562: 9784,9249,5421,5338,5138,9429
3451: 3942
9482: 9352,10013,9408,9574
10017: 9574,9985,9808,9871
10007: 8976
9833: 9783,9953
10011: 9576,9932,9878,9925,9891,10036
22: 
2280: 2189
9092: 9091,8999
9962: 9946,9879,9663,2231,2511,1611
7010: 9465,6930,7198,9993,7014,7195
5215: 5010,4605,4606,5214,5917,5417
9354: 9402,9499,9643,9310,9550,9458
4218: 3506,3607,2540,3027,9269,3810,4320
30: 
4867: 5064,4569,4164,4269,4566,4968
6358: 7532,6072,7360,6823,6071,6915
2036: 1951,1950,2403,1270,1855,2133
34: 
7009: 7195,7460,9289,7794,9705
9294: 10025,9703,9523,9454,9480,9503
9663: 9918,9758,9962,9879,2231,2321
4306: 3210,4611,4710,4004,9397,4514,4616
8694: 7478,8496,9596,8632,8631,9971
40: 
6085: 9379,7123,6564,6280,9860,9696
9533: 4771,9394,5167,4968,9311,9410
9362: 4072,9377,9529,9476,3771,10042
9782: 9907,10040,9460,9338,9446,9793
9265: 9909,5355,6335,9306,9968,9305
9317: 8995,8707,8710,9982,9297,9556
8878: 9217,9237,9120,9079,8061,9238
6884: 6886
7345: 7080
2600: 2047,2666,9758,2778,2585,2321
2524: 2336,2808,1973
3665: 2391,4068,4165,4057,4164,4566
6347: 6349,6155,5564,9964,5070,9872
9645: 9335,9813,3119,9709,9717,3607
4168: 4269,4266,3367,4773,4771,4475
56: 
8999: 9092
4322: 9633,4529,4427,9392,4521,4525
7739: 7570,6671,7142,7581,7821,7314
6767: 9274,6483,6481,7050,6671,7569
9945: 159,9826
8632: 6284,6385,6665,8631,7478,8694
9914: 9896,9341,9906,9685,9847,10016
64: 275
9943: 9920,9650,9638,9529,9647,9435
4893: 5578,4485,4486,4284,5194,4590,5295
8150: 7911,9448,8383,8075,7579,7992
8661: 
9855: 6709,6517
7564: 8565,9449,9885,7033,6284,8631
9829: 9707,9760,9736,9798,9769,9655
7569: 7570,6671,6481,6767,7565
73: 336,283
9709: 9700,9761,9717,9335,9645,9246
8175: 
4677: 2678,3184,4979,4072,9377,9607
4979: 9502,4677,3184,9607,6629
3450: 1583
9854: 9787,9438,9691,9767,9889,9926
6658: 5389,6280,5490,5186,5395,5509
81: 
9398: 9810,9244,9659,9463,9476,9325
9765: 1838,9677
9699: 9775,9791,9950,9657,9883
9629: 9297,9556,10005,9600,9960,9894
6244: 9901,6335,9490,6338,5856,9305
5725: 5826
7207: 7026,7383,7292,8356,9563,8867
6403: 7152
7355: 
9691: 9854,9787,9889,9800,9292
9922: 9955,4330,9876,9921,9897,9814
93: 133,9851
9617: 10029,9795,8383,9938,9334,9448
7375: 9289,8186
9880: 7434,9517,10012,10031,9977,10009
9698: 9804,9853,9440,9657,9883,9969
9787: 9854,9438,9691,9892,9634,9800
3321: 3731,3517,3821,9704,3222,2836
100: 3786,3486
9738: 5304,9835,6849,9754,9846,5400
7979: 7737,9081,8061,9238,7818,7899
4566: 4269,4266,3665,4068,4867,4164
5490: 5186,5084,5086,5395,5192,6658
9819: 9500,9399,9748,1506,1340,9972
6517: 6709,9855
9565: 9515,9272,9806,9487,9329,9416
9918: 9663,9758,9295,9414,9528,9879
9788: 9940,10002,9321
4393: 4293,4387,4498,4590,5201,4697
5062: 4858,5150,4661,5755,4950,5256,5051
9722: 9715,9296,9903,9335,9813,9708
5400: 9846,5792,5304,9738,5613,5302
6576: 7130,6481,7733
9761: 9700,9709,9246,9342,9357,3907
9852: 9622,9915,9453,9754,9835,9303
8189: 8192
1984: 1387,1894
1861: 1180,9281,1512,9257,1428,1594
9724: 9696,9764,9801,9601,9860,9309
121: 127
9609: 3559,4139,3262,9572,9555,9579
4427: 9392,3506,9700,9717,4521,4322
9405: 9551,872
9878: 9576,10011,9972,9925,9500,9255
4485: 5578,4891,4893,5194,5093
127: 121
8301: 8451,8309,9857,10030,9340,9750
9964: 6347,6155,9872,9873,9776,6437
6437: 6537,6249,6155,9964,9690,9695
9838: 9870,9994,9689,9866,10000
9899: 9374,9665,2024,3458,9874
133: 93,9851
4463: 4255,4057,4347,4458,4569,4164
2333: 4287,9430,9259,4083,3783
5765: 9578,9490,9367,5959,5856
4343: 9256,9442
9467: 9478,9290,6460,7019,9477,6931
9974: 9837,9487,1211,9869
9868: 4941
141: 
7181: 
9572: 3850,9986,9327,9630,9609,9579
5564: 6347,5070,5664,5959,9872
1793: 1698,616,368,9706,9515,9806
3119: 9720,9813,9645,1727,3121,3607
3540: 3345
7156: 7062
149: 
4320: 9269,3810,4218
3121: 1727,2540,3025,3119,3607
9407: 8126,9019,7888,9661,9438,9892
5578: 4485,4891,4893,4284,3778,4687
9401: 6508,5917,6018,9979,9911,9668
155: 
156: 157
157: 156
9644: 5000,5207,6508,9896,9341,9911
159: 9945,9826
9246: 9443,9342,9296,9335,9709,9761
9985: 9808,9632,10017,9871,9755,10018
9957: 3731,3517,9990,9713,10041,10038
163: 
10002: 9788,9940,9388,9321,9316,9557
6003: 6389,7836,9517,9631,6583,6483
4529: 9633,4322,9670,4525,9877,9280
2858: 3835,3646
8192: 8189
9983: 8346
7934: 9683,9842
9485: 9924,9759,9796,9333,9697,9585
9324: 9428,9566,9527,9473,9464,9431
6007: 10016,9898,5904,9494,9684,5801
9446: 9338,9537,9803,9263,9782,9460
3607: 3506,4218,9645,3119,3121,9717
2194: 2286
9413: 9376,9484,9426,9733,9312,9886
9843: 9856,9770,9934,9586,9281
9523: 9294,9703,9602,9454,9266,9348
9736: 9821,9270,9823,9829,9760,9769
9648: 9701,9849,9400,6984,6009,9518
5084: 5490,5186,5086,5678,5870,5970
3504: 3998,3701,2822,3903,4603,4504
5041: 
5750: 6041,9652
9581: 9844,9653,9881,9492
2236: 9676,1622,683,10026,2326,1611
9259: 9366,9430,9553,2333,4083,3683,3485
9895: 2551,9882,9840,9780,2362
8264: 
9367: 9539,9490,9311,9578,5765,9410
7911: 8150,9356,8309,7992,8376
9299: 9636,9639,6665,9253,6480,6093
9893: 9786,9437,9336,9692
9433: 3674,9502,9313,9330,9506,3874
1950: 2036,1951,1428,1594,1592,2403
9450: 9976,9800,9545,9828,9739
5201: 4590,5295,5200,4393,4697,5202
7142: 9260,7581,9623,7050,6671,7739
9232: 9987
9650: 9920,9943,9773,9647,6731,9805
8450: 9789,10030,9340,9939,9285,9519
9669: 9774,9874,2685,2666,2585,9747
3731: 3517,3321,9957,9713,3821
5904: 9898,6007,6204,5801,9768,5813
206: 
5451: 5250
8812: 8868
2778: 2585,9361,2600,2693,2136,2321
9870: 9994,9838,9947,9693
9815: 10041,9990,9771
9586: 1180,9281,9856,9843,9956,9674
6071: 5873,6823,5683,6072,6358,5973
10000: 9797,9462,9994,9838,9422,9689
7080: 7520,7345
9849: 9701,9648,9666,9861,9726,6984
217: 9907,10040,9326,368,9626,616
9941: 9992,9792,9901,9658,9873,10035
9908: 9685,9278,9847,9309,9511,9469
9920: 9650,9943,9773,9529,10042,9839
9569: 9262,9328,9734
5167: 5755,4950,4968,5064,9533
7901: 7742,7737,9081,9037,8766
4736: 
7292: 7026,7383,7207,7117,7460
9656: 9798,9769,9728,9781
9681: 9984,9828,9739,9653,9844
7494: 7988,8513,9284,9419,7996,8222
6375: 5093,9384,5194,9475,5495
6617: 
9716: 9381,9653,9864,9995,9881
9470: 9316,2536,2721,9557,2253,9902
233: 700,9345,9288,9464,834
5064: 4462,4867,4569,5755,5167,4968
9677: 1666,1838,9765
2044: 1527,9247,9372,2311,2224,2691
237: 
9261: 9476,3771,9325,9364,3670,4073
7130: 6480,6481,6093,6576,7125,6474,7733
240: 344,291
9965: 2974,3072,2693,9542,10023,9671
9667: 9603,9884,9848,9301,9561,10019
243: 
9593: 9379,7123,9588,9252,9622,9915
245: 
9373: 9452,9678,9998,9711,9434,9447
247: 
9570: 3284,1295,9506,9900,9330,9370
9594: 9340,9750,9293,9519
9637: 9251,9255,9382,794,9283,9415
2305: 794,2212,2311,2492,9415
5150: 5062,4858,4852,9604,9350,5256
9575: 5509,9601,9511,5395,9384
9830: 9956,9276,9674,9719
2326: 2699,2511,1611,2236,1622,2609
9673: 9863,9811,9794,9672
8620: 
7560: 9477,6931,7119,9509,7811,7973
10035: 9867,9471,9305,9901,9992,9941
7899: 7565,7818,7570,7737,7979,7821
9406: 5970,5775,9512,9540,9967,6350
3755: 3850,4141,9597,9582,3262
10006: 9992,9792,9817,9975
9822: 10010,9675,9510,9662,9611,10001
3778: 5676,4687,3776,4284,3982,5578
9917: 9988,9938,9334,9353
2391: 3665,4068,4165,2866,2968,2772
9832: 9694,9886,9702
9257: 1512,9551,9612,9770,1861,9281
7721: 7555,8126,8046,8333,7885,7965
5856: 9658,5959,9490,5765,9901,6244
9582: 9597,9375,3755,9591,10032,3262
7757: 7839,6585,7146,7505,7847,7413
274: 
275: 64
2476: 2196
9418: 9772,9912,9621
278: 387
8046: 8126,7721,9892,9625,7965,9634
7836: 6389,6003,6583,7413,6585,8526
9592: 9353,9356,9437,8376,9336
2585: 2778,9361,9747,2600,2666,9669
283: 73,336
9969: 9883,9807,9900,9698,9440,1295
9546: 9749,9827,9610,9564,9560,9567
9909: 9265,5355,9404,9549,9755,9968
2151: 2806
9481: 9250,2538,9279,3502,9254,3205
10037: 9803,9461,9781,9798,9496,9655
4196: 4287,3898,4293,3783,3207
291: 344,240
3786: 100,3486
3907: 4626,4307,4521,9700,9761,9357
3983: 3777,4081,3776,3680,3485,3982
9979: 9911,10020,9666,9401,9668,9726
5965: 9308,9543,6629,3674,2148,6348
7117: 6932,6916,7198,7460,7026,7292
9473: 9527,9439,2057,9468,9324,9464
299: 411
1892: 2072
9686: 9456,9277,9618,9984
8976: 10007
10029: 9617,9795,9740,9938
3372: 2987,2777,2609,2509,2699,2974,3072
9755: 9549,10018,9985,9632,9404,9909
6138: 
307: 309
9772: 9418,9424,9621,9332,9620
309: 307
6339: 9350,5256,9404,9539,5051,6338,5355
9585: 9697,9913,9333,9485,9319,2744
9542: 9327,10023,9630,9361,2693,9965
5754: 4969,5070,5664,5475,4876,9455
9500: 9819,9399,9972,9878,9255,9382
9733: 9928,10024,9951,9312,9413,9484
316: 
9888: 9931,9949,9925,9682,9891
9291: 9363,9980,9635,9812,9264,9530
4068: 2391,3665,2968,4566,4266,2580
3860: 4255,4057,3856,3166,3953,4165
10025: 9294,9703,9480,9678,9711
7929: 7340,7248,8170
6155: 6349,6347,9964,9710,6437,9695
9428: 9324,9566,9611,2893,9527,9662
8609: 
9503: 9480,9429,4826,5138,9454,9294
8779: 8891,9005
9714: 10012,9753,10031,9768,7252,6586
9597: 9582,9396,9375,9425,3755,4141
9580: 9393,10040,9460,9369,9323,9626
9873: 9658,9872,9964,9792,9941,9776
9599: 9522,9498,9513,9799,9887,9646
9803: 10037,9461,9781,9537,9446,9263
334: 9850,9732,387,446
9327: 9542,10023,9630,9572,1756,9579
336: 73,283
3998: 3504,3701,4703,1716,4603
5413: 5104,5202,5010,5207,5204,5214
3856: 3166,3460,3953,9256,3860
4826: 4719,4811,5138,9454,4823,9503
2699: 2511,2326,2509,2987,2609,3372
4504: 4603,4605,4606,3504,3903,4301
2024: 9665,3947,3552,9424,9899,9374
344: 291,240
8426: 
7340: 7929,8170
9926: 9889,9919,9767,9930,10043,9854
9826: 159,9945
3207: 4498,1716,4196,9268,9536,3898,4293
9912: 9744,9756,9621,9418
7733: 7565,7818,7130,6481,6576,8056,6474
10024: 9729,9928,9733,9472,9951
3345: 3540
9316: 2536,9470,9940,10002,9818,9557
10003: 10039,9571,8373,9982,9752,9762
9697: 9585,9913,9304,9485,9796,9679
6420: 5920
358: 
359: 1525,874,1270,1027,9707,9760
9891: 10036,9888,9925,10011
4486: 4083,3683,4284,4387,4893,4590
2906: 2336,2244,2526
9757: 9958,9746,9818,9865,3497
9911: 9979,10020,9644,6508,9401,9896
9987: 9232
366: 9809,1698,9273
6849: 5304,9738,9835,9764,7300,6376
368: 9626,217,616,1793,9706,683
3850: 9572,9986,3755,4141,3262
9628: 9260,9623,9616,9271,9904,9419
6140: 5455
372: 
9701: 9849,9785,9400,9583,9648,9861
9671: 9862,9742,9970,10023,3072,9965
9748: 1340,9972,9682,9819
376: 492
9499: 9354,9402,9550,9465,6930,6749
9584: 7558,9563,9497,9444,9660,9368
5249: 5250
9476: 9261,3771,9325,9398,9244,4072,9362
5204: 5000,5207,5200,5413,5202,4997
9463: 9619,9608,10033,9398,9659,9325
5959: 9658,9872,5856,5765,5664,5564
384: 839
9271: 8081,9344,9616,9628,9904,9875
9984: 9681,9828,9456,9686,9844
387: 278,334
9608: 9619,9463,2968,2580,9364,9325
9391: 9625,7965,9641,9568,9349,9381
5295: 5194,4590,5201,5200,4893,5495
9454: 9602,4823,4826,9503,9294,9523
1867: 2133,2135,1525,9421,9371,9372
9379: 7123,6085,9593,6564,5882,9588
394: 
9616: 6389,9271,8526,8081,9628,9623
9668: 9784,9726,9401,6018,5421,9979
397: 
1921: 
2364: 
6696: 6886,6695
9444: 9661,9660,9584,9563,9019,8867
9194: 9219,9037,8989,9239,9038
6421: 5920
9311: 9539,5051,9367,4950,9533,9410
9242: 9615,9239,9567,8885,9038,9125
9540: 9647,9435,9967,9543,9406,9512
3485: 3683,3982,3680,9259,9553,3983
3234: 
9638: 9377,9529,9607,9308,9943,9435
9752: 7992,9857,8225,8373,10003,9762
411: 299
9488: 9514,9388,9264,9495,9365,1071
7123: 9379,6085,9593,9696,7300,9915
3953: 3856,9256,9489,4155,4255,3860
9397: 4004,9357,9320,9342,3210,4306
4771: 4773,9394,9533,4269,4168,4968
9081: 7737,7979,8061,7901,8879
9640: 9292,9378,9237,9120,9420
9900: 9969,9807,9385,9370,9570,1295
9679: 2743,9796,9704,9697,9304
9038: 8885,8990,9194,8989,9239,9242
4094: 4287,4087,3795,3898
8868: 8812
424: 1529
7821: 7742,7314,7899,7570,7739,7737
9247: 2044,1527,9372,9427,9528,9295
2538: 9250,9481,2165,2721,9358,3502
3683: 4083,4486,4284,3485,3982,9259
2271: 1996
7811: 7558,8356,7560,7119,7973
9255: 9251,9637,9382,9500,9576,9878
9877: 9266,9718,9280,4529,9670,9751
8262: 9836,9376,9426,7719,8033
3820: 2836,4123,3517,4332,9927,9966
9539: 9490,5051,6338,9311,9367,6339
9309: 9601,9511,9908,9724,9801,9469
9551: 1512,9257,9612,9405,872
8885: 8990,9039,9038,9242,9125,9126
8513: 7988,7494,8222,8296,8710,8372
9797: 9489,9462,10000,9689,9799,9331
9693: 9834,9870,9947
442: 634
6520: 6804
10008: 9745,9882,9840
5801: 9768,5699,9684,6007,5904,5408
446: 334,9850
5699: 5801,9768,5408,5403,9753
9942: 9447,9651,9963,9998,9531,9457
449: 
6018: 5917,9401,5417,5421,4929,9668
9448: 8150,9617,8383,9334,9356
7958: 
9371: 9421,9496,1867,9372,9427,9642
454: 456
5792: 9846,7033,5400,5995,5302,7563
456: 454
9988: 9938,9917
9120: 9237,8878,8205,9079,9640
7609: 
9938: 9988,9917,9334,9617,10029
9365: 9557,2253,1225,9488,9388,1071
5129: 6022
9300: 9288,9385,9431,9315,9526,9370
8991: 8064,9037,8766,8989,8707,9130
7737: 9081,7979,7899,7742,7821,7901
466: 807
9665: 2024,3947,9283,9737,9415,9899,9874
6419: 
9432: 9475,4997,5000,9685,9278,9341
9615: 9567,9242,9749,9863,9125,9548
9670: 9633,4529,9459,9877,9959,9751
472: 537
9850: 334,9732,446
9995: 9864,9916,9716,9881
475: 666,535
9171: 9173
477: 
2133: 1867,2135,2036,1525,1270,1855
9414: 9528,9393,884,9918,9879,9323
480: 
9496: 9421,9371,9655,10037,9461,9642
9466: 9525,9559,9457,7417,9735
9840: 9895,9882,10008,9780,9937
9711: 9434,10025,9373,9678
9717: 9700,9709,9645,4427,3506,3607
6284: 7563,8632,6385,8631,7033,7564
8770: 7318,8222,7743,8064,8296,8995
9550: 6460,9458,7646,9354,9499,6749
4287: 2333,4094,4196,4087,9430,3898,3783
4498: 3207,4703,1716,4293,4393,4697
7354: 7265,7778
492: 687,376
5345: 
9037: 8766,8991,8989,7901,9194
3222: 2743,9704,3321,3715,2836
3940: 
5395: 5192,5490,6658,9575,5509
5942: 9910
499: 755
9524: 9282,9459,9959
501: 1052,978
5876: 5975,5585,5587,6350,5683,5775
9359: 9386,9712,9544,7839,8596,9505
8737: 
8627: 9112
9785: 9701,9400,9583,9452,9998,9531
6585: 7839,7757,8596,7413,7836,8526
9427: 9528,9642,9371,9247,9372
7259: 
4134: 
9632: 9985,9808,9604,9350,9404,9755
7880: 8119
513: 
1849: 1583,2119
9531: 9559,9457,9785,9400,9998,9942
9603: 5274,9884,9667,9839,5572,9773,9301
2822: 3504,3701,3903,9493,3502,3205
9416: 700,9565,9272,9329,9775,9345
9684: 9494,9417,6007,5508,5408,5801
9652: 5750,6041,9680
6041: 5750,9652,9680
9436: 9390,7641,9534,9346,8333,7555
2407: 2595,1855,2689,1676,2403,9399
9823: 9973,9728,9821,9736,9769
2738: 9624,9491,9635,2554,9530,1556
9286: 9532,9479,9862,9845,9997,9510
7026: 7292,7207,6916,7117,7119,8356
9621: 3552,9756,9912,9418,9772,9424
8701: 9292,9889
3482: 3680,9339,3284,1295,4081
9474: 1384,9948
9871: 10017,9985,10018,9820
9310: 9508,6915,7532,9354,9643,9458
2836: 3715,4123,3820,3517,3321,3222
535: 475
3903: 3504,2822,9409,3205,4504,4301
537: 472
9545: 9450,9292,9378,9828,9456
9393: 9580,9263,884,9414,9460,9323
9273: 1698,616,9326,9589,9809,366
7563: 6284,6385,7033,5792,5995,9639
9703: 9294,10025,9523,9348
9283: 9665,3947,9251,9637,9415
9278: 9685,9908,9384,9432,9475,9511
9507: 9548,9672,9387,9802,9558
3205: 9409,9254,3502,9481,2822,3903
5826: 5725,5727
2362: 9780,9606,9895,1075
9464: 9288,9431,9473,233,9324
3431: 
9905: 9780,9606,9937,9267
9293: 9692,9786,9750,9594
10014: 9166
7179: 7176
9425: 9374,9332,3458,9597,9396,4141
9479: 9595,9532,9286,9845,9605,9411
5543: 
7460: 7009,7195,7198,7117,7292
9267: 9961,10021,9905,9606,9389
4590: 5201,5295,4486,4393,4387,4893
561: 758,760
9756: 3552,9621,3255,9932,9912,9744
9614: 9306,9471,9343
4475: 4876,4169,4168,3367,3670,4773
4458: 4450,4559,4347,4463,4462,4569
9879: 9946,9962,9323,9414,9918,9663
9396: 9597,9375,9425,9332,9834,9620
6805: 6804
7195: 7009,7460,7014,7010,7198,7794
2468: 2189,2658
9404: 9350,6339,9632,9755,9909,5355
4929: 4616,5421,5338,4710,5417,6018
9275: 9598,9923,9547
8989: 9037,8991,9194,9130,8990,9038
7198: 7010,6930,6932,7117,7195,7460
10034: 9690,9695,9944,9936,9402,9643
9844: 9581,9653,9984,9681
8550: 
9459: 9282,9483,9524,9633,9670,9959
8707: 8995,9317,8064,8991,9130,9297
9563: 9584,7558,8356,7207,8867,9444
9659: 9398,9810,10010,9675,9463,10033
9953: 9783,9687,9833,9472
1873: 1616
7014: 9989,9993,7010,7794,7542,7195
9977: 10031,9627,9779,9636,7434,9880
9898: 10016,6007,5904,9906,6204,6011
588: 645
9773: 9920,9650,9839,9603,9301,6731
5332: 5931
9657: 9699,9883,9698,9853
9618: 9277,9686,9613,9610
9767: 9661,9660,10043,9854,9438,9926
9672: 9548,9507,9863,9673,9802
9904: 9875,9649,9419,9271,9628,9284
596: 664,733,731
7050: 6389,6483,6767,6671,7142,9623
9308: 5965,9543,6629,9638,9607,9435
8318: 8667
4837: 
9281: 9586,1861,1180,9770,9843,9257
9676: 2236,9706,1622,9991,683,9439
9298: 9536,3991,3795,9746,9380,9577
4969: 5070,5754,5466,5475,5572,9884
5755: 4950,5167,5064,4462,5062,4661
9377: 9638,4072,9362,9529,9607,4677
4710: 4306,4611,4606,5417,4616,4929
2481: 2387,2198
9955: 4330,9922,4232,3615,9935,9814
9114: 9214
9740: 9395,9344,9875,10029,9795
4611: 3210,4306,4301,4710,4606
9251: 9637,9255,9576,3255,3947,9283
614: 886
9718: 9877,9266,9751,9348,9929,9721
616: 1698,1793,9273,217,9326,368
9579: 9555,1756,9572,9327,9609
9287: 9445,9322,9315,9313,9526,9403
9653: 9716,9681,9881,9844,9581
9605: 2772,9541,9411,9595,9479,2866
9422: 9591,9442,10032,9994,9462,10000
2685: 2492,9737,2666,2881,9669,9874
9386: 9712,9359,9544,9778
9288: 9385,9300,9464,834,9431,233
6586: 6682,7252,6967,10012,9714
9867: 10035,9471,9992,9343
9861: 9784,9249,9726,9701,9849,9583
3795: 3991,4094,9536,3898,9298
8596: 7839,6585,9359,8526,8081,9505
630: 978,910
3502: 9358,9493,2538,9481,2822,3205
7641: 8186,9534,9436,7888,7723,7555
9358: 9493,9577,3502,2165,9380,2538
634: 442
3578: 3874,3471,3284,9506,3777,4081
3037: 
5466: 4969,5070,9884,9848,6349
8801: 
9297: 9629,9556,9317,8707,9130,9600
6823: 5873,9805,6071,7360,6731,6358
9388: 9488,9514,9321,10002,9557,9365
9636: 9299,9639,9627,9977,7434,9253
9696: 9724,9764,7300,9860,7123,6085
9429: 9480,9360,9503,5138,9249,9562
645: 588
2928: 3612,3027,2744,9913,2540,3025
7770: 7936
3072: 2974,9965,2777,3372,9742,9671
9967: 9647,9540,9406,5873,9805,6350
650: 
4269: 4566,4168,4266,4867,4968,4771
2777: 2987,2893,3372,3072,9742,2800
9948: 1384,9474
4331: 3810,9521,3805,4115,9262,9734
9816: 9759,9731,10021,3722,9790
7936: 7770
9333: 9624,9491,9924,9485,9319,9585
4073: 5574,4271,3670,9261,3771,4169
9509: 9449,9303,9453,9477,7560,7973
2658: 2468
5426: 5328
6537: 9776,6437,6249,9817,9725
9526: 9313,9330,9370,9300,9287,9315
664: 596,666,733
9559: 9525,9466,9531,9457,9518,9400
666: 475,664
9370: 9526,9330,9385,9300,9900,9570
4757: 4641,4650,4655,4448,4855,4852
5849: 5551
4164: 4867,4569,4463,4057,3665,4566
8565: 7973,9596,9497,7564,9449,8631
9260: 7142,9628,7581,9623,9419,7996
9758: 9918,9663,9295,2047,2600,2321
4387: 4293,3783,4393,4083,4486,4590
7439: 
9989: 9763,9993,7014,9347,9314,7542
9502: 3674,4979,9433,9313,3184,9403,6629
9642: 9427,9496,9371,9461,884
2733: 1071,1553,1901,9495,1556,1820
9285: 9939,8450,9519
2387: 2481
8526: 8081,6585,8596,9616,7836
683: 9676,2236,9706,10026,368
3712: 4115,4232,3713,9304,3612,3805
8006: 7761
3491: 
687: 492,755
9491: 2738,9624,9333,2554,9859,9924
9560: 9219,9564,9504,9546,9239,9567
3262: 9609,4139,9582,3850,3755,9591
9256: 3856,4343,3953,9442,9489,9462
9770: 10004,9934,9843,9257,9612,9281
4139: 9609,3559,3262,9591,9442
9384: 6375,9475,9575,9511,9278
9771: 9990,9516,3818,9815
9786: 9893,9692,9293
2554: 927,9554,9859,9635,2738,9491
698: 
7742: 7743,7821,7314,7901,7737,8766
700: 233,9468,9416,9272,9345
9651: 9447,9942,9963,9831
9695: 9690,10034,6155,9710,9936,6437
9925: 9972,9682,9888,9891,10011,9878
9290: 9478,9467,9252,9622,9453,9477
2196: 2476
9244: 9398,9810,3279,2678,9476,4072
707: 
9952: 10022,9778,9735,7847,9544
709: 1068
2580: 3367,9364,4068,2968,9608,4266
5086: 5490,5084,5678,4687,4891,5192
9513: 9498,9599,9646,9723,9258,9538
9315: 9445,9287,9566,9300,9431,9526
10013: 9573,9412,9352,9482
2772: 9605,9541,3166,2391,4165,2866
2866: 2391,2968,9605,2772,9595,9619
2509: 2231,2136,2699,2511,2974,3372
9576: 10011,9932,9878,9251,9255,3255
9440: 9698,9804,9969,1295,9337,9339
9889: 9926,9919,9854,9691,8701,9292
9340: 9750,9594,8301,10030,8450,9519
722: 
723: 792
3783: 4293,4387,4287,2333,4196,4083
8081: 9271,8526,9344,9505,8596,9616
9173: 9171
6348: 5478,6724,2148,5965,9543,9512
2293: 2198
2953: 2662
9350: 6339,5256,9404,5150,9632,9604
731: 596,733
3517: 3731,3321,9957,4332,2836,3820
733: 596,664,731
10022: 9831,9778,9952,9963,9735
3098: 
9272: 9565,9515,9991,9468,700,9416
2800: 9662,9997,2777,2893,9742
9430: 9366,9259,9248,4087,4287,2333
7455: 
9337: 9339,9804,9440,9590,9366,9553
9219: 8879,9194,9560,9504,9239
6724: 6348,5478,5281,5870,9512
743: 
4641: 4757,4650,9538,9573,9352,4855
2691: 2044,2311,2224,2212
746: 
6405: 6507
9622: 9852,9915,9453,9593,9290,9252
10019: 9710,9936,9667,9848,9561,9508
2002: 2090
7413: 6583,10009,7146,6585,7757,7836
7360: 9301,6731,9561,6823,6915,6358
8309: 7992,9857,7911,8451,8376,8301
9804: 9698,9853,9440,9441,9590,9337
755: 687,499
9356: 9592,9353,9334,7911,9448,8376
9347: 10015,9725,9314,6249,9989,9763
758: 973,561,760
6072: 7532,6639,6358,5973,6071,6265
760: 561,758,973
9217: 9237,8878,8061,9307,9504,8879
9574: 10017,9482,9408,9302,9808
9992: 9792,9941,10035,9867,10006
9743: 9812,9980
9783: 9953,9687,9833,10015,9314
8179: 
9706: 9676,9991,683,368,1793,9515
9664: 10005,9824,9960
4697: 5104,5202,4393,4498,4703,5201
6665: 8632,6385,9299,7125,7478,6480
6385: 7563,8632,6284,6665,9639
9390: 9534,9436,9928,9486,9484,9346
9304: 9697,9913,9679,3612,3713,3712
9806: 9565,9515,1698,1793,9869,9487
3942: 9931,3451
4823: 9602,9454,4937,4626,4826,4811
6931: 9477,7560,7119,9467,6916,7019
7818: 7733,7565,7899,8056,7979,9238
9417: 9469,9494,9684,9801,6376,5508
1894: 1067,1984
781: 
9423: 9568,8033,9349,9587,9688
9655: 9421,9496,9829,9707,9798,10037
9781: 10037,9803,9798,9656,9537
9412: 9573,9258,10013
9639: 9299,9636,9627,5995,7563,6385
2893: 2987,2777,9527,2057,2800,9428
8395: 
9795: 9617,10029,8383,9740,9875,9649
5495: 9475,4997,5194,5295,5200,6375
9936: 9710,10019,9508,10034,9695,9643
792: 793,723
793: 792
794: 2305,2212,1676,9637,9382,9415
7617: 7794,7542,9705,9687,9472,9729
9306: 9614,9968,9265,9471,9305
9620: 9834,9772,9332,9396
7019: 6932,6749,6916,6460,9467,6931
10021: 9961,9267,9731,9816
7419: 7062
801: 9674,1180,1951,1428,874
9383: 9326,9589,9598,9793,9907
8273: 8485
5574: 4271,4073,5572,5475,4169
2536: 9316,9470,2721,9958,9818,2165
9913: 9697,9585,9304,2744,3612,2928
807: 466
808: 
6389: 9616,7836,6003,7050,6483,9623
9363: 9291,9980,9635,9552,9245,927
6350: 5876,5683,9967,9406,5775,5873
4626: 3907,4307,4004,9357,4811,4823,4937
9284: 7988,7494,8075,9904,9649,9419
6983: 
9553: 9366,9259,9337,3680,9339,3485
8064: 8766,8991,7743,8770,8995,8707
8376: 8451,9336,7911,9592,9356,8309
3810: 9269,9521,4320,4331,3805,3027,4218
9937: 9840,9780,9905
6984: 6204,6011,6009,9666,9849,9648
6316: 6022
8695: 8199
9725: 10015,9347,9975,6537,6249,9817
3255: 3552,9756,9576,9932,9251,3947
8970: 8555
5587: 5975,5876,5585,5389,6564,5882
8972: 8921
8372: 8710,8373,7988,8513,7579,8225
9487: 9837,9329,9974,9869,9565,9806
9972: 9925,9682,9748,9500,9819,9878
6093: 6480,7130,6481,9299,9253,9274
9336: 8451,8376,9692,9592,9437,9893
9820: 10018,9871
834: 9288,9385,233,9791,9345,9807
5417: 5917,6018,5215,4606,4710,4929
9400: 9701,9785,9648,9559,9531,9518
7300: 9696,9764,7123,9915,9835,6849
9625: 9391,7965,9641,9634,8046,9976
839: 384
840: 1216
9389: 9554,1075,9606,9961,9267
9897: 9825,9814,9922,9921,10028,9890
2806: 2151
9305: 10035,9471,9265,9901,6244,6335,9306
9501: 9085,9387,9318,9558
6508: 5214,5917,9401,5207,9644,9911
8205: 8498,8499,9079,9919,9120
848: 
5873: 6823,9805,6071,9967,6350,5683
3497: 3991,9746,9757
9810: 9398,9244,9659,10010,3279,2678
7646: 9550,6460,9458,6639,9355,9478
3559: 9609,4139,9555,3460,9535
5256: 9350,6339,5062,5150,5051
7248: 7929
6531: 6906
9947: 9870,9994,9693,9834,9375,10032
7847: 7505,9952,7839,7757,9544
10030: 9789,9762,8450,9857,8301,9340
6118: 
861: 864
4057: 4255,4463,3860,3665,4165,4164
9387: 9126,9085,9501,9507,9558
864: 861
8962: 
9528: 9427,9414,9247,9918,9295
9375: 9597,9582,9396,9834,9947,10032
9282: 9459,9483,9524,9521,9734
10041: 9815,9990,9957,10038
9442: 9591,9422,4139,9462,4343,9256
9049: 
872: 1340,1178,9405,1512,9551
6906: 6531
874: 1270,359,1027,801,1951
9270: 9821,9719,9736,1027,9276,9760
5338: 4616,5421,4929,4719,5138,9562
9940: 9788,10002,9865,9818,9316
9019: 7888,8867,7723,9444,9661,9407
4330: 9955,9922,9876,3715,4123,3615
9719: 9821,9270,9830,9276
4123: 3715,2836,3820,9927,4330,9876
7555: 8126,7721,7641,9436,7888,8333
9591: 9442,9422,10032,9582,4139,3262
884: 9393,9263,9461,9414,9642
9262: 9569,9935,9328,9734,4115,4331
886: 614,965
9710: 9936,10019,9848,6349,6155,9695
888: 
2119: 1849
8061: 9081,7979,9238,9217,8878,8879
9707: 9829,9760,1525,359,9421,9655
9837: 9487,9329,9974,9950
9598: 9383,9589,9275,9923
3615: 4232,3713,2743,3715,9955,4330
9504: 9307,9564,9217,8879,9560,9219
5775: 5970,9406,5186,5876,5585,6350
9558: 9507,9501,9387
9999: 10027,9866
9841: 9654
9831: 10022,9651,9963
9419: 9904,9628,9260,7996,7494,9284
9688: 9864,9916,9423,9349
5970: 5870,9406,5775,9512,5186,5084
8631: 8632,6284,8565,9596,7564,8694
10027: 9999,9887,9866,9646
6204: 6984,6011,6009,9898,5904,5813
9335: 9813,9645,9296,9722,9246,9709
9471: 10035,9867,9305,9306,9614,9343
9472: 9953,9687,7617,9729,10024
910: 630
9835: 9738,6849,7300,9852,9915,9754
9091: 9092
9856: 9843,9956,9586
9808: 9985,9632,9604,9302,10017,9574
9604: 9808,9632,9302,4852,5150,9350
9538: 4641,4650,9498,9513,9573,9258
9264: 9495,9530,9812,9291,9488,9514
7743: 7742,7314,7318,8770,8064,8766
9126: 9085,9387,8885,9039,9125
4719: 4826,4811,5138,4514,4616,5338
9567: 9615,9239,9242,9560,9749,9546
4616: 4929,5338,4306,4710,4514,4719
923: 
2090: 2002
9351: 9555,1756,9845,9970,9411,9535
10040: 217,9907,9782,9460,9580,9626
927: 9554,2554,9245,9363,9635
9403: 3279,3184,9287,9322,9313,9502
5192: 5395,5093,4891,5490,5086
9796: 9485,9759,9790,9704,9697,9679
9789: 10030,9762,8450,10039,9727,9939
9530: 9264,9495,1556,9291,9635,2738
9764: 9696,9724,9801,7300,6376,6849
5931: 5332,5633
9950: 9775,9699,9837,9329
2189: 2280,2468
9611: 9428,9566,9662,9822,9445,10001
9477: 7560,6931,9290,9467,9453,9509
9921: 9766,9922,9876,9897,9890
2526: 2153,1709,2244,2906
3991: 3497,3795,9746,9298
3027: 3612,3805,2928,2540,4218,3810
943: 
944: 
5995: 9627,5302,5792,7563,9639
4858: 5062,5150,4661,4655,4852
7383: 7292,7207,8186,8867,7723
3251: 
9981: 9836,9702,9587
9368: 10043,9971,9584,9596,9497,9660
9439: 9473,2057,9676,1622,9991,9468
9715: 9296,9722,9902,9903,9250,9279
4155: 4347,4146,9331,9489,3953,4255
9552: 9245,9363,9980
5633: 5931
8499: 8498,8056,8205,9079,6474,8211
6323: 
7992: 8309,9752,9857,8225,8150,7911
959: 965,1042
6460: 9550,7646,9478,9467,6749,7019
9250: 2538,9481,9279,2721,9902,9715
9923: 9547,9933,9275,9589,9598,9809
4271: 5574,10042,9839,4073,5572,3771
9269: 3810,9521,4320,9392,3506,4218,9483
965: 959,886
2224: 2044,9372,2691,2595,2135,2212
8044: 8199
9902: 2253,9903,9470,2721,9250,9715
9812: 9743,9291,9980,9514,9264
5678: 5676,4687,5281,5870,5084,5086
3674: 9502,9433,3874,2148,5965,6629
972: 
973: 758,760
9249: 9784,9562,9861,9429,9360,9583
9800: 9976,9450,9787,9691,9634
1838: 9765,9677
8867: 9019,7723,7383,7207,9563,9444
978: 630,1052,501,1286
3224: 3628
9568: 9423,8033,9349,7885,9391,7965
9876: 4330,9922,4123,9927,9766,9921
7558: 9584,7811,8356,9563,7973,9497
5683: 5975,5876,6350,5873,6071,5973
9720: 9813,3119,9708,1553,1901,1727
9790: 3821,9704,3722,9759,9796,9816
9366: 9430,9259,9553,9590,9248,9337
9930: 10043,9971,8496,9926,9919,8498
9332: 9425,9374,9772,9424,9620,9396
9845: 9862,9970,9351,9411,9479,9286
10009: 6583,7413,10012,7146,9880,9517
8807: 8917
8950: 
9451: 9954
7579: 7988,8075,8150,8372,8225
4266: 4269,4566,4168,4068,2580,3367
9578: 9455,5765,9410,9367,5664
9381: 9716,9349,9391,9641,9864
2057: 9527,9473,9439,1622,2987,2893,2609
5355: 9265,9909,6339,9404,6338,6335
5536: 
9630: 9542,9327,9361,9747,9572,9986
7855: 
9536: 9268,3898,9298,3795,9577,3207
9320: 9409,9254,9443,9342,3210,9397
5000: 5207,5204,9644,9432,4997,9341
1006: 1078
9557: 2253,9365,10002,9388,9316,9470
10016: 9898,6007,9847,9914,9906,9494
7719: 9346,8333,7885,9376,8262,8033
8891: 9005,8779
5093: 5192,6375,4485,4891,5194
7570: 6671,7739,7569,7565,7899,7821
1013: 1251,9741
1014: 
4232: 4115,3713,3712,3615,9955,9935
6583: 7413,10009,9517,7836,6003
9039: 9600,8885,8990,9126,9085,9894
9872: 9658,5959,9873,6347,5564,9964
1019: 
9344: 9271,8081,9505,9395,9740,9875
9349: 9423,9568,9391,9864,9688,9381
9811: 9863,9673,9794,9858,9749,9827
9727: 10039,9824,9789,9939
9602: 9454,4823,4937,9266,9280,9523
1917: 
8199: 8695,8044
1027: 9276,9270,874,359,9760
2987: 2777,2893,2609,3372,2699,2057
9997: 2800,9662,9862,9742,9286,9510
7885: 8333,7719,7721,9568,8033,7965
9766: 9921,9927,9978,9876
8261: 8119
5207: 5000,5204,9644,5413,5214,6508
9631: 7434,9253,9517,9274,6483,6003
7060: 7252,5813,6967,6009,9525,9518
3805: 3612,3027,4115,3712,3810,4331
10018: 9549,9755,9820,9985,9871
5841: 
2944: 3137
7417: 7505,6967,9525,9466,6682
10038: 4332,10041,9957
1042: 959
9323: 9946,9369,9879,9414,9393,9580
1044: 1616,1617,1446
4347: 4155,4146,4255,4463,4450,4458
5585: 5876,5587,5775,5186,5389
3839: 3646
2649: 1820,9319,2744,1901,1727,3025
9334: 9938,9917,9617,9448,9353,9356
9862: 9845,9742,9671,9970,9997,9286
3680: 3482,9339,9553,3983,4081,3485
1052: 501,1286,978
9978: 9927,9966,9766
9731: 9961,10021,9859,9924,9759,9816
9721: 9718,9751,9929
8496: 7478,8211,8694,9930,9971,8498
9775: 9791,9699,9345,9950,9329,9416
9635: 9291,9363,927,2554,9530,2738
9634: 9625,8046,9787,9892,9976,9800
6930: 7010,9465,7198,9499,6932,6749
9361: 2778,2585,9747,2693,9542,9630
9214: 9114,9074
9279: 9250,9481,9715,9296,9254,9443
9641: 9625,9391,9976,9381,9739
2336: 2808,2906,1973,2244,2524
4083: 4486,3683,9259,2333,3783,4387
1067: 1805,1894
1068: 709
1069: 
7888: 9019,7723,7641,7555,9407,8126
1071: 1553,2733,9488,9495,9365,1225
9543: 5965,9308,6348,9540,9435,9512
9742: 9862,9671,3072,2777,2800,9997
9890: 10028,9921,9897
1075: 9606,2362,9389
1076: 1477
9352: 9482,9573,10013,4641,9408,4855
1078: 1006,1152
9649: 9904,9875,9795,8383,8075,9284
4852: 9302,4855,4757,4858,5150,9604
9292: 8701,9640,9378,9691,9889,9545
5070: 4969,5754,5466,5664,6347,5564
9963: 9651,9942,9457,9735,10022,9831
9626: 368,9580,217,10040,9369
7932: 
9571: 10039,10003,9824,9982,9556,10005
7775: 
8170: 7765,7340,7929
1089: 
5274: 9603,9884,5572
9607: 9638,9377,4677,4979,9308,6629
9986: 3850,9572,4141,9774,9747,9630
5421: 4929,5338,6018,9784,9562,9668
9583: 9701,9785,9249,9861,9360,9452
9683: 9842,7934
9746: 9958,9757,9380,3991,3497,9298
9660: 9444,9661,9767,9584,10043,9368
9322: 9445,9287,10001,3279,9403
1805: 1067
2212: 794,2305,2595,1676,2311,2224,2691
9554: 927,2554,9859,9389,9961
9512: 5870,5970,9406,9543,6348,6724,9540
4569: 5064,4462,4867,4164,4463,4458
9452: 9373,9678,9998,9360,9785,9583
9341: 9896,9914,9432,5000,9644,9685
1909: 
4939: 
9751: 9959,9670,9877,9718,9721
9939: 9285,9789,8450,9727
4072: 9377,9362,9244,2678,4677,9476
9780: 9905,9606,2362,9895,9840,9937
3776: 3983,3777,3982,3778,5676,3774
9314: 10015,9347,9989,9783,9687,7542
2689: 2407,1506,1592,2403,9399
9927: 9966,9978,4123,3820,9876,9766
4703: 4498,1716,3998,5104,4697,4603
5664: 5070,5754,9578,9455,5959,5564
9522: 9498,9599,4444,9799,4146,9331
9514: 9488,9388,9321,9812,9264
9237: 9217,8878,9120,9640,9420,9307
6249: 6537,6437,9690,9725,9347,9763
9760: 9829,9707,1027,9270,9736,359
9624: 2738,9491,9333,1556,1820,9319
9492: 9881,9581
9610: 9827,9546,9618,9564,9613
9791: 9775,9699,9345,834,9883,9807
5331: 5727
9928: 9729,10024,9733,9486,9390,9484
9125: 9548,9615,9242,8885,9126
9441: 3486,9590,9804,9853
3279: 2678,3184,9403,9322,9810,9244
1132: 9933,1211
4307: 4626,3907,4521,4525,4937
7176: 7179
2403: 2036,1950,1592,2407,1855,2689
9675: 10010,9822,9510,9532,10033,9659
6280: 5389,6658,6564,5509,9860,6085
9345: 9775,9791,233,700,9416,834
8373: 8710,8372,9982,9752,8225,10003
6474: 8056,8499,7125,8211,7130,7733
9402: 9354,9499,9643,10034,9944,9465
9289: 7375,7009,9705,9486,8186,9534
9887: 9689,9799,9866,10027,9646,9599
9692: 8451,9336,9893,9786,9750,9293
9702: 9836,9981,9886,9426,9832
3612: 3805,2928,3027,9913,9304,3712
3210: 4306,4611,4301,9409,9320,9397
8928: 
9759: 9924,9485,9796,9816,9731,9790
9777: 4839,4941
7532: 6072,6639,6358,9310,6915,9458
1152: 1477,1078
9956: 9830,9856,9586,9674
9447: 9651,9942,9373,9998,9434
9991: 9676,9706,9515,9272,9439,9468
9690: 10034,9695,9944,6437,6249,9763
9958: 9746,9757,9818,2165,9380,2536
9619: 9463,9608,10033,9595,2866,2968
9532: 9595,9479,9286,9675,9510,10033
6265: 9355,9588,6072,6639,5973
4650: 4641,4757,9538,9498,4444,4448
3284: 9570,1295,9506,3482,3578,4081
9678: 9452,9373,9480,9360,10025,9711
9589: 9326,9383,9598,9923,9273,9809
9355: 6265,9588,6639,7646,9478,9252
8838: 
9456: 9277,9686,9545,9378,9984,9828
8990: 9130,9600,8885,9039,9038,8989
1169: 1251,9741,1170
1170: 1169
9453: 9852,9622,9290,9477,9509,9303
9326: 9383,9589,217,9907,616,9273
9369: 9946,9323,10026,9580,9626
9805: 5873,6823,9650,9647,9967,6731
5138: 4826,4719,5338,9562,9429,9503
7062: 7156,7419
9449: 9509,9303,9885,7973,8565,7564
1178: 1506,1340,872,1512,1594,1592
9457: 9559,9466,9531,9942,9963,9735
1180: 9586,1861,9281,801,9674,1428
5302: 9627,5995,9779,5613,5403,5792,5400
9357: 4004,9397,9342,9761,4626,3907
9704: 9790,3821,9796,3321,3222,9679
4773: 4771,9394,4168,4475,4876,4169
2321: 2231,2136,2600,9663,9758,2778
9330: 9313,9526,9370,9570,9506,9433
8333: 9346,7719,7885,9436,7555,7721
9296: 9715,9722,9279,9335,9246,9443
3330: 
3643: 
9975: 10015,9725,9817,10006
9774: 9669,3458,9874,9747,9986
2662: 2758,2953
9443: 9246,9342,9279,9296,9254,9320
6978: 
8555: 8970
9768: 5801,5699,5904,7252,5813,9753,9714
9951: 10024,9733,9312
5250: 5451,5249
2244: 1709,2526,2336,2906,1973
3628: 3224,3226
4450: 4559,4458,4448,4444,4347,4146
9380: 9958,9746,2165,9298,9358,9577
9980: 9291,9363,9552,9743,9812
8766: 8064,9037,8991,7742,7743,7901
6886: 6696,6884
9654: 9841,2848
9263: 9393,884,9803,9461,9446,9460
9475: 9432,5495,4997,6375,9384,9278
8056: 8499,9079,6474,7733,7818,9238
1211: 9869,9809,9933,1132,9974
9865: 9940,9757,9818
4655: 4757,4858,4661
9017: 
2669: 
1216: 840
9875: 9904,9649,9271,9344,9740,9795
8451: 8376,9336,9692,8301,8309,9750
10031: 10012,9753,9714,9977,9779,9880
9919: 9889,9926,9930,8498,8205
9966: 9927,9978,4332,3820
9839: 10042,4271,5572,9920,9773,9603
9828: 9984,9681,9739,9450,9545,9456
6480: 7130,6093,6665,9299,7125
1225: 2253,9365,9903,1071,1553,9708
7086: 
7152: 6403,6507
1996: 2271
9303: 9449,9509,9885,9852,9453,9754
3771: 9476,9261,9362,10042,4271,4073
9462: 9489,9797,10000,9442,9422,9256
7542: 7794,7617,9314,9989,7014,9687
9312: 9694,9886,9951,9733,9413
9511: 9575,9601,9309,9384,9278,9908
9555: 9351,1756,9579,9609,3559,9535
8186: 7641,9534,7375,9289,7383,7723
8710: 8373,8372,9982,8513,8296,8995,9317
2165: 9958,9380,2536,2721,9358,2538
9313: 9526,9330,9287,9403,9502,9433
1240: 
4521: 3907,4307,4525,9700,4427,4322
9005: 8891,8779
3486: 9441,100,3786
9254: 9409,3205,9320,9481,9279,9443
9556: 9629,9297,10005,9317,9982,9571
1246: 1494
9932: 9576,10011,10036,9744,9756,3255
6639: 7532,6072,9355,6265,9458,7646
10023: 9542,9327,9965,1756,9671,9970
9901: 6244,9658,5856,10035,9305,9941
1251: 1169,9741,1013
3646: 3839,2858
6622: 6902
9438: 9854,9787,9892,9661,9767,9407
8225: 7992,9752,7579,8373,8372
10036: 9891,10011,9932,9744
8917: 8807
4997: 9432,9475,5495,5200,5000,5204
4605: 4603,5010,4504,5215,4606
7478: 7125,8211,8496,8694,8632,6665
7780: 
9420: 9277,9640,9378,9237,9307,9613
1855: 2407,2595,2036,2403,2133,2135
8126: 7555,9407,8046,7721,7888,9892
9307: 9564,9613,9504,9217,9237,9420
4839: 9777
7002: 7184
3184: 3279,2678,4677,9403,4979,9502
5973: 6072,6071,5975,5683,6265
1270: 1525,874,359,2036,1951,2133
9853: 9698,9804,9657,9441
9493: 9358,9577,3502,9268,3701,2822
9643: 9354,9402,9936,9310,9508,10034
9548: 9125,9507,9672,9615,9863
9846: 7033,5792,5400,9754,9738,9885
9600: 9130,8990,9039,9629,9297,9894
10039: 9571,10003,9824,9789,9762,9727
3641: 3545,3151
3533: 3434
4255: 4463,4057,3860,3953,4347,4155
5917: 5214,6508,9401,5417,6018,5215
7565: 7733,7818,7899,6481,7570,7569
3898: 9536,3795,4287,4094,4196,3207
9874: 9669,9774,9665,2685,9737,9899
9834: 9693,9620,9396,9375,9947
1286: 1052,978
2808: 2336,2524
7996: 7318,8222,9260,7581,9419,7494
9395: 9740,9712,9344,9505
7119: 7560,6931,6916,7026,7811,8356
9537: 9338,9446,9803,9781
9601: 9575,5509,9860,9309,9511,9724
4891: 5578,4485,4687,5086,5093,5192
9343: 9614,9867,9471
1295: 3284,9570,9969,9900,9440,3482
4284: 4486,3683,3982,3778,5578,4893
1297: 
9360: 9480,9429,9249,9583,9452,9678
9935: 9262,9328,4115,4232,9955,9814
2881: 2047,2666,1527,2311,2492,2685
9505: 8081,9344,8596,9712,9359,9395
8921: 8972
9321: 9514,9388,9788,10002
6507: 6405,7152
2974: 3072,9965,2693,2509,2136,3372
2758: 2662
10001: 9445,9322,9611,10010,9822
9857: 8309,7992,9752,8301,10030,9762
9566: 9428,9324,9611,9431,9445,9315
2609: 2987,3372,2699,2326,1622,2057
4603: 5010,4605,4504,4703,3504,3998,5104
1312: 1729
9713: 9990,9516,9520,3731,9957
1314: 
9408: 9302,4855,9352,9482,9574
2678: 3279,4677,3184,9810,9244,4072
8383: 9617,9795,9649,8075,8150,9448
9712: 9386,9359,9505,9395
6598: 6307,6695
4968: 5167,5064,4867,4269,4771,9533
9410: 9578,9455,9394,9533,9311,9367
4855: 9408,9302,4852,4641,4757,9352
8033: 9423,9568,7719,7885,8262
9525: 9559,9466,9518,7060,6967,7417
5389: 6658,6564,6280,5186,5585,5587
3367: 2580,9364,3670,4168,4266,4475
5676: 3778,5678,4687,3774,5281,3776
9130: 9600,8990,8991,8989,8707,9297
8222: 7318,7996,8770,7494,8513,8296
10004: 9770,9934,9612
4559: 4450,4458,4448,4462,4661
7314: 7742,7743,7821,7739,7581,7318
3166: 3856,3460,2772,9541,3860,4165
7353: 
9778: 10022,9952,9386,9544
2492: 2685,9737,9415,2305,2311,2881
9996: 9858,9794
2540: 3121,3025,2928,3027,4218
9729: 9928,10024,9486,9472,7617,9705
1340: 1506,1178,872,9748,9819
2153: 2526,1709
5200: 5201,5295,5202,5495,4997,5204
9519: 8450,9340,9594,9285
10033: 9619,9463,9595,9532,9675,9659
9588: 5882,9355,6265,9379,9593,9252
5304: 9738,6849,6376,5508,5613,5400
9424: 9772,3552,9621,2024,9374,9332
9468: 700,9991,9272,9473,9439
6022: 6316,5129
4687: 3778,5678,5676,5578,4891,5086
9527: 9473,2057,2893,9428,9324
9807: 9883,9969,9900,9791,9385,834
4081: 3983,3777,3284,3482,3680,3578
9295: 9918,9758,1527,9247,9528,2047
9276: 1027,9674,9830,9719,9270
3552: 9756,9621,3255,2024,3947,9424
9934: 10004,9770,9843
3774: 5676,5281,3471,3777,3776,5478
9864: 9916,9688,9349,9381,9716,9995
3701: 3504,3998,2822,9268,9493,1716
6902: 6622
8391: 
9685: 9278,9908,9847,9432,9341,9914
9842: 9683,7934
9338: 9537,9446,9793,9782
5214: 6508,5917,5413,5010,5215,5207
2253: 9557,9902,9365,1225,9903,9470
3506: 4427,9392,4218,3607,9717,9269
10005: 9629,9556,9571,9824,9960,9664
9737: 2492,2685,9415,9665,9874
5281: 5678,5676,3774,5478,6724,5870
6695: 6598,6696
9885: 9449,9303,9754,9846,7033,7564
9960: 9318,9894,9629,10005,9664
1375: 
3818: 9771
2286: 2194
9596: 8565,9497,8631,9971,9368,8694
9881: 9492,9716,9653,9995,9581
7125: 7478,8211,6665,6480,7130,6474
9185: 
9437: 9592,9336,9893
9726: 9784,9861,9668,9979,9666,9849
1384: 9948,9474
7965: 9625,9391,7885,8046,7721,9568
6009: 6204,6984,9648,7060,5813,9518
1387: 1984,2072
3722: 9520,9816,9790,3821
5813: 7060,7252,5904,6204,6009,9768
9478: 9290,9467,9252,9355,6460,7646
5649: 
9112: 8627
9561: 7360,9301,9667,10019,9508,6915
9274: 6483,6767,9253,9631,6481,6093
3458: 9774,9899,9425,4141
7679: 7680
5010: 4603,4605,5215,5104,5413,5214
10028: 9890,9897,9825
3025: 1727,2540,3121,2649,2744,2928
9302: 9408,4855,4852,9574,9808,9604
9521: 9269,3810,4331,9734,9282,9483
3545: 3641
5613: 5508,5408,5403,5304,5400,5302
3715: 2836,4123,2743,3222,3615,4330
9385: 9288,9300,834,9807,9900,9370
6682: 6586,7146,6967,7505,7417
8343: 
9949: 9888,9931,9682
9070: 
5104: 4697,5413,5202,4703,4603,5010
4131: 
9587: 9836,9981,9423
9277: 9456,9618,9686,9420,9378,9613
1414: 
6376: 9764,9801,9417,5304,6849,5508
5225: 
3137: 2944
9883: 9969,9807,9791,9699,9657,9698
1419: 
1420: 
1901: 1553,2733,1820,2649,9720,1727
8658: 
9809: 1211,366,9589,9923,9933,9273
9415: 2492,9737,9637,794,2305,9665,9283
9079: 8056,8499,8205,8878,9120,9238
9646: 9723,10027,9887,9599,9513
9535: 9541,9411,3559,9351,9555,3460
1428: 1951,1950,1594,1861,1180,801
4141: 3850,9986,3755,9425,3458,9597
9779: 9627,5302,5403,9753,10031,9977
9329: 9837,9487,9565,9416,9775,9950
9694: 9312,9886,9832
7865: 
9847: 9685,9908,9914,9469,9494,10016
9460: 10040,9782,9446,9393,9580,9263
9595: 9532,9479,9605,2866,9619,10033
9445: 9287,9322,10001,9315,9566,9611
8211: 7125,7478,8496,8498,8499,6474
2198: 2293,2481
7146: 6682,7505,7413,10009,7757
2595: 2407,1855,1676,2135,2212,2224
7988: 7494,8513,8075,7579,9284,8372
9836: 9702,8262,9981,9426,9587
9319: 1820,2649,2744,9624,9333,9585
9734: 9569,9262,9521,4331,9282
1446: 1617,1044
9933: 9923,9547,1211,9809,1132
9301: 7360,6731,9561,9773,9603,9667
8667: 8318
6804: 6805,6520
4146: 4347,4155,9331,9522,4444,4450
9869: 1211,1698,9806,9487,9974
9497: 7973,8565,9596,9584,7558,9368
9769: 9798,9656,9736,9823,9728,9829
3226: 3628
2666: 2047,2600,2881,2685,9669,2585
9708: 9720,9813,1225,9903,1553,9722
6915: 9310,9508,7360,9561,7532,6358
5920: 6421,6420
6629: 5965,9308,3674,4979,9502,9607
9455: 9578,9410,9394,4876,5754,5664
9469: 9494,9417,9309,9908,9847,9801
5736: 
5478: 6348,6724,3471,2148,3774,5281
9508: 9310,6915,9561,9936,10019,9643
9658: 5959,9872,5856,9873,9901,9941
9666: 9979,10020,9726,6984,6011,9849
9763: 9989,9993,6249,9690,9944,9347
4937: 9602,4823,4626,4307,4525,9280
2523: 
9860: 5509,9601,6280,6085,9696,9724
8498: 8499,8205,9930,8211,8496,9919
5509: 9575,9601,9860,5395,6658,6280
9325: 9476,9261,9463,9608,9398,9364
9489: 9797,9462,3953,9256,4155,9331
9687: 9783,9953,9472,9314,7617,7542
1477: 1152,1076
9547: 9923,9933,9275
2693: 2136,2778,9361,9542,2974,9965
7870: 
7434: 9253,9880,9517,9631,9977,9636
7265: 7354
1483: 
9606: 9780,9905,2362,1075,9389,9267
3777: 3983,4081,3776,3471,3578,3774
4876: 5475,4475,4169,4773,9394,9455,5754
8616: 
9498: 9522,9599,4444,9513,4650,9538
8356: 7558,7811,9563,7119,7026,7207
7839: 6585,7757,8596,7847,9359,9544
3835: 2858
7033: 9846,5792,9885,7564,7563,6284
3713: 4232,3712,3615,9304,2743
1494: 1246
9074: 9214
9858: 9827,9996,9811,9794
1497: 2483
9268: 9536,9493,9577,3207,1716,3701
7581: 7142,9260,7739,7314,7318,7996
5408: 5508,5613,5403,9684,5801,5699
9392: 4427,3506,9269,9633,4322,9483
2511: 2699,2326,1611,9962,2509,2231
9784: 9249,9562,9861,9668,9726,5421
1504: 
9544: 9386,9359,7847,9778,9952,7839
1506: 1340,1178,1592,9819,9399,2689
5475: 4876,4169,5574,5572,4969,5754
9802: 9507,9672
9754: 9852,9738,9835,9303,9885,9846
5640: 
2761: 3743
1512: 9551,9257,1861,1178,872,1594
2968: 2391,4068,2866,9619,9608,2580
3294: 3295
3471: 3874,3578,2148,3777,5478,3774
6916: 6932,7019,7117,6931,7119,7026
9516: 9990,9713,9771,9520
1973: 2336,2244,2524
9682: 9972,9925,9748,9888,9949
9990: 9516,9713,9771,9815,10041,9957
9534: 9390,7641,8186,9436,9289,9486
7794: 7617,7542,9705,7014,7009,7195
6481: 7130,6093,6576,9274,6767,7733,7565,7569
9372: 2044,9247,2224,1867,2135,9371,9427
1525: 1270,359,9707,2133,1867,9421
9435: 9647,9540,9638,9308,9543,9943
1527: 2044,9247,2311,2047,2881,9295
9376: 9413,9484,9426,9346,7719,8262
1529: 424
10010: 9675,9822,10001,9810,9659
9483: 9282,9459,9392,9269,9521,9633
9394: 4773,4771,9533,4876,9455,9410
5403: 5408,5613,5699,5302,9779,9753
9674: 9276,801,9830,9956,9586,1180
1820: 9319,2649,1556,9624,2733,1901
9577: 9358,9493,9380,9268,9536,9298
9910: 5942
2047: 2600,2666,2881,1527,9758,9295
9515: 9565,9272,9806,1793,9706,9991
8879: 9219,9217,9081,8061,9504
9461: 10037,9803,9496,9642,9263,884
4606: 4605,4504,5215,4611,4301,4710,5417
7505: 7417,7847,6682,7146,7757
9258: 9573,9412,9723,9513,9538
9817: 9776,6537,9792,10006,9725,9975
9970: 9862,9845,9671,10023,9351,1756
9364: 2580,3367,3670,9608,9261,9325
9739: 9681,9828,9641,9976,9450
6912: 
9374: 9899,9425,9332,2024,9424
9968: 9306,9549,9265,9909
3947: 9665,2024,9283,9251,3552,3255
1553: 1071,2733,1901,1225,9720,9708
9735: 9466,9457,9963,10022,9952
4525: 4307,4521,4322,4529,4937,9280
1556: 9495,9530,2738,9624,2733,1820
9382: 9637,9255,9500,9399,1676,794
9732: 334,9850
7973: 8565,9497,7560,9449,9509,7558,7811
6483: 9274,6767,9631,6389,6003,7050
2135: 2133,1867,2595,1855,9372,2224
2721: 2536,9470,2165,9902,9250,2538
6731: 7360,9301,9650,9773,6823,9805
9421: 9496,9371,9655,1525,9707,1867
9859: 9554,2554,9961,9731,9491,9924
8296: 8995,8222,8770,8513,8710
3434: 3533
9689: 9799,9887,9866,9838,9797,10000
2231: 2509,2136,2321,9663,9962,2511
8995: 8296,9317,8707,8770,8064,8710
1571: 
4661: 5062,4858,4559,4655,4462,5755
9915: 9852,9622,7123,9593,7300,9835
10032: 9591,9422,9582,9375,9994,9947
5882: 9588,5975,5587,6564,9379
8471: 
9851: 93,133
9916: 9864,9688,9995
9753: 9714,10031,5403,9768,5699,9779
5508: 5408,5613,6376,9417,9684,5304
9884: 5274,9603,9667,9848,5572,4969,5466
9924: 9485,9759,9859,9731,9491,9333
1583: 1849,3450
9973: 9823,9728
5551: 5849
9253: 7434,9631,9299,9636,6093,9274
4448: 4450,4559,4444,4757,4650
9745: 2459,9882,10008
6749: 6932,7019,9499,9550,6460,6930
7765: 8170
5455: 6140
1592: 1950,1594,2403,1506,1178,2689
9705: 7794,7617,7009,9289,9729,9486
1594: 1428,1950,1592,1512,1861,1178
9541: 9605,2772,9411,9535,3166,3460
9892: 9787,9438,9407,8126,8046,9634
9480: 9429,9360,9503,9294,10025,9678
9564: 9307,9613,9504,9560,9546,9610
5194: 5295,4485,4893,5093,6375,5495
9490: 9539,6338,9367,5765,6244,5856
9166: 10014
9971: 9930,10043,9368,9596,8496,8694
8614: 8677
7081: 
8794: 
9458: 9550,7646,9310,7532,6639,9354
9342: 9246,9443,9320,9761,9357,9397
2311: 2044,1527,2691,2305,2212,2492,2881
4087: 9248,9430,4287,4094
9431: 9288,9300,9464,9324,9566,9315
1611: 2511,2326,9946,9962,10026,2236
8676: 8677
9426: 9413,9376,9886,9836,9702,8262
9613: 9307,9564,9277,9618,9420,9610
2744: 9319,2649,9585,9913,3025,2928
1616: 1044,1873
1617: 1446,1044
7184: 7002
1619: 
3928: 
9486: 9729,9928,9705,9289,9390,9534
1622: 9676,2236,2326,2609,9439,2057
4950: 5755,5167,5062,5051,9311
3670: 3367,9364,9261,4475,4169,4073
5572: 5574,9839,4271,5475,4969,5274,9603,9884
9946: 9962,9369,9879,9323,10026,1611
9145: 
9647: 9540,9435,9967,9650,9943,9805
7778: 7354
1630: 
9662: 2800,9997,9428,9611,9822,9510
8677: 8614,8676
9762: 9789,10030,9752,9857,10039,10003
9484: 9413,9376,9928,9733,9390,9346
5051: 9539,9311,5062,4950,6339,5256
3460: 3856,3166,3559,9541,9535
9728: 9823,9973,9769,9656
4941: 9868,9777
9929: 9348,9718,9721
9348: 9929,9266,9718,9703,9523
9794: 9811,9673,9858,9996
4514: 4004,4306,4616,4719,4811
5202: 5104,4697,5413,5201,5200,5204
9346: 8333,7719,9390,9436,9376,9484
9723: 9646,9513,9258
8075: 7988,7579,9284,9649,8383,8150
9749: 9827,9546,9615,9567,9863,9811
9848: 9884,9667,5466,6349,9710,10019
8346: 9983,8485
8392: 
9894: 9960,9318,9600,9039,9629,9085
10015: 9725,9347,9314,9975,9783
5328: 5426
9494: 9469,9417,9684,9847,10016,6007
7761: 8006
9959: 9751,9670,9459,9524
10042: 9839,4271,3771,9362,9529,9920
8844: 
9863: 9811,9673,9749,9615,9548,9672
4332: 10038,3517,3820,9966
3295: 3294
4462: 5064,4569,4559,4458,4661,5755
4004: 9357,9397,4514,4306,4626,4811
7680: 7679
9318: 9960,9894,9085,9501
1666: 9677
9612: 9551,9257,10004,9770
9824: 10039,9571,10005,9727,9664
9998: 9452,9373,9785,9531,9447,9942
2072: 1387,1892
9680: 6041,9652
6932: 6749,6916,7019,7117,6930,7198
9520: 3722,9516,9713
6671: 7570,7739,7569,6767,7050,7142
9700: 9709,9761,9717,4427,3907,4521
1676: 2407,2595,9399,9382,794,2212
9518: 9525,9559,6009,9400,9648,7060
9750: 9340,9594,8451,9692,8301,9293
7520: 7080
6011: 6204,6984,9906,10020,9666,9898
3821: 9790,9704,3722,3731,3321
9549: 9755,10018,9909,9968
9510: 9675,9822,9662,9997,9532,9286
10043: 9930,9971,9368,9660,9767,9926
9747: 2585,9361,9669,9774,9986,9630
8020: 
2483: 1497
9328: 9569,9262,9935,9825,9814
9776: 6537,9817,9873,9964,9792
9976: 9450,9800,9625,9641,9634,9739
9798: 9769,9656,9829,9655,10037,9781
9792: 9992,9941,9873,9776,9817,10006
3151: 3641
1951: 2036,1428,1950,801,874,1270
8904: 
6709: 6517,9855
9411: 9605,9541,9535,9351,9845,9479
1698: 616,1793,9273,9869,366,9806
9506: 3284,9570,9330,9433,3874,3578
9931: 3942,9888,9949
9434: 9711,9373,9447
9896: 9341,9914,9906,9644,9911,10020
9409: 9254,3205,9320,3903,3210,4301
7723: 9019,7888,8867,7383,7641,8186
9353: 9592,9356,9917,9334
9744: 9912,10036,9932,9756
6516: 
9517: 7434,9880,9631,6583,10009,6003
1709: 2244,2153,2526
9993: 9989,9763,7014,9944,7010,9465
8599: 
10020: 9979,9911,9666,9896,9906,6011
2551: 9895,9882,2459
2848: 9654
10026: 9946,9369,1611,2236,683
1716: 4498,3207,4703,9268,3998,3701
9623: 7142,9628,9260,6389,9616,7050
3743: 2761
9399: 9500,9819,1506,2407,2689,1676,9382
9730: 
9280: 9877,9266,4525,4529,9602,4937
9907: 217,10040,9782,9793,9326,9383
9465: 7010,6930,9944,9402,9499,9993
4444: 9522,9498,4146,4650,4450,4448
9994: 9870,9838,9947,9422,10032,10000
9827: 9749,9546,9610,9858,9811
1727: 3121,3025,1901,2649,9720,3119
9252: 9478,9290,9355,9588,9593,9622
1729: 1312
6307: 6598
4165: 2391,3665,3166,2772,4057,3860
2459: 9745,2551,9882
9906: 9896,9914,10020,10016,9898,6011
9573: 9258,9412,10013,4641,9538,9352
9238: 7979,8061,8056,9079,7818,8878
9741: 1251,1169,1013
6338: 9539,9490,6339,5355,6244,6335
6564: 5389,6280,5587,5882,9379,6085
4301: 3210,4611,3903,9409,4504,4606
1740: 
9801: 9724,9764,6376,9309,9469,9417
8119: 8261,7880
9085: 9126,9501,9387,9039,9318,9894
9866: 9689,9887,9838,10027,9999
4115: 4232,3712,3805,4331,9262,9935
9248: 9590,4087,9366,9430
9982: 8710,8373,9317,9556,9571,10003
9961: 9267,9731,10021,9554,9859,9389
9590: 9441,9248,9804,9337,9366
7937: 
6967: 7060,7252,9525,6586,6682,7417
9818: 9958,9757,9865,9940,9316,2536
9813: 9720,9335,9645,3119,9708,9722
9814: 9897,9825,9955,9922,9935,9328
6349: 6347,6155,5466,9848,9710
1756: 9351,9555,9579,9327,10023,9970
9825: 9897,9814,9328,10028
9661: 9444,9660,9767,9019,9407,9438
9793: 9338,9907,9782,9383
9627: 5995,5302,9779,9977,9636,9639
8485: 8273,8346
6335: 6244,6338,9265,5355,9305
7318: 7996,8222,8770,7581,7743,7314
9821: 9719,9270,9736,9823
9245: 9552,9363,927
9799: 9689,9887,9797,9522,9599,9331
7191: 
9495: 9264,9530,1556,9488,1071,2733
9903: 2253,9902,1225,9715,9722,9708
9331: 4155,4146,9799,9489,9797,9522
5186: 5490,5084,5970,5775,5585,5389,6658
5870: 5970,9512,6724,5678,5281,5084
9011: 
4169: 5475,4475,4876,3670,4773,5574,4073
2136: 2693,2509,2231,2321,2778,2974
9529: 9638,9377,9362,10042,9920,9943
7252: 7060,5813,6967,9768,9714,6586
2148: 3874,3471,3674,5965,6348,5478
3982: 3683,4284,3485,3983,3776,3778
9944: 9690,10034,9402,9763,9993,9465
4293: 3783,4393,4387,4196,4498,3207
9633: 4322,4529,9670,9392,9459,9483