9266: 9348,9523,9718,9280,9877,9602
9886: 9426,9702,9832,9413,9312,9694
9339: 9440,1295,2802,9553,9337,3385,3485
8386: 7413,6585,7757,7839,8526,8596
9378: 9545,9456,9292,9640,9277,9420
5: 
2389: 3743,2761
2743: 3715,3615,9679,3222,9304,3713
4811: 5138,4826,4719,4626,4823
3874: 3471,4177,5180,3674,2240,3572
3176: 9662,9997,2777,2895,2800
8475: 
8460: 7679
10012: 10009,9880,9714,10031,7146
3421: 3224,3628
9562: 5338,5031,9429,9249,5421,5123
3451: 3444,9888,3942,9925
9482: 9352,9408,10013,9574
18: 
10007: 8976
9833: 9783,9953
10011: 3255,9932,9891,9576,3942,10036
22: 
2280: 2189,9451,2098,2188
9092: 9091,8999
9962: 2231,9663,1611,9879,9946,10026
7010: 7198,9465,6930,7014,9993,7195
5215: 4929,5010,5417,5009,5214
9354: 9643,9402,9499,9310,9458,9550
4218: 3607,4320,3506,9269,9392
30: 
4104: 4525,4307,4514,4004,4314,4521
6358: 6071,6823,7360,6915,7532,6163
33: 9851
34: 
7009: 7195,9705,7794,7375,7460,9289
9294: 9480,9503,10025,9454,9523,9703
9663: 2231,9962,9918,9879,9758,2321
4306: 4301,3210,9397,4004,4405,4514
8694: 8496,8636,9971,9596,8631,8632
40: 
6085: 6280,6848,5395,6084,9379,7123
9533: 9394,5361,5755,4950,9410,9311
9362: 5574,9529,9377,10042,5274
9782: 9793,9338,9907,9460,9446,10040
9265: 6335,9305,9909,6338,5355,9306,9968
9317: 9297,8995,9556,8296,8710,9982
8878: 9238,8061,9217,9237,9120,9079
6884: 6886
7345: 7080
2600: 2693,2136,2881,2047,2778,2585
4010: 3712,4115,4331,3612,3810,3805
3665: 4566,4057,4164,2391,4165,4068
6347: 6155,5761,5959,5961,6349
9645: 3119,9335,9813,9709,9717
8540: 8338
56: 
8999: 9092
4322: 4529,4521,4427,9633,9670
7739: 7402,6671,7314,7570,7821,7742
6767: 6481,7569,9274,6483,7570,6671
9945: 159,9826
8632: 8631,7564,8210,8694,8636
9914: 9847,10016,9341,9685,9896,9906
64: 275
9943: 9920,9650,9638,9529,9435,9647
4893: 
8150: 8225,7992,7579,9448,9356,7911
8661: 8593
9855: 6709,6517
7564: 8631,9449,8632,9885,8210,7389
9829: 9798,9655,9760,9769,9736,9707
7569: 6481,6576,6767,7565,7570,7899
73: 336,283
9709: 9761,9246,9335,9645,9700,9717
8175: 
4677: 4271,4073,5177,4979,4069
4979: 6629,4880,4069,4677,9607
3450: 1583
3789: 
6658: 5389,5490,5887,6847,5587,6564
81: 
9398: 9463,9325,9659,9810,9244,9476
9765: 1838,9677
9699: 9657,9950,9775,9791
9629: 9960,10005,9600,9297,9556,9894
6244: 6339,6338,5663,9490,6335,6337
8338: 8737,8540
7207: 7292,7026,7470,8356,7383
6403: 7152
7355: 
9691: 9787,8984,9292,9854,9889,8701
9922: 9921,9897,9876,9955,9814
93: 133,9851
9617: 9334,9448,9795,10029,9938,8383
7375: 7292,7460,7009,9289,8186
9880: 10009,10012,9977,10031,7434,9517
3897: 3898,3795
9787: 9691,8984,9892,9854,9438,9800
3321: 3222,9704,2836,3821,3517,3731
100: 2710,3786,3486
9738: 9846,9754,6849,9835,7033,7563
7979: 7901,9081,7818,7737,9238,8061
4566: 3665,4164,4266,4068,4569,4269
5490: 5389,5186,6658,5192,5887
6100: 6389,7670,6583,9517,10009,6003
3185: 2240,9502,2148,9433,502,3578
9565: 9329,9416,9487,9806,9272,9515
9918: 9295,9528,9414,9879,9758,9663
9788: 9321,9940,10002
4393: 4293,4292
5062: 5159,4858,4660,5755,4950
7902: 7901,9081,8766,7742,9037
5400: 5302,5792,5613,5304,9764,6376,5995
6576: 6481,7130,7569,6474,7565
9761: 9342,9246,9709,9700,9357,3907
9852: 9303,9453,9915,9622,9835,9754
8189: 8192
118: 307,309
4565: 4665,4569,4458,4463,4164,4462
9724: 9764,9696,9860,9601,9801,9309
121: 127
9609: 3656,3262,9572,3850,9579,9555
4427: 3907,3506,4314,9392,4521,4322
9405: 9551,1019
9878: 9576,9925,9972,9500,9255
4485: 3778,4284,4486
127: 121
8301: 10030,9857,8309,8451,9750,9340
9964: 6055,9776,9872,5761,6537,9873
6437: 9690,9695,6537,6249,6055
9838: 9870,10000,9994,9866,9689
9899: 3849,2024,3458,9665,9874,9774
133: 93,9851
4463: 4347,4458,4255,4057,4164,4565
2333: 9259,9553,3683,3485,3783
5211: 5009,5214,5104,5413,5204
4343: 9442,4139,3460,3856,9256
9467: 9290,9478,7646,6653,7298,9477
9974: 9869,9487,9837
9868: 4941
141: 
7181: 
9572: 9986,3850,9327,9630,9579,9609
5564: 5961,5964,9578,5664,5765,5856
6461: 6265,6072,5975,5882,6371
146: 
3540: 3345
7156: 7062
149: 
150: 
3121: 3025,3027,2928,3119,3607,2540
9407: 8126,9661,9892,9019,7888,9438
5578: 5676,5870,4687
4660: 4858,5062,5755,4661
155: 251
156: 157
157: 156
9644: 9911,9896,5207,9341,9401
159: 9945,9826
9246: 9342,9761,9709,9296,9335,9443
9985: 9871,10018,9808,10017,9632,9755
9957: 4332,3731,9713,9990,10041,10038
163: 
10002: 9557,9316,9321,9788,9940,9388
6003: 6483,9631,7050,9517,6100,7670
4529: 9280,9877,4521,4322,4525,9670
2858: 3835,3646
8192: 8189
9983: 8683,9017
7934: 7935,8015,9683,9842
9485: 9796,9697,9333,9924,9759,9585
9324: 9428,9527,9464,9473,9566,9431
6007: 9684,5904,9494,10016,9898,5813
9446: 9460,9263,9803,9537,9782,9338
3607: 9717,4218,3121,4320,2540
176: 
9413: 9733,9312,9376,9484,9886,9426
9843: 9586,9281,9934,9856,9770
9523: 9348,9266,9602,9454,9294,9703
9736: 9769,9823,9821,9270,9760,9829
9648: 9701,9849,6984,9400,9785
5084: 5086,4986,5581,5287,5678,5186
3504: 4603,3903,2822,3701,3998
5041: 
5750: 6041,9652
9581: 9844,9653,9881,9492
5789: 5192,5887,5093,5194,5395,6084
9259: 2333,9366,9553,9430
9895: 2362,9780,2459,9840,9882,2551
8264: 
9367: 9410,9578,9311,9539,5765,9490
7911: 9592,9356,8376,8150,7992,8309
9299: 6480,6385,6093,9639,9636,9253
9893: 9786,9336,9437,9692
9433: 9313,9330,9506,3185,9502,502
8380: 
9450: 9976,9800,8984,9739,9545,9828
5201: 4997,9575
7142: 7668,7581,8236,7050,7670,7402
9232: 9987
9650: 9920,9943,9773,9805,9647,6731
8450: 9340,9285,10030,9789,9939
9669: 9874,9747,9737,2492,1747,2666
3731: 3517,9957,3722,9713,3321,3821
4397: 4196,3998,4603,4498
206: 309
5451: 5250
8812: 8868,9069
2778: 9361,2585,2693,2600,9542,9965
9870: 9838,9693,9947,9994
9815: 10041,9771,9990
9586: 9843,9281,9856,1263,9956,1180
6071: 6448,6823,6358,5973,5873,6163
10000: 9422,9994,9838,9462,9797,9689
7080: 7520,7345
8005: 7761
217: 366,9273,9326,368,750,616,1698
9941: 9873,9792,9901,9658,10035,9992
8835: 8779,8838
9920: 9650,9943,9773,9529,10042,9839
9569: 9262,4336,9328,9734
5167: 9394,5361,5064,4968,4870,5754
7901: 9081,7902,7979,7821,7737,7742
4736: 4837,4939
7292: 7375,7026,7207,7460,7110
9656: 9728,9769,9798,9781
9681: 9739,9828,9984,9844,9653
7494: 7988,9284,8513,7996,9419,8222
6375: 5295,5395,5495,6280,5509
6617: 
9716: 9995,9381,9864,9653,9881
9470: 2253,2721,9557,9316,2536,1225
233: 9345,834,9464,700,9288
5064: 4665,4867,5163,4968,5361,5167
9677: 1666,1838,9765
2044: 2135,2224,9295,9247,2311,1527
237: 
8026: 
7130: 6481,6576,6665,6480,6093,7125,6474
240: 344,291
9965: 2584,2778,2693,2974,9542,10023
9667: 9603,9884,9301,9561,10019,9848
243: 
9593: 9915,7123,9622,9379,9588,9252
245: 
9373: 9447,9434,9998
247: 
9570: 9506,2802,9370,9900,9330,1295
9594: 9519,9750,9293,9340
8210: 7389,6665,8632,7564,8636,7478,7125
251: 155
5150: 9604,9350,4852,5159,5051,4950
9575: 9601,9511,9384,5201
9830: 9270,9276,9719,9674
2326: 2699,2512,2511,2231,1611,2236
9673: 9811,9863,9794,9672
5251: 
7560: 7811,7119,7298,7558,7973
10035: 9471,9867,9992,9901,9305,9941
7899: 7570,7821,7737,7565,7569,7733,7818
9406: 5775,6350,9512,5970,9967,9540
3755: 3656,3262,9582,9591,4139,3559
10006: 9792,9776,9817,9975
9822: 9675,9662,9510,10001,10010
3778: 4485,3776,4284,3982,4280
9917: 9938,9988,9334,9353
2391: 2967,4165,2968,2866,3665,4068
9832: 9886,9702,9694,9981
9257: 1512,1861,9612,9770,9281,9551
7721: 8333,7555,7888,8126,7885,8046
5856: 5765,5961,5564,6047,5959
9582: 9375,9597,9396,10032,3656,3755,9591
3526: 3928,9520
274: 
275: 64
2476: 2196
9418: 9621,9424,9912,9772
278: 387
8292: 8766,7742,8064
7836: 9616,8526,9623,6585,6389,6583
4405: 4611,4616,4306,4301,4504,4514
2585: 2666,2778,9361,2881,2685,2600
283: 73,336
7777: 7176
9546: 9567,9749,9560,9564,9610,9827
9909: 9404,9755,9549,5355,9968,9265
2151: 2806,2902
9481: 9250,3205,2170,9254,9279
10037: 9798,9655,9803,9781,9461,9496
4196: 4397,3998,3898
291: 344,240
3786: 100,3486,3787
3907: 4427,3506,9761,9700,9357,4314
3983: 4083,3982,3683,3680,4081
9979: 9668,9401,9726,9911,9666
5965: 6631,5478,6348,4177,6629,4880
7117: 6749,6932,7110,6931,7119,7026,8356
9473: 9464,9439,9468,9527,9324
299: 411
8675: 8676
9686: 9456,9984,9277,9618
8976: 10007
10029: 9938,9795,9740,9617
3372: 2699,2983,2609,2974,2509,2987,3072
9755: 9404,9909,9549,9632,10018,9985
6138: 
307: 118,309
9772: 9620,9424,9418,9332,9374
309: 206,118,307
6339: 5256,6244,6338,5355,9539,9490
9585: 9319,2744,9913,9333,9697,9485
9542: 9327,9630,10023,2778,9361,9965
5754: 4969,4870,9394,5167,5070,9455
9500: 9255,9382,9972,9819,9399,9878
9733: 9413,9312,9951,10024,9928,9484
316: 
9888: 9931,9682,9949,3451,9925
9291: 9530,9635,9363,9980,9812,9264
4068: 4266,2580,2391,2968,3665,4566
3860: 3166,4165,3856,3953,4255,4057
10025: 9480,9294,9703,9678,9711
7929: 7340,7248,8170
3572: 4072,3772,3874,4177,3674
9428: 2893,9527,9324,2895,9611,9566,2800
8609: 
6781: 
8779: 8891,9005,8835
9714: 9753,10031,9768,6586,10012,7146
9597: 9582,9396,9425,3850,3656
9580: 9369,9323,9460,9393,9626,10040
9873: 9941,9792,9658,9872,9776,9964
9599: 9513,9646,9887,9799,9522,9498
9803: 9537,9781,10037,9461,9263,9446
334: 9850,9732,387,446
9327: 9542,1756,9630,9579,10023,9572
336: 73,283
3998: 4196,4397,3898,3701,4603,3504
5413: 5204,5207,6508,5211,5214,5917
3856: 3953,9256,4343,3460,3166,3860
4826: 5138,4811,9454,4823,5031,9503
2699: 2512,2326,2511,2609,3372,2509
4504: 4606,4605,4301,4405,4611
2024: 9899,3849,9283,9665,3947,3552
344: 291,240
8426: 
346: 519,650
9926: 9854,9767,9889,10043,9930,9919
9826: 159,9945
3207: 3795,1716,3701,3502,3898
9912: 9621,9418,9744
7733: 7818,8056,8211,7649,7565,7899
10024: 9472,9729,9928,9733,9951
3345: 3540
9316: 10002,9557,9818,9940,2536,9470
10003: 9571,10039,8373,9982,9752,9762
9697: 9679,9796,9485,9585,9913,9304
6420: 5920
358: 
359: 9371,1525,9421,1270,1025,9707
9891: 3444,3942,10036,10011
4486: 4284,4485
2906: 2336,2526
9757: 9865,9818,2251,9746,9958
2802: 9506,9570,9339,1295,3482,3385
9987: 9232
366: 9273,217,1211,1698,9869
6849: 7300,6376,9835,5792,9738,7033
368: 9626,750,10040,9907,217,616
3850: 9572,4141,9425,9597,3656,9609
7675: 7505,7847,9735,9466,9544,9952
2710: 100,2523
372: 1124
9701: 9849,9648,9861
9671: 9742,2584,1756,10023,9862,9970
9748: 9972,9682,1019,9819,1340
376: 492
9499: 9354,9402,9550,9465,6930
9584: 9368,9660,8811,9497,9563,9444
5249: 5250
9476: 2678,9244,9325,9398,9261,3772
5204: 5413,5207,5104,5211,5000
9463: 9325,9398,9659,10033,9608,9619
5959: 6347,5761,5856,5961,6047,9872
384: 839
9271: 9904,9628,9616,8081,9344,9875
9984: 9456,9828,9681,9844,9686
387: 278,334
9608: 2968,9619,9463,9325,2580,9364
9391: 9381,9349,7965,9625,9568,9641
2234: 683,10026,1611,1622,9676,2236
9454: 9602,4823,4826,9523,9294,9503
6163: 7532,6639,6071,6358,5973,6072
9379: 6564,6084,9588,6085,9593,7123
394: 
9616: 7836,8526,9623,8081,9628,9271
9668: 9979,9401,9726,6018,5123,9784
397: 
5761: 6155,6347,5959,6537,9872,9964
2364: 9745
6696: 6886,6695
9444: 9563,8867,9019,9584,9660,9661
9194: 8987,8989,9239,9219,9038
6421: 6326,5920,6416
9311: 9410,9367,9533,9539,5051,4950
9242: 9038,8885,9615,9125,9239,9567
9540: 9967,9647,9435,9543,9512,9406
3485: 3683,3385,3680,9339,9553,2333
3234: 2944
9638: 9529,9607,9308,9377,9435,9943
9752: 8225,7992,8373,10003,9762,9857
411: 299
9488: 9365,1071,9388,9514,9264,9495
7123: 9593,9915,9379,6085,6848,7300
3953: 9489,3856,9256,3860,4255,4155
9397: 4306,3210,9320,9342,9357,4004
7682: 
9081: 7901,7902,7979,9037,8987
9640: 9237,8701,9120,9292,9378,9420
9900: 9807,9385,9969,9570,9370,1295
3444: 3451,9891,3940
9235: 8928
4094: 3400,3795
8868: 9069,8812
424: 1529,9547,9933
7821: 7570,7899,7737,7739,7901,7742
9247: 9295,9528,1867,9372,2135,2044
2538: 9358,2165,2721,9902,9250
3683: 3485,2333,4083,3983,3783
2366: 
7811: 7560,9477,9509,7973,8565
7402: 7739,6671,7314,7050,7142,7581
9877: 9280,4529,9751,9670,9266,9718
8262: 9836,8042,8033,9376,7719,9426
3531: 3224
9539: 5051,9367,9311,6339,5256,9490
9309: 9801,9469,9601,9511,9908,9724
9551: 872,1019,9405,9612,1512,9257
8885: 9038,9242,9125,8990,9126,9039
8513: 7988,7494,8222,8296,8372,8710
9797: 9462,9331,9799,9689,10000,9489
9693: 9834,9947,9870
442: 634
6520: 6804
10008: 9840,9882,9745
5801: 9684,5904,5408,5699,9753,9768
446: 447,334,9850
447: 446
9942: 9531,9963,9457,9651
449: 
3787: 3786
9448: 9334,9617,8383,8150,9356
7958: 
9371: 9427,9372,1525,359,9421,9642
454: 456
3301: 9536,9268,3497,3400
456: 454
9988: 9938,9917
9120: 9237,9640,8701,9079,8205,8878
7609: 
9938: 10029,9988,9334,9617,9917
9365: 1071,9488,9388,9557,1225,1987
5129: 5424,6022
9300: 9315,9431,9288,9385,9526,9370
8991: 9130,8707,8990,8766,9037,8989
7737: 7899,7821,7818,7901,7979
466: 807
9665: 9283,9737,9415,9899,2024,9874
6419: 
9432: 9341,9685,9278,5000,9475
8987: 9037,9194,8989,9081,8879,9219
9670: 9959,9751,9459,9633,9877,4529,4322
472: 473,537
473: 472
9995: 9916,9716,9864,9881
475: 666,535
9171: 9173
477: 808
2133: 1867,1855,2036,1270,1951,1525
9414: 1197,9879,9427,884,9918,9528
480: 
9496: 9642,9461,10037,9655,9421
9466: 9457,9735,9525,9559,7505,7675
9840: 10008,9882,9895,9780,9937
9711: 10025,9678
9717: 9700,3607,3119,9645,9709
6284: 7389,6665,9846,7563,6480,6385
8770: 7318,8222,7743,8064,8995,9127
9550: 6916,7095,9458,9354,9499
4287: 4387
4498: 4397,4603,4605,4703
7354: 7265,7778
492: 687,376
5345: 
9037: 8987,8989,9081,7902,8766,8991
3222: 3321,9704,2836,9679,2743,3715
7952: 7942
2098: 9954,2188,2280,9451
5942: 5746,9910
499: 755
9524: 9959,9459,9282,9734
501: 762,1052,978
502: 3482,3284,3578,9433,9506,3185
9359: 9544,7839,9386,9505,8596,9712
8737: 8338
8627: 9112
9785: 9531,9400,9648
6585: 7413,8386,6583,7836,8526
9427: 9371,9372,884,9642,9528,9414
7259: 
6784: 7060,6009,6204
9632: 9604,9350,9808,9985,9404,9755
7880: 8119
513: 
4280: 5281,3774,3776,3778
9531: 9400,9559,9785,9942,9457
9603: 9884,5572,9667,9839,9773,9301
6055: 6249,9776,9964,9817,6537,6437
9416: 9565,9329,9272,700,9345,9775
519: 346,650
9652: 5750,6041,9680
6041: 5750,9652,9680,5848
9436: 8333,7555,9534,9390,9346
2407: 2135,2224,2403,1855,2595,2689
9823: 9769,9736,9821,9973,9728
2738: 9491,9624,2554,2733,1556
9286: 9862,9845,9997,9510,9479,9532
7026: 7292,7207,7117,7110,8356
9621: 9424,3552,9418,9744,9756,9912
8701: 9640,9120,9889,8205,9691,9292
3482: 502,3284,9506,2802,3385,3680
9474: 9948
9871: 9820,10018,9985,10017
9310: 6915,9508,7532,9458,9643,9354
2836: 3321,3222,3517,3715,4123,3820
535: 475
3903: 4501,3504,2822,9409,4301,3210
537: 472
9545: 9378,9456,9828,9450,8984,9292
9393: 9460,9263,672,1197,9323,9580,892
9273: 366,217,9589,9326,1211,9809
7563: 7033,9738,9846,6284,6385
9703: 9348,9523,9294,10025
9283: 9637,9665,9251,3947,9415,2024
9278: 9685,9432,9475,9511,9908,9384
9507: 9548,9672,9387,9558,9802
3205: 2822,3502,2170,9481,9409,9254
5826: 5725,5727
2362: 9895,9606,9780,1075,2551,9389
9464: 700,9473,9324,233,9431,9288
3431: 
9905: 9937,9606,9780
9293: 9692,9750,9786,9594
10014: 9167
7179: 7176
9425: 9332,9374,3458,3850,4141,9597,9396
9479: 9595,9532,9605,9286,9845,9411
5543: 
7460: 7292,7375,7198,7110,7195,7009
9267: 9389,9961,10021,9606
4590: 
561: 758,760
9756: 3255,9932,3947,9621,3552,9744
563: 
4475: 4771,4773,4168,4271,4876,4169
6653: 7298,7646,9467
9879: 9414,1197,9918,9946,9962,9663
9396: 9375,9582,9597,9620,9332,9425
6805: 6804
7195: 7009,7794,7010,7198,7014,7460
2468: 2189,2658
9404: 9755,9909,9350,9632,5256,5355
4929: 5215,5010,5417,4710,5138,5338
9275: 9923,9547,9598
8989: 9037,8987,9194,8991,8990,9038
7198: 7010,6930,6932,7110,7195,7460
10034: 9690,9695,9944,9936,9643,9402
9844: 9581,9653,9681,9984
8550: 8679
9459: 9959,9524,9670,9282,9633,9483
8707: 9130,9600,8991,8766,8064,9127
8811: 7470,7558,9497,7973,9563,9584
9659: 9675,10033,9810,9463,9398
7298: 6931,6653,7119,9467,7560
584: 
7014: 7010,9993,9989,7542,7195,7794
9977: 9627,9779,10031,9636,7434,9880
9898: 9906,10016,6007,6204,5813
588: 645
9773: 9920,9650,9839,9603,6731,9301
5332: 5931
9657: 9699,9791,9883,9853
9618: 9610,9613,9277,9686
9767: 9854,9926,9438,9660,10043,9661
9672: 9548,9507,9673,9863,9802
9904: 9419,9628,9271,9875,9649,9284
596: 599,664,733,731
7050: 6483,6003,7670,7402,6671,7142
9308: 9638,9607,6629,6348,9435,9543
599: 596,664,666
4837: 4736
9281: 9843,9586,9770,1861,1180,9257
9676: 1622,9439,2234,683,9706,9991
9298: 2815,9746,9380,9536,9577
4969: 4870,5475,5754,5070,5274
5755: 4660,5062,4661,5163,5361,9533
9377: 9638,9529,9607,5177,9362,5574
4710: 5138,4606,4611,4719,4929,5010
2481: 2387,2198
9955: 4232,9935,9814,4330,9922
9114: 9214
9740: 9795,9875,9344,9395,10029
4611: 4405,4719,4616,4606,4504,4710
9251: 9637,9283,3947,9576,9255,3255
614: 886
9718: 9348,9266,9877,9751,9721,9929
616: 1706,1793,368,9626,750,217,1698
9579: 1756,9327,9572,9609,9555
9287: 9313,9526,9445,9315,9403,9322
9653: 9844,9581,9881,9681,9716
8688: 
9422: 9591,10000,9994,10032,9442,9462
5887: 5789,5490,6658,6564,6084
9386: 9952,9778,9544,9359,9712
9288: 9431,9300,9464,233,834,9385
6586: 7325,6682,7252,9714,9768,7146
9867: 9471,10035,9992,9343
9861: 9784,9583,9726,9701,9849
9127: 9297,8995,8064,8770,9600,8707
8596: 9505,8081,8386,7839,9359,8526
630: 978,910
5697: 5995,6662,9639,5302,5598,9627
7641: 8186,7723,7383,8867
9358: 9493,2538,2165,9380,9577
634: 442
3578: 502,3284,3185,3471,3777
6813: 
5466: 5070,5664,5274,5964,5572
8801: 8619,8683
9297: 9317,8995,9127,9556,9600,9629
6823: 6448,6071,6358,9805,7360,6731
2170: 3205,9481
9636: 7434,9253,9639,9627,9977,9299
9696: 5304,9764,9724,9860,5497,5509
9429: 5031,9562,9249,9480,9503,9360
645: 588
2928: 3025,3027,3121,2744,9913,2742
7770: 7932,7936
3072: 2987,2777,2974,3372,9742,2584
9967: 9805,9647,9540,6350,9406,6448
650: 346,519
4269: 4771,4168,4566,4266,4867,4569
2777: 2987,3072,2895,9742,3176
9948: 9474
4331: 4010,4115,3810,9521,9262,4336
9816: 9759,9731,10021,9790,3818
7936: 7770
9333: 9491,9624,9924,9319,9585,9485
4073: 4271,4677,4169,3670,3771,4069
9509: 9303,9453,9477,7811,9449
2658: 2468,9841
661: 
6537: 6155,5761,6055,9964,6437
9526: 9313,9287,9330,9315,9300,9370
664: 596,599,666,733
9559: 9531,9400,9518,9525,9457,9466
666: 475,599,664
9370: 9570,9300,9900,9385,9526,9330
4757: 4642,4448,4650,4655,4855
5849: 5848,5551
4164: 3665,4566,4057,4463,4569,4565
8565: 9497,7973,9596,7811,8631
672: 884,9642,9461,9393,9263,1197
9758: 1527,2321,2047,9295,9918,9663
4387: 4287
7439: 
9989: 9347,9763,7014,9993,7542,9314
9502: 3185,2148,9403,9313,9433,3184
3153: 2761,3251
2733: 1901,1556,9624,2738,1727,1820
9285: 8450,9519
2387: 2481,2576
8526: 7836,9616,6585,8386,8081,8596
683: 2234,10026,9706,1793,9676
3712: 4010,4115,3713,3612,3615,4232
8006: 7761
3491: 
687: 492,755
9491: 9624,2738,9859,9333,2554,9924
7521: 
3262: 3656,9609,3755,9555,3559
9256: 9489,3856,3953,4343,9442,9462
9770: 10004,9612,9843,9281,9934,9257
4139: 4343,9442,3559,3755,9591
9384: 9575,9511,4997,9475,9278
9771: 9815,9516,9990
9786: 9893,9692,9293
2554: 9554,927,9491,2738,9859
698: 
7742: 8292,7821,7739,7314,7901,7902
700: 9464,9272,9468,9416,233
9651: 9831,9942,9963
9695: 9690,10034,6437,9710,9936
9925: 9878,3942,9888,9972,9682,3451
6631: 5965,5478,6348,5870,5281,6724
2196: 2476
9244: 3184,2678,9476,9810,3279,9398
707: 
9952: 9778,9386,7675,9735,10022,9544
709: 1068
2580: 4266,3367,4068,2968,9608,9364
5086: 4986,5084,4891,5186,5192
9513: 9599,9646,9723,9498,9258,9538
9315: 9431,9300,9445,9566,9526,9287
3400: 4094,3301,3795
7325: 6586,6682,7150,7413,7757,7146
2866: 2968,9619,2772,9595,9605,2967,2391
6028: 5727,5331
718: 2551,2459,9552
9440: 9339,1295,9698,9969,9804,9337
9889: 9854,9926,9919,8205,9691,8701
9340: 8450,10030,8301,9750,9594,9519
722: 
723: 792
3783: 3683,2333,4083
8081: 9505,8596,9344,9616,8526,9271
9173: 9171
6348: 6631,5965,6629,9308,6724,9543
2293: 2015,2199,2198
2953: 2662
9350: 9604,9632,5150,5051,9404,5256
731: 596,733
3517: 4332,3731,3321,2836,3820
733: 596,664,731
10022: 9963,9735,9831,9952,9778
3098: 
9272: 9991,9468,9515,9565,9416,700
2800: 9611,2895,9428,9662,3176
9430: 9248,9366,9259
7455: 
9337: 9366,9590,9553,9804,9440,9339
9219: 9560,8879,9504,8987,9194,9239
6724: 9543,9512,6631,6348,5870,5774
743: 
5230: 5331
2691: 2311,2685,2595,2224,2305,2492
746: 
6405: 6507,7858
9622: 9593,9915,9252,9290,9852,9453
10019: 9710,9848,9936,9667,9561,9508
750: 368,217,616,1698
7413: 6585,8386,7757,7146,7325
7360: 6731,9301,9561,6823,6358,6915
8309: 9857,8301,7992,7911,8376,8451
9804: 9441,9698,9853,9440,9590,9337
755: 687,499
9356: 9592,7911,9334,9353,9448,8150
9347: 9763,9989,6249,10015,9725,9314
758: 973,561,760
6072: 6265,5975,6461,5973,6639,6163
760: 561,758,973
9217: 8878,8061,9237,9307,8879,9504
762: 1052,501
9992: 9867,10035,9941,9792
9743: 9980,9812
9783: 9833,9953,10015,9687,9314
8179: 
9706: 1706,1793,683,9676,9991,9515
9664: 9960,10005,9824,9318
4697: 5104
6665: 6284,8210,7389,6480,7125,7130
6385: 6480,9299,9639,7563,6284
9390: 9534,9486,9928,9346,9484,9436
9304: 3713,2742,9913,9679,9697,2743
9806: 9869,1706,9515,9565,9487
3942: 9925,3451,9891,10011
4823: 9602,9454,4626,4937,4811,4826
6931: 7119,7298,7019,6749,7117
7818: 7733,8056,7899,7737,9238,7979
9417: 9801,9469,9494,5508,5408,9684
8984: 9787,9691,9292,9800,9450,9545
781: 
9423: 9688,8033,9568,9587,9349
9655: 10037,9798,9829,9707,9421,9496
9781: 9803,9537,9656,10037,9798
9412: 9573,9258,10013,9352
9639: 5697,9627,6385,9299,9636
2893: 9428,9527,2609,2057,2987,2895
8395: 
9795: 9875,9649,9740,10029,8383,9617
5495: 5200,5300,9860,5295,6375,5509
9936: 10019,9710,9508,10034,9695,9643
792: 793,723
793: 792
794: 2212,1676,9382,9637,2305,9415
7617: 9687,7542,9705,7794,9472,9729
9306: 9968,9305,9265,9614,9471
7668: 7142,7581,8236,7996,9260,7318
7019: 6460,7646,6916,6749,6931
10021: 9267,9961,9731,9816
7419: 7062
801: 9674,1263,9276,1864,874,1027
9383: 9589,9598,9326,9793
8273: 8485
5574: 9362,4876,5177,5475,9377
2536: 9958,2165,9818,9316,9470,2721
9913: 9585,2744,9697,2928,9304,2742
807: 466
808: 477
6389: 6100,7670,6583,7836,9623,8236
9363: 9291,9635,9245,9980,9552
6350: 5775,9406,9967,6448,5680,5873
4626: 4307,4937,4719,4616,4811,4823
9284: 7988,7494,9419,9904,9649,8075
6983: 
9553: 9366,9337,9339,3485,9259,2333
8064: 8292,7743,8766,8770,8707,9127
8376: 9592,7911,9336,8309,8451
3810: 4320,3805,4010,4331,9269,9521
9937: 9905,9840,9780
2902: 2151,2523
6316: 6022
8695: 8199
9725: 10015,9975,6249,9817,9347
3255: 10011,9756,9932,9576,9251,3947
8970: 8419,8555
5587: 6847,5882,5876,5389,6658,5975
8972: 8921
8372: 8373,8710,7988,8513,7579,8225
3204: 9268,1716
9972: 9748,9682,9819,9878,9925,9500
6093: 6480,9299,9253,6481,7130,9274
9336: 9592,8376,9437,8451,9692,9893
9820: 9871,10018
834: 9345,233,9791,9288,9807,9385
5417: 4929,5215,5214,5421,5917,5338
9400: 9531,9559,9785,6984,9648,9518
7300: 6849,6376,9835,6848,9915,7123
9625: 7965,8046,9634,9976,9391,9641
839: 384
840: 1216
9389: 9267,9961,1075,9606,2362,9554
9897: 9921,9922,9814,9825,10028,9890
9069: 8868,8812,8981
9305: 9901,6335,9265,9306,9471,10035
9501: 9558,9318,9126,9085,9387
6508: 5413,5207,5917,6018,9401
8205: 8499,9919,9889,8701,9120,9079
848: 996
5873: 5680,5683,5973,6350,6448,6071
7858: 6405
9810: 9659,3279,10010,9398,9244
7646: 6460,7019,6077,6371,9478,9467,6653
3559: 4139,3262,3755,9535,9555
5256: 6339,5355,9350,9539,5051,9404
7248: 7929
6531: 6906
9947: 9693,9834,9375,10032,9870,9994
7847: 7150,7505,7675,7757,9544,7839
10030: 9762,9857,8301,9789,8450,9340
6118: 6416
861: 864
4057: 3665,4164,4165,3860,4463,4255
9387: 9548,9507,9125,9126,9558,9501
864: 861
8962: 
9528: 9295,9918,9247,9427,9372,9414
9375: 9582,9396,10032,9834,9947
9282: 9483,9521,4336,9459,9524,9734
10041: 9815,9990,9957,10038
9442: 4343,4139,9591,9422,9462,9256
9049: 
872: 9551,1019,1512,1340,1178
6906: 6531
874: 1270,1864,1951,801,1027,1025
9270: 9276,9760,9830,9719,9736,9821
5338: 5031,9562,4929,5417,5138,5421
4870: 4969,5475,5754,4773,4968,5167
9019: 8867,9444,7723,7888,9661,9407
4330: 3715,3615,4123,9955,9876
7518: 
4123: 9927,3820,2836,4330,3715,9876
7555: 8333,7888,7721,9436,7723
9591: 9422,9582,10032,3755,9442,4139
884: 672,9642,9427,9414,1197
9262: 4336,9569,4115,4331,9935,9328
886: 614,965
9710: 10019,9848,9936,6155,9695
888: 
2119: 1421,1849
8061: 9238,8878,9217,7979,8879
9707: 1027,1025,9760,9655,9829,359,9421
892: 9323,9393,1197
9598: 9589,9383,9923,9275
3615: 4330,2743,3715,3713,3712,4232
9504: 9560,8879,9219,9564,9217,9307
5775: 5287,5678,6350,9406,5970,5680
9558: 9501,9507,9387
9999: 9866,10027
9841: 2752,9654,2658
9831: 9651,9963,10022
9419: 9904,9628,9260,7996,9284,7494
9688: 9423,9864,9349,9916
5970: 5676,9512,5775,5678,9406
8631: 9449,8632,7564,8565,9596,8694
10027: 9866,9887,9999,9646
6204: 6967,5813,9898,6784,7060,6009
9335: 9722,9296,9813,9645,9246,9709
9471: 9867,10035,9306,9305,9343,9614
9472: 10024,9729,9953,9687,7617
910: 630
9835: 6849,7300,9915,9852,9738,9754
9091: 9092
9856: 9843,9586,9956
9808: 10017,9574,9302,9604,9632,9985
9604: 9350,9632,5150,4852,9302,9808
9538: 9573,9258,9513,9498,4642,4650
5180: 3471,3874,4177,3774,5478
7743: 8064,7314,7581,7318,8770
9126: 9039,9085,8885,9125,9387,9501
4719: 4611,4616,4626,4710,5138,4811
9567: 9546,9749,9560,9239,9242,9615
4616: 4405,4611,4719,4626,4307,4514
923: 
7470: 8811,7558,8356,7383,7207,9563
9351: 9535,9555,1756,9845,9970,9411
10040: 368,9626,9460,9782,9907,9580
927: 9554,2554,1075,9635,1228,9245
9403: 9322,3279,9313,9287,3184,9502
5192: 5789,5086,4891,5093,5490
9796: 9679,9697,9485,9759,9790,9704
9789: 9762,10030,10039,9727,9939,8450
9530: 9291,9635,9264,1556,9495
9764: 5304,9696,9724,9801,5400,5613,5508
5931: 5332,5633
9950: 9837,9329,9775,9699
2189: 2280,9451,2468
9611: 9445,10001,9566,2800,9428
9477: 7811,9290,9467,9453,9509
9921: 9766,9922,9897,9876,9890
2526: 2153,1709,2244,2906
3991: 3990
3027: 3121,2928,2742,3612,3805,2540
943: 1097
944: 
5995: 7033,5697,5302,5792,5400
4858: 5159,4660,5062,4661,4655,4855
7383: 7470,7207,7641,9563,8867
3251: 3448,3153
9981: 9587,9702,9832
9368: 9584,9660,10043,9497,9596,9971
9439: 1622,9676,2057,9991,9468,9527,9473
9715: 9902,9250,9722,9296,9903,9279
4155: 4347,4255,9331,9489,3953,4146
7150: 7417,7505,7847,7325,6682,7757
5633: 5931
8499: 9919,8429,8205,8056,8211,9079
6323: 6219
7992: 8225,8150,9752,7911,9857,8309
959: 965,1042
6460: 7019,6077,7646,6265,6916,7095
9250: 9902,9715,9481,2538,9279
9923: 9275,9547,9589,9598,9809,9933
4271: 4677,4876,4073,4169,5177,4475
9269: 9483,9521,9392,4218,4320,3810
965: 959,886
2224: 2135,2407,2044,2595,2691,2311
7649: 7478,6474,8498,7565,7733,8211
9902: 9715,9250,2253,2721,2538,9903
9812: 9514,9264,9743,9980,9291
5678: 5287,5775,5676,5970,5581,5084
3674: 3874,2678,2148,3572
972: 
973: 758,760
9249: 9562,9429,5123,9784,9583,9360
9800: 9634,9976,9450,9892,9787,8984
7787: 7865
8867: 9563,9444,9019,7383,7723,7641
978: 630,1052,501,1286
3224: 3628,3421,3531
9568: 7965,8042,8033,9423,9391,9349
9876: 9766,9921,9922,4330,9927,4123
7558: 8811,7470,8356,7119,7560,7973
5683: 5680,5585,5876,5973,5873,5975
9720: 1727,1553,9813,9708,2926
6416: 6118,6421
9366: 9248,9590,9553,9337,9430,9259
9930: 8496,9971,10043,9926,9919,8429
5031: 5338,9562,9429,5138,4826,9503
8470: 
10009: 10012,9880,9517,6100,6583
8807: 8917
8950: 8841,9046
9451: 2280,2189,9954,2098
9046: 8950
4266: 3367,4068,2580,4566,4269,4168
996: 848,1069
9381: 9391,9864,9349,9641,9716
2057: 1622,9439,2512,2609,2893,9527
5355: 6339,5256,6338,9404,9909,9265
5536: 
9630: 9542,9327,9747,9361,9572,9986
7855: 
9536: 3301,9268,9577,2815,9298,3497
9320: 9409,9254,9443,9342,3210,9397
5000: 5202,9475,5204,9432
1006: 1078
9557: 10002,9316,9365,9388,9470,1225
10016: 9494,9847,9914,9906,9898,6007
7719: 9376,9346,8333,8042,8262,7885
8891: 9005,8779
5093: 4891,5192,5789,5194
7570: 7899,7821,6767,7569,7739,6671
1013: 1251,9741
1014: 
4232: 9935,9955,3615,3712,4115
6583: 6389,6100,10009,6585,7836
9039: 9126,9894,9085,9130,8990,8885
9872: 9658,6047,5761,5959,9873,9964
1019: 872,9551,9405,9748,1340
9344: 9505,8081,9395,9271,9875,9740
9349: 9381,9391,9864,9568,9423,9688
9811: 9673,9863,9794,9827,9749,9858
9727: 9939,10039,9824,9789
9602: 9454,4823,4937,9280,9523,9266
1025: 1027,9707,1270,874,359
8199: 8695,8044
1027: 1025,9707,801,9276,9760,874
2987: 2777,3072,2895,2609,3372,2893
9997: 9662,9510,3176,9742,9862,9286
7885: 7965,8046,7719,8333,7721,8042
9766: 9921,9876,9927,9978
8261: 8119
5207: 5413,5204,6508,9644
3385: 3485,3680,2802,9339,3482
7060: 6784,9518,6009,9525,6204,6967,7417
3805: 4320,3810,2540,3027,3612,4010
10018: 9871,9820,9985,9755,9549
5841: 
2944: 3137,3234
7417: 7150,7505,6967,7060,9525,6682
10038: 10041,4332,9957,9966
1042: 959
9323: 9369,9580,892,9946,9393,1197
1044: 1616,1617,1446
4347: 4458,4450,4463,4255,4155,4146
5585: 5680,5683,5876,5287,5389,5186
3839: 3646
2649: 1727,1820,9319,2744,2926,3025
9334: 9353,9617,9448,9938,9917,9356
9862: 9286,9845,9970,9671,9742,9997
3680: 3385,3485,3482,3284,4081,3983
1052: 762,501,1286,978
9978: 9927,9966,9766
9731: 9924,9759,9816,9961,10021,9859
9721: 9929,9959,9751,9718
8496: 8694,8636,9971,9930,8498,8429
9775: 9345,9329,9416,9950,9699
7942: 7952
9634: 9976,9800,8126,9892,8046,9625
6930: 7010,7198,9465,9499,6932
9361: 2666,2778,2585,9747,9542,9630
9214: 9114,9074
9279: 9254,9443,9715,9250,9481,9296
9641: 9739,9625,9976,9381,9391
5177: 4271,4677,4876,5574,9377
5598: 9627,9779,5302,5403,5699,5697
1067: 1805,1894
1068: 709
1069: 996
7888: 7555,7721,7723,9019,8126,9407
1071: 9365,9488,1901,9495,1553,1987
6847: 5882,5587,9355,6658,6564,9588
9742: 9671,2584,2777,3072,9862,9997
9890: 10028,9921,9897
1075: 2551,2362,9245,9554,927,9389
1076: 1477
4336: 9262,9569,4331,9282,9521,9734
1078: 1006,1152
9649: 9795,9875,9904,9284,8075,8383
4852: 4849,4855,9302,5159,9604,5150
9292: 9691,8984,9640,8701,9545,9378
2341: 
9963: 9457,9735,10022,9942,9651,9831
2940: 3037
7932: 7770,9842
9571: 10039,10003,9824,9556,9982,10005
7775: 7428
8170: 7765,7340,7929
1089: 
5274: 10042,4969,9362,5070,5466
9607: 9638,9308,9377,6629,4979
9986: 9572,4141,9747,9774,9630
5421: 5917,6018,5123,5417,5338,9562
9583: 9784,9861,9249,9360,9452
9683: 8015,7934,9842
9746: 9298,9757,9958,9380
1097: 943
9322: 9403,3279,10010,9445,10001,9287
2288: 
2212: 2595,2689,1676,794,2305
2742: 9304,3713,3612,9913,3027,2928
9512: 6724,9543,5774,5970,9540,9406
4569: 4665,4867,4565,4566,4164,4269
9452: 9360,9678,9583
9341: 9685,9432,9644,9896,9914
4665: 5064,4867,4569,5163,4565,4462
4939: 4736
9751: 9959,9670,9877,9718,9721
9939: 9727,9789,8450
4072: 3572,3772,3771,4177,4880,4069
9780: 9895,9606,2362,9840,9905,9937
3776: 3774,3777,4081,3982,4280,3778
9314: 9687,7542,10015,9347,9989,9783
2689: 2595,2212,1676,2033,2403,2407
9927: 4123,3820,9966,9978,9766,9876
4703: 4606,4605,4498,5010
5664: 5070,5466,9455,9578,5964,5564
9522: 4146,4444,9498,9331,9799,9599
9514: 9812,9264,9321,9488,9388
9237: 9640,9120,8878,9217,9420,9307
6249: 6055,9817,9690,6437,9725,9347,9763
9760: 9270,9276,9736,1027,9707,9829
9624: 9491,2738,9333,2733,1820,9319
1124: 372
9610: 9618,9827,9613,9564,9546
9791: 9345,834,9699,9657,9807,9883
2967: 3166,2391,4165,2772,2866
5348: 5551
9125: 8885,9242,9615,9126,9548,9387
9441: 9804,9590
3279: 9403,9322,10010,9810,3184,9244
1132: 1211,9809,9933
2584: 9671,9742,9965,2974,10023,3072
7176: 7179,7777
2403: 2033,1592,1855,2036,2689,2407
1136: 1297,1375
6280: 6085,6848,5497,5509,6375
9345: 233,834,9775,9791,9416
8373: 8372,8710,9982,8225,9752,10003
6474: 7478,7125,7649,7565,7130,6576
9402: 9643,9354,9499,10034,9944,9465
9289: 9534,9486,9705,7009,7375,8186
9887: 9866,10027,9799,9689,9599,9646
2752: 9654,9841,2848
9702: 9886,9426,9832,9836,9981,9587
3612: 3713,2742,3027,3805,3712,4010
3210: 4306,4301,9397,9409,9320,3903
8928: 9235
9759: 9924,9731,9816,9790,9796,9485
9777: 4839
7532: 6639,6163,9458,6358,9310,6915
1152: 1477,1078
9956: 9674,9856,9586
9447: 9434,9373,9998
9991: 9272,9468,9515,9706,9676,9439
9690: 10034,9695,6437,9944,6249,9763
9958: 2165,9380,2536,9757,9818,9746
4491: 
9532: 9479,9595,9286,9510,9675,10033
6265: 6072,6461,6639,7095,6460
4650: 4642,4448,4757,4444,9498,9538
3284: 502,3482,3578,3680,3777,4081
9678: 9360,9452,9480,10025,9711
9589: 9598,9383,9326,9923,9273,9809
9355: 6847,5882,9588,9252,6371,9478
8838: 8835,8841
9456: 9545,9378,9828,9984,9277,9686
8990: 9130,8991,8989,9038,8885,9039
1169: 1251,9741,1170
1170: 1169
2983: 3372,2974,2509
9326: 9589,9383,9793,9907,9273,217
9369: 9323,9580,9946,9626,10026,1793
9805: 9967,9647,9650,6731,6448,6823
5138: 4710,4811,4826,4719,4929,5338,5031
7062: 7156,7419
9167: 10014,9166
1178: 1592,1506,872,1512,1594,1340
9457: 9963,9735,9466,9531,9559,9942
1180: 1861,1428,9586,9281,1263,1864
5302: 5400,5613,5403,5995,5697,5598
9357: 4004,4314,9342,9761,9397,3907
9704: 3321,3222,3821,9790,9679,9796
4773: 4475,4771,4968,4876,4870,5475
2321: 9758,2047,2231,9663,2136,2511
9330: 9313,9526,9433,9506,9570,9370
8333: 7555,7721,9436,9346,7719,7885
6084: 6564,9379,5887,5789,5395,6085
3330: 
3643: 
9975: 9725,10006,9817
9774: 9874,9747,9899,3458,9986,4141
2662: 2758,2953
5852: 5455
6896: 6516
6219: 6323,5328,5426
1197: 9414,9879,672,884,9393,9323,892
9951: 9733,9312,10024
5250: 5451,5249
2244: 1709,2526,1973,2336
3628: 3224,3421,3226
4986: 5086,5084,5581
9380: 9958,2165,9298,9746,9577,9358
9980: 9743,9812,9291,9363
8766: 8292,8064,7902,9037,8991,8707
6886: 6696,6884
6900: 
9263: 9460,9393,9446,9803,672,9461
9475: 5000,5202,9384,9432,9278
4789: 
1211: 1132,9809,366,9273
9865: 9757,9818,9940,2251
4655: 4559,4661,4448,4757,4855,4858
9017: 9983
2669: 
1216: 840
9875: 9795,9649,9740,9344,9904,9271
8451: 9692,9750,8376,9336,8301,8309
10031: 9753,9714,9779,9977,10012,9880
9919: 8499,8429,8205,9930,9926,9889
9966: 9927,3820,4332,10038,9978
9839: 10042,9920,9773,9603,5572
9828: 9545,9456,9984,9450,9739,9681
2199: 2015,1841,2293
1225: 1987,9557,9365,9470,2253
7086: 
7152: 6403,6507
1228: 9635,927
9303: 9852,9453,9509,9885,9754,9449
3771: 4072,3772,9261,3670,4073,4069
9462: 9797,10000,9422,9442,9489,9256
7542: 9687,7617,9314,9989,7014,7794
2870: 9541,9535
9511: 9601,9575,9908,9384,9278,9309
9555: 9535,9351,9579,3262,9609,3559
8186: 7641,7375,9534,9289
8710: 8372,8373,9982,8296,8513,9317
2165: 9958,9380,2536,2721,9358,2538
9313: 9526,9287,9433,9330,9403,9502
1240: 
4521: 4529,4322,4314,4427,4525,4104
9005: 8891,8779
3486: 100,3786,9248
9254: 9409,9320,9443,9279,9481,3205
9556: 9317,9297,9982,10005,9629,9571
1246: 1494
9932: 10011,3255,9756,10036,9744
6639: 7532,6163,9458,6265,6072,7095
10023: 9542,1756,9327,9671,2584,9965
9901: 6335,9305,9658,6337,10035,9941
1251: 1169,9741,1013
3646: 3839,2858
6622: 6902
9438: 9854,9767,9661,9892,9407,9787
8225: 8150,7992,9752,7579,8372,8373
8841: 8950,8838
8917: 8807
4997: 5201,9384
4605: 4606,4703,4504,4603,4498
7478: 7125,6474,7649,8498,8210,8636
7780: 
9420: 9613,9277,9307,9237,9640,9378
1263: 9674,801,9586,1180,1864
8126: 9892,9407,7888,7721,8046,9634
9307: 9613,9420,9237,9217,9504,9564
4839: 9777,4941
7002: 7184
3184: 2678,9244,9403,3279,9502,2148
5774: 6724,9512
1270: 1951,874,1025,2133,1525,359
8429: 8499,9919,8496,9930,8498,8211
9493: 9358,9268,9577,1716
9643: 9354,9402,9936,9310,9508,10034
9548: 9672,9507,9387,9615,9125,9863
9846: 9738,9754,9885,7563,6284,7389
9600: 9130,8707,9297,9127,9894,9629
10039: 9571,10003,9824,9762,9789,9727
3641: 3545,3448,3151
3533: 3434
4255: 4347,4463,4155,3953,3860,4057
5917: 5421,6018,5214,5417,5413,6508
8619: 8801,8683
3898: 4196,3998,3897,3207,3795,3701
9874: 9669,9747,9774,9665,9737,9899
9834: 9693,9947,9620,9375
1286: 1052,978
2808: 2336,2524
7996: 7668,9419,9260,7318,8222,7494
9395: 9505,9344,9712,9740
7119: 6931,7298,7117,7560,7558,8356
9537: 9803,9781,9446,9338
9601: 9575,9511,9860,9724,9309
4891: 5093,5086,5192
9343: 9614,9471,9867
1295: 9440,9339,9900,9969,2802,9570
4284: 4083,3982,4485,3778,4486
1297: 1136
9360: 9452,9678,9429,9249,9480,9583
9935: 4232,9955,9814,4115,9262,9328
2881: 2311,2685,1527,2047,2666,2585,2600
9505: 8081,8596,9344,9395,9359,9712
8921: 8972
9321: 9788,9514,10002,9388
6507: 6405,7152
2974: 2693,2509,2983,3372,2584,9965,3072
2758: 2662
10001: 9611,9445,9662,9822,9322,10010
9857: 9762,10030,8301,8309,7992,9752
9566: 9611,9445,9428,9324,9315,9431
2609: 2699,2512,3372,2057,2987,2893
4603: 3504,4397,3998,4498,4605
1312: 1729
9713: 9520,9516,9990,3722,3731,9957
1314: 
9408: 9352,4641,9482,4849,9302,9574
4292: 4393
8383: 8075,7579,9795,9649,9617,9448
9712: 9359,9386,9505,9395
6598: 6307,6695
4968: 4771,4773,5064,4867,5167,4870
9410: 9367,9578,9311,9394,9533,9455
4855: 4852,4849,4757,4655,5159,4858
7670: 6389,6100,6003,7050,7142,8236
9525: 7060,9518,9559,7417,7505,9466
5389: 5490,5186,6658,5585,5876,5587
3367: 4266,2580,9364,3670,4168,4169
5676: 5578,5970,4687,5581,5678
9130: 9600,8991,8707,8990,9039,9894
5361: 9394,5167,9533,5064,5163,5755
10004: 9612,9770,9934
4559: 4462,4661,4655,4458,4450,4448
7935: 8015,7934
3166: 2967,4165,3860,2772,3460,3856
7353: 
2842: 
2492: 2305,9737,1747,2691,2685,9669,2666
9996: 9858,9794
2540: 4320,3805,3027,3121,3607
9729: 9472,10024,9928,7617,9705,9486
1340: 9819,872,1019,9748,1178,1506
2153: 2526,1709
6448: 6071,6823,9805,9967,6350,5873
9519: 9594,9340,9285
10033: 9675,9659,9595,9532,9619,9463
9588: 6564,9379,6847,9355,9252,9593
5304: 9764,9696,5497,6376,5400
9424: 9621,3552,9418,3849,9772,9374
9468: 9272,9991,9439,700,9473
6022: 6316,5129
4687: 5581,5676,5578
9527: 9428,2893,9324,9439,2057,9473
9807: 9900,9385,834,9791,9883,9969
4081: 3776,3777,3284,3680,3982,3983
9295: 9918,9528,9247,2044,9758,1527
9276: 9270,9760,9830,9674,801,1027
4642: 4650,4757,9573,9538,4641
9934: 9843,10004,9770
3774: 3776,3777,3471,5180,4280,5281
9864: 9381,9349,9688,9916,9995,9716
3701: 2822,3502,3207,3998,3898,3504
6902: 6622
8391: 
9685: 9341,9432,9278,9908,9847,9914
9842: 7934,9683,7932
9338: 9793,9782,9537,9446
5214: 5211,5009,5215,5417,5413,5917
2253: 9470,2721,1225,9902,9903
3506: 3907,4427,9700,4218,9392
10005: 9960,9629,9664,9556,9571,9824
9737: 2305,2492,1747,9415,9665,9669,9874
5281: 4280,5870,3774,6631,5478
6695: 6598,6696
8479: 
9960: 10005,9629,9664,9894,9085,9318
1375: 1461,1136
3818: 9790,3722,3928,9816,9520,3821
2286: 2194
9596: 9497,8565,8631,9368,8694,9971
9881: 9581,9653,9995,9716,9492
6662: 5697
9185: 
9437: 9353,9592,9336,9893
5123: 5421,6018,9562,9249,9668,9784
1384: 1549
7965: 7885,8046,9625,9568,8042,9391
6009: 6784,7060,9518,6011,6984,6204
1387: 1984,2072
3722: 3818,9520,9713,3821,3731
5813: 6204,6967,7252,9898,5904,6007
9478: 9252,9290,6371,9467,9355,7646
5649: 
1392: 1995,1729
9561: 7360,9301,9667,10019,6915,9508
9274: 6483,9631,6093,9253,6481,6767
3458: 9899,3849,9774,9425,9374,4141
7679: 8460,7680
5010: 4929,5215,4606,4703,4710
10028: 9890,9897,9825
3025: 3121,2928,2649,2744,3119,2926
9302: 4852,4849,9408,9808,9574,9604
9521: 9282,9483,9269,3810,4331,4336
3545: 3641,3448
5663: 6244,6337
3715: 4330,2743,3615,3222,2836,4123
9385: 9900,9807,834,9300,9288,9370
6682: 6586,7325,6967,7252,7150,7417
8343: 
9949: 9682,9931,9888
9070: 
5104: 4697,5211,5204
4131: 
9587: 9981,9702,9836,9423
9277: 9613,9420,9378,9456,9686,9618
1414: 
6376: 6849,7300,6848,5497,5304,5792,5400
5225: 
3137: 2944
9883: 9698,9969,9853,9791,9657,9807
1419: 
1420: 
1421: 2119
8658: 
9809: 1132,1211,9933,9589,9923,9273
9415: 2305,9737,794,9637,9283,9665
9079: 9120,8499,8205,8056,9238,8878
9646: 9513,9599,9723,9887,10027
9535: 9555,9351,3559,9541,2870,9411
1428: 1861,1594,1180,1864,1951,1950
4141: 9986,3850,3458,9774,9425
9779: 5598,9627,9977,5699,9753,10031
9329: 9565,9416,9487,9950,9837,9775
9694: 9312,9886,9832
7865: 7787
8905: 8904
9460: 9393,9263,9446,9782,9580,10040
9595: 9479,9532,9605,10033,2866,9619
9445: 9611,10001,9566,9315,9322,9287
8211: 7733,8056,7649,8498,8499,8429
2198: 2015,2293,2481
7146: 7413,9714,6586,7325,10012
2595: 2212,2689,2407,2224,2305,2691
7988: 9284,7494,8513,8075,7579,8372
9836: 8262,8033,9426,9702,9587
9319: 9585,2744,9624,9333,2649,1820
9734: 9282,4336,9569,9524
1446: 1617,1044
9933: 1132,9809,9923,9547,424
9301: 7360,6731,9561,9773,9603,9667
1449: 
6804: 6805,6520
4146: 9522,4444,9331,4347,4450,4155
9869: 9806,1698,366,9974,9487
9497: 7973,8565,9596,8811,9584,9368
9769: 9736,9823,9656,9728,9798,9829
5163: 4665,5064,4462,4661,5755,5361
2666: 9361,2585,2492,2881,2685,9669,9747
9708: 9722,9813,9903,1553,9720
8679: 8550
5920: 6421,6326,6420
6629: 4979,4880,5965,6348,9607,9308
1461: 1375
9469: 9801,9417,9309,9908,9494,9847
5736: 
5478: 6631,5965,4177,5180,5281
9508: 9310,6915,9561,10019,9936,9643
9658: 6047,9872,6337,9901,9873,9941
9666: 6011,6984,9979,9726,9849
9763: 9347,9989,6249,9690,9944,9993
4314: 9357,4004,3907,4427,4104,4521
2523: 2902,2710
9860: 5200,5300,5495,9601,5509,9696,9724
8498: 7478,7649,8496,8636,8429,8211
5509: 6280,5497,6375,9860,5495,9696
9325: 9463,9398,9608,9476,9261,9364
9489: 3953,9256,9462,9331,9797,4155
9687: 7542,7617,9314,9783,9953,9472
1477: 1152,1076
9547: 9923,9275,1529,424,9933
2693: 2600,2974,2136,2509,2778,9965
7870: 8265
7434: 9636,9253,9517,9977,9880,9631
7265: 7354
1483: 
9606: 2362,9780,9905,9267,9389
3777: 3774,3776,4081,3284,3578,3471
4876: 4271,5177,4475,4773,5475,5574
1487: 9730
9498: 9522,4444,9513,9599,9538,4650
8356: 7470,7558,7117,7119,7026,7207
7839: 9544,9359,7847,8386,7757,8596
3835: 2858
7033: 5995,7563,6849,5792,9738
3713: 9304,2742,3612,2743,3615,3712
1494: 1246
9074: 9214
9858: 9996,9827,9811,9794
1497: 1931,2483
9268: 3204,9536,3301,9577,9493,1716
7581: 7668,7142,7402,7314,7743,7318
5408: 5508,5403,5699,9417,9684,5801
9392: 9633,9483,9269,4218,4427,3506
2511: 2699,2326,2321,2231,2136,2509
9784: 9583,9861,5123,9249,9668,9726
1504: 1849,1583
9544: 7839,9359,7675,7847,9952,9386
1506: 2033,1592,1178,1340,9399
3448: 3545,3641,3251
9802: 9672,9507
9754: 9738,9846,9835,9852,9303,9885
5640: 
2761: 3153,2389,3743
1512: 1861,1594,9257,872,9551,1178
2968: 9608,2866,9619,2391,4068,2580
3294: 3295
3471: 3874,5180,3578,3774,3777
6916: 7095,9550,6460,7019,6749
9516: 9520,9713,9990,9771
8015: 7935,7934,9683
9682: 9972,9748,9949,9888,9925
9990: 9713,9516,10041,9815,9771,9957
5159: 4858,5062,4852,4855,5150,4950
7794: 7195,9705,7009,7014,7542,7617
6481: 7130,6576,6767,7569,6093,9274
9372: 9427,9371,1525,1867,9528,9247
1525: 9371,9372,359,1270,1867,2133
9435: 9543,9638,9308,9943,9647,9540
1527: 9758,2047,2044,9295,2881,2311
9376: 9346,7719,9484,9413,9426,8262
1529: 424,9547
10010: 9322,3279,10001,9675,9822,9810
9483: 9282,9633,9269,9521,9392,9459
1532: 1619
5403: 5508,5408,5699,5302,5613,5598
9674: 801,1263,9956,9276,9830
4177: 3874,5180,4072,3572,4880,5965,5478
9577: 9536,9268,9298,9380,9493,9358
9910: 5942
2047: 9758,1527,2321,2881,2600,2136
9515: 9272,9991,9706,1706,9806,9565
8879: 9504,9219,8061,9217,8987
9461: 672,9496,10037,9803,9263
2033: 1592,2403,1506,9399,2689,1676
7505: 7150,7417,7675,7847,9525,9466
9258: 9573,9538,9412,9513,9723
2188: 2098,2280
9970: 9862,9845,1756,9671,9351
9364: 9261,3670,9608,9325,3367,2580
9739: 9641,9681,9976,9450,9828
1549: 1384
9374: 9332,9425,9424,3849,3458,9772
9968: 9306,9909,9549,9265
3947: 9283,9251,3255,9756,3552,2024
1553: 1987,1071,1901,1727,9720,9708
9735: 9963,9457,10022,9466,7675,9952
4525: 4307,4937,4104,9280,4529,4521
1556: 1901,2733,9495,9530,2738
9382: 9500,9255,9399,1676,794,9637
9732: 334,9850
7973: 9497,8565,7560,7811,8811,7558
2274: 
2135: 2407,2224,2044,1867,1855,9247
2721: 9470,2253,2165,2536,2538,9902
6731: 7360,9301,9650,9773,9805,6823
9421: 9371,359,9707,9655,9642,9496
9859: 9491,9554,2554,9961,9924,9731
8296: 8222,8513,9317,8995,8710
4069: 4979,4880,4072,3771,4677,4073
9689: 9797,9799,9838,10000,9866,9887
2231: 9962,9663,1611,2321,2326,2511
8995: 9317,9297,9127,8222,8296,8770
1571: 9730
1572: 
9915: 9593,7123,9622,7300,9835,9852
10032: 9375,9582,9947,9591,9422,9994
5882: 6847,5587,9355,6461,6371
8471: 
9851: 93,133,33
9916: 9995,9688,9864
9753: 9714,10031,9768,5699,5801,9779
5508: 5408,5403,9764,9801,9417,5613
9884: 9603,5572,9667,6349,9848
9924: 9759,9731,9491,9859,9333,9485
1583: 1504,1849,3450
9973: 9823,9728
5551: 5348,5849,5848
9253: 9636,7434,9299,6093,9274,9631
4448: 4650,4757,4444,4450,4559,4655
9745: 10008,9882,2364,2643
6749: 6932,7117,6916,7019,6931
7765: 8170
5455: 6140,5852
1592: 2033,1178,2403,1506,1950,1594,2036
9705: 7009,7794,7617,9729,9289,9486
1594: 1512,1861,1428,1592,1178,1950
9541: 2772,3460,2870,9411,9535,9605
9892: 8126,9407,9438,9634,9800,9787
9480: 9294,9503,10025,9429,9360,9678
9564: 9560,9504,9613,9307,9610,9546
5194: 5295,5395,5093,5789
9490: 5765,9539,9367,6339,6244
9166: 9167
9971: 8694,8496,9930,9596,9368,10043
8614: 8677
8419: 8970,8485,8346,8555
8794: 
9458: 7532,6639,9310,9354,7095,9550
9342: 9761,9246,9320,9443,9397,9357
2311: 2881,2691,2685,2224,2044,1527
4087: 
9431: 9315,9300,9288,9324,9464,9566
1611: 2231,9962,2234,10026,2326,2236
5581: 4687,5676,5678,4986,5084
6077: 6460,7646
9613: 9277,9420,9307,9564,9610,9618
6371: 9478,6461,5882,9355,7646
1616: 1044,1873
1617: 1446,1044
7184: 7002
1619: 1532
3928: 3526,3818,9520
9486: 9534,9289,9390,9705,9729,9928
1622: 9676,2236,9439,2057,2234,2512
4950: 5051,5159,5062,9533,5150,9311
5964: 5961,6349,5564,5466,5664,5572
5572: 9603,9884,5466,9839,5964,6349
4880: 6629,4979,4069,4072,4177,5965
9145: 
3934: 
8636: 8694,8496,8632,8210,7478,8498
1630: 
9662: 9997,9510,3176,10001,2800,9822
8677: 8614,8676
9762: 10030,9857,9789,9752,10039,10003
9484: 9376,9346,9928,9390,9733,9413
5051: 9539,4950,9350,5150,9311,5256
3460: 9541,2772,4343,3856,3166
9728: 9656,9973,9769,9823
4941: 9868,4839
9929: 9721,9348,9718
9348: 9523,9266,9718,9929,9703
5848: 5849,5551,6041
4514: 4307,4104,4306,4004,4405,4616
5202: 5000,9475
2512: 2699,2326,2609,1622,2236,2057
9723: 9513,9646,9258
8075: 7579,8383,9649,7988,9284
9749: 9567,9546,9827,9615,9811,9863
9848: 10019,9710,9884,9667,6155
8346: 8485,8419
8392: 
9894: 9039,9085,9130,9600,9960,9629
10015: 9725,9347,9783,9314
5328: 5426,6219
9494: 9847,10016,9417,9469,9684,6007
7761: 8006,8005
7110: 6932,7117,7198,7292,7026,7460
10042: 9839,5274,9362,9529,9920
8981: 9069
9863: 9673,9811,9749,9615,9548,9672
4332: 3517,9957,10038,3820,9966
3295: 3294
4462: 4559,4661,4458,4665,5163,4565
4004: 9357,4314,4306,9397,4514,4104
7680: 7679
9318: 9501,9085,9960,9664
1666: 9677
9612: 10004,9770,9551,9257
9824: 9571,10039,10005,9664,9727
9998: 9447,9373
2072: 1387,1892
9680: 6041,9652
6932: 6749,7117,7110,7198,6930
9520: 9713,9516,3928,3526,3722,3818
6671: 7402,7739,6767,6483,7050,7570
9700: 9717,9761,9709,3907,3506
1676: 2212,2689,794,9399,2033,9382
9518: 7060,6009,9525,6984,9400,9559
9750: 8451,9692,9293,8301,9340,9594
7520: 7080
6011: 9666,6984,10020,6009
5961: 5964,6349,5564,5856,6347,5959
9549: 9755,9909,10018,9968
9510: 9662,9997,9286,9532,9675,9822
10043: 9368,9660,9971,9930,9767,9926
7428: 7775
8020: 
2483: 1497
5300: 9860,5495
9776: 6055,9964,9817,9873,9792,10006
9976: 9634,9800,9450,9625,9641,9739
9798: 10037,9655,9829,9769,9656,9781
9792: 9873,9941,10006,9992,9776
3151: 3641
8978: 
2251: 9865,9757
4849: 4852,4855,9302,4641,9408
9411: 9541,9535,9351,9845,9479,9605
1698: 9869,750,366,217,1706,616
9506: 2802,9570,9433,9330,502,3482
9931: 9888,9949
9434: 9447,9373
9896: 9911,9644,9341,9914,10020,9906
9409: 9320,9254,2822,3205,3903,3210
7723: 7641,8867,9019,7555,7888
9353: 9334,9917,9592,9356,9437
1706: 9706,616,9806,1698,9515
6516: 6896
9517: 7434,10009,9880,6003,9631,6100
1709: 2244,2153,2526
9993: 7010,9465,7014,9944,9763,9989
8599: 
10020: 9906,9911,9896,6011
2551: 1075,718,2459,9895,2362
2848: 2752
10026: 2234,683,9369,9946,9962,1611
1716: 3207,3204,9268,9493,3502
9623: 7836,9616,6389,8236,9628,9260
3743: 2389,2761
9399: 9819,2033,1506,9500,9382,1676
9730: 1571,1487
1721: 
9907: 9793,9782,9326,368,10040
9465: 7010,6930,9993,9944,9402,9499
8593: 8661
9994: 10000,9422,9947,10032,9870,9838
9827: 9610,9546,9749,9858,9811
1727: 2649,1820,9720,1901,2733,1553
9252: 9290,9478,9355,9588,9593,9622
1729: 1312,1392
6307: 6598
4165: 2967,3166,2391,3860,3665,4057
7342: 
9906: 10020,9898,9896,10016,9914
9573: 9258,9538,9412,4642,9352,4641
9238: 8878,8061,7818,8056,9079,7979
9741: 1251,1169,1013
6338: 6339,6244,5355,6335,9265
6564: 6084,9379,9588,6658,5887,6847
1739: 
1740: 
9801: 9417,9469,9309,9764,9724,5508
8119: 8261,7880
9085: 9126,9039,9894,9960,9501,9318
9866: 9887,10027,9838,9999,9689
4115: 3712,4010,4331,4232,9935,9262
9248: 9366,9590,9430,3486
1747: 9737,2492,9669
9961: 9267,9389,10021,9554,9859,9731
9590: 9248,9366,9337,9441,9804
7937: 
6967: 6204,5813,7252,7060,6682,7417
9818: 9865,9757,9940,9316,9958,2536
9813: 9722,9335,9708,9720,9645
9814: 9935,9955,9922,9897,9328,9825
6349: 5961,5964,9884,5572,6347
1756: 9327,9579,10023,9671,9351,9970
9825: 9328,9814,9897,10028
6047: 9658,9872,6337,5856,5959
9793: 9782,9338,9907,9383,9326
9627: 5598,9779,9977,5697,9639,9636
8485: 8273,8346,8419
6335: 9901,9305,9265,6244,6338,6337
7318: 8222,8770,7668,7581,7996,7743
9821: 9736,9823,9719,9270
9245: 9635,9363,9552,1075,927
9799: 9331,9797,9689,9887,9599,9522
7191: 
9495: 1901,1556,9264,9530,1071,9488
9903: 9722,9708,2253,9902,9715
9331: 9797,9799,9489,9522,4146,4155
5186: 5389,5490,5287,5086,5084,5585
5870: 5281,6631,6724,5578
9011: 
4169: 4271,4073,3367,3670,4475,4168
2576: 2387
9529: 9638,9377,9362,10042,9920,9943
7252: 6967,5813,5904,9768,6586,6682
2148: 2240,3185,9502,3184,2678,3674
3982: 4284,4083,3983,3776,4081,3778
9944: 9690,10034,9402,9763,9465,9993
4293: 4393
9633: 9483,9392,4322,9459,9670
5727: 5331,6028,5826
2509: 2693,2974,2136,2699,2511,2983,3372
9940: 9865,9818,9788,10002,9316
2136: 2693,2600,2509,2321,2047,2511
2305: 9737,2492,9415,2595,2212,794,2691
9790: 3818,9759,9816,9796,9704,3821
6517: 6709,9855
2815: 9298,3497,9536
9576: 9878,9255,10011,3255,9251
3821: 3321,9704,9790,3722,3818,3731
1793: 9706,616,9369,9626,683
9794: 9673,9811,9858,9996
9455: 5070,5664,9394,5754,9410,9578
3497: 2815,9536,3301
3940: 3444
8674: 
9628: 9419,9904,9271,9260,9616,9623
9615: 9242,9125,9567,9749,9863,9548
9332: 9425,9374,9620,9772,9396
8616: 
7437: 
9592: 9356,7911,8376,9336,9353,9437
1805: 1067
9635: 9530,9291,1228,9363,9245,927
9692: 8451,9750,9293,9336,9893,9786
9959: 9751,9459,9524,9670,9721
6912: 
9290: 9252,9478,9467,9622,9477,9453
2240: 3185,2148,3874
5680: 5683,5585,5873,5287,5775,6350
9946: 9369,9323,9879,9962,10026
3670: 9261,9364,3367,3771,4073,4169
2895: 2987,2777,9428,2893,3176,2800
2336: 2808,2906,2244,1973,2524
9620: 9772,9332,9834,9396
5699: 5408,5403,5801,5598,9779,9753
8844: 
1820: 1727,2649,1901,2733,9624,9319
9619: 2968,9608,2866,9595,10033,9463
9449: 8631,7564,9303,9509,9885
9642: 672,884,9496,9427,9371,9421
5975: 6072,6461,5683,5876,5973,5587
9953: 9833,9783,9687,9472
8904: 8905
9543: 9435,6724,9512,6348,9308,9540
7757: 7413,8386,7325,7150,7847,7839
6337: 9658,6047,6244,5663,9901,6335
9443: 9320,9254,9279,9296,9342,9246
9684: 5904,5801,6007,9417,9494,5408
9647: 9805,9967,9540,9435,9650,9943
1833: 1921
9296: 9722,9335,9715,9443,9279,9246
2685: 2881,2691,2311,2492,2666,2585
5904: 9684,5801,6007,5813,7252,9768
9560: 9504,9219,9564,9239,9567,9546
1838: 9765,9677,1841
4444: 9522,4146,9498,4450,4448,4650
2678: 3184,9244,9476,2148,3772,3674
1841: 1838,2199
9768: 9753,9714,5904,5801,7252,6586
9255: 9500,9382,9878,9576,9637,9251
3502: 2822,3701,3205,3207,1716
5009: 5211,5214,5215
3145: 
9819: 1340,9399,9972,9748,9500
6155: 6347,5761,6537,9710,9848
1849: 1504,1583,2119
9554: 927,2554,1075,9389,9961,9859
9817: 6249,6055,9776,10006,9725,9975
7778: 7354
8318: 8667
9552: 718,9363,9245
1855: 1867,2133,2036,2403,2135,2407
2772: 9541,3460,9605,2967,3166,2866
3552: 9621,9424,9756,3947,3849,2024
5725: 5826
6480: 6385,9299,6093,6284,6665,7130
3037: 2940
1861: 1512,1594,1180,1428,9257,9281
6018: 5421,5917,5123,6508,9668,9401
9854: 9767,9926,9438,9889,9787,9691
1864: 1951,874,801,1263,1180,1428
9719: 9270,9830,9821
9726: 9668,9979,9784,9861,9666,9849
1867: 1855,2133,9372,1525,2135,9247
3849: 9899,2024,3458,9424,3552,9374
5070: 5466,5664,9455,4969,5754,5274
9563: 8867,9444,8811,7470,7383,9584
8042: 8262,8033,7719,7885,7965,9568
9574: 9808,10017,9408,9482,9302
1873: 1616
2036: 1855,2133,1951,1592,2403,1950
9850: 334,9732,446
8033: 9836,8042,8262,9568,9423
9631: 9274,6483,6003,7434,9253,9517
5331: 5727,6028,5230
9847: 9494,10016,9914,9908,9685,9469
9778: 9952,9386,10022
10017: 9808,9574,9871,9985
9908: 9511,9685,9278,9469,9309,9847
8555: 8970,8419
7565: 6474,7649,6576,7569,7733,7899
9239: 9194,9560,9219,9567,9038,9242
6915: 9310,9508,7360,9561,6358,7532
10013: 9412,9352,9482
7081: 
9578: 9410,9367,5664,9455,5765,5564
2643: 2459,9882,9745
9264: 9812,9514,9530,9291,9488,9495
1892: 2072
2926: 3119,2649,9720,3025
1894: 1067,1984
9747: 9669,9874,9774,2666,9361,9986,9630
9614: 9343,9306,9471
5295: 5194,6375,5495
9261: 9364,3670,9325,9476,3772,3771
2806: 2151
4641: 9352,9408,9573,4642,4849
1901: 2733,1556,9495,1071,1553,1727,1820
9744: 9621,9756,9932,9912
10036: 9891,10011,9932
9394: 5361,5167,9533,5754,9410,9455
3119: 9645,2926,3025,3121,9717
3820: 9927,4123,9966,2836,3517,4332
5876: 5683,5585,5389,5975,5587
9503: 9480,9294,4826,9454,5031,9429
1909: 
9660: 9584,9368,10043,9444,9661,9767
5497: 6280,6848,5509,5304,9696,6376
9882: 10008,9840,9745,2643,2459,9895
7389: 6284,8210,6665,9885,9846,7564
9637: 9283,9251,9255,9382,794,9415
2459: 2643,9882,718,2551,9895
8265: 7870
1917: 
9352: 4641,9408,9482,9573,9412,10013
6984: 6011,9666,9849,9648,9518,6009,9400
6326: 6421,5920
1921: 1833
9954: 2098,9451
8044: 8199
9346: 9376,7719,9484,9390,8333,9436
9928: 10024,9729,9486,9390,9733,9484
9911: 9644,9896,9979,9401,10020
9969: 9883,9698,9900,9807,9440,1295
5287: 5775,5678,5084,5680,5585,5186
5792: 5400,6849,6376,5995,7033
6978: 
1931: 1497
9849: 9701,9648,9726,9861,9666,6984
9654: 2752,9841
4320: 3810,3805,2540,4218,3607,9269
2822: 3701,3502,3205,9409,3504,3903
2194: 2286
9982: 8373,8710,9317,9556,9571,10003
9853: 9883,9698,9657,9804
5200: 9860,5495
2090: 2002
4606: 4605,4703,4504,4611,5010,4710
4450: 4347,4458,4146,4444,4448,4559
4867: 4665,5064,4569,4771,4269,4968
7340: 7929,8170
9112: 8627
4083: 4284,3982,3983,3683,3783
5475: 4969,4870,4773,4876,5574
9038: 8885,9242,9194,8989,9239,8990
2744: 9319,9585,9913,2649,3025,2928
1950: 1592,1594,1428,1951,2036
1951: 1270,1864,874,1428,1950,2133,2036
5746: 5942
8676: 8675,8677
9845: 9862,9286,9970,9351,9411,9479
9722: 9296,9335,9813,9903,9708,9715
9312: 9733,9413,9951,9694,9886
3434: 3533
3226: 3628
6483: 9274,6003,9631,7050,6767,6671
3990: 3991
6140: 5455
7314: 7402,7739,7581,7743,7742
2271: 1996
8222: 7318,8296,8770,7996,7494,8513,8995
9534: 9289,9486,9390,8186,9436
4307: 4626,4525,4937,4514,4104,4616
8236: 7668,7142,6389,7670,9623,9260
9661: 9407,9444,9019,9660,9767,9438
3772: 4072,3572,3771,2678,9476,9261
8620: 
5424: 5129
8683: 9983,8801,8619
1973: 2524,2244,2336
9679: 9796,9697,3222,9704,9304,2743
5395: 5194,6375,5789,6084,6085
2524: 1973,2336,2808
5426: 5328,6219
5765: 5856,9490,9367,9578,5564
3795: 3207,4094,3400,3897,3898
4168: 4475,4771,4269,4266,3367,4169
7579: 8075,8383,7988,8372,8225,8150
6709: 6517,9855
9626: 368,10040,9369,9580,616,1793
1984: 1387,1894
4937: 4626,4525,4307,9280,9602,4823
9675: 9659,10033,9822,9510,9532,10010
1987: 1553,1225,9365,1071
9492: 9581,9881
4458: 4347,4450,4463,4462,4559,4565
8046: 7885,7965,9625,7721,8126,9634
9698: 9883,9969,9853,9804,9440
9401: 9668,9979,6508,6018,9911,9644
9260: 9419,9628,9623,7668,8236,7996
9885: 9303,9846,9754,9449,7564,7389
1995: 1392
1996: 2271
9388: 9365,9488,9321,9514,10002,9557
4661: 4462,4559,4655,5163,4858,4660,5755
7125: 7478,6474,8210,6665,7130
9605: 9479,9595,9541,2772,9411,2866
4771: 4475,4773,4269,4168,4968,4867
2002: 2090
8667: 8318
9426: 9886,9702,9413,9376,9836,8262
7095: 6916,9550,6639,9458,6265,6460
6848: 6280,6085,5497,7123,7300,6376
5973: 5683,5873,6071,6163,6072,5975
3656: 3262,9609,3755,3850,9582,9597
4501: 3903,4301
9453: 9852,9303,9509,9290,9622,9477
9487: 9565,9329,9806,9869,9974,9837
9837: 9950,9974,9329,9487
8056: 7733,7818,8211,8499,9079,9238
9280: 9877,4529,4525,4937,9602,9266
2015: 2199,2293,2198
2236: 1622,1611,2234,2512,2326
4134: 
5613: 5302,5400,9764,5508,5403
9328: 9825,9935,9814,9262,9569
4301: 4306,3210,4501,3903,4504,4405