9266: 9523,9602,9877,9718,9280,9348
9886: 9426,9413,9312,9694,9832,9702
9339: 1133,9337,9440,9553
4658: 4660,5062,4553,4661,4858,4655
9378: 9545,9292,9640,9456,9277
5: 
4797: 4697
3727: 3425,3628,3226,3731,3928,3734
8579: 8221,8770,8296,9127,8995
8704: 8365,8766,8703,9081,8882,8824
3176: 3079,3073,3170
8276: 8422,9641,9391,9625,8046,7965
8460: 7679
10012: 10009,9880,6586,10031,9714
7073: 6983,7164
9562: 5338,5136,9429,9249,5722,5225
3451: 3942,3444,3940,3550,3255
2957: 3550,3057
18: 
10007: 8976
9833: 9953,9783
10011: 3839,9891,10036,9932
22: 23,50
23: 22
9092: 9091,8999
9962: 9663,9879,9946,10026,1611,683
5277: 5278,5574
5215: 5917,5419,5417,5317,5113,5214
5688: 
4218: 4427,4319,4108,4010,4320
30: 60
4104: 4004
6358: 6071,6072,6163,6915,6639
33: 133,9851
34: 
7009: 7371,7014,9550,7010,9499,7195
9294: 9503,9454,9523,9703,10025,9480
9663: 9879,9962,9918,9758,1611,1043
4306: 4514,4307
8694: 8496,8636,9596,8631,8632,9971
40: 
6085: 6084
9533: 5755,9394,5159,4950,9311,9410
9362: 10042,6056,6537,9377,7086,9529
7319: 7141,7581,6768,7402,7318
9265: 9306,5852,6336,6338,9305
9317: 9982,8995,8373,9556,8710,9297
8878: 9238,8499,9120,8430,8701,8429
6884: 6886,7163
7345: 7080
50: 22
4010: 3712,4115,4216,4218,4320
3665: 3464,3666,2391,3763,3765,3764
6347: 6155,6537,9377,6058,6349,9607
9645: 2826,9717,2926,9813,9709,9335
8540: 8338,8479
56: 
57: 
8960: 8861,9017
5060: 5755,5361,4858,5062,5159,4855
60: 30
9945: 77,9826
8708: 8990,8991,9130,8705,8707,8440
9914: 9896,9906,9341,9685,9847,10016
64: 275
9943: 9920,9435,9638,9529,9647,9650
66: 387,334,446,447
8150: 7579,7909,7911,7992,8227,8225
8661: 8593
9855: 6709,6517
7564: 7125,7389,7565,9738,9846,7478
9829: 9707,9760,9736,9769,9798,9655
3634: 9927,9966,3729
73: 336,283
8144: 7311,7742,8066,8143,8221
8175: 9842,9683,8097
4677: 
77: 9826,9945,115
7744: 7743,7402,7494,7318,8222,7988
3789: 
6658: 6275,6847,6564
81: 
9398: 9476,9244,9810,9659,9463,9325
9765: 9677,1838
4637: 4839
8120: 9587,9423
6244: 6144,9490,6339,6242,6335,6337
3380: 
7207: 7974,8356,7811,7292,7383,7558
6403: 6973,6209,6507
7355: 
9691: 8984,8426,9854,9889,9800,9787
9922: 9876,9955,4030,9921,9897,9814
93: 133,9851
9617: 9448,9334,8383,9938
4480: 4580,4481
9880: 10009,10012,9977,10031,7434,9517
3897: 3898,3998
9787: 9800,9634,9438,9892,9854,9691
3321: 9304,3127,3519,3517,2836
100: 181,2523,2333,2710
9738: 9754,9835,9846,7563,7564,7389
7979: 7818,8061,8639,7733,7899,8058
4566: 4569,4565,4367,4269,4470
5490: 5390
6100: 6196,6003,9631,6201
3185: 3284
9565: 9329,9487,9806,9515,9272,9416
9918: 9295,9528,9414,9663,9879,9758
9788: 9940,10002,9321
4393: 4293,4292
3449: 3545,3448,3251,3153
7902: 7737,7821,7901,8365,8292
5400: 5300
6576: 6480,6575,6671,6672
115: 77,116
116: 115
8189: 8192
118: 307,309
4565: 4569,4566,4463,4367,4462,4665
9724: 9764,9696,9309,9601,9860,9801
121: 127
9609: 9572,9579,2963
4427: 4319,4422,4218,4320,9269,9392
9405: 1178,872,9612,9551,1019,1510
9878: 9255,9925,9972,9500
4485: 4486,4385
127: 121
8478: 8475,8677,8614
9964: 6055,6437,9872,9873,6052,9776
6437: 6055,9964,6052,5957,6056
131: 
6021: 6421,9432,9475,5920,6420
133: 93,9851,33,134
134: 176,133
3211: 3506,2824,3210,3607
5211: 5214
4343: 4139,9442,4045,9256,3953,4155
9467: 9478,9290,9477,7811,7973,8565
9974: 9487,9869,9837
9868: 4840
141: 
7181: 
9572: 9609,9579,9630,9986,9327
5564: 5466,5664,9455,9578,5663,5765
6461: 6460,6265,6744,5978,6266
146: 
3540: 3246,3345
7837: 7145,7670,7836,8526,8386
149: 
150: 
3121: 2928,3119,2540,3027,3607,3412
9407: 9438,9892,9661,9019,8126,8046
8882: 8989,8824,8704,8766,8705,8991
4660: 4658,5163,5062,4665,4661,4865
155: 157,156,9803,9496,10037,251
156: 155,157,1193,811,251,9461
157: 155,156,9803,9446,1042
9644: 9911,9401,6416,10020,9896
159: 
9246: 9761,9709,9335,9296,9342,9443
9985: 9632,9755,10017,9808,9871,10018
9957: 10038,10041,3731,9990,9713,3628
163: 208
7850: 7769,7936,7767
6003: 5904,9274,9631,6100
4529: 4525,4322,9633,4527,4937,9670
2858: 3450,3842,3838,3057
7371: 7014,7009,7630,7195,7283,7794
2830: 2649,9319,2553,2826,2926,3025
7934: 7935,8015,7771
9485: 9697,9759,9796,9585,9333
9324: 9431,9527,9464,9473,9428,9566
6007: 9639,6204,5709,5807,7252
8521: 8451,9692,8450,8658,9750
5285: 5185
176: 134
9413: 9426,9886,9312,9733,9484,9376
9843: 9856,9934,9586,9281,9770
9523: 9266,9602,9348,9703,9454,9294
7217: 7735,7393,7128,7127
181: 2523,2151,1133,100
5084: 5185
3504: 3502,2822,3210
5041: 
185: 
9581: 8343,9653,9881,9492,8620
5789: 5889
9259: 9366,9553,2244,9430,1973
5453: 5251
9027: 8627,9112
9367: 9539,9311,9410,9578,9490,5662
8799: 8481,8679,8480
9299: 7252,9639,9253,9274,9636
9893: 9786,9437,9336,9692
9433: 980,9313,9330,9506,9502,2802
8380: 8455,9938,10029
5724: 6219,5426,6022,6316
4579: 4580
7142: 7050,8236,7141,7581,7668
9232: 9987,9211
9650: 9773,9839,9920,9943,9647,9805
8450: 8591,10030,8521,8451,8658
9669: 2021,9737,9874,9747,9361,1747
3731: 9957,10038,3727,3628,3734,3729
4397: 4498
206: 309
5451: 5250,6238
208: 163,426
2778: 2492,2585,2685,2584,2974
9870: 9693,9994,9947,9838
9815: 9771,10041,9990
9586: 9281,801,9956,9674,9843
6071: 6072,6358,6163,6541,6164,5973
10000: 9689,9797,9838,9422,9994,9462
7080: 7520,7345
8005: 7761
217: 1044,9326,9273,9907,1529,424
9941: 9992,9901,10035,9658,9873,9792
3627: 3531,9520,3431,2937
3041: 3137,2944,3236
9569: 9262,9328,4336,9734
5167: 5462,5070,5363,5064,4968,4969
7901: 7735,7737,7902,7818
4736: 4837,4939
7292: 7462,7631,7974,7207,7383,7380
9656: 9798,9781,358,9769,9728
9681: 9984,9828,9739,9844
7494: 7996,7318,7913,7744,7579,7988
6375: 6376,6848,6278,6280
6617: 
9716: 8044,9653,9381,9864,9995
9470: 9316,9557,1721,1387,1225
233: 9883,834,9345,9791,700,697
5064: 4968,4867,4865,5163,5167,5363
9677: 1840,9765
5329: 5727,5725
237: 
238: 288
7130: 7396,7569,7128
240: 344,291
9965: 10023,2666,9542,2201,9742,9671
9667: 9301,10019,9848,9884,9603,9561
243: 
9593: 7300,9379,9915,9588,9252,9622
245: 
2852: 
247: 301
9570: 9330,9370,9506,9900
9594: 9340,9750,9293,9519
7145: 6964,7146,7837,7413,8386
251: 811,672,9496,155,156,9642
5150: 4845,4849,4852,4950,5051
7393: 7217,7899,7735,7565,7127,7649
9830: 9276,9270,9956,9674,9719
6078: 6077
6238: 5452,5451
5251: 5353,5453,5352
7560: 9355,7298,7646,8208,7386
7939: 
7899: 7735,7393,7649,7733,7979,7818
4323: 4320,9269,9521,4115,4328,4331
3755: 4139,3559,9591,9582,3656,3949
10006: 9776,9792,9817,9975
9822: 9662,10010,10001,9675,9810
3778: 3678,3777
5224: 5722,5136,9384,6118,9475
7974: 8356,7207,7026,7117,7292,7462
8304: 8376,9857,9592,8451,9336
9257: 1261,9281,9612,9551,9770
7721: 7723,7888,7555,7719,8333,7885
5856: 5959,5663,5662,6144,5761,6047
5710: 5709,5813,5713,6204
7631: 7292,7462,7375,8186,8032,7380
274: 
275: 64
8881: 9081,8987,8879,8703,8061,8639
9418: 9621,9912,9424
278: 387
8292: 8365,8766,7821,7902,7903,8142
7836: 7050,8236,7670,7837,9623,8526
4405: 4514
6336: 9909,9404,5355,9265
283: 288,73,336
7777: 7176
285: 
9909: 9404,6336,9755,9549,9968,5852
4108: 3907,4007,4319,4218
288: 283,238,336
10037: 9496,9655,9798,9781,155,9803
4196: 
291: 344,240
3786: 3787
3907: 4108,4216,3805,3810
3983: 4083,3982
9979: 9666,9668,9726,9911,9401
5965: 5964,6631,5672,5868,6062,6629
8417: 8346,8419,8555
7884: 8033,9836,9587,9423,9568
299: 411
3106: 2818
301: 247
8976: 8982,10007
10029: 9740,9795,8380
3372: 3373,3271,3471,2678
9755: 9632,9985,10018,9549,9909,9404
6138: 
307: 118,309
9772: 3536,9424,9620,9332
309: 206,118,307
6339: 9490,6244,5256,9539,6242
9585: 9697,9485,9333,2649,9319,9913
9542: 2666,9361,9630,10023,9965,9327
6934: 7117,7386,6749,7119,7026,6932
9500: 9399,9382,9819,9972,9878,9255
9733: 9928,10024,9484,9951,9413,9312
316: 370
9888: 9949,9931,1931,9682
3452: 3947
4068: 3765,4165,4166,4168,4169
3860: 3166,3763,3460,3856,3957,3858
10025: 9711,9480,9678,9703,9294
7929: 8170,7340,7248,9373
3572: 3471,3470
9428: 9611,1881,9566,1622,9527,9324
8609: 
4156: 4255,4347,4057,4164,4263,4364
8779: 8891,9005,8835
9714: 6784,9768,10031,9753,10012
9597: 9396,9375,9582,9425,4141,3949
5505: 
9873: 9658,9872,9941,9776,9792,9964
7079: 
9803: 155,157,9781,9537,9446,10037
334: 9850,9732,387,66,446
9327: 10023,1756,9630,9542,9572,9579
336: 73,283,288
3998: 3897,3898
5413: 6508,5419,6797
3856: 3262,3460,4045,3860,3957,3953
4826: 4817,4915,9280,9602,4929,5142
2699: 2511,2509,2512,2698
4504: 4605
343: 397
344: 291,240
7550: 7380,7467,8032,9436,7555,7723
346: 519,650,647
9926: 9854,9889,9767,9930,10043,9919
9826: 77,9945
4298: 4399
9912: 9621,9418,9744
7733: 8498,7649,7899,8056,8058,7979
10024: 9928,9729,9733,9472,7191,9951
3345: 3639,3248,3540,3246
9316: 10002,9557,1549,9470,9940,1721
10003: 9752,9762,9982,10039,9571
9697: 9485,9796,9585,9913,9679,9304
2818: 3106,2721,2536,2538,2912,3205
358: 9656
359: 1263,1110,1025,874,9371,1187
9891: 10036,3743,10011
4486: 4485,4385
2906: 2336,2526,2715
3200: 
2802: 9502,980,9433
9987: 9232
366: 9626,1362,368,750,1698
6849: 6376,6848,7033,6941
368: 9626,1362,366,9907,10040,424
3850: 3656,3949,9535,4141,2865
370: 316,426
2710: 2902,100,2523,2333
372: 1124
9701: 9849,9648
8591: 9939,8450,8898,8658
9748: 1019,9972,1510,9819
376: 492
9499: 9402,9354,9550,7014,7009
9584: 9444,8811,9563,9497,9368,9660
2945: 
9476: 9244,9398,3470,9325,9261
5204: 5104,5304
382: 561,499
5959: 5856,5663,6058,5765,5761,6155
384: 839,566,768
385: 
6144: 9490,6244,5856,5662,6337,6047
387: 278,334,66
9608: 9619,2873,9463,9325,9364,2776
9391: 9641,8276,9381,9625,9349,9568
390: 449
9454: 9503,5138,9294,9523,9602,5142
6163: 6071,6358,6541,6448,6823
9379: 7300,9593,6847,7123,9588
394: 
395: 641,514
2826: 2926,9645,1820,2553,2830
397: 343
5761: 6052,5957,6047,5959,5856,6155
6575: 6576,6671
6696: 6886,6695
9444: 9019,9584,8867,9563,9660,9661
402: 9948
403: 9474
9311: 9539,9367,4950,9533,9410
2728: 2824,3210,9700,9761,2822
9540: 9967,9406,9647,9512,9543,9435
407: 
3234: 2944
5044: 4845,4849,4947,4641,9302,9408
9752: 10003,9762,9857,8943,8301
411: 299
412: 413
413: 412
3953: 4255,3957,4155,4343,3856,4045
9397: 9342,9320,3207,9409,1732,9357
416: 477,808
9081: 8987,8881,9037,8703,8704,8824
3127: 3421,9679,3321,3519,3526
9900: 9807,9385,9570,9370
420: 480,544
9235: 8982,8928
4094: 3994
8868: 9024,9069,8812
424: 1529,9907,217,1362,368
5641: 
426: 208,370
5504: 
3683: 3783
6744: 6461,6460,6653,6927,7019
7811: 8356,7207,9467,7558,7973
6966: 7150,6585,6682,6871,7146,7325
8481: 8679,8480,8799
3090: 2240,502,3285
3531: 3627,9520,9713,3425,3628
9539: 9311,9367,5051,9490,6339
9309: 9724,9601,9908,9801,9469
5136: 9562,5338,5123,6118,5722,5224
8885: 9126,9039,8990,9038,9125,9387
5868: 5278,5574,5672,5965,6062
9797: 9689,10000,9489,9462,9799,9331
9693: 9870,9834,9947
442: 568,634
6418: 
10008: 9840,9882,9745
5801: 
446: 447,334,9850,66
447: 446,66
448: 
449: 390
3271: 3170,10010,3372,2678
9448: 9617,9334,8383,8453,8154,8309,9356
8066: 8144,7742,7743,8221,8146
9371: 9642,9427,9421,359,1110,1025
454: 456
3301: 3204,3400
456: 454
4845: 5150,5044,4849,9302,5148,9604
9120: 9238,8878,8701,9237,9217
7609: 
9938: 8380,8455,9617,9334,9988,9917
4007: 4004,4108,4314,4319
6388: 6291,6483,6389,6387
9300: 9431,9315,9288,9385,9526,9370
4132: 9935,9262
7737: 7570,7821,7902,7569,7901
466: 807
467: 666,475,535
7128: 6759,7127,7130,7217
9432: 6421,6414,6021,9475,9278,9685,9341
8987: 9081,8881,8879,9037,9219,9239
9670: 4937,9751,4529,9633,9459,9959
472: 473,537
473: 472
9995: 9864,9916,9716,9653,9881
475: 467,666,535
9171: 9173
477: 416,808
8703: 8061,8365,8704,9081,8881
9414: 9528,9918,616,1118,9879
480: 420,544,609
9496: 9421,9655,10037,155,9642,251
9466: 7675,7505,9525,9457,9559,9735
2964: 2772,2870,2865,3656,3559,3262
9711: 10025,9678,9703
9717: 2926,9645,9709,9700,3119,2540
6284: 
8770: 8219,8579,8064,8707,8440,9127
9550: 7010,6916,9458,9354,9499,7009
4287: 4288,4387
4498: 4397
8168: 8392
492: 687,376
6590: 6973,6781,6969
9037: 9081,8987,8824,9162,9239,9194
3222: 3713,3615,3027,2742,2743,3612,2836
7952: 7942,7190
8422: 9641,8276,8046,9892,9634
5871: 5676,5970,5870,6348,5774,6724
499: 755,382
9524: 9282,9734,9459,9959
501: 978,1052,762
502: 2240,2148,9403,9502,3090
9359: 9712,9386,8729,9544,9505
8737: 8338,8479,8474
8627: 9027,9112
9785: 7156,7062,7419,9400,9531
6585: 6682,6966,7066,6586,6871
9427: 9642,9371,1110,672,740,884
3763: 3166,3860,3665,2391,3858,3764
6784: 9714,9768,6781,6967,7060
511: 768,568,634
512: 630
513: 
514: 395
9531: 9457,9559,9942,9400,9785
9603: 9773,9839,9301,9667,9884
6055: 7086,9817,6437,9964,9776,6249
518: 645,647
519: 346
9652: 5750,6041,9680
521: 9948,584
9436: 9534,8032,9390,9346,7550,7555
3867: 4069,3666,3765
9823: 9736,9769,9728,9973
4074: 4073
9286: 9532,9479,9845,9862,9510,2770
527: 9365,1227,9488,9495,1148,1901
9621: 9912,9418,9756,9744,3837,9424
529: 
3482: 
9474: 9948,403
9871: 9820,10018,10017,9985
9310: 9643,9354,9508,7092,7532,9458
2836: 3517,2743,3321,3222,3615
535: 467,475
3903: 3803,4004
537: 472
3327: 3431,9520,9516
9393: 9580,9461,9460,9323,9263,892
4840: 9868,4941
7563: 7562,7033,6662,9738,9835,7389
9703: 9348,9523,9294,9711,10025
9283: 9251,9415,9576,2024
544: 480,420,609
9507: 9672,9548,9802,9125,9558,9387
3205: 3204,2818,2538,2170,1238
5826: 6226,5725,5727
8919: 8274,8343,8620
9464: 9473,9431,9288,9324
3431: 3327,3627,9520
8163: 9447,8599,8006
9293: 9692,9786,9750,9594
10014: 9167
7179: 7176
9425: 9396,9597,3849,9374,4141,9332
9479: 9286,9532,9845,9605,9411,9595
5543: 5639
9209: 
9267: 9606,9389,9961,10021
4590: 
561: 382,758,760
9756: 9932,9744,3444,9621,3837
563: 760,973
4475: 
6653: 6744,6464,7019,6931
566: 768,568,384
9396: 9597,9375,9425,9620,9834,9332
568: 768,511,442,566
7195: 7630,7545,7010,7198,7371,7009
9211: 9185,9232
9404: 9909,6336,9632,9755,9350,5355
4929: 5036,5018,5121,5142,4826,4915
9275: 754,9598,9547
8989: 8882,8824,8990,8991,9038,9194
7198: 7020,6832,7010,7110,7545,7195
10034: 9936,9695,9643,9944,9465,9402
9844: 9984,9681
8550: 8679
9459: 9483,9633,9524,9282,9670,9959
8707: 8142,8705,8064,8770,8708,8440
6357: 6823,6915
9659: 2770,10033,9675,9398,9810,9463
7298: 6371,7119,7646,7386,7560
584: 521
5552: 5249,5849,5653
9977: 9636,9627,10031,7434,9779,9880
9898: 10016,9906
588: 783,645
3666: 3464,3665,3765,3867
5332: 5533,5931
9657: 9699,9791,9883,9698,9853
9618: 9686,9277,9420,9613
9767: 9926,9854,10043,9660,9438,9661
9672: 9507,9548,9802,9673,9863
9904: 9628,9271,9419,9284,9649,9875
596: 599,664,733,731
7050: 7142,8236,7836,7670
9308: 6629,9607,6820,9543,9435,9638
599: 596,664,666
5916: 5813,5713,5613,6797,9696
9281: 9586,9843,9770,948,9257
9676: 1211,1132,9991,9706,9468,9439
9298: 9746,9536,9577,9380
3170: 3271,10001,3073,3176
5755: 5657,9394,5361,5060,9533,5159
9377: 6537,6347,9607,9362,9638,9529
5957: 5761,6052,6155,6537,6437,6056
8425: 8624,8695,9236,8274
609: 480,544
9114: 9214,9187
9740: 10029,9344,9395,9875,9795
612: 888,890
9251: 9283,9415,9637,9255,9576
614: 886
9718: 9751,9877,9721,9266,9348,9929
616: 9369,1118,750,9414,9879,9946
9579: 9572,9609,1756,9327,9555
9287: 9313,9403,9526,9315,9322,9445
3246: 3540,3345,3248
8688: 9634,9641,8044,8624
9422: 10032,9994,9442,9591,10000,9462
5887: 
9386: 9712,9359,9544,9778
9288: 9300,9431,9464,9385
6586: 10009,10012,6585,6682
9867: 9992,10035,9343,9471
3589: 3489
9127: 8440,9600,9297,8579,8770,8995
8596: 8729,7673,7839,8081,8663
630: 1367,910,978,512
9170: 9091,9049
7641: 7467,7470,9563,7723,8867
9358: 9493,9577,1892,9380,1067
634: 442,511
3578: 3678,3577
6813: 
5466: 5269,5366,5664,5564,5754,9455
8801: 8619,8805,8683
9297: 9600,9127,8995,9317,9556,9629
6823: 6448,6731,6163,7360,6915,6357
641: 395
9636: 9627,9977,7434,9299,9639,9253
9696: 9764,9724,9860,6797,5916,5813
9429: 9562,5338,9503,9480,9249,9360
645: 518,783,588
2928: 3121,3119,3027,3025,2742,2744
647: 650,346,518
3072: 2974,2881,2777
9967: 9540,9406,9647,9805,6448,6541
650: 647,346
4269: 4168,4266,4367,4566,4470
2777: 3073,3072,9662,10001
4319: 4427,4314,4422,4218,4108,4007
4331: 4232,4336,4328,4323,9521
9816: 9924,9731
7936: 7850,7769,7770,7771
9333: 9491,9624,9319,9485,9585
4442: 4643,4642,9573,9538,4338,4650
9509: 9449,8631,9477,9453,9303,8282
3717: 3517,3819
661: 
6537: 6155,6347,9377,5957,9362,6056
9526: 9313,9287,9300,9315,9330,9370
664: 596,599,666,733
8748: 8555,8807
666: 467,475,599,664
9370: 9330,9570,9300,9900,9385,9526
3792: 
5849: 5848,5551,5552,5653
4164: 4165,4057,4166,4156,4364,4266
8565: 7973,8282,9497,9467,9477
672: 1276,811,251,9642,9427,884
7913: 7494,7996,8076,7579,7911,8075
8029: 7870,7787
6091: 6188
9989: 9347,9314,9763,9993,7276,7617
9502: 2802,9313,9403,502,9433
678: 746,744
2733: 2553,2738,9624,1820,2639
9285: 8898,8590,9340,8776,9519
3242: 3144,3342
8526: 9623,8386,8081,7837,7836,9616
683: 2231,2234,9962,10026,1611
3712: 4010,3715,4115,3810,3713
8006: 7761,8163
686: 758
687: 492,755
9491: 9924,9333,2554,2738,9624
5185: 5186,5084,5285
3262: 3460,3856,4045,2964,2870,3559
3073: 2777,3079,3176,3170
9770: 9612,10004,9843,9934,9281,9257
4139: 3559,9442,4343,9591,3755,4045
8590: 9285,8776
9771: 9516,9990,9815
9786: 9893,9692,9293
697: 700,834,233,9807
698: 
7742: 8144,7311,8066,7135,7400
700: 697,835,9345,233
9651: 9942,9831,9963
9695: 9936,9710,10034,9944,9690
9925: 9972,9878
8154: 8453,8228,8301,9448,8376,9356
8242: 8391,8318,8667
9244: 9476,9398,9810,10010,3470,2678
707: 
9952: 8597,9544,9778,7675,9735,10022
709: 1068
710: 781
5086: 5087,4986,5186
9513: 9538,9498,9646,9599,9258,9723
8365: 8292,8704,8766,7902,8703
3400: 3301
7325: 7757,7413,7847,7150,6966,7146
2866: 2390,2580,2967,9595,2968,3166
6028: 5727,5331
718: 927,1075,2451,9635,9245,1557
9440: 9339,9337,9969,9698,9804,1295
9889: 9926,9854,9919,8984,9691,8820
9340: 8658,9750,9594,8898,9285,9519
722: 
723: 792
3783: 3683
8081: 8526,8386,7673,8596,9616,8663
9173: 9171
6348: 6062,5870,6631,6820,6724,5871
728: 943
2953: 3144,2662
9350: 5256,9604,9632,9404,5355
731: 596,733
3517: 3820,3519,3717,2836,3321,3615
733: 596,664,731
10022: 9831,9963,9735,9952,9778
3098: 
9272: 9991,9515,9565,835,9416
2800: 9322,2424,2895,2704,2896,2148
9430: 1709,9248,9259,9366
7455: 7791
740: 1608,1270,884,1110,9427,1351
9219: 8987,8879,9122,9504,9239,9560
6724: 6820,9512,9543,6348,5970,5871
743: 744
744: 746,678,743
3057: 2957,3940,3550,2858,3838
746: 890,744,678
6405: 6507
9622: 9453,9852,9252,9593,9915,9290
7279: 7791,7942
750: 9369,616,9626,366,9946
7413: 7757,7325,7145,7146,8386,7673
7360: 6915,7092,9561,6731,6823,9301
8309: 7993,7992,8383,9448
754: 1286,9275,1367,1449
755: 687,499
9356: 9353,9592,8154,9448,9334
9347: 9314,9989,9763,10015
758: 973,686,561,760
6072: 6071,6358,5975,6266
760: 563,561,973,758
9217: 9420,9640,9238,9120,9218,9307
762: 977,1052,902,501
9992: 9867,9941,10035,9792
9743: 9812,9980
9783: 9953,9687,10015,9314,9833
8179: 
5023: 5123,5421,5031,5036,5121,5417
768: 568,511,566,384
7348: 7259,7349
6665: 6759
6385: 6481,6480
9390: 9534,9436,9346,9486,9928,9484
9304: 9679,3321,9697,2743,9913
774: 840
7289: 7026,6932,7110,7460,7375,7462
4823: 4817,4725,4730,4719,4716
6931: 6749,7019,6930,6653,6464
7818: 7979,8061,7899,7735,7901
9417: 9801,6011,9494,9469,6984,9684
8984: 9691,8426,9889,9545,8820,9450
781: 710
5113: 5317,4917,5010,5110,5214,5215
783: 588,645
9781: 9798,9656,9537,10037,9803
9412: 9352,10013,9258,9573
7141: 7319,7581,7142
787: 858,1006
8395: 
9795: 9649,9875,8383,10029,9740
5495: 5395
9936: 9695,9710,10034,10019,9643,9508
792: 793,723
793: 792
794: 2028,1762,1676,9382,9637,2030
4328: 4330,3819,4115,4323,4331,4232
796: 
8480: 8481,8799
7019: 6931,6930,6744,6653,7020,6927
10021: 9267,9961,9731
4643: 4442,4642,4757,4650,4955
801: 9586,9674,1263,874,948
9383: 9589,9793,9326
8273: 8271,9140,8485,9102
5574: 5475,5274,5672,5277,5278,5868
6941: 7562,7033,7123,6849,6848,7300
9913: 2743,2744,2649,9697,9585,9304
807: 466
808: 477,416
6389: 6388
9363: 9635,9245,9552,9291,9980
811: 892,1193,1276,251,672,156,9461
4626: 4527,4621,4525,4616,4725
9284: 8075,7993,9419,9904,9649
5352: 5353,5251
9553: 9259,9366,9339,9337,1539
4263: 4463,4458,4349,4156,4347,4364
8376: 8304,8154,8301,9857
3810: 3805,3612,3713,3907,4216,3712
6832: 7020,7198,6927,6645,7010,6916
2902: 2710,2523,2806
6316: 6022,6320,5724,9861
2912: 2815,2818,2721
2719: 2815,2251
3255: 3451
8970: 9140,8419,8555
5587: 
8972: 8921
8372: 8513,8710,7909,8373,8225
3204: 3205,3301,1238
9972: 9748,9925,9878,9500,9819
6093: 5995
7349: 7437,7348
9820: 9871,10018
834: 9883,233,9969,697,9807
835: 9345,9416,9272,700
9400: 9518,6969,9785,7419,9531,9559
7300: 9379,9593,9915,7123,7562,6941
9625: 8042,7965,9568,8276,9391
839: 384
840: 989,774,1216
9389: 9606,9267,2552,2453,9554,9961
9897: 9814,9825,10028,9922,9921,9890
8058: 8056,8431,7733,7979,8639,8363
9305: 6338,9901,10035,9306,9265,9471
9501: 9558,9387,9126,9085,9318
6508: 5413,5917,9575,6018,9860
7516: 7775
848: 996
5873: 6164,5973,6350,5775,5776
7858: 7156,7062
9810: 9244,9398,9822,10010,9659,9675
7646: 6847,7298,7560
9111: 8921
5256: 5051,9350,5355,6339
7248: 7249,9373,9998,7929
6531: 6906
9947: 10032,9994,9834,9375,9693,9870
858: 860,787,1006
10030: 9789,8450,9762,9857,8451
860: 858
861: 864
3994: 4094
9387: 9558,9501,9125,9126,8885,9507
864: 861
8962: 9010
9528: 9295,9918,9247,9414,9372
8964: 9011,9059
9282: 9524,9734,9521,4336,9483,9459
10041: 9957,10038,9990,9815
9442: 4139,4343,9591,9422,9256,9462
8431: 8056,8058,8211,8499,9079,8363
872: 1594,1178,9405,9551,2037,1512
6906: 6531
874: 359,1263,1025,1027,801
9270: 9830,9276,9821,9719,9736,9760
5533: 5335,5332,5833,5633
7386: 8208,7117,6934,7119,7298,7560
9019: 9444,8867,7888,8126,9407,9661
4621: 4514,4307,4525,4521,4616,4626
7518: 
4123: 4329,3820,3821,4330,3819
7555: 8333,9436,9346,7550,7721,7723
9591: 4139,9442,3755,9582,9422,10032
884: 1608,740,9427,1276,672,1272
9059: 9012,8964
886: 614,965
4385: 4284,4285,4485,4486
888: 612
4470: 4269,4566
890: 746,612
9707: 9760,1027,9829,9421,9655,1025
892: 1276,811,9461,9393,9323,1197
6716: 6622
3615: 3222,3713,3517,2836,3715
6582: 7670,6583,6964
5775: 5676,5970,5678,5873,6350
9558: 9501,9387,9507,9802
9999: 9866,10027
5839: 5933,5536,5736
9831: 9963,10022,9651
9419: 8076,9260,9628,9904,8075,9284
902: 1124,762
5970: 5676,5775,5871,6724,9512,6350
8228: 8154,8301,7992,8227
3425: 3727,3628,3531,3224,3226
6204: 9639,6007,5710,9627
9335: 9246,9709,9296,9722,9813,9645
9471: 9343,9306,9614,9305,10035,9867
9472: 7191,7368,7617,7627,9729,10024
910: 1367,630,1449
9835: 9738,9754,9915,7562,7563,9852
9091: 9092,9170
6320: 6022,6316,5129,9784
9808: 9574,9302,10017,9632,9985,9604
9604: 5148,9350,9302,9808,4845,9632
6266: 5977,5978,6072,6461,6265
8097: 9842,8175
5278: 5177,5277,5868,5574
4573: 4574,4675
4719: 4709,4710,4716,4611,4725,4823
9567: 9162,9239,9560,9546,9615,9749
4616: 4611,4725,4514,4621,4626
923: 
7470: 8811,7558,9563,7383,7467,7641
9351: 9541,9411,9970,1756,9555,9535
10040: 9907,9782,9580,9460,9626,368
927: 718,1075,9635,1228,9530,1556
6188: 6091
5192: 
9796: 9697,9759,9485,9790,9679,9704
9789: 9939,10030,10039,9762,9727
9530: 9495,1228,9264,9291,9635,927
9764: 9724,9696,5813,5910,9801
5931: 5332,5633
9950: 9837,9329,9699,9775
936: 
9611: 9428,1881,9566,2057,2424,9445
9477: 9290,9467,9453,8282,8565,9509
3248: 3639,3345,3246
3238: 3236
941: 
3027: 2928,3121,2742,3412,3612,3222
943: 728,1097
944: 
5995: 6093
5662: 5856,5663,9367,9578,6144,9490
7383: 7380,7467,7292,7207,7470,7558
948: 1261,9281,801,1263,1180
9981: 9702,9587,9832
3838: 3839,3835,2858,3842,3940,3057
2767: 2483,2576
9715: 9296,9722,9902,9903,9250
4155: 4255,4347,3953,4343,9256,4146
7150: 6682,6966,6967,7417,7325,7847
5633: 5833,5533,5931
8499: 9238,8878,8430,8211,8431,9079
6323: 6219,6226
7992: 7911,7993,8150,8227,8228,8309
959: 965,9446,9338,1042
5481: 5774,5578,5480,5581,5676,5678
5807: 5709,5509,5508,6105,6007
4574: 4573,4675
3342: 3145,3144,3242,3340
5110: 5010,5113,5009,5214
965: 886,9338,959
8784: 8844
7649: 7478,8498,7733,7565,7899,7393
9902: 1810,9903,9250,9715
9812: 9264,9291,9980,9743,9514
5678: 5680,5481,5581,5676,5775
3674: 3774
972: 
973: 758,563,760
9249: 9360,9583,9562,9429,5225
9800: 9787,9634,9691,8426,8821
7787: 7865,8029
977: 1052,762
978: 501,1052,1286,1367,630
3224: 3421,3226,9704,2937,3425
980: 3093,9433,9506,2802
9876: 4030,9922,3635,9927,9766,9921
6037: 6326,6420,9668,5424,9784
5683: 
9720: 9813,1820,2639,1816,9708
8705: 8142,8707,8766,8882,8991,8708
9366: 9259,9553,9590,9248,9337,9430
9930: 9926,10043,9971,8496,8205,9919
5031: 5023,5123,5036,5138,5338
989: 840,1216,1297
10009: 9880,10012,6586,9517,7066
6056: 9362,5957,6537,7086,6437
8950: 8841,8837,9046,8949
9451: 2280,2189,2098,9954
4166: 4165,4164,4068,4266,4168
4266: 4364,4367,4164,4166,4168,4269
996: 848,1069
9381: 9641,9391,9349,9864,9716,8044
4783: 
5355: 6242,5256,9350,9404,6336
5536: 5335,5833,5839,5933
9630: 9747,9986,9361,9542,9572,9327
6759: 7128,7127,6665,7125
9536: 9268,2156,9298,9577
9320: 9342,9397,9443,9254,9279,9409
5000: 
1006: 1078,787,858
1007: 1395
10016: 9847,9494,9914,9906,9898
6010: 6009,6011,6974,6984
8891: 9005,8779
5093: 5194
7570: 7737,7821,7396,7569,7309,7739
1013: 1251,9741
1014: 
4232: 4331,4336,4328,4330,9262
6583: 6391,6582,6964
9039: 9126,8885,8990,9130,9085,9894
9872: 9658,6337,9873,6052,6047,9964
1019: 9748,1510,1178,9405,9819,1340
7462: 7292,7631,7026,7289,7375,7974
9349: 9423,9568,9391,9381,9864,9688
9811: 9827,9749,9858,9673,9863,9794
3373: 3372,3471
9602: 9523,9266,4826,9280,5142,9454
1025: 359,874,9707,1027,9421,9371
8199: 8044,9653,8624,8343
1027: 9707,9760,9276,1025,874
2987: 
8271: 8620,8273,9102
7885: 8126,7965,7719,7721,7888,8042
3803: 3903
8261: 8119,8110
5419: 5917,5215,5214,5413
3385: 
7060: 6967,7417,9525,6784,6781,9518
5294: 5194,5295,5395
10018: 9871,9820,9985,9755,9549
5841: 
2944: 3041,3137,3234
7417: 6967,7060,9525,7150,7847,7505
10038: 9957,10041,3731,9966,3729
1042: 9446,959,157
1043: 1611,2416,9663,1782,9758,2321
1044: 217,9273,1446,1529,1616
4347: 4255,4156,4155,4146,4263,4349
5585: 
3839: 3838,3835,3842,3741,10011
1048: 
9334: 9448,9617,9938,9353,9356,9917
9862: 9742,9997,9671,9510,9286,9845
3680: 
1052: 977,762,501,978,1286
9978: 9766,9927,9966
9731: 9859,9961,10021,9924,9816
9721: 9959,9751,9718,9929
5776: 5876,5680,5873
3136: 
7942: 7952,7279
8146: 8513,8296,8222,8066,7743,8221
6930: 6749,7019,6931,7020,7110,6932
4978: 4979,5177
7309: 6669,7398,7396,7570,7739
9279: 9250,9254,9481,9320,9443
9641: 8422,8276,9391,9381,8688
5177: 5278,4978
5598: 5697
1067: 1894,2072,1805,9358
1068: 709,1145
1069: 996
7888: 7721,7723,9019,8867,7885,8126
1071: 1387,1225,1227,2074,1987,1553
6847: 6658,7646,6564,9588,9379
9742: 9862,9997,9671,2201,9965
9890: 9921,9897,10028
1075: 718,927,2451,1556,1473,2643
1076: 1477
9066: 
1078: 1006,1152
5175: 5475,5274,5070,5269,5366
4852: 5159,4950,4855,4955,5150,4849
9292: 9237,9545,9378,8820,8983,9640
3764: 3765,3763,3665,4165,3858
9963: 9831,10022,9457,9735,9942,9651
2940: 3037
7932: 7770
9571: 10039,10005,9824,9982,9556,10003
7775: 7516,7428
8170: 7929,7765,9434,7340,9373
1089: 
5274: 5574,5475,5175,5672,5572,5269
9607: 6629,9308,6349,6347,9377,9638
1092: 1170,1169
5421: 5023,5123,5917,5417,6118,6018
9583: 9249,9360,9452,5129
9683: 9842,8175
9746: 9958,9757,9298,9380
1097: 943
9322: 2800,2424,9445,9403,9287,2148
7562: 7563,7033,6941,7300,9915,9835
7903: 7739,8143,7821,8292,8142,8064
2742: 2743,2744,2928,3027,3222
9512: 6724,9543,5970,9540,9406,6350
4569: 4566,4565,4665,4867,4865
9452: 9678,9360,9583
9341: 9896,9914,9685,6421,9432,6416
4665: 4462,4661,4569,4565,4660,4865
4939: 4736
9751: 4937,9877,9670,9718,9721,9959
9939: 9789,8591,9727
1110: 359,9371,9427,1187,1351,740
9780: 9905,2362,9937,9840,9895,1561
3776: 3777
9314: 9347,9989,7617,9783,9687,10015
6414: 9432,9475,9278
9927: 3634,9966,3729,3635,9876,9978,9766
4703: 
5664: 5466,5269,5564,5572,5961,5765
1118: 9369,616,9323,1197,9414
9514: 9321,9388,9488,9812,9264
8208: 7117,7386,9355,7560,8356
6249: 6246,9725,7086,9817,6055
9760: 9707,1027,9829,9736,9276,9270
9624: 2733,2553,2738,9491,9333,9319
1124: 902,372
1125: 
9791: 9699,9775,9657,9345,9883,233
3842: 3450,2858,3646,3741,3839,3838
5348: 5551
9125: 9038,9242,8885,9507,9548,9387
9441: 9590,9804,9853
3279: 3280
1132: 1211,1784,9676,1444,1873,9706
1133: 9339,1295,181,2151
2873: 9619,9608,2968,3464,2391,2776
2963: 3849,3552,9609,3458
1136: 1375,1297
6280: 6376,6375
9345: 835,9416,9791,9775,700,233
8373: 9982,9317,8372,8710,8225,8943
7127: 7128,6759,7125,7565,7217,7393
9402: 9465,9499,10034,9643,9354
9289: 8031,8186,7794,9705,9486,9534
4345: 9331,9522
2752: 9654,9841,2848,2655,2657
1145: 1303,1068
3612: 3805,3412,3810,3027,3222,3713
3210: 2824,2728,2822,3504,3211
1148: 9495,1228,527,1901
9759: 9485,9796,9790
9777: 4839
7532: 7095,6639,6915,7092,9310,9458
1152: 1477,1078
9956: 9830,9674,9856,9586
9447: 8163,9373,9998,9434
9991: 9706,9515,9272,9468,9676
9690: 9763,9944,9695
9958: 9746,9757,9818,1805,9380
4491: 4390
1159: 1240,1314
6265: 6461,6460,6645,6266,6639
4650: 4757,4655,4338,4548,4442,4643
4871: 4771,4870,4773,4968,4969
9678: 9711,10025,9480,9360,9452
9589: 9383,9923,9326,9273,9809
9355: 9588,7560,9252,8208,9478
8838: 8837,8835,8841
9456: 9984,9828,9545,9378,9686,9277
8990: 8991,8708,9130,8989,9038,8885,9039
1169: 1251,9741,1170,1092
1170: 1092,1169
2983: 3079
9326: 217,9273,9383,9589,9793
7092: 7360,6915,9561,7532,9310,9508
9805: 6448,6731,9967,9647,9650,9773
4192: 4293,4292
7062: 7156,9785,7419,7152,7858
8453: 8154,9448
1178: 1594,872,9405,1019,1592,1340
9457: 9531,9559,9735,9942,9466,9963
1180: 1187,1263,1261,948,1428
5302: 5403,5202,5201
9357: 2822,9342,9397,9761,1732
9704: 3421,3224,9796,9790,9679
4773: 4771,4871,4876
8983: 8701,8205,9919,9237,9292,8820
6058: 5961,5765,6349,5959,6155,6347
1187: 1180,1351,359,1263,1110
6084: 6085
7276: 7368,7542,7617,9993,9989
9140: 8970,8419,8485,8273,9102
9975: 10006,9817,9725
6105: 5508,5807,7252
1193: 811,156,9461
5852: 9306,5455,9265,9968,9909
6896: 6516
8412: 
1197: 1272,892,1276,9323,1118
1198: 1867,9295,9247,2135,1610,1527
5250: 5451,5249,5452
6973: 6403,6590,7152,6969,7419
3628: 3425,3727,3531,9713,9957,3731
2937: 9790,3627,3224
3079: 2983,3176,3073
9980: 9812,9291,9743,9363
8766: 8365,8292,8704,8142,8705,8882
6291: 6388,6387
6900: 
9263: 9461,9393,9460
9475: 9432,6414,6021,9384,5224,9511,9278
4789: 4891
1211: 1132,1793,1784,9676,1706
9865: 1384,9757,9818
4655: 4757,4858,4650,4548,4553,4658
9017: 9016,8960,8861,9983
1215: 
1216: 989,840
9875: 9649,9795,9904,9271,9344,9740
8451: 8521,9336,8304,10030,8450
10031: 9977,9753,9779,9880,10012,9714
9919: 8205,8983,9926,9889,9930,8820
9966: 3634,9927,3729,10038,9978
9839: 9650,9773,9603,9920
9828: 9456,9984,9681,9545,9739,9450
8821: 9800,8426,9976
1225: 1387,1071,9557,9470,9365,1227
7086: 6055,9362,10042,6056,6249
1227: 9365,527,1225,1071,1553,1901
1228: 9495,1148,9530,1556,927,1472
9303: 9453,9852,9754,9449,9509,9885
3771: 3670,3772
9462: 9256,9489,9422,9442,9797,10000
7542: 7368,7276,7014,7283,7627
7398: 7309,7400,7739,7311
9511: 9278,9384,9575,9601,9475
5910: 6009,5813,9764,6011
8186: 8031,7375,9289,7631,9534,8032
8710: 8513,8296,8372,8995,9317,8373
1238: 3207,9409,2170,3204,3205
9313: 9403,9287,9526,9330,9502,9433
1240: 1159
4521: 4525,4322,4314,4422,4307,4621
3734: 3928,3733,3635,3727,3731,3729
5283: 
9254: 2170,1991,9481,9279,9409,9320
9556: 9982,9317,9297,9629,9571,10005
1246: 1494
4236: 3934
3678: 3777,3578,3778
10023: 9970,1756,9965,9327,9542,9671
9901: 6338,6335,9305,10035,9658,9941
1251: 1169,9741,1013
3646: 2389,9931,3450,3842,2578,3741
6622: 6902,6716
9438: 9892,9407,9661,9854,9767,9787
8225: 8227,8943,8372,7909,8150,8373
8274: 8919,9236,8425,8343
8917: 8916,8807,8805
4997: 
7440: 7353,7265
7478: 8498,7649,9846,7564,7565
1261: 948,1428,9257,1180,1512
9420: 9640,9217,9307,9613,9618,9277
1263: 359,874,801,948,1187,1180
8126: 7885,8046,7965,7888,9019,9407
9307: 9504,9564,9613,9218,9420,9217
4839: 9777,4637,4941
8178: 
3184: 
8336: 8265
1270: 1608,740,1864,1351,1436,1525
6645: 6460,6265,7095,6916,6832
1272: 9372,1197,1276,1608,884
9643: 9354,9310,9508,9936,10034,9402
9548: 9672,9507,9863,9615,9242,9125
9846: 9738,9754,7564,9885,7478
1276: 892,811,672,884,1272,1197
10039: 9571,9824,10003,9762,9727,9789
3641: 3545,3448,3151
3533: 3434
4255: 4156,4347,3957,3953,4155,4057
1281: 
8619: 8861,8801,8683
4364: 4266,4367,4156,4164,4463,4263
9874: 9665,9737,9899,9669,9747,9774
4694: 
1286: 754,1052,978,1367
5298: 
7996: 7494,7318,7913,7581,8076,7668
9395: 9344,9505,9712,9740
7119: 6371,7298,6749,7386,6934
9537: 9446,9338,9781,9803
9601: 9724,9309,9860,9575,9511
4891: 4789
9343: 9471,9614,9867
1295: 9969,1133,9440
4284: 4285,4385
1297: 989,1136
9360: 9249,9583,9480,9678,9429,9452
9935: 4132,4329,9955,9262,9328,9814
2881: 2689,2685,2691,3072,2974
9505: 9344,8663,9395,9712,9359
1302: 9818,1721,1805,1384,1549
1303: 1145
6507: 6209,6403,6405
2974: 3072,2778,2881,2685
2758: 2662
5639: 5543,5640
8143: 7739,7903,8144,7311,8064
9016: 9017,9010
7769: 7850,7936,7767,7770
4603: 
1312: 1729,9745
9713: 9516,3531,9520,3628,9957,9990
1314: 1159
9408: 9574,9302,9352,9482,4641,5044
4216: 3907,3810,4010
8383: 9649,9795,8309,9448,9617
9712: 9359,9386,9505,9395
3819: 4328,4330,3820,3717,3715,4123
8943: 8227,8225,8373,8301,9752
5036: 4929,5121,5142,5138,5023,5031
4855: 5159,4852,4757,4858,4955,5060
7670: 6582,7837,7050,7836
9525: 7060,7417,9518,7505,9466,9559
7190: 9953,8020,7952
3367: 9364,3670
1327: 
9130: 8990,8708,8440,9600,9039,9894
5361: 5657,5755,5060,5163,5062,5363
6246: 6439,9725,6249
4559: 4462,4661,4450,4458,4448,4553
7935: 8015,7934,7771
3476: 
7353: 7440
6201: 9517,7066,9631,6100
1336: 1502,1759,1504
9996: 9794,9858
3586: 3486
9729: 9486,9928,10024,9705,7627,9472
1340: 1592,1506,1019,1178,9399,9819
5833: 5633,5335,5533,5536,5933
6448: 9805,6731,6823,9967,6163,6541
9519: 9285,9340,9594
10033: 2770,9659,9532,2580,9619,9463
9588: 9355,9252,6847,9379,9593
5304: 5204
9424: 3536,3837,9772,9621,9418
9468: 9991,9676,9439,9473
6022: 6320,6316,5724
4687: 4585
1351: 1864,1187,1110,740,1270
6964: 7145,7146,6583,6871,6582
4081: 
9295: 9528,9918,9247,1198,1527,9758
9276: 9830,9270,9674,9760,1027
5889: 5789
9024: 9069,8868,8921
3774: 3674,3874
9864: 9916,9995,9688,9349,9381,9716
3701: 
6902: 6622
1362: 366,368,1873,1529,424,1784
9685: 9908,9278,9432,9847,9914,9341
9842: 8175,9683,8097
9338: 9537,9446,965,959
6278: 6375
1367: 630,910,978,1286,754,1449
9012: 9059
10005: 9571,9824,9556,9960,9629,9664
9737: 9665,9874,2024,2021,9669
5281: 5180,5578,5480
6695: 6598,6696
8479: 8338,8737,8540
5390: 5389,5490
1375: 1136,1461
3818: 3821,3722,3526,3820,3519
3577: 3578
9596: 8282,9497,8631,9971,9368,8694
9881: 9492,9995,9653,9581
6662: 7563,7033,7389
5121: 4929,5036,5018,5317,5417,5023
9437: 9353,9592,9336,9893
5123: 5023,5421,5031,5136,6118
1384: 9865,1806,9818,1302,1549
7965: 7885,8126,8046,8042,9625,8276
6009: 5910,6011,6010
1387: 1225,1071,9470,1984,2074
3957: 4255,3953,3856,3860,4057,3858
5813: 5916,5713,9764,9696,5910,5710
4483: 
5649: 5550
1392: 9895,1995,1729,9882,9552
9561: 7360,7092,9301,9667,10019,9508
9274: 9253,5804,9299,6003,5904
1395: 1007
7679: 8460,7680
5010: 5110,4910,4917,5113
10028: 9897,9825,9890
3025: 2926,2649,2830,2928,3119,2744
9302: 9574,9408,9808,5044,4845,9604
9521: 4323,9269,4331,4336,9483,9282
3545: 3449,3448,3641
5663: 5959,5856,5662,9578,5564,5765
3715: 3712,4115,3713,3615,3819
9385: 9807,9900,9300,9288,9370
3280: 3279
8343: 9581,8199,9653,8919,8274
9949: 2389,9931,9888,9682,2761
9070: 9236,8630
5104: 5204
4131: 
1412: 1841,1666,1838
9277: 9618,9686,9378,9420,9640,9456
1414: 
6376: 6375,6849,6280
5225: 5129,5424,9562,9249,5722,5920
3137: 3041,2944,3236
9883: 834,233,9969,9791,9657,9698
1419: 1502
1420: 
1421: 9576,2119
8658: 9340,9750,8591,8450,8521,8898
9809: 1446,9589,9923,9933,9273
9415: 9251,9283,9637,2028,2024,2305
9079: 9122,8363,9218,8431,9238,8499
9646: 10027,9599,9887,9723,9513
9535: 9555,9541,9351,3850,2865
1428: 1261,1180,1772,1512,1861
4141: 3458,3849,9597,9425,3949,3850
9779: 9753,9627,9977,10031
9329: 9487,9565,9950,9837,9416,9775
3949: 3656,3850,4141,9597,9582,3755
7865: 7787
8905: 8904
9460: 9580,9393,9263,10040,9782
1436: 1778,1867,1525,1864,1270,1777
4045: 3262,3856,4139,3559,4343,3953
4240: 4450,9331,9489,4146,4349
3386: 3485
7146: 7145,6964,6871,6966,7325,7413
8008: 7682
7988: 7579,7909,7744,7494,8513,8222
9836: 9702,9587,9426,8262,7884,8033
1444: 1873,1529,1616,1132,9706
9734: 9524,9282,4336,9569
1446: 9809,1044,9273,1617,1616
7673: 7839,8596,7757,7413,8386,8081
9301: 9667,9773,9603,6731,7360,9561
1449: 754,1367,910,1619
5142: 4929,5036,4826,9602,5138,9454
4146: 9256,9489,4347,4155,4240,4349
9869: 9974,9487,1617,9806
9497: 8282,8565,9596,8811,9584,9368
9769: 9736,9823,9728,9798,9656,9829
5163: 4660,5062,5064,4865,5361,5363
4716: 4719,4710,4811,4823,4817,4915
9708: 9722,1727,9903,1816,9720,9813
8679: 8550,8481,8799
5920: 5722,5424,5225,6021,6420
6629: 9607,9308,6349,5964,6631,5965
1461: 1375,1800
9469: 9847,9494,9309,9908,9801,9417
5736: 5839,5637
9236: 8274,8425,8695,9070
9508: 9643,9310,10019,7092,9561,9936
9658: 6337,9872,9873,9901,6335,9941
9666: 9979,9726,9849,9648
9763: 9944,9690,9993,9347,9989
4314: 4319,4422,4007,4307,4521
6439: 6246,9725,6912
9860: 9724,9696,9601,6797,6508,9575
1472: 1228,1556
1473: 2642,1816,2643,1556,1075,1727
9325: 9364,9261,9476,9398,9608,9463
9489: 9256,4146,9462,9797,4240,9331
9077: 8928,9119
1477: 1152,1076
9547: 1532,9275,9598,9923,9933
2693: 
7870: 8029,8265
7434: 9636,9977,9253,9517,9880
7265: 7354,7440
1483: 1651,2361
9606: 9389,9267,9905,2362
3777: 3678,3776,3778
7396: 7130,7569,6669,7309,7570
1487: 9730,1738,1739
1488: 2552,2453,2364,1557,2451
3639: 3345,3643,3248
7839: 8729,7673,8596,7757,7503,8597
3835: 3839,3838,3940,9932,3444
7033: 7562,7563,6941,6849,6662
3713: 3222,3615,3810,3612,3715,3712
1494: 1246
9074: 9214
9858: 9811,9827,9794,9996
1497: 1931,2483
9268: 9536,9493,9577,1630,1978
7581: 7141,7319,7142,7996,7318,7668
5408: 5509,5508
9392: 9483,9633,4427,4422,9269,4322
1502: 1419,1336,1759
5722: 5224,5920,9562,5136,5225
1504: 1849,1583,1336,1759
9544: 8597,9952,9778,8729,9359,9386
1506: 1592,1853,1340,9399,1676,2033
3448: 3545,3449,3641,3251
9802: 9672,9507,9558
9754: 9738,9835,9846,9852,9303,9885
1510: 9748,1019,9405
2761: 3742,3153,9949,2389,3743
1512: 1772,2037,9551,1261,1428,872
2968: 9619,2873,2866,2580,3166,2391
3294: 3295
3471: 3572,3470,2678,3373,3372
6916: 9550,7010,9458,7095,6645,6832
9516: 9713,3327,9520,9771,9990
8015: 7935,7934
9682: 9949,9888
9990: 9957,10041,9516,9713,9771,9815
5159: 4852,4950,4855,5755,5060,9533
7794: 7283,9705,7371,7630,8031,9289
6481: 6385,6480
9372: 1272,1608,1525,9528,9247
1525: 1867,1436,1608,1270,9372,9247
9435: 9943,9638,9308,9543,9540,9647
1527: 1782,2047,9758,1198,9295,1610
9376: 8262,8333,9484,9346,9426,9413
1529: 1444,1873,424,1044,217,1362,1616
10010: 3271,10001,9822,9244,9810
9483: 9392,9633,9459,9269,9521,9282
1532: 1619,9547,9933
5403: 5302
3858: 4165,4057,3763,3860,3957,3764
4177: 4278
9577: 9493,9358,9380,9298,9268,9536
9910: 5942
5978: 5977,6266,6461
1539: 2061,9553,2151,2806
8879: 8987,8881,9219,8639,9122,8363
9461: 9393,156,9263,892,1193,811
1542: 2153,1800,2526,2156,2715,2341
7505: 7503,7675,9466,7417,9525,7847
9258: 9723,9538,9513,9412,9573
9102: 8273,8271,9140
9970: 10023,1756,9671,9411,9351,9845
7735: 7217,7899,7393,7901,7818
9739: 9976,9450,8695,9828,9681
1549: 9316,1384,1806,9940,1721,1302
5878: 5975,5876
9968: 9549,9909,5852
6979: 
1553: 1902,1810,1901,1071,1227,1987
9735: 9457,7675,9466,9952,9963,10022
4525: 4521,4322,4529,4621,4626,4527
1556: 1228,927,1075,1727,1472,1473
1557: 1995,9245,718,2451,1488
9732: 334,9850
7973: 8565,7811,9467,8811,7558
3765: 3764,4068,3666,3665,3867
1561: 9895,1995,2362,9780,2552
6969: 9400,9518,6590,6973,6781,7419
3837: 3536,9424,9756,3942,3947,9621
9421: 9496,9655,9707,1025,9642,9371
7627: 7283,9705,7368,7542,9472,9729
8296: 8146,8513,8710,8221,8579,8995
4069: 3867,4169
9689: 9797,10000,9838,9866,9799,9887
9229: 9185
8995: 9317,8579,8296,8710,9127,9297
1571: 1572,9730
1572: 1571,1573,1740
1573: 1572
10032: 9422,9994,9947,9375,9582,9591
5882: 
8471: 
9851: 93,133,33
9916: 9864,9995,9688
3550: 2957,3940,3057,3451
5508: 6105,5408,5509,5807
9884: 9667,9848,9603
9924: 9491,9816,2554,9859,9731
1583: 1504,1849,1759
5977: 5975,5978,6266
5551: 5348,5849,5848
9253: 9274,9631,9299,9636,7434
4448: 4548,4553,4444,4450,4559
9745: 1729,1312,9882,10008
6378: 6474
8282: 8565,9497,9596,9477,8631,9509
5455: 9306,9614,5852,6140
1592: 1853,1506,1340,1594,1178,1855
9705: 7283,7794,7627,9289,9486,9729
1594: 1178,872,2037,1592,1855,2036
5317: 4917,5113,5121,5215,5417
5087: 5086,4986
9480: 10025,9678,9503,9294,9429,9360
9564: 9504,9307,9613,9560,9546,9610
5194: 5093,5294,5295
9490: 6144,6244,6339,9539,9367,5662
9166: 9167
9971: 10043,9368,9596,8694,8496,9930
8614: 8677,8478
8419: 8970,9140,8485,8417,8346,8555
8794: 
9458: 9550,6916,7095,7532,9354,9310
9342: 9320,9397,9443,9761,9246,9357
1608: 740,1270,884,1272,9372,1525
4087: 
1610: 1198,1527
1611: 2416,1043,9663,9962,2231,683
5581: 5480,5481,5678,5680
6077: 6078
9157: 8978
6371: 7119,7298,6275
1616: 1617,1704,1044,1446,1444,1529
1617: 1616,9806,1446,9869
7184: 7002
1619: 1532,1449
2776: 9608,2873,9364,3464
9486: 9928,9729,9705,9289,9534,9390
1622: 9527,2145,2236,9428,1881
4950: 5159,4852,5150,9533,5051,9311
5964: 5965,5672,5572,5961,6349,6629
5572: 5274,5672,5269,5664,5961,5964
5269: 5466,5366,5664,5274,5175,5572
9145: 9205
3934: 4236
8636: 8694,8496,8632,8430,8358,8429
1630: 1978,1890,9268,9493,2251
9662: 9822,2777,10001
8677: 8614,8478,8676
8861: 8960,8619,8683,9983,9017
9484: 9928,9733,9390,9346,9413,9376
5051: 5256,5150,4950,9539
3460: 3262,3856,2870,2967,3166,3860
3464: 3666,3665,2391,2873,2776
4941: 4839,4840
9929: 9348,9718,9721
9348: 9703,9929,9718,9523,9266
5848: 5849,5551,6041
5550: 5649,5750
5202: 5201,5302
4907: 5007
9723: 9258,9646,9513
8075: 7911,9284,7913,8076,9419
9749: 9811,9827,9567,9546,9615,9863
9848: 9667,10019,9884,9710
4422: 4427,4314,4319,4521,4322,9392
8392: 8168
1651: 2361,1483,1996
7630: 7460,7195,7371,7794,8031
5328: 5426,6219
9494: 9847,9469,10016,9417,9684
7761: 8006,8005
7110: 7460,7020,7198,6930,7289,6932
10042: 9362,7086,9920,9529
8597: 9544,9952,7503,7675,8729,7839
9863: 9672,9548,9673,9615,9811,9749
4332: 4329,3821,3722,3733,9955,4030
3295: 3294
4462: 4665,4661,4559,4463,4458,4565
4004: 3903,4104,4007
7680: 7679
9318: 9664,9085,9960,9501
1666: 1838,1412
9612: 9551,10004,9770,9257,9405
9824: 10039,9571,10005,9664,9727
9998: 7249,7248,9373,9447
7380: 7383,7467,7550,7292,7631,8032
9680: 6041,9652
8221: 8579,8144,8066,8146,8296
9520: 3531,3627,3431,3327,9516,9713
6671: 6672,6575,6576
9700: 2824,2728,9761,9709,9717,2540
1676: 794,9399,9382,1506,2033,2030
9518: 9400,6969,6781,7060,9525,9559
9750: 8658,9340,9594,8521,9692,9293
7163: 6978,6886,6884
6011: 9801,9417,6009,5910,6010,6984
5961: 6058,5765,6349,5664,5572,5964
9549: 9968,10018,9755,9909
9510: 9862,9997,9286,2770,9675
8898: 9285,8591,8658,9340
7428: 7775
8020: 7191,9951,9953,9687,7190
2715: 2341,2526,1542,2906
5300: 5400,5200
9776: 10006,9792,9873,9817,6055,9964
9976: 9739,9450,8695,8426,8821
9798: 9781,9656,9769,9829,9655,10037
9792: 10006,9776,9873,9992,9941
3151: 3641
8978: 8630,9157
6391: 7066,6583
4849: 5150,5044,4845,4955,4852
6672: 6671,6576,6767
1698: 10026,1706,366,1784
4585: 4687
9931: 9949,2389,3646,9888,1931,2578
9434: 8170,9373,9447
9896: 10020,9914,9906,9341,9644
9409: 1238,3207,2170,9254,9320,9397
1704: 1616,9806,9706,9515
9353: 9356,9592,9437,9334,9917
1706: 10026,1878,1698,1211,1793,1784
6516: 6896
9517: 6201,9631,7434,10009,9880
1709: 2244,9430,2526,2153
9993: 9763,9944,9465,7098,9989,7276
5148: 9604,4845
10020: 9896,9906,9644
8624: 8425,8688,8199,8044
2848: 2752
10026: 1706,1698,9962,9946,683
1716: 2251,9493,1892,2161,2531
9623: 8526,8236,7836,9260,9628,9616
3743: 3741,2389,2761,9891
9399: 9500,9382,9819,1506,1340,1676
9730: 1571,1487
1721: 1302,9316,1549,9470,1894
9907: 10040,9782,9793,217,368,424
9465: 9402,7098,10034,9944,9993
8593: 8661
9994: 9422,10032,9947,9870,10000,9838
2704: 2893,2895,2609,2057,2800,2424
1727: 9903,1556,1473,1816,9708
9252: 9355,9588,9593,9478,9290,9622
1729: 1312,9882,9745,1392
6307: 6598
4165: 4057,4164,3858,4166,3764,4068
1732: 3207,9397,3502,9357
9906: 10020,9896,9914,10016,9898
9573: 4442,4642,4641,9258,9538,9352,9412
9238: 8878,8499,9120,9079,9218,9217
9741: 1251,1169,1013
6338: 9901,6335,9305,6242,9265
1738: 1739,1487
1739: 1738,1487,1740
1740: 1572,1739
9801: 6011,9417,9764,9724,9309,9469
8119: 8261,7880,8110
9085: 9960,9894,9126,9039,9501,9318
3285: 3284,3090
4115: 4010,3715,3712,4328,4323
9248: 9590,9366,9430
1747: 2666,9361,2395,2021,9669,2111
9961: 9554,9859,9731,9389,9267,10021
9590: 9441,9248,9804,9337,9366
3093: 980
6967: 6688,7060,7417,6784,7150,6682
9818: 1805,1302,9865,1384,9958,9757
9813: 9720,1820,9722,9708,9335,9645
9814: 9897,9825,9935,9955,9922,9328
5353: 5251,5352
1756: 10023,9970,9327,9579,9555,9351
9825: 9897,9814,10028,9328
5709: 5807,5713,6007,5710
1759: 1502,1336,1504,1583
9627: 9636,9977,9639,6204,9779
6052: 5761,5957,6047,9872,6437,9964
1762: 794,2028,2030,2492,2212,2586
7945: 8026
9821: 9719,9736,9270
9245: 9635,9363,9552,1557,718
9799: 9522,9599,9887,9689,9797,9331
7191: 9472,8020,9951,7617,9687,10024
9495: 1148,1228,9530,9488,9264,527
6425: 6419
9331: 4345,4240,9797,9489,9522,9799
5186: 5185,5086,5287
1772: 1950,2037,1512,1428,1951,1861
9011: 8964
4169: 4271,4168,4068,4069
7066: 6201,10009,6391,6585
9529: 9920,9943,9638,9377,9362,10042
1777: 1951,2133,1861,1864,1778,1436
1778: 1867,1436,1777,2133,2135,2225
6541: 6071,6163,9967,9406,6164,6448
9944: 9763,9690,9993,9695,10034,9465
4675: 4574,4573
1782: 1527,2047,9758,1043,2228,2321
7467: 7383,7380,7550,7641,7470
1784: 1211,1132,1362,1873,1706,1698
9940: 1806,9788,9316,10002,1549
8663: 9344,9505,8081,8596,9271,9616
8639: 7979,8061,8058,8363,8881,8879
9790: 2937,9759,9796,9704
6517: 6709,9855
2815: 2912,2719,2251,2531,2721
9576: 1421,9251,9283
3821: 3722,3818,3820,4123,4329,4332
1793: 1211,1706,2145,9439
9794: 9996,9811,9858,9673
9119: 9077
3497: 
3940: 3550,3057,3838,3835,3451,3444
6820: 6724,9543,6631,6348,9308
9628: 9904,9271,9616,9623,9260,9419
1800: 2153,1542,1461,2156
9332: 9620,3536,9772,9374,9396,9425
8616: 7962
7437: 7349
9592: 9353,9356,9437,8304,9336
1805: 9818,1302,9958,1894,1067
1806: 9940,1384,1549
9692: 8521,9336,9893,9786,9750,9293
6464: 6653,6931
8363: 9122,9079,8431,8058,8639,8879
1810: 1902,1553,1901,9902,9250
8142: 8705,8064,8707,7903,8292,8766
5680: 5678,5581,5776
9946: 9879,9962,616,750,10026
4278: 4177
2895: 2893,2704,2800,2896
1816: 1473,2642,1727,9708,9720,2639
4910: 4917,4809,4710,4811,5010
5699: 
8844: 8784
1820: 9720,9813,2733,2553,2826
8729: 7839,8596,8597,9544,9359
9449: 8631,9509,8632,9303,9885
9642: 9371,9427,9496,9421,251,672
5975: 5878,5977,5973,5876,6072
9953: 9783,9687,8020,9833,7190
8904: 8905
9543: 6820,6724,9512,9308,9435,9540
7757: 7325,7413,7847,7503,7673,7839
5804: 5705,5904,9274
9443: 9342,9320,9279,9296,9246
9684: 6209,6984,9417,9494
9647: 9967,9540,9435,9943,9650,9805
1833: 1921
9296: 9722,9715,9443,9246,9335
3555: 3552
5904: 6003,5804,9274
9560: 9567,9239,9546,9219,9504,9564
1838: 9765,1666,1412
6768: 6767,7319,7314,7402
1840: 9677
1841: 1412,2199
9768: 6784,9714,9753
9255: 9878,9500,9382,9251,9637
3502: 2822,1732,3504
5009: 5110
3145: 3144,3342,3340
9819: 9500,9399,9748,1019,9972,1340
6155: 6537,6347,5959,6058,5761,5957
1849: 1504,1583,2119
9554: 9859,9961,2453,9389,1915
9817: 6055,10006,9776,9975,9725,6249
7778: 7354
1853: 1592,1506,1943,1855,2033,2218
9552: 9363,9245,1995,1392
1855: 2407,1943,2036,1594,1592,1853
2772: 2964,2870,2865,9541,9605,2390
3552: 3849,9374,2963,3947,3555
4390: 4491
6480: 6576,6385,6481
3037: 2940
1861: 1951,1777,1428,1864,1772
5637: 5736
9854: 9926,9889,9767,9438,9787,9691
1864: 1351,1270,1777,1861,1436
9719: 9821,9830,9270
9726: 9861,9784,9849,9668,9979,9666
1867: 1778,1198,1436,1525,9247,2135
3849: 9374,3552,2963,3458,4141,9425
5070: 5462,5167,4969,5366,5175
9563: 7470,8811,7641,9444,9584,8867
8042: 8033,9625,7719,7885,7965
9574: 9302,9408,10017,9808,9482
1873: 1444,1529,1362,1132,1784
5007: 4907
9850: 334,9732,446
8033: 8042,7884,7719,8262,9836
9631: 9253,6003,6100,6201,9517
1878: 1706
9847: 9494,9469,10016,9908,9685,9914
9778: 9544,9952,10022,9386
1881: 9611,9428,2236,1622,2610,2057
9908: 9278,9685,9309,9847,9469
8555: 8748,8417,8970,8419
7565: 7564,7125,7127,7478,7649,7393
9239: 9162,9567,9560,8987,9037,9219
6915: 7360,7092,6823,6358,7532,6639,6357
10013: 9352,9482,9412
7081: 7342
9578: 9410,9455,9367,5564,5663,5662
1890: 1630,2251
9264: 9812,9291,9514,9488,9495,9530
1892: 9493,9358,2072,1716,2161
2926: 2826,9717,9645,3025,2830,3119
1894: 1067,1984,1721,1805
9747: 9630,9986,9774,9874,9669,9361
9614: 9306,5455,9343,9471
5295: 5395,5194,5294
9261: 9325,9364,9476,3670
2806: 2523,2151,1539,2902
4641: 4642,4947,9573,9352,9408,5044
1901: 1810,1553,527,1227,1148
1902: 1810,1553,2079,1987,9481,9250
10036: 9891,10011,9932,9744
9394: 5657,5755,9533,5754,9410,9455
3119: 2928,3121,2540,9717,2926,3025
3820: 3519,3517,3821,3818,3819,4123
5876: 5776,5973,5878,5975
9503: 5138,9454,9294,9480,5338,9429
1909: 
9660: 10043,9368,9444,9584,9661,9767
5363: 5462,5167,5163,5064,5657,5361
9882: 1729,9745,10008,9840,9895,1392
5480: 5581,5281,5481,5578
9637: 9251,9415,9255,9382,794,2028
1915: 2551,2459,2554,9554,9859
8265: 8336,7870
1917: 2279
9352: 10013,9482,9412,4641,9573,9408
3519: 3820,3517,3321,3127,3818
6326: 6037,6420,6416,9668,6421,9401
1921: 1833
9954: 2010,2098,9451
8044: 9716,8199,9381,8688,8624
9346: 9436,9390,9484,7555,8333,9376
9928: 9486,9729,10024,9733,9484,9390
9911: 9644,9401,9979
9969: 9883,834,9698,1295,9440
4809: 4709,4710,4910
5792: 5891
6978: 7163
1931: 1497,9931,9888,2578
9849: 9726,9861,9701,9666,9648
5492: 
4320: 4323,9269,4010,4427,4218
2822: 3502,9357,2728,3210,3504
4917: 4910,5317,5113,4811,5010
4179: 4280
9853: 9698,9804,9657,9441
5200: 5201,5300
3635: 3733,3734,9927,3729,9876,4030
4606: 4605,4611,4709
4450: 4240,4458,4349,4448,4559
1943: 2407,1855,1853,2218,2311
7340: 7929,8170
9112: 8627,9027
4083: 3982,3983
5475: 5574,5274,5175
9038: 9242,9194,9125,8989,8990,8885
2744: 2742,2743,9913,3025,2649,2928
1950: 1772,2037,1951,2036,2131
1951: 1777,2133,1861,1772,1950
4817: 4823,4826,4915,9280,4730,4716
8676: 8675,8677
9845: 9286,9479,9970,9862,9671,9411
9722: 9296,9708,9715,9903,9813,9335
9312: 9886,9413,9951,9733,9694
1957: 2228,2047,2136
3236: 3238,3041,3137
6483: 6388,6387
3990: 3991
4990: 
7314: 7743,7402,7135,6768,6767
3480: 
7962: 7880,8616
9534: 8032,9436,9390,8186,9289,9486
4307: 4306,4514,4621,4314,4521
8236: 7050,7142,7836,9623,7668,9260
5705: 5804
3772: 3771
8620: 8271,9581,8919
5424: 5129,5225,5920,6037,6420
8683: 8805,9983,8801,8619,8861
1973: 2524,9259,2244,2336
9679: 9304,9697,9796,3127,9704
5395: 5295,5294,5495
8916: 8807,8805,8917
5426: 5328,6219,5724
1978: 2909,1630,2249,9268,2341
3795: 
4168: 4271,4269,4169,4166,4068,4266
7579: 7988,7909,8150,7494,7913,7911
6709: 6517,9855
9626: 366,368,9580,10040,9369,750
1984: 1894,2072,1387,2253,2074
4937: 9751,9877,9670,4529,4527,4730
9675: 2770,9659,9510,9822,9810
1987: 2074,2165,2079,1071,1902,1553
9492: 9881,9581
4000: 
8046: 8126,7965,9892,9407,8422,8276
1991: 2170,9254,2441,9481,2079,2538
9401: 9644,9911,6326,6416,9668,9979
9260: 8076,7668,9419,8236,9623,9628
9885: 9303,9754,9846,9449
1995: 9895,1392,1561,1557,9552
1996: 2272,1651,2271
9388: 9514,9321,9488,10002,9557,9365
4661: 4462,4665,4559,4553,4658,4660
3733: 3928,3734,3635,3722,4332,4030
9605: 9541,9411,9479,2772,2390,9595
2896: 2240,2148,2895,2800
2002: 2090
8667: 8242,8318
9426: 9886,9413,8262,9376,9702,9836
7095: 7532,6639,6645,6916,9458
6848: 6375,6849,7123,6941
5973: 6164,5873,5876,6071,5975
3656: 3949,3850,2964,2865,3559,3755
4501: 
2010: 2098,9954
9487: 9329,9974,9565,9869,9806,9837
9837: 9950,9329,9974,9487
8056: 8431,8058,8210,8498,7733,8211
6669: 7309,7396
2015: 2199,2293,2198
8483: 8110,7958
4134: 
5613: 5410,5916,5713
9328: 9569,9262,9935,9814,9825
4301: 
2021: 2395,2024,2305,9669,9737,1747
2022: 3450,2578
6416: 6326,6421,9341,9644,9401
2024: 2305,2021,9283,9415,9737
9753: 9779,10031,9714,9768
5018: 4929,5121
10017: 9574,9808,9871,9985
2028: 794,1762,9415,9637,2305,2212
9498: 9538,4338,9513,9522,9599,4444
2030: 2033,2403,794,1762,1676,2586
9354: 9643,9310,9550,9458,9402,9499
8227: 8225,8943,8150,7992,8228,8301
2033: 2218,2403,2030,1853,1506,1676
7520: 7080
8701: 8205,8429,8983,8878,9120,9237
2036: 2407,1855,1594,1950,2037,2131
2037: 1772,1950,1512,1594,872,2036
4548: 4448,4553,4444,4338,4655,4650
9766: 9978,9921,9927,9876
8426: 8984,9691,9800,8821,9976,9450
4338: 9538,9498,4548,4444,4442,4650
9905: 2362,9780,9937,9606
2770: 10033,9659,9675,9510,9286,9532
2044: 2412,2135,2225,2047,2136
9595: 2390,2866,2580,9605,9532,9479
6420: 6037,6326,5920,5424,6421,6021
2047: 1782,1527,2044,2136,2228,1957
7010: 9550,6916,7198,6832,7009,7195
9568: 9423,9349,7884,9625,9391
2738: 2733,9624,2551,2554,2639,9491
9582: 9597,9375,3949,10032,9591,3755
6275: 6658,6371
10019: 9667,9848,9561,9936,9710,9508
5287: 5186
9687: 9953,9783,9314,7617,8020,7191
8210: 8498,8358,8211,8056
2057: 2609,2610,9611,1881,2704,2424
6639: 7095,7532,6358,6915,6265
6871: 6585,6966,6964,7146
8338: 8479,8737,8540
2061: 1539
9804: 9698,9853,9441,9590,9337,9440
7993: 7992,9284,8309
3144: 2953,3145,3242,3342
3536: 3837,9424,9772,3947,9374,9332
5891: 5792
7739: 8143,7903,7309,7398,7570,7821
7780: 
7880: 8119,7962
8982: 8976,9235
8949: 8999,8950,9046
2072: 1067,1984,1892,2161,2253
8837: 8838,8841,8950,9046
2074: 2165,1987,1984,1387,1071,2253
9194: 9038,9242,9037,8989,8824,9162
7821: 7570,7737,7902,7739,7903,8292
8496: 8694,8636,9971,9930,8205,8429
4986: 5086,5087
2079: 2165,1987,1902,1991,2441,9481
9613: 9564,9307,9420,9618,9610
8928: 9077,9235
9380: 9358,9577,9298,9746,9958
9762: 10003,9752,9857,10039,9789,10030
2743: 2742,2744,9913,9304,3222,2836
9205: 9145
6749: 6931,6930,7119,6932,6934
7125: 7564,7389,7565,6759,7127
6140: 5455
5653: 5552,5849
2090: 2002,2272
6805: 6804
9903: 1727,9902,9722,9708,9715
4771: 4871,4870,4773
8805: 8683,8916,8801,8917
2865: 2964,2772,9535,9541,3656,3850
2096: 2188
9455: 9410,9578,9394,5754,5466,5564
2098: 2010,9954,2280,2188,9451
3207: 1238,9409,9397,1732
9382: 9500,9399,9255,9637,794,1676
3340: 3145,3342
9557: 9316,10002,9470,9388,1225,9365
9256: 9489,4146,9462,9442,4343,4155
9122: 9079,8363,9218,8879,9219,9504
7318: 7494,7996,7319,7581,7402,7744
2721: 2818,2536,2531,2912,2815
5765: 6058,5961,5664,5564,5959,5663
9834: 9620,9396,9375,9693,9947
9758: 1782,1527,9295,9918,9663,1043
5750: 6041,9652,5550
2111: 2584,2201,2395,2585,2666,1747
9368: 10043,9971,9660,9497,9596,9584
9761: 9246,9709,9342,9357,2728,9700
8110: 7958,8261,8119,8483
4867: 5064,4968,4865,4569,4870
9933: 9923,1532,9547,9809
8429: 8701,8205,8496,8636,8430,8878
9879: 9663,9962,9946,616,9918,9414
2119: 1849,1421
6041: 5750,9652,9680,5848
9538: 9498,4338,9513,9258,4442,9573
7123: 6564,6848,7300,9379,6941
10002: 9316,9557,9940,9788,9321,9388
9522: 9799,9599,4345,9331,9498,4444
4880: 
6349: 6058,5961,5964,6347,6629,9607
9937: 9905,9780,9840
4285: 4284,4385
7439: 
3741: 3743,2389,3646,3842,3839
2131: 2410,2224,1950,2133,2407,2036
6337: 9658,9872,6144,6244,6335,6047
2133: 1951,1777,1778,2131,2224,2225
7342: 7081
2135: 2044,2225,1778,1867,1198
2136: 2412,2044,2047,1957
7117: 8208,7386,6934,7026,7974,8356
5672: 5574,5274,5572,5868,5964,5965
9728: 9823,9769,9973,9656
3421: 3127,3224,3226,9704,3526
9411: 9541,9605,9351,9970,9479,9845
8981: 9069
9668: 6037,6326,9726,9784,9401,9979
5676: 5775,5970,5871,5774,5481,5678
2145: 2234,1793,1622
6767: 6768,6672,7135,7314
4725: 4611,4616,4626,4719,4823
2148: 2240,2896,502,2800,9322,9403
7911: 8075,7992,7913,7579,8150
5509: 5410,5408,5508,5807
2151: 181,2523,2806,1133,1539
9934: 9856,9843,10004,9770
2153: 1800,1542,1709,2526
9445: 9322,2424,9611,9566,9315,9287
6219: 6323,5724,5328,5426
2156: 9536,1800,1542,2341
8219: 8770
9373: 7248,9998,7929,8170,9434,9447
4757: 4858,4655,4650,4955,4643,4855
8061: 7979,8703,7818,8639,8881
2161: 2534,2253,2531,1892,2072,1716
7847: 7757,7325,7150,7417,7503,7505
5933: 5839,5536,5833
9555: 9535,3458,9579,1756,9351
2165: 2074,2079,1987,2534,2253,2441
9541: 9605,9411,9351,9535,2772,2865
4293: 4192,4393
9337: 9339,9440,9804,9590,9366,9553
2824: 2728,3210,9700,3607,2540,3211
2170: 1991,9254,2538,3205,1238,9409
2909: 1978,2249
7791: 7279,7455
6731: 9805,6448,6823,9773,9301,7360
9688: 9864,9916,9423,9349
6421: 9432,6021,6326,6420,6416,9341
3284: 3285,3185
9384: 9575,6118,6018,5224,9511,9475
4387: 4287
4865: 5064,4867,4665,4569,5163,4660
5410: 5509,5613
5640: 5639
4811: 4710,4716,4915,4910,4917
8841: 8950,8837,8838
9706: 9991,9515,1444,1704,1132,9676
9832: 9694,9886,9702,9981
9841: 2752,9654,2657,2658
9951: 8020,7191,10024,9733,9312
2188: 2280,2098,2096
2189: 2280,9451,2468
4322: 4525,4521,4529,4422,9392,9633
9727: 10039,9824,9789,9939
9638: 9435,9943,9529,9377,9607,9308
2193: 
2194: 2286
9639: 6007,6204,9299,7252,9636,9627
2196: 2476,2384,2571
6983: 7073,7164
2198: 2015,2293,2481
2199: 2015,1841,2293
9838: 9689,10000,9870,9994,9866
2201: 2584,2111,2666,9965,9742
2844: 
6912: 6439
9757: 9746,9958,9865,9818
9710: 9936,9695,10019,9848
9493: 9358,9577,1892,9268,1630,1716
3643: 3639
8999: 8949,9092
6797: 5413,5916,9696,9860
3991: 3990
9959: 9721,9459,9524,9751,9670
2212: 2492,2585,2028,1762,2395,2305
9598: 9923,9275,9547
3898: 3897,3998
7503: 7675,7505,7757,7847,7839,8597
6018: 9384,9575,6118,5917,5421,6508
7767: 7850,7769
2218: 2033,2403,1853,1943,2595
4444: 4548,4448,9522,9498,4338
3942: 3451,3444,3947,3837
6688: 6967
9463: 9619,9608,10033,9659,9398,9325
8064: 8142,8707,8143,7903,8770
2224: 2410,2131,2133,2225,2411
2225: 2412,2135,2044,2133,1778,2224,2411
4580: 4480,4579
9185: 9211,9229
2228: 1957,1782,2047,2509,2321
5207: 
9364: 9325,9261,9608,3367,2776
2231: 2234,683,1611,2416,2326
5214: 5211,5110,5113,5419,5215
4947: 4641,5044
2234: 2231,2145,2236,683
8211: 8430,8358,8210,8056,8431,8499
2236: 2234,1622,2610,2326,1881
9986: 9747,9630,9774,9572
5754: 5462,5657,9394,9455,5466,5366
9403: 9313,9287,9322,2148,502,9502
2240: 2896,2148,502,3090
9852: 9453,9622,9303,9915,9754,9835
7156: 9785,7062,7858
4697: 4797
2244: 1709,2526,9259,1973,2336
5478: 5774,5578,5180,5870
4367: 4364,4266,4463,4269,4566,4565
6164: 5973,5873,6350,9406,6071,6541
8440: 9600,9127,8707,8770,8708,9130
2249: 2909,1978
9915: 7300,9593,7562,9852,9622,9835
2251: 1716,1630,1890,2719,2815
3742: 3153,2761
2253: 2534,2161,1984,2072,2074,2165
7176: 7179,7777
7937: 
6474: 6378
9416: 835,9345,9329,9565,9272,9775
9997: 9742,9862,9510
9361: 2666,9542,1747,9669,9747,9630
9774: 9747,9986,9874,9899
9278: 9511,9908,9685,9432,6414,9475
9262: 9569,9328,4132,9935,4232
7389: 7564,7125,7563,6662,9738
9527: 1622,9439,9473,9428,9324
9633: 9483,9392,9459,4322,4529,9670
7336: 
8386: 8526,8081,7145,7837,7413,7673
9877: 4937,9751,9718,4730,9280,9266
9661: 9438,9407,9444,9019,9660,9767
3153: 3742,2761,3251,3449
2271: 2272,1996
2272: 1996,2090,2271
4288: 4287
2274: 2371
9446: 9537,9338,959,157,9803,1042
4709: 4719,4710,4606,4611,4809
9699: 9791,9775,9657,9950
8630: 8978,9070
2279: 1917
2280: 2189,2188,9451,2098
9984: 9456,9828,9681,9686,9844
9481: 1991,9254,2079,1902,9250,9279
7855: 
2888: 
3251: 3449,3448,3153
2286: 2194
7521: 
2288: 
4073: 4072,4074
9982: 9317,8373,9556,9571,10003
5129: 5424,5225,9583,6320
8333: 7555,7719,8262,9376,9346,7721
2293: 2015,2199,2198
5201: 5202,5200,5302
7259: 7348
7765: 8170
9861: 9726,9784,9849,6316
8812: 9069,8868
7352: 
7152: 6973,7062,7419
6226: 5826,5725,6323
9895: 1995,1392,1561,9882,9840,9780
5335: 5533,5536,5833
9793: 9907,9782,9383,9326
2305: 2395,2024,2021,9415,2028,2212
3506: 3211,3607,3805,3412
7419: 9785,7062,6973,7152,9400,6969
9242: 9038,9194,9125,9162,9615,9548
6047: 5761,6052,6144,5856,6337,9872
7958: 8110,8483
2311: 2595,1943
5727: 5331,6028,5329,5826
8787: 
8824: 8882,8989,8704,9081,9037,9194
9894: 9085,9960,9629,9130,9600,9039
5657: 5755,9394,5361,5462,5363,5754
3491: 
9892: 9438,9407,8046,8422,9787,9634
7682: 8008
9566: 9611,9428,9431,9315,9324,9445
2321: 2511,2509,1782,2416,1043,2228
7668: 8076,9260,7581,7142,8236,7996
3297: 
3526: 3722,3818,3421,3127,3226,3928
5338: 9562,5136,9429,9503,5138,5031
2326: 2512,2610,2231,2236,2511
7002: 7184
4837: 4736
9784: 9726,9861,6320,6037,9668
7283: 7794,9705,7627,7371,7014,7542
7026: 7289,6932,7117,6934,7462,7974
4955: 4757,4643,4849,4852,4855
2333: 100,2710
8264: 8474
4057: 4165,4164,3858,4255,4156,3957
2336: 2808,2906,2244,2524,1973
6098: 6196
9653: 9716,8199,9995,9881,8343,9581
9840: 10008,9882,9895,9780,9937
9634: 9800,9787,8688,9892,8422
2341: 2715,1542,2156,1978
5497: 
3444: 3942,3451,3835,3940,9756
8867: 9444,9019,7641,9563,7723,7888
5462: 5070,5167,5363,5754,5657,5366
6350: 6164,5873,9512,5775,5970,9406
8391: 8242
9319: 2649,2830,2553,9624,9333,9585
9365: 527,1227,9557,9388,9488,1225
9504: 9564,9307,9122,9218,9219,9560
4870: 4771,4871,4968,4867
4030: 9876,9955,9922,3733,3635,4332
9450: 9739,9976,8984,8426,9545,9828
9290: 9478,9467,9477,9252,9453,9622
8026: 7945
3226: 3421,3224,3425,3727,3526,3928
9960: 9085,9894,9629,10005,9318,9664
9439: 9527,1793,9676,9468,9473
5249: 5250,5552
9616: 9628,9271,9623,8526,8081,8663
2361: 1651,1483,2363
2362: 9905,9780,1561,2552,9606
2363: 2361
2364: 2453,1488,2451,2643,2459
8031: 7375,8186,9289,7630,7460,7794
2366: 
9920: 9943,9529,10042,9650,9839
9237: 9292,8701,8983,9120,9640
3722: 3821,3526,3818,3928,3733,4332
6984: 6974,9684,6011,9417,6010
2371: 2274
2967: 2390,2866,2870,3460,3166
4330: 4328,3819,4123,4232
9336: 8451,9692,8304,9592,9437,9893
9948: 521,402,9474
8631: 9449,9509,8632,8282,9596,8694
9344: 8663,9505,9395,9271,9875,9740
9615: 9162,9567,9242,9749,9548,9863
3787: 3786
7020: 7198,6927,6832,7019,6930,7110
7771: 7935,7934,7936,7770
3559: 4139,3755,3656,2964,3262,4045
3486: 3586
2384: 2571,2196
9575: 9384,6018,6508,9601,9860,9511
7014: 7371,7009,9499,7542,7283
2387: 2481,2576
5725: 5826,6226,5329
2389: 9949,3646,9931,2761,3741,3743
2390: 2866,2967,9595,9605,2772,2870
2391: 3464,3665,2873,2968,3166,3763
9655: 9496,9421,10037,9798,9707,9829
9725: 6246,6439,6249,9817,9975
4292: 4192,4393
2395: 2305,2021,2585,2212,1747,2111
6932: 7026,7289,6749,6930,7110,6934
3458: 9555,4141,3849,2963
9988: 9917,8455,9938
4642: 4442,4643,4641,9573
6118: 9384,6018,5123,5421,5136,5224
9620: 9834,9332,9772,9396
5746: 5942
2403: 2033,2218,2030,2595,2689,2586
9932: 9756,9744,10011,3835,10036
10004: 9612,9770,9934
7402: 7743,7314,7744,6768,7319,7318
2407: 1943,1855,2036,2410,2131
9702: 9836,9587,9981,9426,9886,9832
6335: 6338,9901,6242,6244,9658,6337
2410: 2131,2224,2407,2411
2411: 2600,2410,2224,2412,2225
2412: 2044,2225,2600,2411,2136
8513: 8146,8296,8222,8372,8710,7988,7909
9686: 9618,9277,9456,9984
5062: 4658,5163,4660,4858,5361,5060
2416: 1611,1043,2231,2511,2321
6682: 7150,6585,6966,6586,6967
6419: 6425
3729: 3634,9927,9966,10038,3731,3734,3635
7135: 7400,6767,7742,7314
7354: 7265,7778
9664: 9318,9960,10005,9824
9515: 9991,9706,9272,1704,9806,9565
2424: 2800,9322,9445,2057,9611,2704
7545: 7195,7198
8835: 8779,8838
3971: 4072
4605: 4606,4504
9269: 4323,4320,9521,4427,9483,9392
9453: 9852,9622,9303,9290,9477,9509
9619: 9608,2873,9463,2968,10033,2580
9806: 1617,1704,9487,9565,9869,9515
8318: 8242,8667
4710: 4719,4709,4716,4811,4809,4910
9648: 9849,9701,9666
9330: 9570,9370,9506,9313,9526,9433
9600: 8440,9127,9297,9130,9894,9629
9866: 9999,9689,9838,10027,9887
3607: 2824,3121,2540,3506,3211,3412
9187: 9114,9214
2441: 1991,2534,2165,2079,2536,2538
5452: 6238,5250
10015: 9783,9347,9314
4915: 4817,4826,4716,4811,4929
10035: 9901,9305,9471,9867,9992,9941
8222: 8146,8513,7743,7744,7988
8301: 8154,8228,8227,8943,9752,9857,8376
8205: 8701,8429,8983,9919,8496,9930
4979: 4978
10043: 9971,9368,9660,9926,9767,9930
2451: 718,1075,1557,2364,1488,2643
7558: 7470,8811,7207,7811,7383,7973
2453: 2552,2364,1488,9389,9554
9306: 5455,9265,9614,5852,9305,9471
3434: 3533
3805: 3412,3810,3612,3506,3907
9709: 9761,9246,9335,9717,9645,9700
9005: 8891,8779
2459: 2551,1915,2364,2642,2643
7098: 9465,9993
9323: 9580,9393,892,1197,9369,1118
5870: 6062,6348,5774,5478,5871
9406: 9967,9540,9512,6164,6350,6541
9694: 9886,9312,9832
5774: 5481,5578,5478,5870,5676,5871
9478: 9290,9467,9355,9252
9807: 9900,9385,697,834
2468: 2657,2189,2658
9736: 9823,9769,9821,9270,9760,9829
8032: 9534,9436,8186,7631,7380,7550
9782: 9907,10040,9793,9460
9856: 9843,9934,9956
9921: 9766,9876,9922,9897,9890
5578: 5774,5481,5478,5180,5281,5480
7617: 7368,7276,9314,9989,9687,9472,7191
2476: 2196,2571
5389: 5390
6387: 6291,6483,6388
4271: 4168,4169
4514: 4306,4307,4621,4405,4616
2481: 2387,2198
9635: 9363,9245,9291,9530,718,927
2483: 2767,1497
8076: 7668,9260,9419,7996,7913,8075
10001: 3170,10010,2777,9822,9662
5230: 5331
9546: 9567,9560,9564,9610,9827,9749
9827: 9811,9749,9858,9546,9610
7743: 7314,7402,7744,8066,8146,8222
9321: 9514,9388,9788,10002
6196: 6098,6100
2492: 2778,2585,2212,1762,2685,2586
4858: 4757,4655,4658,5062,4855,5060
8346: 8417,8419,8485
4280: 4179
4463: 4263,4458,4364,4367,4462,4565
4553: 4548,4448,4661,4559,4655,4658
9917: 9988,9334,9938,9353
9551: 9612,9257,872,9405,1512
7375: 8031,8186,7460,7289,7462,7631
7252: 9299,6105,9639,6007
6886: 6696,6884,7163
9280: 4817,4826,4730,9877,9266,9602
5697: 5598
9654: 2752,9841
9673: 9672,9863,9811,9794
8921: 9111,9024,8972
9049: 9170
2509: 2699,2511,2321,2228,2698
9983: 8683,8861,9017
2511: 2699,2509,2321,2416,2512,2326
2512: 2609,2610,2326,2699,2511
6209: 6974,9684,6507,6403
5138: 9503,9454,5036,5142,5031,5338
7460: 7110,7630,7289,8031,7375
2842: 
9587: 9702,9836,9981,7884,8120
10027: 9646,9866,9999,9887
7249: 7248,9998
9506: 9330,9570,980,9433
6781: 6590,6784,7060,9518,6969
3982: 4083,3983
2523: 181,2151,2806,100,2902,2710
2524: 1973,2336,2808
8470: 
2526: 1709,2244,2153,1542,2906,2715
8356: 7974,7207,7811,8208,7117
9640: 9420,9217,9237,9292,9378,9277
8674: 8675
3330: 
2531: 2534,2161,1716,2815,2721,2536
9271: 9628,9904,9616,9344,8663,9875
9126: 8885,9039,9085,9501,9387
2534: 2161,2253,2531,2165,2536,2441
8776: 8590,9285
2536: 2818,2721,2538,2534,2531,2441
9775: 9699,9791,9329,9950,9345,9416
2538: 2818,2536,2170,1991,2441,3205
8695: 9739,9976,8425,9236
2540: 3121,3119,9717,2824,9700,3607
9473: 9464,9468,9527,9439,9324
9482: 9352,10013,9574,9408
9899: 9665,9874,9774
5713: 5916,5813,5613,5709,5710
4611: 4616,4725,4606,4719,4709
9773: 9650,9839,9603,9805,6731,9301
8262: 7719,8333,9376,9426,9836,8033
2870: 2964,2772,2390,2967,3262,3460
9069: 9024,8868,8812,8981
7164: 7073,6983
2551: 2459,1915,2554,2642,2639,2738
2552: 2453,1488,1561,2362,9389
2553: 2733,9624,1820,2826,9319,2830
2554: 2551,1915,9859,2738,9491,9924
4072: 4073,3971
4336: 4331,4232,9521,9569,9282,9734
9674: 9830,9276,9956,9586,801
5180: 5281,5578,5478
9923: 9598,9933,9589,9547,9809
6974: 6209,6984,6010
4969: 4968,4871,5070,5167
2893: 2895,2704,2609
8358: 8430,8211,8632,8210,8636
6062: 5870,6348,5868,6631,5965
4730: 4527,4937,9877,4823,4817,9280
9214: 9114,9187,9074
9559: 9531,9457,9525,9400,9518,9466
9545: 9292,9378,8984,9450,9456,9828
9410: 9455,9578,9394,9533,9311,9367
2570: 2669
2571: 2384,2196,2476
8485: 9140,8419,8273,8346
2695: 2600
5942: 5746,9910
6804: 6805,6520
2576: 2387,2767
9273: 1044,217,9326,9589,9809,1446
2578: 3450,1931,2022,3646,9931
9423: 9349,9568,7884,8120,9688
2580: 2866,9595,9532,10033,9619,2968
7719: 8262,8333,7721,8042,8033,7885
5345: 
9247: 9295,9528,9372,1867,1198,1525
2584: 2201,2111,2778,2585
2585: 2492,2778,2212,2395,2584,2111
2586: 2689,2685,1762,2403,2030,2492
8807: 8916,8748,8917
9955: 4030,9922,4329,9935,4332,9814
2698: 2699,2509
7675: 7503,7505,9466,9735,8597,9952
5417: 5917,5215,5317,5121,5023,5421
2691: 2595,2881,2689
4876: 4773
7400: 7135,7398,7311,7742
2595: 2311,2218,2403,2689,2691
9632: 9985,9755,9808,9350,9604,9404
9162: 9567,9239,9615,9037,9242,9194
6460: 6461,6265,6744,6645,6927
8475: 8478
2600: 2411,2412,2695
9857: 9752,9762,8301,8304,8376,10030
8632: 9449,8631,8694,8636,8358
5609: 
7368: 7276,7542,7617,7627,9472
9218: 9122,9079,9238,9217,9504,9307
9375: 9396,9597,9582,9834,10032,9947
3874: 3774
8192: 8189
2609: 2512,2610,2057,2893,2704
2610: 2512,2609,2326,2057,2236,1881
9374: 3849,3552,3536,9332,9425
7909: 7579,7988,8150,8513,8372,8225
5331: 5727,6028,5230
9671: 9742,9862,10023,9970,9965,9845
7311: 8144,7742,7398,7400,8143
6564: 7123,6658,6847
4481: 4480
9744: 9932,9756,10036,9621,9912
4349: 4263,4458,4146,4347,4450,4240
6242: 5355,6244,6339,6338,6335
9859: 9554,9961,9731,1915,2554,9924
9649: 9875,9795,8383,9904,9284
4527: 4626,4730,4525,4529,4937
9942: 9531,9457,9963,9651
4893: 
5366: 5466,5269,5462,5070,5754,5175
3450: 2858,3842,2578,2022,3646
4399: 4298
8430: 8358,8211,8636,8429,8878,8499
8474: 8264,8737
6631: 5965,6062,6348,6629,6820
8498: 7478,7649,7733,8210,8056
9369: 616,1118,750,9580,9323,9626
3928: 3733,3734,3226,3727,3722,3526
9532: 9286,9479,2770,10033,2580,9595
9046: 8837,8950,8949
9698: 9804,9853,9657,9883,9969,9440
3412: 3805,3612,3607,3121,3027,3506
2639: 9720,2642,1816,2551,2733,2738
6520: 6804
7723: 7721,7888,7550,7641,7555,8867
2642: 1473,1816,2643,2551,2459,2639
2643: 1473,2642,1075,2451,2364,2459
9887: 9799,9599,9866,9689,9646,10027
5917: 5419,5215,5417,5421,6508,6018
3485: 3386
9010: 9016,8962
3670: 9261,3367,3771
2649: 9319,2830,3025,9585,2744,9913
3166: 3763,3860,2866,2967,2968,3460,2391
6927: 7020,6832,6460,6744,7019
7770: 7932,7769,7936,7771
9580: 9393,9460,9323,10040,9369,9626
4458: 4463,4263,4349,4450,4462,4559
2655: 2657,2752
8991: 8990,8708,8705,8882,8989
2657: 2655,2468,2658,2752,9841
2658: 2657,2468,9841
9629: 9960,9894,9600,9297,9556,10005
8455: 8380,9938,9988
9250: 9279,1902,1810,9902,9481,9715
2662: 2758,2953
8820: 9292,9889,8983,9919,8984
3947: 3942,3452,3536,3837,3552
8675: 8676,8674
2666: 9361,9542,1747,2201,2111,9965
9599: 9522,9799,9887,9646,9498,9513
9488: 9514,9388,9264,9365,527,9495
2669: 2570
9167: 10014,9166
3470: 3572,3471,2678,9476,9244
9973: 9823,9728
4329: 4123,9935,4332,3821,9955
4085: 
8811: 7470,7558,9563,7973,9497,9584
7569: 7130,7396,7570,7737
9291: 9812,9264,9980,9635,9363,9530
2678: 3471,3470,3271,3372,9244
2808: 2336,2524
9665: 9737,9874,9899
3489: 3589
8599: 8163
9431: 9300,9315,9288,9324,9464,9566
9610: 9564,9613,9546,9827
2685: 2881,2689,2586,2492,2778,2974
4968: 5064,4867,4871,4870,5167,4969
6598: 6695,6307
9315: 9300,9431,9566,9445,9287,9526
2689: 2881,2685,2586,2403,2595,2691