9266: 9877,9280,9602,9454,9348,9523
9886: 9426,9413,9694,9312,9832,9702
9339: 4697,9440,9804,9337,9341,9432,9644
9882: 9895,9245,9840,9745,10008,9474
9378: 9456,9545,9277,9292,9640,9420
9556: 9317,9571,9982,9629,9297,10005
9762: 9789,10030,9752,9857,10003,10039
3486: 9837,9865,9974,9933,9788,9940
4811: 9397,5138,9602,9454,9503
9361: 2778,9758,9747,9542,9630,9663
5975: 9805,9379,7360,5882,9355
8475: 
9376: 9423,9836,9346,9426,9484
10012: 10031,9768,9880,9714,6682,10009
9954: 9973,2806,9474,9451,9745
9562: 9429,9784,9249,9409,4498,5138
9512: 9540,9543,5870,6348,9406,6085
9482: 9574,9408,9352
10017: 9871,9985,9574,9808
10007: 9987,9983
9833: 9687,9953,9783,9910
10011: 9576,9878,10036,9891,9925,9932
9394: 9605,9619,9541,9533,9410,9455
9721: 9751,9777,9718
9335: 9645,9709,9813,9722,9715,9296
9962: 9946,9879,2699,2609,9439,10026
9590: 9804,9553,9337,9441,9248,9366
9690: 10034,9944,9347,9695,9763,9989
9354: 9458,9310,9465,9402,9499,9550
9568: 9625,9423,9349,9391
9990: 9771,9815,9516,10041,9713,9957
9774: 9669,9747,9986,9899,9874,9425
9768: 10012,10031,9753,9684,9714,9898
9848: 5564,9884,9776,9964,9710,10019
9958: 9380,9818,9940,9865,9757,9746,9298
9890: 9921,9897,10028
9294: 9454,9480,9503,9523,10025,9703
9663: 2699,9965,9918,2778,9361,9879
9392: 9633,9761,9700,9269,9459,9483
9451: 9948,9730,9973,9954,9745
40: 
6085: 9915,9860,9696,9512,5870,9406
9533: 9311,9410,2968,9256,9541,9394
9362: 9398,9377,9244,10042,9476,9529
9782: 9907,9338,9537,9446,9460,10040,9273
9265: 9490,9901,9305,4950,9968,9909
9317: 7318,9556,7988,9982,9297
9588: 9593,5775,9967,9379,9622,9252
9834: 9947,9693,9620,9396,9375
9746: 9853,9657,9757,9958,9298,9441
7988: 9317,9617,9795,8225,9982
9633: 9761,9392,9459,9357,9280,9670
9280: 9877,9357,9602,9670,9266,9633
9322: 9403,9445,10001,9611,9607,9810
9645: 9335,9709,9813,9913,9717,3119
9295: 9247,2778,9758,9427,9528,9918
9607: 9377,9810,9322,9403,9638,9308
9796: 9485,9759,9790,9679,9704,9697
9530: 9291,9389,9554,2733,9495,9264
9469: 9309,9801,9753,9494,9847,9417
9935: 9304,9955,9814,9328,2928,9262
9945: 9821,9730,9719,9826
9779: 9627,9417,5408,10031,9880,9977
9914: 9685,9341,9896,10016,9494,9847
9851: 9850,9732,978
9943: 9529,9920,9638,9647,9435,9650
9835: 9738,9754,9852,9915,9696,9764
9374: 9899,9665,9621,9756,9332,9424
9631: 9517,9253,7146,9274,9616,9271
9855: 6695
9566: 9464,9324,9611,9431,9315,9445
9829: 9270,9760,9707,9736,9798,9655
9434: 9711,9373,9447
9683: 9842,9594,9293
9709: 9645,9335,9717,9246,9296,9700
9498: 9258,9513,9538,9599,4448,9522
9519: 9842,9594,9340,10030,9285
9928: 9733,9534,9486,9390,9413,9484
9325: 9398,10033,9364,9463,9261,9476
9854: 9767,9926,10043,9787,9691,9889
9508: 7360,9301,9561,5882,9310,9643
10023: 9542,9327,9579,9965,9970,9671
9398: 9325,9362,9659,10033,9244,9476
9765: 3743,9677
9699: 9345,9791,9883,9775,9329,9950
9629: 9600,9894,9297,9556,9960,10005
9415: 9637,2685,9372,9737,9251,9247
9510: 9286,9675,9862,9662,9997,9822
9814: 9328,9825,9922,9935,9955
5640: 
9766: 9876,9704,9927,9978,9921
9691: 9292,9889,9787,9854,9450,9800
9922: 9921,9897,9876,9955,9814
9853: 9698,9657,9746,9441,9440,9804
9617: 9795,10029,9448,8225,9938,7988
7318: 9317,9649,9284,9081,9126,9297
9880: 10012,10031,9779,9517,9977,10009
9698: 9853,9657,9883,9807,9969,9440
9787: 9634,9438,9767,9854,9800,9691
9993: 9390,9436,9763,9465,9944,9534
9931: 9891,9888
9738: 9754,9846,9835,9764,9627,5408
9279: 9481,9254,9250,9715,9443,9296
9907: 9782,9338,9793,9326,9589,9273
9754: 9738,9846,9885,9852,9835,9303
9819: 1592,9748,9972,9399,9500
9857: 8309,9340,9752,9356,9762,10030
9565: 9775,9329,9487,9806,9515
9918: 9663,9295,2778,9528,9414,9879
9788: 9547,9321,9933,3486,9940,10002
8225: 9752,9448,9617,7988,9982,10003
9426: 9886,9413,9484,9376,9836,9702
9722: 9903,9715,9708,9720,9335,9813
4083: 9668,9259,9430,3701,3502,4498
9660: 9368,9584,9444,9661,9767,10043
9761: 9633,9392,9700,9246,9342,9357
9852: 9754,9835,9593,9915,9303,9622
9456: 9686,9378,9545,9277,9984
9858: 9794,9811,9827,9996
6682: 9505,10009,10012,9714,9359,9712
9724: 9309,9801,9764,9601,9860,9696
10010: 9822,10001,9675,9659,9810,9244
9609: 9582,9591,9572,9327,9579,9555
9729: 9472,10024,7617,9705,9733,9486
9405: 9612,9949,9551,9682,9748,9257
9878: 9576,10011,9255,9925,9972,9500
4485: 9807,9969
9589: 9598,9326,9907,9273,9809,9923
9514: 9388,9321,9812,9743,9488,9264
9964: 9776,9792,9873,5564,9848
9713: 9520,9816,9990,9516,9957,3722
9838: 9689,9887,9866,9870,9994,10000
9899: 9874,9665,9374,9332,9425,9774
9982: 9571,10003,8225,9317,9556,7988
4463: 5064,9331,4057,9799,4146,9522
9490: 9265,9901,9367,4950,9578,9658
10027: 9866,9999,9646
9245: 9895,9882,9474,9980,9363,9552
9467: 9563,9477,9458,9478,9550
9974: 9933,9809,9869,9487,9837,3486
9868: 5332
141: 
9884: 5564,9848,9261,9603,10019,9667
9572: 9582,9609,9597,9986,9327,9630
5564: 9884,9848,9261,9364,9964
6249: 9725,9347,9817,9776,9710,9695
3119: 2928,9717,9913,9304,9645
978: 9851
9431: 9300,9288,9315,9468,9464,9566
9619: 9605,9595,9394,9455,9463,9608
5870: 9433,6348,9575,9512,9860,6085
10040: 9869,9806,9273,9782,9626,9460
9407: 9661,9563,9438,9892
10033: 9398,9325,9659,9595,9532,9463
9401: 9726,9979,9553,9668,9259,9911
9441: 9298,9248,9853,9746,9804,9590
9536: 9298,9248,9380,9577,9268,9358
9708: 9722,9903,9365,9720,9470
9644: 10020,9896,9911,9339,9337,9341
9382: 9399,9500,9255,9637,2305
9246: 9342,9443,9296,9709,9761,9700
9985: 9871,10017,9632,9755,9808,10018
9957: 9966,3722,9990,10038,10041,9713
9578: 9872,9658,9455,9367,9410,9490
10002: 9316,9818,9940,9388,9321,9788
9606: 9780,9635,9905,9267,9961,9389
9692: 9293,9786,9336,9893,9750
9630: 9542,9327,9747,9986,9361,9572
9421: 9371,2305,9496,10037,9655
9983: 9981,9987,10007
9292: 9691,9640,9889,9450,9378,9545
9485: 9759,9796,9924,9333,9585,9697
9324: 9464,9566,9611,9473,9527,9428
9319: 9624,9720,9333,9585,9813
9446: 9263,9537,9461,9803,9782,9460
10005: 9664,9960,9824,9556,9571,9629
9495: 9365,9488,9264,9530,2733,9624
9413: 9886,9426,9484,9928,9733,9312
9843: 9934,9856,9770,9956,9586,9281
9523: 7152,9348,9266,9454,9294,9703
9736: 9823,9821,9829,9270,9798,9769
9648: 9400,9559,9701,9666,9849,9518
9751: 9721,9777,9959,9877,9670,9718
9332: 9424,9620,9899,9374,9425,9396
9601: 9908,9511,9575,9860,9309,9724
9253: 9517,9636,9631,9977,9299,9274
9581: 9881,9653,9844,9681,9492
9596: 9299,9639,9497,9368,8631,9971
9259: 9668,4083,9430,9366,9553,9401
9895: 9245,9882,9840,9780,9635,9363
7570: 9307,9919,6385,9930,8496,9504
9367: 9539,4950,9311,9410,9490,9578
9258: 9498,9513,9538,9723,9573,9412
9299: 9596,9639,9636,9253,8631,9274
9893: 9336,9437,9651,9831,9692,9786
9433: 5870,6348,9575,9330,9313,9506
9950: 9657,9757,9329,9837,9699,9883
9450: 9739,9800,9691,9292,9828,9545
9741: 10036,9912,9744
9881: 9581,9716,9653
9700: 9761,9392,9709,9269,9717,9246
9650: 9805,9967,9773,9943,9920,9647
9126: 9387,7899,9081,7318,9600,9297
9669: 9747,9774,9874,2685,9247,9758
9369: 9580,9706,9946,9323,10026,9991
9976: 9739,9800,9625,9634,9641,9391
9385: 9345,9791,9300,9288,9370,9900
9662: 2609,9997,9527,9510,9822,9428
8807: 
2778: 9295,9758,9361,9663,9918
9870: 9947,9693,9866,9999,9838,9994
9815: 9990,9771,10041
9586: 9276,9674,9281,9843,9956,9830
9961: 9267,10021,9606,9389,9554,9859
10000: 9994,9422,9462,9689,9838,9797
9583: 9785,9452,9861,9360,9249,9701
9849: 9861,9726,9979,9666,9648,9701
9269: 2928,9717,9521,9392,9700,9483
9941: 9992,9792,9873,9901,9658,10035
9908: 9511,9278,9601,9685,9309,9847
9920: 9529,9943,9839,10042,9650,9773
9569: 9734,9328,9825,6420
9544: 9712,9988,9952,9359,9917,9386
9484: 9426,9413,9928,9346,9390,9376
9529: 9943,9920,9638,9362,9377,10042
9997: 9662,9742,9671,9862,9510
9656: 9793,9728,9769,9781,9537,9338
9681: 9844,9828,9641,9739,9581,9653
9887: 9689,9838,9599,9646,9866,9513
9604: 4146,4448,9302,9350,9632,9808
9749: 9827,9546,9567,9615,9811,9863
9716: 9881,9653,9864,9381,9995
9470: 9902,9577,9557,9365,9903,9708
9515: 9272,9416,9706,9626,9806,9565
5064: 4463,9331,4057,4146,9350,9539
9677: 3743,9765
9769: 9656,9728,9823,9736,9798,9781
9462: 9422,10000,9797,9489,9256,9442
9261: 5564,9884,9364,9325,9476,9603
9248: 9298,9441,9536,9268,9590,9366
9970: 9845,9671,9862,10023,9579,9351
9965: 2699,9663,9542,10023,9671,9742
9667: 9301,9561,9884,9839,9603,10019
9461: 9263,9446,9803,9496,9393,9642
9593: 9588,5775,9406,9915,9622,9852
9558: 9318,9894,9501,9507
9373: 9711,9678,9452,9998,9447,9434
9723: 9646,9412,9258,9513
9570: 9900,9384,9330,9370,9506
9594: 9842,9519,9683,9293,9340,9750
9637: 9372,9415,9255,9251,9382,2305
2305: 9371,9421,9382,9637,9372
9971: 8631,9930,9368,9596,9926,10043
9575: 9433,5870,9511,9601,9506,9860
9830: 9719,9826,9841,9956,9276,9586
9445: 9287,9322,9403,9566,9611,9315
9673: 9794,9811,9863,9672,10014
9612: 10004,9405,9551,9770,9257
9516: 9990,9771,9520,9713
10035: 9471,9867,9901,9305,9992,9941
7899: 9387,9615,9126,9081,9079,9567
9406: 9593,5775,9540,9512,9915,6085
9824: 9664,10005,9571,10039,9727
10006: 9975,9680,9867,9992,9725,9817
9822: 10010,10001,9428,9662,9675,9510
10031: 10012,9768,9880,9753,9779,9417
9917: 9353,9334,9386,9544,9988,9938
9478: 9355,9290,5882,9458,9467,9477
9832: 9981,9702,9987,9694,9886
9257: 1592,9748,9405,9612,9770,9281
9296: 9246,9443,9715,9335,9709,9279
9862: 9845,9970,9671,9997,9286,9510
9582: 9591,9609,9572,9597,9375,10032
9874: 9899,9665,2685,9737,9669,9774
9827: 9749,9546,9610,9811,9858
9791: 9699,9345,9385,9883,9807,9900
9344: 9875,9271,7146,9505,9395,9740
9418: 9912,9621,9772,9424
9486: 9928,9733,9534,9705,9289,9729
9357: 9280,9602,9342,9633,9761,9397
2609: 9662,9742,2699,9962,9439,9527
9592: 9336,9437,9353,9334,9356,8309
9949: 9551,9405,9682,9888
9921: 9890,9922,9897,9876,9766
9969: 4697,9440,9807,9698,4485,9475
9546: 9827,9749,9567,9560,9610,9564
9909: 9549,9968,9755,4950,9404,9265
9793: 9656,9728,2806,9907,9338,9326
9481: 9279,9254,9250,9493,3701,3502
10037: 9798,9781,9655,9496,9421,9803
9494: 10016,9753,9684,9847,9914,9469
6695: 9855
9960: 9664,10005,9629,9894,9318
9794: 9673,9811,9858,9996
9727: 10039,9939,9789,9824
9979: 9726,9849,9401,9666,10020,9911
9726: 9861,9849,9979,9401,9668,9784
10042: 9839,9476,9603,9362,9529,9920
9473: 9439,9527,9676,9464,9324
9538: 9498,9258,9573,9408,4448,9302
9613: 9618,9610,9420,9564,9307,9277
9686: 9456,9277,9618
9801: 9469,9309,9724,9764,9417,5408
10029: 9740,9617,9795,9988,9395,9938
9307: 7570,9919,9640,9504,9613,9420,9564
9755: 9632,9985,9404,9549,9909,10018
9489: 2968,9256,9797,9462,9331
9682: 9925,9972,9888,9949,9405,9748
9772: 9424,9620,9418
10036: 9891,9741,9932,9744,10011
9836: 9423,9376,9426,9702,9587,9688
9585: 9913,9697,9485,9319,9333
9542: 9327,10023,9630,9361,9965
9837: 9865,3486,9974,9329,9487,9950,9757
9500: 9382,9399,9972,9819,9255,9878
9733: 9928,9486,9729,10024,9312,9413
9567: 9749,9546,9560,9079,7899,9615
9888: 9925,9682,9931,9949,9891
9291: 9530,9389,9635,9812,9363,9264
9712: 9544,9988,9395,9359,6682,9505
5841: 
10025: 9711,9678,9480,9294,9703
9916: 9864,9587,9688,9995
10038: 10041,9966,9957
9428: 9822,10001,9662,9527,9324,9611
9410: 9533,9311,9367,9394,9578,9455
9503: 9454,9480,9294,5138,4811,9429
9411: 9351,9535,9541,9845,9605,9479
9714: 9359,9466,9898,10012,9768,6682
9597: 9425,9396,9375,9986,9582,9572
9580: 9706,9626,9460,9369,9263,9323
9873: 9941,9792,9964,9872,9658
9599: 9689,9887,9498,9513,9522,9799
9803: 9537,9446,9461,9496,9781,10037
9624: 9319,9720,9333,2733,9495,9365
9327: 9542,10023,9630,9579,9609,9572
9875: 9904,9344,9271,9649,9740,9284
9643: 9310,9936,9508,9561,10034,9402
9420: 9613,9640,9307,9378,9277
9753: 9684,9494,9469,9417,10031,9768
9951: 9694,9312,10024
2699: 9663,9965,9962,9879,2609,9742
9778: 10022,9963,9831,9353,9386,9437
9745: 9882,9451,9948,10008,9954,9474
3722: 9927,9966,9957,9816,9713,9790
9744: 9932,9756,10036,9741,9912,9621
7340: 
9926: 9854,10043,9930,9971,9889,9919
9826: 9719,9830,9841,9654,9945
9789: 9762,9939,10030,9285,10039,9727
9912: 9418,9621,9741,9744
9352: 9573,10013,9408,9482
10024: 9472,9729,9733,9951,9312
3345: 
9316: 9380,9818,10002,9388,9577,9557
10003: 9571,9982,10039,9752,8225,9762
9697: 9585,9913,9485,9796,9679,9304
6420: 9569,9282,9734
9471: 9867,10035,9305,9306,9614,9343
9649: 9875,9740,9795,9284,7318
9891: 10036,9931,9925,9888,10011
9720: 9319,9624,9722,9708,9813
9557: 9470,9577,9388,9365,9488,9316
9757: 9657,9950,9746,9837,9865,9958
9911: 9644,10020,9553,9337,9979,9401
9987: 9981,9832,10007,9983
9821: 9945,9823,9736,9730,9719,9270
9792: 9776,9992,9941,9873,9964,9817
9689: 9838,9887,9599,9797,10000,9799
9541: 9411,9535,9256,9533,9605,9394
9628: 9623,9616,9904,8496,9260,9419
6140: 
9289: 9763,9989,9314,9705,9534,9486
9701: 9648,9400,9861,9849,9785,9583
9671: 9970,9862,10023,9965,9742,9997
9748: 9819,1592,9257,9405,9682,9972
376: 
9499: 7811,9550,7383,9465,9354,9436
9584: 9368,9660,9509,9444,9449,9497
9329: 9565,9775,9487,9837,9699,9950
9476: 10042,9603,9398,9325,9362,9261
9929: 9718,9348
9463: 9364,9608,9595,9619,9325,10033
9813: 9645,9335,9319,9720,9913,9722
9330: 9370,9313,9526,9570,9433,9506
9271: 9904,9344,9875,9631,7146,9616
9984: 9844,9828,9456,9545
9276: 9586,9674,9719,9830,9270,9760
9608: 9364,9463,9619,9872,9455
9391: 9381,9349,9641,9625,9568,9976
9249: 9429,9784,9360,9562,9861,9583
9454: 9294,9503,4811,9602,9266,9523
9455: 9578,9872,9410,9619,9394,9608
9379: 9805,9967,5975,9588,9355,9252
9866: 10027,9999,9646,9870,9838,9887
9616: 9623,9274,9628,9631,9904,9271
9668: 9259,4083,4498,9726,9401,9784
9312: 9694,9951,10024,9733,9886,9413
9328: 9814,9825,9935,9569,9734,9262
2364: 
9549: 9968,9909,10018,9755
9444: 9584,9660,9509,9661,9563,9477
9975: 9910,9680,10006,9725,9783,10015
10016: 9684,9494,9914,9896,6009,9906
9311: 9533,9410,4057,2968,9539,9367
9780: 9635,9606,9905,9937,9895,9840
9540: 9435,9512,9543,9647,5775,9406
9802: 9672,9507,10014
9331: 5064,4463,4057,9799,9797,2968,9489
9638: 9529,9943,9607,9377,9435,9308
9752: 9448,8225,9356,9857,10003,9762
9504: 9560,8496,9260,7570,9307,9564
9488: 9495,9365,9264,9388,9514,9557
9760: 9829,9270,9707,9276,9674
9646: 9723,9866,10027,9513,9887
9397: 4811,9320,9342,9357,9602
9759: 9485,9796,9924,9790,9731,9816
9081: 9284,9419,9079,7318,7899,9126
9640: 9292,9889,9307,9919,9378,9420
9900: 9570,9385,9791,9807,9370
9679: 9876,9704,9796,9697,9304,9955
9343: 9614,9471,9867,9652,9680
9847: 9494,9908,9914,9685,9469,9309
9303: 9453,9622,9754,9885,9852,9449
1019: 
9555: 9351,9535,9591,9609,9579,9442
9247: 9295,9758,2685,9372,9415,9669,9427
9595: 9605,9619,9479,9532,9463,10033
9968: 9549,9909,9265,9305,9306
10039: 9571,10003,9762,9789,9824,9727
7811: 9499,9550,7383
9255: 9576,9878,9251,9382,9500,9637
9877: 9280,9670,9266,9751,9348,9718
10026: 9439,9946,9962,9369,9991,9676
3820: 
9539: 9367,4950,9404,5064,4057,9311
9309: 9469,9724,9801,9908,9601,9847
9551: 9949,9405,9612
9688: 9864,9916,9587,9423,9836,9349
9885: 9754,9846,9303,9449,9639,9497
9797: 9689,10000,9462,9331,9799,9489
9693: 9947,9834,9870,9999
9341: 9914,9685,9432,9339,9644,9896
9996: 9794,9858,8658
10008: 9948,9882,9840,9745
9517: 9631,9253,9977,9880,7146,10009
3743: 9765,9677
9784: 9249,9562,9668,4498,9861,9726
9942: 9651,9447,9831,9998,9531,9963
9264: 9495,9488,9812,9530,9291,9514
8044: 
9448: 9752,8225,9356,9938,9334,9617
9492: 9581,9844
9371: 2305,9496,9421,9372,9427,9642
9973: 2806,9954,9823,9730,9451,9728
5775: 9588,9593,9406,9647,9540,9967
9573: 10013,9352,9412,9258,9538,9408
9988: 9544,9712,9395,9917,10029,9938
9666: 10020,9849,9979,9518,9906,9648
9933: 9974,9809,9923,9547,9788,3486
9938: 9448,9988,9917,9334,9617,10029
9365: 9495,9488,9624,9470,9557,9708
9552: 9980,9275,9474,9245,9598,9383
9300: 9431,9288,9315,9385,9370,9526
9453: 9303,9622,9252,9290,9509,9449
9360: 9429,9249,9480,9452,9583,9678
9799: 4463,9331,9689,9599,9797,9522
9665: 9899,9874,9374,9756,9283,9737
9475: 9384,9969,4697,9278,9432
9432: 9685,9341,9475,9339,4697,9278
9615: 9387,7899,9749,9567,9863,9548
9670: 9877,9280,9633,9459,9959,9751
9561: 9508,9301,9667,9936,10019,9643
9850: 9851,9732
9995: 9864,9916,9716
9408: 9574,9482,9573,9352,9538,9302
9731: 9759,9924,10021,9520,9816,9859
9809: 9974,9933,9923,9589,9869,9273
9839: 10042,9603,9920,9301,9667,9773
9414: 9946,9879,9323,9393,9528,9918
9449: 9584,9509,9453,9303,9885,9497
9496: 9371,9421,10037,9642,9461,9803
9466: 9952,9714,9359,9898,9525,9735
9840: 9895,9882,10008,9937,9780
9711: 9678,10025,9373,9434
9717: 9269,2928,3119,9645,9709,9700
9946: 9414,9962,9879,9323,9369,10026
9598: 9326,9589,9383,9275,9552,9923
9550: 7811,9499,9354,9458,9467
9277: 9686,9456,9378,9618,9613,9420
4498: 9409,3502,9668,4083,9784,9562
9079: 9081,9419,9560,9260,9567,7899
9460: 9580,9626,9263,9446,9782,10040
9777: 9721,9751,9959
9627: 9779,5408,9738,9846,9636,9977
1529: 
9577: 9902,9470,9557,9380,9316,9536,9358
1246: 
9527: 9473,9439,9662,2609,9428,9324
9602: 9357,9280,9266,9397,4811,9454
9524: 9459,9483,9959,9282
9739: 9450,9976,9800,9641,9828,9681
5138: 4811,9409,9429,9562,9503
9359: 9952,9714,9466,6682,9544,9712
9611: 9324,9566,10001,9428,9322,9445
9334: 9917,9353,9592,9448,9356,9938
9785: 9452,9998,9531,9583,9400,9701
9842: 9519,9594,9683
9427: 9528,9642,9372,9371,9247,9295
9320: 9397,9254,9342,9443,9409
9930: 6385,8631,9971,9926,7570,9919
9632: 9350,9755,9808,9604,9985,9404
7880: 
513: 
9828: 9844,9984,9681,9450,9739,9545
9531: 9785,9998,9400,9963,9457,9942
9603: 9839,10042,9476,9884,9261,9667
9353: 9917,9334,9386,9778,9437,9592
9416: 9272,9468,9515,9775,9288,9345
9684: 10016,9753,9494,6009,9768,9898
9652: 9343,9910,9680
9252: 9453,9622,9379,9588,9355,9290
9436: 9346,9390,9993,9465,9499,7383
9805: 9967,9379,5975,9650,9773,7360
9823: 9821,9736,9730,9728,9769,9973
9318: 9558,9894,9960
9286: 9532,9675,9510,9845,9862,9479
9564: 9610,9613,9307,9560,9504,9546
9621: 9912,9418,9756,9744,9424,9374
9903: 9722,9715,9708,9902,9470,9250
9472: 9729,10024,7617
9474: 9954,9245,9882,9745,9383,9552
9871: 10017,9985,9820,10018
9310: 9354,5882,9458,9643,9508,9402
9346: 9390,9436,7383,9484,9376
9902: 9470,9577,9903,9493,9358,9250
9732: 9850,9851
10009: 7146,6682,9505,10012,9880,9517
9545: 9456,9378,9450,9292,9984,9828
9393: 9528,9642,9263,9461,9414,9323
9273: 10040,9869,9907,9782,9589,9809
9525: 6009,9518,9559,9466,9898,9735
9703: 9294,7152,9523,10025
9283: 9932,9756,9576,9251,9665,9737
9278: 9908,9511,9475,9384,9685,9432
9507: 9802,9672,9548,9501,9558
9355: 9290,9478,9379,5975,5882,9252
9366: 9259,9430,9248,9268,9553,9590
9919: 7570,9307,9926,9930,9640,9889
9464: 9324,9566,9473,9468,9676,9431
9807: 9791,9883,9698,9900,4485,9969
9905: 9780,9606,9937,9267
9293: 9692,9750,9594,9683
10014: 9673,9802,9672
9518: 6009,9525,9906,9666,9648,9559
9425: 9597,9396,9332,9899,9774,9986
9479: 9605,9595,9411,9845,9286,9532
4146: 4448,9604,9522,5064,4463,9350
9825: 9814,9328,9897,10028,9569
9267: 9961,10021,9606,9905
9658: 9578,9872,9490,9901,9941,9873
10032: 9994,9422,9947,9375,9582,9591
9756: 9932,9283,9744,9621,9665,9374
9614: 9306,9343,9471
9883: 9699,9791,9807,9698,9657,9950
4448: 4146,9604,9302,9522,9498,9538
9879: 9946,9414,9962,2699,9663,9918
9396: 9597,9425,9375,9332,9620,9834
9991: 9272,9676,9706,9369,10026
10004: 9612,9934,9770
9402: 9465,10034,9944,9354,9310,9643
9404: 9539,4950,9350,9632,9755,9909
9381: 9349,9641,9391,9864,9716,9653
9275: 9980,9552,9743,9598,9923,9547
9587: 9916,9688,9836,9981,9702
10015: 9989,9314,9975,9725,9347,9783
10034: 9402,9944,9690,9936,9695,9643
9844: 9984,9828,9681,9581,9492
9675: 9286,9532,9510,10010,9822,9659
9459: 9524,9483,9959,9633,9392,9670
9687: 9705,9953,9783,9833,9314,7617
9563: 9661,9407,9467,9477,9444
9659: 9398,10033,9532,9675,10010,9244
9953: 9687,9833,7617
9775: 9565,9329,9416,9699,9345
9966: 9927,9978,9957,3722,10038
9977: 9517,9636,9253,9779,9627,9880
9898: 9714,9466,9684,6009,9525,9768
9537: 9446,9803,9781,9656,9782,9338
9773: 9805,9650,9839,9920,7360,9301
5332: 9868
9657: 9698,9853,9950,9757,9746,9883
9618: 9610,9613,9686,9277
9767: 9854,10043,9661,9660,9787,9438
9672: 9863,9802,9507,9548,9673,10014
9904: 9875,9271,9628,9616,9284,9419
9764: 9724,9801,9696,9738,9835,5408
8658: 9996
9308: 9435,9543,9607,9403,9502,9638
9702: 9981,9832,9886,9426,9836,9587
9763: 9289,9989,9944,9690,9534,9993
9281: 9586,9674,9843,9770,1592,9257
9676: 9272,9468,9991,9473,10026,9464
9298: 9441,9248,9536,9380,9958,9746
9447: 9651,9942,9998,9373,9434
9678: 9711,10025,9373,9360,9480,9452
9377: 9607,9810,9244,9362,9529,9638
9956: 9843,9856,9586,9830,9841
9409: 3502,4498,9254,5138,9320,9562
9955: 9304,9935,9679,9876,9922,9814
9750: 8309,9340,9336,9293,9692,9594
9740: 9795,10029,9395,9344,9875,9649
9994: 9422,10000,10032,9947,9870,9838
9251: 9576,9255,9283,9637,9415,9737
9694: 9951,9312,9886,9832
9718: 9929,9877,9721,9751,9348
3545: 
9579: 9327,10023,9609,9351,9555,9970
9287: 9403,9502,9445,9315,9313,9526
9653: 9581,9881,9716,9381,9641,9681
9605: 9595,9619,9394,9479,9411,9541
9422: 9994,10000,10032,9462,9591,9442
2685: 9415,9737,9874,9669,9247
9386: 9917,9353,9952,10022,9778,9544
9288: 9300,9431,9416,9468,9345,9385
9522: 4146,4448,9498,9599,4463,9799
9867: 9471,10035,9343,9992,9680,10006
9861: 9726,9849,9784,9249,9701,9583
1592: 9819,9748,9257,9674,9281
9634: 9787,9438,9892,9625,9976,9800
9923: 9933,9809,9598,9589,9275,9547
3502: 9409,4498,9481,9254,4083,3701
9728: 9656,9793,9769,9823,9973,2806
9358: 9268,9493,9902,9577,9536
9250: 9481,9279,9902,9903,9715,9493
9543: 9435,9540,9512,9308,9502,6348
1006: 
9535: 9411,9351,9555,9541,9256,9442
9685: 9914,9341,9432,9908,9278,9847
9297: 9600,9629,9317,7318,9556,9126
9468: 9272,9416,9676,9464,9431,9288
9388: 9321,9514,9488,9316,10002,9557
9636: 9253,9977,9846,9627,9299,9639
9696: 9915,9860,6085,9724,9764,9835
9429: 9360,9249,9562,5138,9480,9503
9647: 9943,9435,9540,9967,9650,5775
2928: 9269,9717,3119,9935,9262
9493: 9268,9358,9902,9481,9250,9430,3701
9554: 9491,9859,2733,9961,9530,9389
9967: 9805,9379,9650,9647,9588,5775
9894: 9600,9629,9501,9960,9558,9318
9342: 9246,9443,9761,9397,9320,9357
9845: 9970,9862,9411,9351,9479,9286
9948: 9451,10008,9745
9715: 9722,9903,9335,9279,9250,9296
9816: 9520,9713,3722,9759,9790,9731
9978: 9927,9966,9766
9333: 9319,9624,9491,9485,9924,9585
9438: 9634,9787,9892,9661,9407,9767
9509: 9584,9444,9449,9290,9453,9477
2658: 
9301: 7360,9508,9561,9667,9839,9773
9511: 9908,9278,9601,9506,9384,9575
9526: 9330,9370,9313,9300,9315,9287
9776: 9792,9964,9848,6249,9817,9710
9559: 9648,9400,9525,9518,9735,9457
9372: 9637,9415,9371,2305,9247,9427
9370: 9330,9526,9300,9385,9900,9570
9443: 9246,9342,9296,9279,9254,9320
9623: 9274,9628,9616,6385,8631,8496
9314: 9289,9989,10015,9705,9687,9783
9818: 9380,9316,9958,9940,10002,9865
9260: 9560,8496,9504,9628,9419,9079
9758: 9247,9295,2778,9361,9669,9747
3701: 4083,9430,9493,9481,3502
7439: 
9989: 9289,9763,9314,10015,9347,9690
9502: 9287,9403,9313,9543,9308,6348
9642: 9427,9393,9528,9371,9496,9461
2733: 9491,9554,9530,9495,9624
9285: 9939,9789,10030,9519
9506: 9511,9330,9570,9384,9433,9575
9480: 9294,9503,9429,9360,9678,10025
9808: 9632,9574,9604,9302,10017,9985
9364: 9463,9608,9325,5564,9261
9924: 9485,9759,9731,9491,9859,9333
9811: 9794,9673,9858,9827,9749,9863
9626: 9580,9706,9460,10040,9806,9515
9491: 9554,9859,2733,9924,9333
9560: 9260,9504,9079,9564,9546,9567
9661: 9563,9407,9660,9444,9438,9767
9256: 2968,9489,9442,9462,9535,9541,9533
9770: 9934,9843,10004,9612,9257,9281
9812: 9980,9363,9743,9291,9514,9264
9384: 9570,9475,9511,9278,9506
9771: 9990,9815,9516
9786: 9692,9651,9893
7152: 9348,9523,9703
9326: 9598,9589,9383,9793,2806,9907
9532: 9286,9675,9595,9479,9659,10033
9654: 9826,9841
9651: 9447,9831,9942,9893,9786
9695: 9936,9710,9347,6249,10034,9690
9925: 9682,9972,9888,9891,10011,9878
9290: 9355,9478,9453,9252,9477,9509
9934: 9843,9856,9770,10004
9244: 9377,9810,10010,9398,9362,9659
707: 
9952: 9359,9466,10022,9735,9544,9386
9963: 10022,9457,9778,9531,9831,9942
10018: 9549,9871,9985,9755,9820
9869: 10040,9806,9273,9974,9809,9487
9513: 9498,9258,9646,9723,9887,9599
9315: 9300,9431,9566,9287,9445,9526
10013: 9573,9352,9412
9458: 9354,5882,9310,9478,9550,9467
9437: 9336,9592,9893,9778,9831,9353
8631: 6385,9930,9971,9299,9596,9623,9274
9576: 10011,9255,9878,9251,9932,9283
9440: 9339,9969,4697,9698,9853,9804
9889: 9691,9292,9640,9926,9854,9919
9340: 8309,9857,9750,9519,9594,10030
9274: 9623,9616,9299,9631,9253,8631
9892: 9634,9438,9407,9625
9395: 9712,9988,9505,9344,9740,10029
7383: 7811,9499,9346,9436
9349: 9381,9391,9423,9568,9864,9688
6348: 9433,5870,9502,9313,9512,9543
10001: 10010,9822,9428,9611,9810,9322
9403: 9287,9322,9502,9445,9607,9308
9350: 9632,4146,9604,5064,9404
9380: 9316,9958,9818,9577,9298,9536
9981: 9832,9702,9987,9587,9983
9896: 9644,10020,9914,9341,10016,9906
10022: 9735,9963,9457,9778,9952,9386
9571: 9982,10003,10039,9556,10005,9824
9272: 9416,9468,9991,9515,9676,9706
9735: 10022,9457,9525,9559,9952,9466
9430: 9259,4083,9366,3701,9268,9493
9863: 9672,9548,9749,9615,9673,9811
9337: 9804,9553,9590,9339,9644,9911
9841: 9830,9826,9956,9654
9521: 9282,9734,9262,9269,9483
10028: 9890,9897,9825
9435: 9540,9543,9308,9943,9638,9647
9986: 9747,9774,9597,9425,9572,9630
9635: 9780,9606,9895,9363,9291,9389
9999: 9866,10027,9693,9870
9622: 9453,9303,9252,9588,9593,9852
10019: 9936,9710,9884,9848,9561,9667
9610: 9618,9613,9564,9827,9546
9465: 9402,9944,9354,9436,9993,9499
7360: 9508,9301,9805,5975,9773,5882
8309: 9857,9340,9750,9336,9592,9356
9804: 9337,9590,9853,9441,9339,9440
9906: 6009,9518,9666,10020,9896,10016
9356: 9752,9448,9334,9592,8309,9857
9347: 9725,6249,9695,9989,10015,9690
9707: 9829,9760,9399,9655
9399: 9382,9500,9819,9707
760: 
9864: 9916,9688,9381,9349,9995,9716
9574: 9408,9482,9302,10017,9808
9992: 9941,9792,9867,10035,10006,9817
9743: 9980,9275,9812,9547,9321,9514
9783: 9687,9833,9910,9975,9314,10015
9910: 9975,9680,9652,9783,9833
9706: 9580,9626,9369,9272,9991,9515
9664: 9960,10005,9824
4697: 9339,9969,9440,9475,9432
9452: 9785,9998,9583,9360,9678,9373
6385: 8631,9930,9623,7570,8496
9390: 9346,9436,9993,9928,9534,9484
9304: 9935,9955,9679,9913,9697,3119
9806: 10040,9869,9626,9515,9565,9487
9348: 7152,9523,9877,9266,9929,9718
6009: 9525,9518,9906,10016,9684,9898
9800: 9450,9976,9739,9634,9787,9691
9457: 10022,9735,9963,9400,9559,9531
9417: 9779,5408,9469,9801,9753,10031
9959: 9524,9459,9670,9751,9777
9254: 9481,9279,9443,9409,3502,9320
9423: 9376,9836,9568,9688,9349
9655: 9798,10037,9829,9707,9421
9781: 9798,10037,9656,9769,9537,9803
9412: 9573,10013,9723,9258
9639: 9299,9596,9497,9846,9885,9636
9859: 9491,9554,9961,10021,9924,9731
9338: 9907,9782,9656,9793,9537
9795: 9740,9617,10029,9649,7988
9817: 9725,6249,9776,9992,9792,10006
9936: 9710,10019,9695,9561,10034,9643
9901: 9265,9490,9305,9658,10035,9941
9705: 9687,9289,9314,9729,7617,9486
9980: 9275,9812,9363,9552,9743,9245
7617: 9472,9729,9705,9687,9953
9306: 9614,9968,9305,9471
9620: 9772,9332,9424,9834,9396
9737: 2685,9415,9283,9251,9874,9665
10021: 9267,9961,9520,9859,9731
9534: 9928,9486,9289,9763,9390,9993
9313: 9330,9526,9287,9502,9433,6348
9383: 9598,9326,2806,9474,9552
9497: 9596,9639,9885,9368,9584,9449
8496: 9260,9504,6385,9623,9628,7570
9263: 9446,9461,9393,9323,9580,9460
9913: 9585,9697,9304,9645,9813,3119
9268: 9493,9358,9248,9536,9430,9366
9742: 2609,9997,2699,9965,9671
959: 
9363: 9980,9812,9895,9245,9635,9291
9674: 9276,9586,9281,1592,9760
9641: 9381,9391,9976,9739,9653,9681
9284: 9081,9419,9904,9875,9649,7318
9730: 9945,9823,9821,9451,9973
9553: 9337,9590,9259,9366,9911,9401
9483: 9524,9459,9269,9282,9521,9392
9939: 9789,9285,9727
9439: 9473,9527,10026,9962,2609
9937: 9840,9780,9905
9915: 6085,9696,9593,9406,9852,9835
9798: 9781,10037,9655,9829,9736,9769
9419: 9284,9081,9079,9628,9904,9260
9725: 9347,6249,9817,9975,10006,10015
9998: 9785,9452,9531,9373,9447,9942
9734: 9569,9282,9521,9262,9328,6420
9944: 9465,10034,9402,9690,9763,9993
9932: 9756,9283,9744,10036,9576,10011
9345: 9699,9385,9791,9416,9775,9288
9487: 9565,9329,9869,9806,9974,9837
9972: 9925,9682,9819,9748,9878,9500
9704: 9679,9876,9766,9927,9796,9790
9336: 9437,9592,9893,9692,8309,9750
9820: 9871,10018
10043: 9767,9926,9854,9368,9660,9971
7146: 9505,10009,9517,9631,9344,9271
9400: 9648,9559,9701,9785,9531,9457
9831: 9651,9942,9963,9778,9437,9893
9625: 9568,9634,9892,9391,9976
2968: 9489,9256,9331,4057,9533,9311
9865: 9837,3486,9958,9818,9940,9757
9389: 9530,9291,9635,9606,9961,9554
9897: 9921,9890,9922,9825,10028
2806: 9973,9954,9793,9728,9326,9383
9305: 9265,9901,9968,9306,9471,10035
9501: 9600,9894,9387,9507,9548,9558
9680: 9910,9975,10006,9343,9867,9652
9872: 9578,9658,9455,9608,9873
9860: 6085,9696,5870,9575,9601,9724
5408: 9779,9627,9417,9801,9764,9738
9302: 4448,9604,9538,9574,9408,9808
9810: 9607,9377,9244,10010,10001,9322
9351: 9411,9535,9555,9579,9845,9970
4950: 9539,9367,9404,9909,9265,9490
9368: 9584,9660,9596,9497,10043,9971
9547: 9321,9788,9275,9743,9933,9923
9477: 9563,9467,9290,9478,9509,9444
9947: 9693,9834,9870,9375,9994,10032
9846: 9738,9754,9885,9627,9639,9636
10030: 9762,9789,9285,9857,9340,9519
9856: 9934,9843,9956
861: 
4057: 5064,4463,9331,2968,9539,9311
9387: 7899,9615,9126,9600,9501,9548
5882: 9458,9310,7360,9508,5975,9355,9478
9548: 9863,9672,9507,9387,9615,9501
9528: 9427,9393,9642,9295,9918,9414
9375: 9597,9396,9947,9834,10032,9582
9282: 9734,9521,6420,9524,9483
10041: 10038,9990,9815,9957
9442: 9256,9422,9462,9591,9535,9555
9049: 
9321: 9547,9388,9514,9788,9743,10002
9876: 9679,9704,9766,9921,9922,9955
9323: 9946,9414,9393,9263,9580,9369
9270: 9829,9760,9276,9719,9821,9736
9747: 9669,9774,9986,9758,9361,9630
9940: 9958,9818,10002,9788,9865,3486
9790: 9759,9796,9816,9927,3722,9704
9600: 9629,9894,9501,9297,9387,9126
9719: 9830,9826,9276,9270,9945,9821
9927: 9966,9978,3722,9790,9704,9766
9505: 7146,6682,10009,9712,9395,9344
9591: 9582,9609,9422,10032,9442,9555
9520: 9816,9713,9516,10021,9731
9262: 9734,9521,9935,9328,2928
9424: 9772,9332,9620,9418,9621,9374
9710: 9936,10019,9695,9776,9848,6249
10020: 9666,9644,9896,9911,9979,9906