9266: 9877,9718,9454,9602,9523,9348
9886: 9832,9694,9413,9312,9426,9702
9339: 4893,9440,9337,9804,4891,3777
9882: 9474,9745,9840,9245,9895
9378: 9277,9456,9420,9292,9640,9545
9556: 9629,10005,9982,9317,9297,9571
6507: 7152
3486: 3786,9940,9974,9487,9865,9837
4811: 5138,9503,9397,9454,4719
4525: 9913,3119,2649,9645,9717,3907
5975: 5876,5882,7360,9805,9379,9355
8475: 
9376: 7719,9426,9346,9413,9484
10012: 9880,10031,9768,6967,9714,10009
9954: 3491,2806,9973,9451,9474,9948
9562: 5138,9409,3903,9249,9784,9429
9512: 6348,5478,9543,9540,6085,9406
9482: 9352,9574,10017
10017: 9871,9482,9574,9808,9985
10007: 8970
9833: 9652,9783,9687,9953
10011: 10036,9891,9878,9925,9576,9932
9394: 9608,4169,9533,9410,9455,5754
2280: 
9092: 10014
9962: 10026,9879,2699,9663,2609,9439
9590: 9441,9337,9804,9248,9430,9366
9690: 9944,9695,6155,6249,10034,9763
9354: 9499,9465,9310,9402,9458,9550
4569: 5256,4463,4146,9302,4448,9604
9990: 10041,9957,9815,9713,9516,9771
9774: 9669,9747,9986,9874,9899,9425
9768: 10031,10012,9684,9898,6009,9714
9848: 9710,5466,9964,5475,5564,9884,10019
9958: 9298,9380,9818,9746,9757,9865
7009: 9436,7292,9499,6930,7641
9294: 9703,9523,10025,9503,9454,9480
9663: 2699,2509,2778,9758,9918,9962,9879
9392: 9483,9269,4937,9700,4004,9633
8694: 9623,6385,9930,9919,8496,9260
40: 
6085: 9406,9915,5478,9512,9860,9696
9533: 4347,9311,9410,2968,9394,4169
9362: 10042,9529,9398,9244,9377,9476
9782: 9338,9907,9537,9446,9460,217
9265: 9490,4950,9909,9968,9305,9901
9317: 8296,9982,8770,7901,9297,9556
9588: 9355,9252,9379,5775,9593,9622
6884: 
9746: 9757,9657,9958,9298,9853,9441
2600: 9295,9758,2585,9247,2685,9669
9633: 9459,9670,9280,9483,9392,4004
9280: 9633,9670,4322,4004,9602,9877
9322: 9287,9403,9607,9445,10001,2678
9645: 9335,9709,2649,9813,4525,9717
9295: 2600,9758,9247,9528,9414,9918
9607: 9322,9403,9377,2678,9308,9638
1740: 
4322: 4004,6018,9357,9280,9602,4719
9469: 9494,9417,9847,9908,9801,9309
9935: 9814,3121,2928,2540,9955,9328
9945: 9821,9719,9826,9730,3295
9779: 9753,5408,9627,9880,10031,9977
9914: 9896,9341,9685,9847,10016
9851: 760
9943: 9638,9435,9920,9529,9650,9647
4893: 9553,5202,4697,9339,9337,4891
8150: 9356,9336,9592,9692,8309,9750
5475: 5754,5564,9364,9261,9884,9848
9855: 6695
9566: 9445,9611,9324,9428,9431,9315
9829: 9270,9760,9707,9798,9655,9736
9434: 9373,9711,9447
9683: 9842
9709: 9335,9645,9246,9717,9700,9761
4891: 9475,3777,4697,4893,9339,9432
9519: 9594,9340,9285,10030
9928: 9729,9486,9390,9733,9484,10024
9325: 9398,10033,9463,9364,9476,9261
9854: 9787,9691,10043,9767,9926,9889
9508: 9310,9643,9561,7360,9301,5876
10023: 9671,9970,9579,9542,9327,9965
9398: 9325,10033,9244,9659,9476,9362
9765: 3743,9677
9699: 9775,9329,9345,9950,9791,9883
9629: 9556,10005,9960,9600,9297,9894
9415: 9637,9251,9283,9737,9372,2492
9510: 10010,9675,9822,9862,9997,9286
9814: 9935,9922,9955,9897,9825,9328
5640: 
7355: 
9691: 9787,9800,9854,9292,9889
9922: 9955,9876,9766,9921,9897,9814
9853: 9440,9698,9746,9657,9441,9804
9617: 8513,7581,9795,10029,7988,9938
7318: 7581,9649,9284,9081,8991
9880: 10031,10012,9779,9977,10009,9517
9698: 9969,9853,9440,9657,9807,9883
9787: 9800,9691,9854,9767,9438,9634
3321: 9704,3712,3715,9957,3722,9790
9931: 9888,9891
9738: 9846,5400,6849,9754,9835,9764
8710: 8296,9982,8225,7988,10003,9752
9907: 9338,9782,9326,217,9273,9589
9754: 9846,9738,9885,9835,9303,9852
9819: 874,9399,9748,1950,9500,9972
9857: 7992,8309,9340,9762,9752,10030
9565: 9806,9487,9515,9416,9775,9329
9918: 9414,9295,9758,9663,9879
9788: 3786,9940,9933,9547,9321,10002
8225: 7988,9448,7992,8710,9752
9426: 9376,9413,9886,9836,9702
9722: 9715,9708,9720,9813,9335,9296
5400: 9846,9738
9660: 10043,9767,9661,9368,9584,9444
9761: 9342,9709,9246,9700,6018,9357
9852: 9622,9303,9915,9593,9754,9835
9456: 9378,9277,9828,9545,9984,9686
9858: 9811,9794,9827,9996
6682: 9525,6967,9714,9466,9952,7417
9724: 9764,9801,9309,9696,9601,9860
10010: 9675,9822,9510,9611,10001,9810
9609: 9582,9572,9591,9327,9555,4139,9579
9729: 9486,9928,9705,9472,7617,10024
9405: 9748,9682,9949,9612,9551,9257
9878: 9500,9972,9925,10011,9576,9255
4485: 9384,9570,3471,3284,3983
127: 
9514: 9743,9321,9812,9488,9264,9388
9964: 9710,5466,6349,9848,9872,5564,9776,9873
9713: 9516,9957,9990,3722,9520
9838: 9689,9866,9870,9994,10000
9899: 9874,9665,9374,9332,9425,9774
9982: 8296,8710,9317,10003,9556,9571
4463: 5064,5256,4569,4146,4155,4255
2333: 3502,9430,3701,9366,9481,9259
1729: 
9245: 9980,9363,9895,9552,9882
9467: 7811,9477,9290,9478
9974: 3786,3486,9869,9809,9933,9806,9487
9868: 4941
141: 
9884: 9261,9603,5475,9848,10019,9667
9572: 9582,9609,9597,9986,9630,9327
5564: 5754,5475,9872,9455,9848,9964
1793: 9806,9515,9626,9869,10040,9706
3119: 9913,4525,9304,3121,2928,3907
3540: 3345
9431: 9300,9288,9315,9324,9464,9566
9619: 9608,4169,9605,2580,9463,9595
5870: 6348,5478,9433,9506,9575,6280
3121: 9935,2928,2540,3119,3907
9407: 9019,8867,9563,9661,9438,9892
10033: 9398,9325,9463,9595,9532,9659
9401: 4486,4083,9668,9979,9911,9726
9441: 9590,9804,9248,9746,9298,9853
156: 
9708: 9722,9903,9715,2721,9720,1553,9902
9644: 9896,9341,5202,4697,10020,9911
9382: 2133,2305,9500,9399,9255,9637
9246: 9335,9709,9296,9443,9342,9761
9985: 9632,9808,10017,9871,10018,9755
9957: 10041,10038,9990,9713,3321,3715
8921: 
10002: 9316,9388,9818,9321,9940,9788
9606: 927,9635,9780,9905,9961,9267
9692: 9293,9786,9893,8150,9336,9750
2858: 
1225: 9554,9491,9495,2733,1553,9624
9983: 8346
9292: 9889,9640,9691,9545,9378
9485: 9924,9333,9759,9796,9697,9585
9324: 9473,9527,9428,9464,9566,9431
9319: 2649,9813,9585,9333,9720,9624
9446: 9803,9461,9782,9537,9460,9263
10005: 9556,9629,9960,9824,9664,9571
2194: 
9413: 9312,9733,9484,9376,9426,9886
9843: 9934,9770,9856,9281,9586,9956
9523: 9703,9294,9454,9266,9348
9736: 9798,9829,9270,9821,9823,9769
9648: 9518,6204,9849,9666,9400,9701
9751: 9877,9718,9670,9959,9721
3504: 3903,4498,9254,9320,9409
9601: 9511,9575,6280,9860,9724,9309
9253: 9299,9636,9977,9631,9517,9274
9581: 9881,9492,9653,9716,9681,9844
9596: 5792,9639,9497,9368,9971,8631
9259: 4486,4083,2333,3502,9366,9553
9895: 9245,9363,9882,9780,9840,9635
8264: 
9367: 9578,9539,9311,9410,9490,4950
9258: 9412,9573,9723,9513,9498,9538
9299: 9253,9636,9639,8631,6385,9274
9893: 9437,9336,9786,9692
9433: 9330,9313,9502,9506,6348,5870
1950: 1592,9281,9257,9748,874,9819
9450: 9828,9545,9739,9800,9976
9741: 
9881: 9492,9581,9716,9995
9700: 9717,4937,9709,9392,9761,4004,6018
9650: 9773,9805,9920,9943,9967,9647
4941: 9868
9669: 9774,9747,9874,2685,2600,2585
9369: 9626,9580,9323,9946,9706,9991
9976: 9800,9625,9634,9641,9450,9739
9385: 9900,9791,9345,9370,9300,9288
9662: 9997,9742,2609,9527,9428,9822
1594: 
2778: 9663,2509,9758,2585,9361
9870: 9947,9693,9838,9994
9815: 3517,9771,10041,9990
9586: 9956,9674,9843,1592,9281
9961: 10021,9267,9389,9606,9731,9859
10000: 9994,9422,9689,9838,9797,9462
9583: 9861,9249,9360,9785,9701,9452
9849: 9979,9666,9726,9861,9648,9701
217: 9273,10040,9907,9782,9460
9941: 9873,9792,9658,9901,10035,9992
9908: 9278,9685,9511,9309,9469,9847
9920: 10042,9529,9943,9650,9773,9839
9569: 9825,9328,9262,9734
9544: 9386,10022,9712,9735,9359,9952
7901: 8770,8991,8990,9317,8885,9297
9529: 10042,9920,9362,9377,9638,9943
7292: 9346,9436,7009,8333,7641,7719
9656: 9728,9769,9781,9338,9793,9537
9681: 9828,9739,9653,9581,9844,9984
9887: 9599,9646,10027,9689,9866,9799
7965: 8046,9568,9423,8333,7719
8904: 
9716: 9381,9653,9864,9995,9881,9581
9470: 9557,2721,9365,9358,9902,9577
9515: 9806,9565,1793,9706,9272,9416
5064: 5256,4463,4057,4255,4771,4347
9677: 3743,9765
9769: 9656,9728,9823,9798,9781,9736
9462: 9256,9442,9422,10000,9489,9797
9261: 9476,9603,9884,9325,5475,9364
9248: 9590,9441,9298,9536,9268,9430
9970: 9671,10023,9862,9579,9351,9845
9965: 2699,2509,9542,9671,10023,9742
9667: 9561,10019,9603,9884,9839,9301
9461: 9803,9446,9496,9642,9393,9263
9593: 9406,9915,5775,9588,9622,9852
7775: 
9373: 9998,9452,9678,9434,9711,9447
9723: 9513,9412,9258
9570: 4485,3471,9506,3284,9370,9900,9330
9594: 9519,9340,9750,9293
9637: 9255,9251,9415,2305,9382,9372
2305: 2133,9421,9382,9637,9372,9371
9971: 9930,9926,8631,9596,10043,9368
9575: 9511,9601,6280,9384,3471,9506,5870
9830: 9826,9674,9276,9719
9445: 9611,9566,10001,9315,9287,9322
9673: 9811,9794,9672,9863
9612: 9551,9770,10004,9405,9257
9516: 9713,9771,9990,9520
10035: 9305,9901,9471,9941,9867,9992
7899: 9284,9419,7570,9079,7565
9406: 6085,9915,9593,9512,5775,9540
9824: 9664,9727,9571,10039,10005
10006: 9725,9817,9975,9792,9992
9822: 10010,9510,9997,9662,9428,9611
10031: 9880,10012,9768,9684,9753,9779
9917: 9334,9988,9386,9712,9353,9592
2391: 2968,4057,3860,3166,9541,2580
9832: 9694,9886,9702,9981
9257: 1950,9281,9612,9770,9748,9405
9296: 9335,9246,9722,9715,9279,9443
9237: 7570,8496,9640,9420,9307,9079
9582: 9609,9572,9591,9597,9375,10032
9874: 9899,9665,9737,2685,9774,9669
274: 
9791: 9807,9900,9385,9883,9699,9345
2476: 
9418: 9621,9424,9772
9486: 9729,9928,9705,9289,9534,9390
8046: 9568,7965,8333,7383,8867,7723
2609: 9662,9742,2699,9962,9527,9439
9592: 9356,8150,9336,9353,9917,9334
2585: 2600,9758,9669,9747,9361,2778
3471: 9384,4485,9570,9506,9575
9969: 9440,9698,9807,3284,3983,3777
9546: 9610,9827,9564,9567,9560,9749
9909: 4950,9265,9404,9549,9968,9755
9793: 9338,9656,9728,2806,9383,9326
9481: 9254,9279,9250,2333,3502,3701
10037: 9798,9781,9655,9421,9496,9803
9494: 9417,9469,9847,10016,9684,9753
6695: 9855
3786: 3486,9940,9788,9974,9933
3907: 9717,4937,4525,3119,3121
3983: 9475,3777,9969,9384,4485,3284
9979: 9849,9666,10020,9911,9401,9726
9726: 9861,9784,9401,9668,9979,9849
10042: 9920,9362,9529,9476,9603,9839
9473: 9324,9527,9439,9676,9464,9468
299: 411
9613: 9307,9564,9277,9420,9618,9610
9686: 9618,9277,9456,9984
9801: 9724,9764,9309,9417,9469,6849
10029: 9740,9395,9988,9617,9795,9938
9307: 9079,9564,9613,9237,9420,9504
9755: 10018,9549,9632,9985,9404,9909
8296: 9982,8710,9317,8513,7988,8770
9682: 9748,9405,9949,9888,9972,9925
9772: 9374,9332,9620,9424,9418
10036: 10011,9891,9744,9932
9836: 9587,9702,9426,9423,9688
9585: 9319,2649,9333,9485,9697,9913
9542: 9361,9630,9327,2509,9965,10023
5754: 5475,5564,9364,9394,9608,9455
9500: 9878,9972,9399,9819,9255,9382
9733: 9413,9312,9951,9484,10024,9928
316: 
9888: 9931,9682,9949,9891,9925
9291: 927,9635,9363,9812,9530,9264
9712: 9386,9544,9359,9395,9917,9988
3860: 2391,4057,4255,3166,9256
10025: 9703,9294,9480,9678,9711
9916: 9995,9587,9688,9864
6155: 9695,9690,6249,9776,6349,9817
9428: 9324,9527,9662,9822,9611,9566
9410: 9533,9311,9394,9578,9455,9367
9503: 5138,4811,9454,9480,9429,9294
9411: 9541,9605,9535,9351,9845,9479
9714: 9525,6967,6682,6009,10012,9768
9597: 9425,9396,9375,9986,9582,9572
9580: 9369,9626,9460,9263,9323
9873: 9776,9792,9941,9872,9658,9964
9599: 9513,9646,9887,9799,9522,9498
9803: 9461,9446,10037,9781,9496,9537
9624: 9720,1553,1225,9491,9333,9319
9327: 9630,9542,9609,9572,10023,9579
336: 
9643: 10034,9310,9402,9508,9561,9936
9420: 9378,9277,9640,9237,9307,9613
9753: 9779,5408,9494,9417,9684,10031
9951: 9312,9733,10024
2699: 9663,2509,9965,9962,9742,2609
9778: 9437,9831,9353,9386,10022
2024: 9283,3947,9424,9756,9374,9665
3722: 9816,9790,9520,9713,3321
9744: 10036,9621,9912,9756,9932
7340: 
9926: 9971,9930,10043,9854,9919,9889
9826: 9830,9945,9719
8333: 7383,7641,7292,7719,8046,7965
9912: 9621,9744
9352: 9482,10013,9573,9408,9574
10024: 9733,9951,9472,9729,9928
3345: 3540
9316: 9388,9818,10002,9557,9380,9577
10003: 9762,10039,9752,9982,8710,9571
9697: 9796,9679,9304,9485,9585,9913
6420: 
7581: 8513,9617,9795,7318,9649,8991
9649: 7581,9795,7318,9875,9284,9904
9891: 10036,10011,9931,9888,9925
4486: 9401,4083,9259,9553,5202,9911
2906: 2244
9757: 9746,9865,9950,9837,9657,9958
9911: 9979,10020,5202,9401,4486,9644
9987: 9214
9821: 9945,9719,9270,9736,9823
6849: 9738,9764,9801,9417,5408
9689: 9866,9838,9799,9887,10000,9797
9541: 9605,2580,9411,3166,9535,2391
9628: 9271,9616,9623,9260,9904,9419
6140: 
9289: 9989,9993,9486,9705,9534
9701: 9785,9400,9849,9861,9583,9648
9671: 10023,9862,9970,9965,9997,9742
9748: 9405,9682,1950,9257,9972,9819
376: 492
9499: 9465,9354,9550,6930,7009
9584: 9444,9509,9449,9497,9660,9368
9329: 9775,9699,9487,9565,9950,9837
9476: 9261,9603,9398,9325,10042,9362
9929: 9348,9718,9721
9463: 9325,10033,9595,9619,9608,9364
9813: 9319,2649,9720,9722,9335,9645
9330: 9433,9313,9526,9370,9570,9506
9271: 9628,9616,9875,9344,9904
9984: 9844,9828,9681,9456,9686
9276: 9270,9760,9674,9830,9719
9608: 9394,9619,4169,9463,5754,9364
9391: 9625,7723,9568,9349,9381,9641
8879: 9081,7565,9504,8990,9560,9219
9454: 9602,4719,9503,4811,9266,9294,9523
9455: 9872,9578,9410,9394,5754,5564
9379: 5775,9967,9805,5975,9588,9355
9866: 9689,9838,10027,9999,9887
9616: 9628,6389,9271,9631,9623,9274
9668: 3903,4498,9401,4083,9726,9784
9312: 9413,9733,9951,9694,9886
7723: 9625,9892,9391,8867,8046,9568
2364: 
9549: 10018,9968,9755,9909
9444: 9584,9509,9477,9563,9660,9661
9975: 9725,10006,9910,9783,10015
9145: 
9311: 9533,4347,9410,9539,4771,9367
9780: 9937,9905,9840,9895,9606,9635
9540: 5775,9967,9647,9435,9512,9543,9406
9802: 9507,9672,9548
9331: 4155,9489,9797,9799,9522,4146
9638: 9308,9943,9435,9377,9607,9529
9752: 9762,10003,8225,9857,7992,8710
411: 299
9488: 9495,9264,9514,9388,9557,9365
9760: 9829,9276,9270,1592,9707
9646: 9513,9599,9887,10027
9397: 5138,9409,4811,9320,9342,9357,4719
4771: 9539,9350,5064,5256,4347,9311
9081: 8879,7565,9284,7318,8991,8990
9640: 9292,9237,8496,9378,9420
9900: 9807,9385,9791,9370,9570,3284
9679: 9796,3612,9697,9304,3810,9704
9343: 9614,9471,9867
9847: 9494,9469,9908,9685,9914,10016
9303: 9622,9453,9852,9754,9885,9449
424: 1529
9555: 9535,9351,3559,4139,9609,9579
9247: 2492,2685,9427,9528,9295,2600
9595: 10033,9463,9605,9479,9532,9619
9968: 9549,9265,9909,9306,9305
10039: 9762,10003,9789,9824,9727,9571
7811: 9467,9477,6916,9019,9563
9255: 9637,9251,9878,9500,9576,9382
9877: 9751,9718,9266,9670,9280,9602
10026: 9962,9879,9946,9991,9676,9439
3820: 9978,9927,9966,10038,3712,3715
9539: 9350,9404,4771,9311,4950,9367
9309: 9724,9801,9511,9601,9908,9469
9551: 9612,9405,9949
8885: 9126,9297,7901,8990,9125,9219
8513: 7581,9617,7988,8770,8296
9797: 9331,9489,9689,9799,10000,9462
9693: 9947,9834,9870
9341: 9644,9914,9896,4697,9685,9432
9996: 9794,9858
10008: 9937,9840,9745
9517: 7146,10009,9631,9880,9253,9977
3743: 9765,9677
9784: 9726,9861,9249,3903,9668,9562
9942: 9457,9963,9531,9998,9651,9447
449: 
6018: 4322,4004,9357,9700,9761
9448: 8225,7988,9938,9334,9356,7992
9492: 9881,9581,9844
9371: 9496,9642,9427,9421,2305,9372
9973: 9954,2806,9730,9728,9823
5792: 9596,9639,5403,9846,9885,9497
456: 
9988: 9917,9334,9712,9395,10029,9938
9666: 9979,9849,10020,9906,9648,6204
9933: 9809,9923,9547,3786,9788,9974
9938: 7988,9448,10029,9334,9988,9617
9365: 9557,2721,9470,9488,9495,2733
5129: 
9300: 9370,9431,9288,9315,9385,9526
8991: 8770,7901,8990,7581,7318,9081
9360: 9480,9429,9583,9249,9452,9678
466: 
9665: 9874,9899,9737,9283,2024,9374
9475: 3983,4891,3777,9384,9278,9432
9432: 9278,9685,4891,9475,4697,9341
9615: 9567,9125,9749,9863,9548,9387
9670: 9459,9633,9280,9959,9877,9751
9561: 10019,9936,9667,9301,9643,9508
9850: 1619,9732
9995: 9916,9864,9716,9881
9408: 9302,4448,9574,9573,9538,9352
2540: 3121,9935,9328,9521,9269,9262
9809: 9933,9923,9589,9869,9273,9974
2133: 9421,2305,9382,9707,9399,9655
9414: 9393,9323,9918,9528,9295,9879
9449: 9584,9509,9497,9453,9303,9885
9496: 9371,9642,9421,10037,9803,9461
9466: 9525,6682,9457,9735,9559,9952
9840: 10008,9780,9937,9882,9745,9895
9711: 10025,9373,9678,9434
9717: 4937,9700,3907,4525,9709,9645
9946: 10026,9879,9323,9369,9991
8770: 7901,8991,8513,8296,9317
9550: 6930,9458,9499,9354
9277: 9378,9456,9420,9613,9618,9686
4498: 3903,3504,9668,3502,9254,4083
9079: 9307,9237,7570,7899,7565,9504
492: 376
9777: 
9627: 9779,5408,5403,9636,9977
1529: 424
9577: 9358,9316,9557,9470,9380,9536
1246: 
9527: 9324,9473,9428,9439,9662,2609
1709: 2244,2153
9524: 9959,9282,9459
9739: 9450,9828,9681,9976,9653,9641
5876: 9458,5882,5975,7360,9310,9508
9359: 9952,7847,7417,9544,9712,9395,9505
8737: 
3284: 4485,9570,9807,9900,9969,3983
9785: 9531,9400,9701,9583,9998,9452
9842: 9683
9427: 9371,9642,9528,9372,9247,2492
7259: 
7505: 7847,7417,6967,7146,8596,10009
9632: 9808,9985,9604,9350,9404,9755
7880: 
513: 
9828: 9450,9681,9545,9739,9456,9984
9531: 9785,9400,9998,9457,9559,9942
9603: 9476,9261,9884,10042,9667,9839
9353: 9437,9778,9386,9917,9336,9592
9416: 700,9468,9272,9565,9515,9775
9684: 10016,9898,9494,9753,10031,9768
9652: 9910,9783,9833,9680
9252: 9588,9478,9355,9622,9453,9290
9436: 9346,7292,9534,7009,9390
9805: 9650,7360,9773,9379,9967,5975
9823: 9728,9769,9821,9730,9736,9973
9318: 9894,9960,9558
9286: 9845,9479,9532,9862,9675,9510
9564: 9307,9613,9504,9610,9546,9560
9621: 9424,9912,9418,9756,9744
9903: 9250,9715,9708,9493,9902
6916: 7383,7641,6930,7811,9019
9474: 9882,9745,9948,3491,9954
9871: 10017,9985,9820,10018
9310: 9402,9643,9508,5876,9458,9354
6480: 9919,9889
535: 
3903: 3504,9668,4498,9409,9562,9784
537: 
9545: 9450,9828,9292,9378,9456
9393: 9323,9414,9642,9528,9461,9263
9273: 217,9869,10040,9907,9809,9589
9525: 6682,9714,9466,6009,9518,9559
9703: 9294,9523,10025
9283: 3947,2024,9251,9415,9665,9737
9278: 9908,9685,9432,9384,9475,9511
9507: 9558,9501,9387,9802,9548
7002: 
2153: 1709
9919: 6480,9889,9930,9926,8694,8496
9464: 700,9468,9324,9473,9431,9288
9807: 9900,9791,9883,9969,9698,3284
9905: 9780,9937,9606,9267
9293: 9786,9692,9594,9750
10014: 9092
9518: 9648,6009,6204,9400,9525,9559
9425: 9597,9396,9332,9899,9774,9986
9479: 9286,9845,9532,9605,9411,9595
4146: 4463,4569,4450,9331,4155,4448
9825: 9569,9328,9897,10028,9814
9267: 9961,10021,9905,9606
9658: 9872,9578,9490,9901,9873,9941
561: 760
9756: 9621,9424,9744,3947,2024,9932
9614: 9306,9471,9343
9883: 9807,9791,9699,9950,9657,9698
4448: 9408,9302,4450,9538,4569,4146
9879: 10026,9962,9946,9414,9918,9663
9396: 9425,9597,9375,9332,9620,9834
9991: 9706,9272,9676,9369,10026,9946
10004: 9934,9770,9612
9402: 10034,9310,9643,9944,9465,9354
9404: 9539,9350,9632,9755,4950,9909
2721: 9470,9365,2733,1553,9902,9708
9275: 9923,9547,9598,9980,9552,9743
9587: 9836,9702,9688,9981,9916
10015: 9314,9687,9347,9725,9975,9783
10034: 9402,9643,9936,9944,9695,9690
9844: 9984,9681,9492,9581
4004: 4322,6018,9700,9392,9633,9280
9459: 9633,9670,9483,9282,9524,9959
9687: 10015,9314,9783,9833,7617,9953
9563: 9019,9407,7811,9477,9444,9661
9659: 9810,9244,9532,9675,9398,10033
9953: 9472,7617,9833,9687
1873: 
9011: 
9977: 9253,9636,9779,9627,9880,9517
9898: 10016,9684,9906,6009,6204,9768
9537: 9338,9782,9781,9656,9803,9446
9773: 9650,7360,9805,9839,9301,9920
5332: 
9657: 9746,9757,9950,9883,9853,9698
9618: 9686,9277,9613,9610
9767: 10043,9660,9661,9438,9787,9854
9672: 9863,9548,9673,9802
9904: 9284,9419,9628,9271,9875,9649
6280: 9575,9601,9860,6348,5870,5478
8614: 
9308: 9638,9435,9403,9607,9502,9543
8318: 
9763: 9989,9993,9944,9690,6249,9347
9281: 1950,1592,9257,9843,9770,9586
9676: 9991,9272,10026,9473,9439,9468
9298: 9958,9380,9536,9746,9441,9248
9447: 9651,9998,9373,9434,9942
9678: 9452,9373,9360,9480,10025,9711
9377: 9244,2678,9607,9362,9529,9638
9956: 9586,9674,9843,9856
9409: 5138,9562,9397,9320,3903,3504
9955: 9922,9876,3810,9814,9935,2928
9750: 9594,9340,8150,9293,9692,8309
9740: 9395,10029,9505,9875,9344,9795
9994: 10032,9422,10000,9947,9870,9838
9251: 9255,9637,9415,9576,9283,3947
9694: 9832,9886,9312
9718: 9877,9751,9266,9721,9348,9929
8917: 8807
9579: 10023,9970,9609,9327,9351,9555
9287: 9322,9403,9445,9315,9313,9526
9653: 9381,9641,9716,9681,9739,9581
9605: 9541,2580,9411,9479,9619,9595
9422: 10032,9994,10000,9591,9442,9462
2685: 9247,2492,9874,9737,9669,2600
9386: 10022,9544,9712,9778,9353,9917
9288: 9300,9431,700,9464,9345,9385
9522: 9498,4450,9599,9799,9331
9867: 9992,10035,9471,9343
9861: 9726,9583,9249,9784,9849,9701
1592: 1950,9281,9586,874,9760
8596: 7146,7847,7505,9505,9344
3295: 9730,9945
3502: 2333,9481,4083,9259,4498
7641: 8333,7383,6916,6930,7292,7009
9358: 9493,9268,9902,9577,9470,9536
634: 
7353: 
2678: 9810,9244,9377,10001,9322,9607
5466: 9848,9964
9685: 9908,9278,9432,9914,9341,9847
9297: 9600,8885,7901,9317,9556,9629
9468: 700,9464,9416,9272,9676,9473
9388: 9316,10002,9321,9514,9488,9557
9636: 9299,9253,9977,9627,9639,5403
9696: 9724,9764,9860,6085,9915,9835
9429: 9360,9480,5138,9503,9562,9249
645: 
2928: 3121,9935,9304,3810,9955,3119
9493: 9358,9268,9902,9250,9903,3701
9554: 1225,9491,9859,9389,9495,9530
9967: 9379,5775,9540,9647,9650,9805
9894: 9318,9600,9629,9960,9558,9501
9342: 9320,9443,9761,9246,9357,9397
7565: 8879,9081,9504,9284,7899,9079
9948: 9474,9745,9451,9954
4255: 4057,3860,4155,5064,4463
9816: 3722,9790,9731,9520,10021,9759
7936: 
9333: 9924,9485,9491,9624,9319,9585
9438: 9767,9661,9407,9634,9892,9787
9509: 9584,9444,9449,9453,9477,9290
2658: 
5426: 
9511: 9575,9601,9384,9908,9278,9309
9526: 9330,9313,9370,9300,9315,9287
9776: 9873,9792,6349,9964,9817,6155
9559: 9457,9518,9531,9400,9525,9466
9372: 2492,9637,9415,2305,9371,9427
9370: 9300,9900,9385,9330,9526,9570
9443: 9320,9342,9296,9246,9254,9279
9623: 8694,6385,9274,9628,9616,9260
9314: 10015,9687,9347,9989,7617,9705
9818: 9316,10002,9940,9865,9958,9380
9260: 7570,8496,8694,9623,9628,9419
9758: 9295,2600,2585,9918,9663,2778
3701: 2333,9430,9493,9268,9250,9481
7439: 
9989: 9289,9993,9763,9314,9347,9705
9502: 9433,9313,9403,9308,6348,9543
9642: 9371,9496,9427,9528,9461,9393
2733: 1553,9495,1225,2721,9365
9285: 9939,10030,9789,9519
9506: 9570,3471,9330,9433,5870,9575
9480: 9360,9429,9503,9294,10025,9678
9125: 9567,9219,9615,9126,8885,9387
3712: 3321,9704,3715,9927,3820,3612
9924: 9333,9485,9759,9731,9491,9859
3491: 9954,2806,9474,9383,9552
9626: 9369,9580,9460,10040,9706,1793
9491: 1225,9554,9859,9924,9333,9624
9560: 9567,9219,9564,8879,9504,9546
9661: 9660,9767,9438,9444,9407,9563
9256: 3166,9442,9462,9489,3559,3860
9770: 9843,9934,10004,9612,9281,9257
4139: 9555,3559,9609,9591,9442
9384: 4485,3471,3983,9475,9511,9575,9278
9771: 9516,9815,9990
9786: 9293,9692,9893
7152: 6507
9326: 9383,9598,9338,9907,9793,9589
9532: 9286,9479,9675,10033,9595,9659
700: 9464,9416,9468,9775,9345,9288
9651: 9447,9963,9942,9831
9695: 9690,6155,9710,6349,9936,10034
9925: 9878,9972,9888,9682,10011,9891
9290: 9467,9477,9478,9252,9453,9509
9934: 9843,9770,10004,9856
9244: 9810,9377,2678,9659,9398,9362
707: 
9952: 9359,7417,6682,9466,9735,9544
9963: 9457,9735,9942,9651,10022,9831
2580: 9541,9605,2391,2968,9619,4169
9869: 9273,10040,9809,9806,1793,9974
9513: 9599,9646,9723,9258,9498
9315: 9300,9431,9445,9566,9287,9526
10013: 9352,9412,9573
9458: 5876,5882,9310,9354,9550
9437: 9778,9353,9893,9336
2509: 2699,9663,2778,9965,9361,9542
9576: 3947,9932,10011,9878,9255,9251
9440: 9969,9853,9698,9804,3777,9339
9889: 9919,9292,6480,9926,9691,9854
9340: 9519,9594,9750,9857,8309,10030
9274: 9623,6385,9299,9253,9631,9616
9892: 9625,9634,7723,9407,8867,9438
9395: 9740,10029,9505,9359,9712,9988
3612: 9679,3810,9704,3712,9927,9876
9173: 
6348: 5870,5478,9512,9543,9433,9502,6280
10001: 9445,9611,10010,9810,2678,9322
3947: 9576,9283,2024,9932,9756,9251
9350: 9539,9404,4771,5256,9632,9604
731: 
3517: 9815,10041
9896: 9644,9914,9341,10020,9906
10022: 9386,9544,9735,9963,9778,9831
9571: 9824,9982,10003,10039,9556,10005
9272: 9706,9991,9676,9515,9416,9468
9735: 9457,9963,9466,9952,10022,9544
9430: 2333,3701,9366,9268,9590,9248
9863: 9672,9548,9749,9615,9811,9673
9337: 9590,9804,9366,9553,4893,9339
9219: 9567,9125,9560,8879,8990,8885
9521: 9483,9269,9262,2540,9734,9282
10028: 9890,9897,9825
9435: 9308,9638,9943,9543,9540,9647
9986: 9774,9747,9425,9597,9572,9630
5478: 6348,5870,9512,6280,9860,6085
3715: 3321,3712,9957,10038,3820
9622: 9453,9303,9852,9593,9588,9252
10019: 9561,9936,9667,9884,9710,9848
9610: 9827,9546,9564,9613,9618
9465: 9499,9354,9944,9402,9993
7360: 9773,9805,9301,9508,5876,5975
8309: 9857,7992,9356,8150,9340,9750
9804: 9590,9441,9337,9853,9440,9339
9906: 10016,9898,9896,9666,10020,6204
9356: 8150,9592,9334,9448,7992,8309
9347: 10015,9314,9725,6249,9989,9763
1553: 9720,2733,9624,1225,2721,9708
9399: 874,9707,9819,9500,2133,9382
760: 561,9851
9864: 9349,9688,9381,9716,9995,9916
9574: 9408,9302,9352,9482,10017,9808
9992: 9867,10035,9792,9941,10006
9743: 9321,9514,9812,9980,9547,9275
9783: 9910,9652,9833,9975,10015,9687
9910: 9652,9783,9680,9975
9706: 9991,9272,9369,9626,1793,9515
9664: 9824,10005,9960
4697: 5202,4893,4891,9432,9644,9341
9452: 9998,9373,9678,9583,9360,9785
6385: 8694,9623,9274,9299,9930,8631
9390: 9346,9436,9534,9486,9928,9484
9304: 9679,9697,3810,9913,3119,2928
9806: 9487,9565,1793,9515,9869,9974
9348: 9929,9718,9266,9523
6009: 9518,6204,9898,9768,9525,9714
2198: 
9457: 9735,9963,9559,9942,9531,9466
9417: 9494,9469,9801,6849,9753,5408
9959: 9524,9459,9670,9751
9254: 9481,9279,9320,9443,3504,4498
9423: 9568,7965,9836,9349,9688
9655: 9798,10037,9707,9829,2133,9421
9781: 9798,10037,9656,9769,9803,9537
9412: 9573,9258,9723,10013
9639: 9596,5792,5403,9299,9636,8631
9859: 9554,9491,9961,9389,9731,9924
9338: 9907,9782,9793,9537,9656,9326
9795: 7581,9617,9649,9740,10029,9875
9817: 9725,10006,9776,9792,6155,6249
9936: 9561,10019,9710,9695,10034,9643
9901: 9305,10035,9490,9265,9658,9941
9705: 9729,9486,9314,9289,9989,7617
8346: 9983,8970
7617: 9472,9953,9314,9687,9729,9705
9306: 9614,9968,9305,9471
9620: 9332,9772,9834,9396
9737: 9874,9665,9283,9415,2492,2685
10021: 9961,9267,9816,9731,9520
9534: 9436,9390,9289,9486
9313: 9330,9433,9526,9502,9287,9403
9383: 9598,9326,3491,2806,9793,9552
9497: 9584,9449,9885,9596,5792,9368
5331: 
9263: 9580,9460,9461,9446,9393,9323
9913: 4525,3119,9697,9304,2649,9585
9268: 9358,9493,9536,9248,9430,3701
9742: 9997,9662,2609,2699,9965,9671
6389: 9616,9631
9363: 9245,9980,9895,9291,9635,9812
9674: 9586,9956,9830,9276
2244: 1709,2906
9284: 9904,9419,7899,7318,9649,9081,7565
9730: 9451,3295,9945,9823,9973
9553: 5202,4893,9337,9366,4486,9259
7265: 
9939: 9285,9789,9727
3810: 3612,9679,9304,9955,9876,2928
9937: 10008,9780,9905,9840
9915: 6085,9406,9593,9696,9852,9835
9798: 10037,9781,9655,9736,9829,9769
8695: 
9725: 10006,9817,9975,6249,10015,9347
9998: 9452,9373,9531,9785,9942,9447
8970: 10007,8346
9944: 9690,10034,9402,9993,9763,9465
9932: 9576,3947,9744,10036,10011,9756
9345: 9775,9699,700,9288,9385,9791
9487: 9806,9565,3486,9974,9329,9837
9972: 9878,9500,9925,9748,9682,9819
9704: 3321,3712,9790,9796,3612,9679
9336: 8150,9592,9437,9353,9893,9692
9820: 9871,10018
10043: 9660,9767,9368,9971,9926,9854
7146: 8596,10009,9631,9517,7505
9400: 9531,9785,9701,9648,9518,9559
1340: 1019
9625: 9634,7723,9892,9391,9976,9641
2968: 2391,4057,2580,9533,4347,4169
9865: 9757,9837,3486,9940,9818,9958
9389: 9961,927,9530,9554,9859
9897: 9921,9890,10028,9922,9814,9825
2806: 3491,9954,9973,9728,9793,9383
9305: 9901,10035,9471,9968,9265,9306
9501: 9558,9507,9387,9600,9126,9894
9680: 9910,9652
3166: 9256,9535,3559,2391,3860,9541
848: 
5408: 9753,9779,9627,9417,6849
9302: 9408,4448,9574,4569,9808,9604
9810: 9244,2678,9659,10010,9675,10001
5250: 
3559: 9535,9555,4139,3166,9256,9442
5256: 5064,4463,4569,9604,9350,4771
7248: 
6531: 
9947: 9834,9693,9870,9375,10032,9994
7847: 9359,7417,7505,8596,9505
10030: 9285,9789,9857,9519,9340,9762
6118: 
861: 
4057: 2391,2968,3860,4255,5064,4347
9387: 9507,9501,9125,9615,9126,9548
5882: 5876,9458,5975,9478,9355
9548: 9672,9863,9615,9507,9387,9802
9528: 9642,9427,9247,9295,9393,9414
9375: 9597,9396,9947,9834,10032,9582
9282: 9734,9521,9483,9459,9524
10041: 9957,10038,9990,9815,3517
9442: 9256,9462,9422,9591,3559,4139
9049: 
9321: 9743,9514,9547,9788,9388,10002
6349: 9710,9964,9776,9695,6155
874: 9707,9399,9819,1950,1592
9270: 9829,9276,9760,9821,9719,9736
9747: 9774,9669,9986,2585,9361,9630
9940: 3786,3486,9788,9818,10002,9865
9019: 9407,8867,9563,7811,7383,6916
9600: 9126,9297,9629,9501,9894
9719: 9945,9821,9826,9830,9276,9270
9927: 9978,3820,3712,3612,9876,9766
9505: 9740,9395,9344,8596,9359,7847
9591: 9582,9609,10032,9422,9442,4139
9520: 3722,9816,9713,9516,10021
9262: 9521,2540,9569,9328,9734
9424: 9621,9418,9756,2024,9374,9772
9710: 6349,9848,9964,10019,9936,9695
10020: 9979,9666,9911,9644,9896,9906
9647: 9967,9540,9943,9435,9650
9732: 978,9850
9707: 874,9399,9829,9760,2133,9655
9837: 9757,9865,9950,9487,3486,9329
9598: 9383,9326,9552,9923,9589,9275
9498: 9522,4450,9538,9513,9599,9258
9504: 8879,7565,9307,9079,9564,9560
5775: 9379,9967,9540,9406,9593,9588
9558: 9507,9501,9318,9894
9999: 10027,9866
9841: 9654
9831: 9778,9963,9651,10022
9419: 9284,9904,7899,9628,7570,9260
9688: 9349,9864,9423,9836,9587,9916
9846: 5400,9738,9754,9885,5792,5403
8631: 9971,9930,9596,9639,9299,6385
10027: 9999,9646,9887,9866
6204: 9648,6009,9518,9666,9898,9906
9335: 9709,9296,9645,9246,9813,9722
9471: 9305,10035,9614,9306,9343,9867
9472: 7617,9953,9729,10024
6249: 9690,6155,9725,9817,9347,9763
9835: 9738,9754,9915,9764,9696,9852
9993: 9289,9989,9763,9944,9465
9856: 9843,9934,9956
9808: 9632,9985,9604,9302,9574,10017
9604: 9632,9808,9302,5256,4569,9350
9538: 9498,4450,9573,9258,9408,4448
9264: 9488,9495,9530,9291,9514,9812
4937: 9717,9700,3907,9269,9392
9126: 9600,8885,9125,9501,9387
4719: 9454,9602,4322,9357,4811,9397
9567: 9125,9560,9219,9749,9615,9546
2551: 
9827: 9610,9546,9749,9811,9858
1619: 9850
9351: 9535,9555,9970,9579,9411,9845
10040: 217,9869,9273,9626,9460,1793
927: 9606,9291,9635,9389,9530
9403: 9287,9322,9607,9313,9502,9308
3777: 3983,4891,9475,9969,9440,9339
9796: 9679,9697,9790,9704,9485,9759
9789: 9939,9285,10030,9762,10039,9727
9530: 9495,9264,9291,927,9389,9554
9764: 9724,9801,9696,6849,9738,9835
9960: 9629,10005,9664,9318,9894
9950: 9757,9837,9657,9329,9699,9883
2189: 
9611: 9445,9566,10001,9428,10010,9822
9477: 7811,9467,9290,9444,9509,9563
9921: 9890,9897,9922,9766
9355: 9588,9478,9252,9379,5882,5975
4169: 9394,9619,9608,2968,2580,9533
9453: 9622,9303,9252,9290,9509,9449
9949: 9405,9682,9551,9888
4450: 9522,9498,9538,4448,4146
2492: 9372,9247,2685,9415,9737,9427
9490: 4950,9265,9578,9367,9658,9901
7383: 8333,7641,6916,9019,8867,8046
9357: 4322,6018,9342,9761,9397,4719
9981: 9832,9587,9702
9368: 10043,9660,9584,9497,9596,9971
9439: 9473,9527,10026,9962,9676,2609
9715: 9250,9722,9903,9708,9296,9279
4155: 9331,9489,4463,4146,4255
9552: 9245,9980,3491,9383,9598,9275
5633: 
6967: 6682,9714,10012,10009,7417,7505
9654: 9841
7992: 9857,8309,9356,8225,9448,9752
959: 
9543: 6348,9512,9502,9308,9435,9540
9250: 9903,9715,9493,3701,9481,9279
9923: 9809,9933,9547,9589,9275,9598
9380: 9958,9298,9536,9316,9818,9577
9269: 9521,9483,9392,2540,4937
10032: 9994,9422,9947,9375,9582,9591
9794: 9811,9858,9673,9996
8044: 
9902: 9358,9493,2721,9470,9903,9708
9812: 9743,9514,9980,9363,9291,9264
9745: 9882,9474,9948,10008,9840
9875: 9740,9344,9271,9904,9795,9649
5138: 9503,9409,4811,9562,9397,9429
9890: 9921,9897,10028
9249: 9861,9583,9784,9562,9360,9429
9800: 9787,9691,9976,9634,9450
9364: 5754,5475,9608,9325,9463,9261
8867: 9019,9407,7383,8046,7723,9892
978: 9732,1052
9374: 9332,9772,9424,2024,9899,9665
9568: 8046,7965,9423,7723,9391,9349
9876: 9922,9955,9766,9927,3612,3810
9483: 9521,9269,9392,9282,9459,9633
9421: 2133,2305,10037,9655,9371,9496
9720: 1553,9624,9319,9813,9722,9708
9790: 3722,9816,3321,9704,9759,9796
9366: 2333,9430,9590,9337,9553,9259
9930: 9971,9926,8631,8694,6385,9919
9332: 9374,9772,9620,9899,9425,9396
9845: 9286,9479,9351,9862,9970,9411
10009: 7146,9517,9880,10012,6967,7505
8807: 8917
4950: 9490,9265,9909,9539,9404,9367
9451: 9730,9954,9948
9573: 9412,9258,9538,9352,10013,9408
3545: 
9578: 9872,9455,9367,9658,9410,9490
9381: 9653,9641,9716,9391,9349,9864
9460: 9626,9580,9263,9446,9782,217,10040
9799: 9689,9599,9887,9522,9331,9797
9495: 9488,9530,9264,1225,9554,9365,2733
9630: 9361,9542,9327,9747,9986,9572
9547: 9933,9923,9275,9743,9321,9788
9536: 9298,9380,9358,9268,9577,9248
9320: 9443,9342,9254,3504,9409,9397
9728: 9656,9823,9769,2806,9973,9793
1006: 
9557: 9470,9365,9488,9316,9388,9577
10016: 9684,9898,9906,9914,9494,9847
7719: 9376,9346,7292,8333,7965
9792: 9776,9873,9941,9992,10006,9817
9749: 9567,9615,9827,9546,9811,9863
7570: 9237,8496,9260,9419,7899,9079
7988: 8225,9448,9938,8513,9617,8296,8710
9762: 10003,10039,9752,9857,10030,9789
2669: 
9328: 9569,9825,9814,9935,2540,9262
9834: 9947,9693,9620,9396,9375
9872: 9578,9455,9658,5564,9873,9964
1019: 1340
9344: 9740,9505,9875,8596,9271
9349: 9688,9864,9568,9423,9391,9381
9811: 9794,9858,9673,9827,9749,9863
9727: 9824,10039,9939,9789
9602: 9454,4719,4322,9280,9877,9266
8658: 
9484: 9413,9733,9928,9346,9390,9376
5403: 5792,9639,9846,9627,9636
9478: 9355,9252,5882,9467,9290
9997: 9662,9742,9671,9862,9822,9510
9980: 9245,9363,9552,9275,9743,9812
9766: 9922,9876,9978,9927,9921
9759: 9924,9485,9816,9790,9731,9796
9702: 9836,9587,9426,9832,9886,9981
9631: 7146,9517,9253,9274,6389,9616
9860: 9601,6280,5478,6085,9724,9696
9301: 7360,9773,9839,9561,9667,9508
10018: 9549,9755,9871,9985,9820
5841: 
5202: 9553,4697,4893,4486,9644,9911
7417: 9359,9952,7847,7505,6967,6682
10038: 10041,9957,3715,3820
9675: 10010,9510,9286,9532,9810,9659
9323: 9393,9414,9369,9580,9263,9946
1044: 
4347: 9533,9311,5064,2968,4057,4771
9966: 9978,3820
9589: 9809,9923,9907,9598,9326,9273
2649: 9319,9813,9585,9913,4525,9645
9334: 9917,9988,9356,9592,9448,9938
9862: 9671,9970,9997,9286,9845,9510
9489: 9331,4155,9797,9256,9462
1052: 978
9978: 9927,3820,9966,9766
9731: 9816,9961,10021,9859,9924,9759
9721: 9751,9718,9929
8496: 9237,7570,9260,8694,9919,9640
9775: 9329,9699,9345,9565,700,9416
9635: 9606,9291,927,9780,9363,9895
9634: 9625,9892,9438,9787,9800,9976
6930: 9550,9499,7009,7641,6916
9361: 9630,9542,9747,2585,2509,2778
9214: 9987
9279: 9254,9481,9250,9715,9296,9443
9641: 9381,9653,9625,9391,9976,9739
9885: 9846,9754,9303,9449,9497,5792
4083: 9401,4486,9259,3502,9668,4498
8990: 7901,8991,8879,9081,9219,8885
9346: 9436,7292,9390,9484,9376,7719
9839: 9773,9301,9603,10042,9920,9667
9734: 9282,9569,9521,9262
9535: 9351,9555,3559,3166,9541,9411