9266: 9348,9523,9877,9718,9602,9454
9886: 9702,9426,9832,9312,9413,9694
9339: 9337,4891,4893,9440,9804,3777
9882: 9245,9745,9474,9840,9895
9378: 9640,9292,9545,9456,9277,9420
9556: 9982,9317,9571,9629,9297,10005
6507: 7152
3486: 9837,9487,3786,9974,9940,9865
4811: 4719,9397,5138,9503,9454
9361: 2778,2509,9542,9758,9747,9630
5975: 5882,9355,9379,9805,5876,7360
8475: 
9376: 9413,9484,9346,7719,9426
10012: 9768,10031,9714,10009,9880,6967
9954: 9973,9451,9948,9474,2806,3491
9562: 9249,9429,5138,3903,9409,9784
9512: 6085,9406,9540,6348,9543,6280
9482: 9574,9352,10017
10017: 9808,9985,9871,9482,9574
10007: 8970
9833: 9783,9910,9652,9953,9687
10011: 9925,10036,9891,9932,9576,9878
9394: 9533,9608,4169,9410,5754,9455
9721: 9751,9718,9929
9092: 10014
9962: 9663,9879,10026,9439,2609,2699
9590: 9430,9248,9441,9337,9804,9366
9690: 6249,9695,10034,9763,9347,9944
9354: 9550,9499,9458,9402,9310,9465
4569: 5256,4463,4448,4146,9302,9604
9990: 10041,9957,9815,9771,9516,9713
9774: 9899,9425,9669,9874,9747,9986
9768: 10031,10012,9684,9898,9714,6009
9848: 9710,9964,5564,10019,9884
9958: 9818,9380,9865,9757,9746,9298
7009: 7641,7292,6930,9499,9436
9294: 9503,9480,9454,9523,9703,10025
9663: 9918,9879,9962,2778,2509,2699
9392: 9633,9483,9269,9700,6018
8694: 9260,8496,9623,6385,9930,9919
40: 
6085: 9406,9512,9915,6280,9696,9860
9533: 9394,4169,2968,4347,9311,9410
9362: 10042,9529,9476,9398,9244,9377
9782: 217,9460,9907,9338,9537,9446
9265: 9909,4950,9968,9490,9305,9901
9317: 8513,9982,8770,9556,7901,9297
9588: 9622,9593,5775,9252,9355,9379
6884: 
9746: 9853,9441,9298,9757,9958,9657
2600: 2685,9758,9669,9295,9247
9633: 9392,9483,9459,9670,9280
9280: 9877,9670,9602,9633,4322
9322: 9810,9445,10001,9287,9403,9607
9645: 9717,2649,9709,9335,9813
9295: 9528,9414,9247,2600,9758,9918
9607: 9308,9638,9377,9810,9322,9403
1740: 
4322: 4719,9357,6018,9280,9602
9469: 9908,9801,9309,9847,9494,9417
9935: 2928,3810,9955,9328,9814
9945: 3295,9826,9719,9821,9730
9779: 10031,9753,5408,9627,9880,9977
9914: 10016,9847,9896,9685,9341
9851: 1052
9943: 9638,9435,9529,9920,9647,9650
4893: 9337,9339,4891,9553,4697,5202
8150: 9356,9336,9592,9750,9692,8309
5475: 9364,9261,5754,5564,9884
9855: 6695
9566: 9431,9324,9428,9611,9445,9315
9829: 9655,9707,9760,9270,9736,9798
9434: 9711,9373,9447
9683: 8318,9842
9709: 9717,9645,9335,9246,9700,9761
4891: 9339,4893,3777,9475,4697,9432
9519: 10030,9340,9594,9285
9928: 9729,9486,9390,10024,9733,9484
9325: 9364,9261,9463,10033,9398,9476
9854: 9691,9889,9926,9767,10043,9787
9508: 5876,9310,7360,9561,9301,9643
10023: 9965,9671,9327,9542,9579,9970
9398: 9244,9659,10033,9325,9362,9476
9765: 3743,9677
9699: 9345,9791,9775,9329,9950,9883
9629: 9960,9297,9600,9894,9556,10005
9415: 9737,2492,9283,9251,9637,9372
9510: 9862,9286,9997,9662,9822,9675
9814: 9328,9825,9955,9922,9897,9935
5640: 
7355: 
9691: 9889,9854,9787,9800,9292
9922: 9921,9897,9766,9955,9876,9814
9853: 9441,9746,9657,9698,9440,9804
9617: 7988,9938,10029,9795,7581,8513
7318: 7901,9081,7565,7581,9649,8770
9880: 9517,10009,9977,10031,10012,9779
9698: 9657,9883,9807,9853,9969,9440
9787: 9800,9438,9634,9767,9691,9854
3321: 3715,3722,3820,9704,9790,3712
9931: 9891,9888
9738: 9754,9835,9764,6849,9846
9279: 9250,9481,9715,9443,9296,9254
9907: 217,9273,9782,9338,9326,9589
9754: 9738,9835,9852,9303,9885,9846
9819: 1950,9748,9972,9399,9500
9857: 7992,8309,9752,10030,9340,9762
9565: 9775,9416,9806,9515,9329,9487
9918: 9663,9879,9758,9295,9414,2778
9788: 9321,9940,10002,9547,3786,9933
8225: 7988,9752,8513,9982,10003
9426: 9836,9886,9702,9376,9413
9722: 9335,9813,9720,9708,9715,9296
4083: 3502,4498,4486,9259,9668,9401
9660: 9661,9767,9444,9584,10043,9368
9761: 9700,6018,9709,9246,9342,9357
9852: 9622,9593,9915,9754,9835,9303
9456: 9378,9545,9277,9828,9984,9686
9858: 9996,9794,9811,9827
6682: 9525,9714,9466,6967,7417,9952
9724: 9696,9860,9601,9801,9309,9764
10010: 9244,9659,9675,9822,9810,10001
9609: 9327,9572,9582,9591,9579,9555
9729: 9486,9705,9928,9472,7617,10024
9405: 9949,9551,9257,9612,9682,9748
9878: 9255,9576,9925,9972,10011,9500
4485: 3983,9969,9807,9570,3471,9900
9589: 9598,9923,9326,9273,9907,9809
9514: 9488,9388,9743,9264,9812,9321
9964: 9710,9776,9848,5564,9872,9873
9713: 3715,3722,9516,9957,9990,9520
9838: 10000,9994,9870,9689,9866
9899: 9774,9332,9425,9374,9665,9874
9982: 8513,9317,9556,8225,10003,9571
4463: 4569,5256,4146,4255,5064,4155
2333: 9366,9259,9430,9481,3701,3502
1729: 
9245: 9552,3491,9882,9895,9980,9363
9467: 9290,9477,9478,9550,7811
9974: 3786,9933,9809,9806,9869,3486,9487
9868: 4941
141: 
9884: 10019,9667,9261,5475,9603,9848
9572: 9327,9630,9986,9609,9597,9582
5564: 5754,9455,9872,5475,9964,9848
1793: 9806,9869,9515,9626,10040,9706
3119: 9913,9304,2928,3121,3907
3540: 3345
9431: 9464,9300,9324,9566,9288,9315
9619: 9608,4169,9605,9595,9463
5870: 6280,9575,9506,9601,6348,9433,9860
3121: 9521,3907,3119,2928,9262
9407: 9019,9563,9661,9892,8867,9438
10033: 9595,9463,9532,9398,9659,9325
9401: 9726,9668,4486,4083,9979,9911
9441: 9853,9746,9298,9590,9248,9804
156: 
9708: 9902,9903,2721,1553,9722,9720,9715
9644: 9911,5202,10020,4697,9341,9896
9382: 2133,2305,9399,9500,9637,9255
9246: 9443,9342,9296,9335,9709,9761
9985: 10017,9808,9871,9632,10018,9755
9957: 10041,9990,10038,3715,9713
8921: 
10002: 9321,9940,9788,9388,9818,9316
9606: 9905,9267,9780,9635,9389,927
9692: 9293,9750,9786,9893,8150,9336
2858: 
1225: 2733,1553,9495,9554,9624,9491
9983: 8346
9292: 9378,9640,9545,9691,9889
9485: 9924,9759,9796,9585,9333,9697
9324: 9464,9431,9566,9527,9473,9428
9319: 9624,9585,9333,9813,9720,2649
9446: 9263,9803,9461,9537,9460,9782
10005: 9824,9664,9556,9571,9960,9629
2194: 
9413: 9376,9484,9733,9312,9886,9426
9843: 9586,9956,9281,9934,9856,9770
9523: 9348,9703,9266,9294,9454
9736: 9769,9823,9798,9821,9270,9829
9648: 9701,9400,9849,9666,9518,9559
9751: 9721,9959,9877,9718,9670
3504: 9409,9320,3903,4498,9254
9601: 9575,5870,9511,9724,9860,9309
9253: 9636,9517,9977,9274,9299,9631
9581: 9881,9716,9492,9653,9844,9681
9596: 9971,9368,9497,5792,9639,8631
9259: 9553,4486,9366,2333,4083,3502
9895: 9780,9635,9840,9245,9882,9363
8264: 
9367: 9490,9578,9410,9311,9539,4950
9258: 9538,9498,9573,9513,9723,9412
9299: 9274,6385,8631,9639,9253,9636
9893: 9786,9437,9336,9692
9433: 6348,9502,9313,9330,5870,9506
1950: 9819,9748,9257,9281,1592
9450: 9828,9739,9976,9800,9545
9741: 10036,9912,9744
9881: 9716,9581,9492,9995
9700: 9761,6018,9717,9709,9269,9392
9650: 9647,9967,9805,9943,9773,9920
4941: 9868
9669: 2685,2600,9758,9874,9747,9774
9369: 9706,9991,9946,9323,9580,9626
9976: 9450,9739,9625,9800,9634,9641
9385: 9345,9791,9288,9300,9370,9900
9662: 9428,9611,9822,9997,9510
1594: 
2778: 9361,2509,9758,9918,9663
9870: 9693,9947,9994,9838
9815: 10041,9990,3517,9771
9586: 9956,9843,9281,9674,1592
9961: 9859,9389,9267,10021,9731
10000: 9994,9838,9422,9689,9462,9797
9583: 9452,9785,9360,9861,9249,9701
9849: 9701,9648,9979,9726,9861,9666
217: 9460,9273,9907,9782,10040
9941: 9901,9658,9792,9873,10035,9992
9908: 9469,9309,9511,9278,9685,9847
9920: 9839,9773,10042,9529,9943,9650
9569: 9734,9262,9328
9544: 9386,10022,9952,9359,7417,9712
7901: 7318,9081,9317,8770,8885,9297
9529: 10042,9362,9638,9943,9377,9920
7292: 7641,7009,9436,9346,8333,7719
9656: 9338,9537,9781,9769,9793,9728
9681: 9844,9984,9653,9828,9739,9581
9887: 9689,9866,10027,9599,9646,9799
7965: 8046,9568,8333,7719,9423
5202: 9911,9644,4893,9553,4486,4697
9716: 9881,9581,9864,9381,9653,9995
9470: 9358,9577,9557,9365,9902,2721
9515: 9806,1793,9706,9272,9416,9565
5064: 4255,4057,5256,4463,4771,4347
9677: 3743,9765
9769: 9736,9823,9798,9656,9781,9728
9462: 9256,9489,9797,10000,9422,9442
9261: 9364,5475,9325,9603,9476,9884
9248: 9590,9268,9430,9536,9441,9298
9970: 9579,9351,9671,10023,9845,9862
9965: 9671,9742,10023,2509,9542,2699
9667: 9561,10019,9884,9603,9839,9301
9461: 9803,9496,9642,9263,9393,9446
9593: 9622,9852,9588,9406,5775,9915
7775: 
9373: 9711,9678,9452,9998,9447,9434
9723: 9258,9513,9412
9570: 9370,9330,3471,9900,4485,9506
9594: 9519,9340,9293,9750
9637: 9382,2305,9255,9251,9415,9372
2305: 2133,9382,9637,9371,9372,9421
9971: 9596,10043,9368,8631,9930,9926
9575: 5870,9506,9601,3471,9511,9384
9830: 9276,9719,9674,9826
9445: 9322,10001,9611,9566,9287,9315
9673: 9863,9672,9794,9811
9612: 9770,9257,10004,9551,9405
9516: 9771,9990,9520,9713
10035: 9305,9471,9941,9901,9867,9992
7899: 9504,9079,9284,7565,8879
9406: 6085,5775,9512,9540,9915,9593
9824: 9664,10005,10039,9571,9727
10006: 9975,9992,9792,9817,9725
9822: 9611,9662,9510,10010,9675,10001
10031: 9768,10012,9684,9753,9779,9880
9917: 9334,9988,9712,9386,9353,9592
2391: 9541,3559,4057,3166,2968
9832: 9886,9702,9694,9981
9257: 9770,9612,9405,9281,1950,9748
9296: 9246,9443,9335,9722,9279,9715
9237: 9307,9420,7570,8496,9640
9582: 10032,9591,9375,9572,9609,9597
9874: 2685,9669,9665,9737,9774,9899
274: 
9791: 9345,9385,9699,9883,9807,9900
2476: 
9418: 9772,9621,9424
9486: 9729,9705,9928,9289,9390,9534
8046: 9568,7965,8333,7383,7723,8867
2609: 9439,9527,2699,9962,9742
9592: 9356,8150,9336,9353,9917,9334
1044: 
3471: 9570,3983,4485,9575,9506,9384
9969: 3983,3777,4485,9698,9807,9440
9546: 9567,9560,9610,9564,9827,9749
9909: 4950,9265,9968,9755,9404,9549
9793: 9383,9326,2806,9728,9338,9656
9481: 9250,9279,3701,2333,3502,9254
10037: 9803,9496,9421,9655,9798,9781
9494: 10016,9847,9469,9417,9684,9753
6695: 9855
3786: 9974,9933,9940,9788,3486
3907: 9269,3121,3119,9717
3983: 3777,4485,9969,3471,9384,9475
9979: 9911,10020,9726,9401,9666,9849
9726: 9861,9784,9668,9401,9979,9849
10042: 9529,9362,9476,9603,9839,9920
9473: 9468,9676,9439,9527,9464,9324
299: 411
9613: 9610,9564,9277,9307,9420,9618
9686: 9618,9456,9277,9984
9801: 9469,9309,9724,9764,9417,6849
10029: 9617,9938,9740,9395,9988,9795
9307: 9420,9237,7570,9504,9613,9564
9755: 9909,9985,9404,9632,10018,9549
9489: 9462,9256,9797,9331,4255,4155
9682: 9888,9925,9972,9949,9405,9748
9772: 9418,9374,9424,9620,9332
10036: 9891,9741,10011,9932,9744
9836: 9702,9426,9587,9688,9423
9585: 9319,9333,9485,9913,9697,2649
9542: 9361,2509,9327,9630,9965,10023
5754: 9455,5564,9394,9608,9364,5475
9500: 9382,9399,9972,9819,9255,9878
9733: 9951,10024,9312,9928,9413,9484
316: 
9888: 9925,9682,9949,9891,9931
9291: 9264,9812,9363,9635,9530,927
9712: 9917,9988,9359,9386,9544,9395
3860: 4255,3166,9256
10025: 9711,9678,9294,9480,9703
9916: 9995,9587,9688,9864
10038: 9957,9966,3820
9428: 9611,9662,9527,9324,9566
9410: 9578,9367,9311,9394,9533,9455
9503: 9294,9480,9454,4811,9429,5138
9411: 9845,9479,9605,9351,9541,9535
9714: 9525,6682,6009,9768,10012,6967
9597: 9572,9986,9396,9375,9425,9582
9580: 9263,9323,9460,9369,9626
9873: 9941,9658,9792,9872,9964,9776
9599: 9887,9646,9498,9513,9799,9522
9803: 9461,10037,9496,9537,9781,9446
9624: 9319,9333,9491,1225,1553,9720
9327: 9630,9572,9609,9542,9579,10023
336: 
9643: 10034,9936,9402,9561,9310,9508
9420: 9307,9237,9378,9640,9277,9613
9753: 10031,9684,9779,9494,9417,5408
9951: 10024,9733,9312
2699: 2609,2509,9663,9962,9965,9742
9778: 9437,9831,9353,9963,9386,10022
2024: 9374,9665,9424,9756,3947,9283
3722: 3321,3715,9713,9816,9520,9790
9744: 9932,9756,9741,10036,9621,9912
7340: 
9926: 9889,9854,9919,9971,10043,9930
9826: 3295,9945,9719,9830
8333: 8046,7965,7719,7383,7641,7292
9912: 9621,9741,9744
9352: 9408,9574,9573,9482,10013
10024: 9951,9733,9472,9729,9928
3345: 3540
9316: 9818,9380,10002,9557,9388,9577
10003: 9762,10039,9571,8225,9752,9982
9697: 9913,9304,9485,9796,9679,9585
6420: 
7581: 9795,9649,9617,7318,8770
9649: 9795,7581,9875,9904,9284,7318,7565
9891: 10036,9931,9888,9925,10011
4486: 9553,9259,4083,9911,5202,9401
2906: 2153
9757: 9837,9950,9958,9865,9657,9746
9911: 9979,5202,9644,10020,4486,9401
9987: 9214
9821: 9736,9823,9270,9719,9945,9730
6849: 9417,5408,9801,9738,9764
9689: 9866,9887,10000,9838,9799,9797
9541: 2391,9535,9411,9605
9628: 9904,9419,9623,9616,9271,9260
6140: 
9289: 9763,9989,9993,9486,9705,9534
9701: 9648,9400,9849,9861,9583,9785
9671: 9965,9742,10023,9970,9862,9997
9748: 1950,9819,9405,9257,9972,9682
376: 492
9499: 9550,9354,9465,7009,6930
9584: 9449,9509,9497,9660,9444,9368
9329: 9837,9487,9950,9775,9565,9699
9476: 10042,9362,9398,9261,9325,9603
9929: 9718,9721,9348
9463: 9595,10033,9608,9619,9364,9325
9813: 9335,9722,9720,9319,9645,2649
9330: 9370,9570,9526,9313,9433,9506
9271: 7146,9616,9344,9628,9904,9875
9984: 9844,9681,9828,9456,9686
9276: 9270,9719,9830,9674,9760
9608: 9394,4169,9619,9463,5754,9364
9391: 9381,9641,9568,9625,7723,9349
8879: 9081,7565,7899,9219,8990
9454: 9503,9294,4811,4719,9602,9523,9266
9455: 5754,5564,9872,9394,9578,9410
9379: 9355,5975,9967,9805,5775,9588
9866: 9689,9887,10027,9999,9838
9616: 7146,9271,9631,9274,9623,9628
9668: 9726,9784,9401,3903,4083,4498
9312: 9951,9733,9413,9694,9886
7723: 9625,9892,8867,8046,9568,9391
2364: 
9549: 10018,9909,9968,9755
9444: 9661,9660,9477,9509,9584,9563
9975: 10006,9725,10015,9783,9910
9145: 
9311: 4771,4347,9539,9533,9410,9367
9780: 9895,9635,9937,9840,9905,9606
9540: 9406,5775,9512,9435,9543,9647,9967
9802: 9507,9548,9672
9331: 9799,9522,9489,9797,4146,4155
9638: 9308,9943,9435,9377,9607,9529
9752: 9857,7992,8225,9762,10003
411: 299
9488: 9557,9365,9388,9514,9264,9495
9760: 1592,9270,9276,9707,9829
9646: 9887,10027,9599,9513
9397: 9409,9320,9342,4811,4719,9357,5138
4771: 4347,9311,9539,5256,5064,9350
9081: 7318,7901,7565,8879,8885,8990
9640: 9378,9292,9889,9919,8496,9420,9237
9900: 9370,9570,9791,9385,9807,4485
9679: 9796,9704,3612,9304,9697,3810
9343: 9867,9680,9471,9614
9847: 10016,9914,9494,9685,9908,9469
9303: 9453,9449,9622,9852,9754,9885
424: 1529
9555: 9579,9351,9609,4139,9535
9247: 9528,9295,2492,9427,2685,2600
9595: 9463,10033,9532,9479,9605,9619
9968: 9909,9265,9549,9305,9306
10039: 9762,10003,9571,9789,9824,9727
7811: 9019,9563,9467,9477,6916
9255: 9576,9251,9878,9382,9500,9637
9877: 9718,9670,9280,9602,9751,9266
10026: 9991,9946,9879,9962,9439,9676
3820: 9966,9927,10038,3321,3715,3712
9539: 4771,9311,9404,9350,4950,9367
9309: 9908,9801,9469,9601,9511,9724
9551: 9949,9405,9612
8885: 9126,8990,7901,9081,9297,9600
8513: 9982,9317,8770,9617,7988,8225
9797: 9462,9489,9689,10000,9331,9799
9693: 9870,9834,9947
9341: 9685,4697,9432,9644,9914,9896
9996: 9858,9794
10008: 9937,9840,9745
9517: 7505,10009,9880,9977,9253,9631
3743: 9765,9677
9784: 9726,9861,9668,3903,9562,9249
9942: 9651,9998,9531,9447,9963,9831
449: 
6018: 9700,9761,9392,4322,9357
9448: 7992,9334,9356,7988,9938
9492: 9881,9581,9844
9371: 9427,9372,9642,2305,9496,9421
9973: 9954,9451,9730,9823,2806,9728
5792: 9497,9885,9846,9639,5403,9596
456: 
9988: 9917,9334,9712,9395,9938,10029
9666: 9906,9518,9979,10020,9648,9849
9933: 3786,9974,9809,9923,9547,9788
9938: 9617,7988,10029,9334,9988,9448
9365: 9557,9488,2733,9495,9470,2721
5129: 
9300: 9431,9385,9288,9526,9315,9370
6930: 6916,7641,7009,9550,9499
9360: 9583,9452,9249,9429,9480,9678
466: 
9665: 2024,9374,9737,9283,9899,9874
9475: 9278,9384,3983,3777,4891,9432
9432: 9685,4697,9341,4891,9278,9475
9615: 9863,9749,9567,9125,9387,9548
9670: 9877,9280,9633,9459,9959,9751
9561: 10019,9667,9301,9643,9936,9508
9850: 978,9732
9995: 9916,9864,9881,9716
9408: 9302,9574,9352,9538,9573,4448
9731: 9924,9759,10021,9816,9859,9961
9809: 9974,9933,9273,9589,9923,9869
2133: 9382,2305,9399,9655,9707,9421
9414: 9528,9295,9323,9393,9918,9879,9946
9449: 9453,9509,9303,9584,9497,9885
9496: 9803,9461,10037,9421,9371,9642
9466: 9457,9735,9559,9525,6682,9952
9840: 9937,10008,9745,9882,9780,9895
9711: 9678,10025,9373,9434
9717: 9645,9709,9269,3907,9700
9946: 9991,9369,10026,9414,9323,9879
8770: 8513,9317,7581,7318,7901
9550: 9354,9499,9458,9467,6930
9277: 9378,9456,9420,9686,9618,9613
4498: 3903,4083,3502,9254,3504,9668
9079: 9504,7899,7570,9419,9284
492: 376
9777: 
9627: 9636,5403,5408,9779,9977
1529: 424
9577: 9358,9470,9536,9557,9380,9316
1246: 
9527: 9439,2609,9473,9428,9324
1709: 2153,9654
9524: 9959,9282,9459
9739: 9450,9828,9976,9641,9653,9681
5876: 9310,9508,7360,5882,5975,9458
9359: 7847,7417,9544,9395,9505,9712
8737: 
9334: 9917,9988,9356,9592,9938,9448
9785: 9583,9452,9701,9400,9998,9531
9842: 8318,9683
9427: 9371,9372,9642,2492,9528,9247
9214: 9987
7505: 9517,10009,7847,7146,9631,9505
9632: 9404,9350,9604,9808,9985,9755
7880: 
513: 
9828: 9450,9739,9545,9456,9984,9681
9531: 9998,9942,9963,9400,9785,9457
9603: 9261,10042,9476,9667,9884,9839
9353: 9437,9778,9386,9917,9336,9592
9416: 9775,700,9565,9515,9272,9468
9684: 9768,10031,9753,10016,9898,9494
9652: 9680,9910,9833
9252: 9355,9622,9588,9290,9478,9453
9436: 9390,9534,9346,7009,7292
9805: 9650,9967,9773,7360,9379,5975
9823: 9736,9769,9821,9973,9730,9728
9318: 9558,9960,9894
9286: 9862,9510,9845,9479,9532,9675
9564: 9610,9613,9307,9504,9560,9546
9621: 9912,9756,9744,9418,9424
9903: 9708,9902,9250,9715,9493
6916: 7383,7641,6930,9019,7811
9474: 9948,9745,9954,3491,9882
9871: 10017,9985,10018,9820
9310: 5876,9508,9643,9402,9354,9458
9346: 9390,9436,7292,9376,9484,7719
7417: 9359,6967,7847,6682,9544,9952
3903: 4498,3504,9409,9784,9668,9562
537: 
9545: 9378,9292,9456,9450,9828
9393: 9263,9323,9642,9461,9528,9414
9273: 217,9907,10040,9589,9869,9809
9525: 9714,6682,6009,9518,9466,9559
9703: 9523,9294,10025
9283: 9737,9415,3947,9251,2024,9665
9278: 9511,9384,9475,9685,9432,9908
9507: 9387,9501,9548,9802,9558
7002: 
2153: 1709,9654,9841,2906
9919: 9889,9926,9930,8496,8694,9640
9464: 9431,9324,9473,9468,700,9288
9807: 9698,9883,9791,9900,4485,9969
9905: 9267,9606,9937,9780
9293: 9750,9692,9786,9594
10014: 9092
9518: 9666,9906,9648,9525,6009,9559
9425: 9774,9899,9332,9396,9986,9597
9479: 9411,9845,9605,9286,9595,9532
4146: 4569,4463,4448,9331,9522,4155
9825: 9328,9814,9897,10028
9267: 9905,9606,10021,9961
9658: 9941,9901,9873,9490,9578,9872
561: 760
9756: 9932,3947,9744,9621,2024,9424
9614: 9471,9306,9343
9883: 9657,9698,9807,9950,9791,9699
4448: 4569,4146,9538,9522,9408,9302
9879: 9918,9663,9962,9414,9946,10026
9396: 9620,9834,9375,9332,9425,9597
9991: 9706,9369,9946,10026,9272,9676
10004: 9934,9770,9612
9402: 10034,9643,9310,9465,9944,9354
9404: 9350,9632,9539,9909,4950,9755
2721: 9708,9902,9365,2733,1553,9470
9275: 9743,9547,9980,9552,9598,9923
9587: 9836,9702,9688,9981,9916
10015: 9314,9783,9975,9725,9989,9347
10034: 9643,9936,9402,9695,9690,9944
9844: 9984,9681,9581,9492
9675: 10010,9659,9286,9510,9822,9532
9459: 9633,9483,9524,9959,9282,9670
9687: 7617,9953,9314,9783,9833
9563: 9019,9407,7811,9477,9661,9444
9659: 9398,9244,10010,9675,10033,9532
9953: 9472,9687,9833
9775: 700,9416,9565,9329,9345,9699
9966: 9927,3820,9978,10038
9977: 9517,9880,9779,9253,9636,9627
9898: 10016,9906,9768,9684,6009
9537: 9338,9656,9781,9803,9446,9782
9773: 9839,9301,9920,9650,9805,7360
5332: 
9657: 9698,9883,9757,9950,9853,9746
9618: 9686,9277,9610,9613
9767: 9661,9660,10043,9787,9438,9854
9672: 9863,9673,9548,9802
9904: 9628,9419,9284,9271,9649,9875
6280: 5870,6348,6085,9512,9860
8614: 
9308: 9638,9435,9607,9403,9543,9502
8318: 9842,9683
9763: 9989,9347,9289,9690,9993,9944
9281: 9586,9843,9770,9257,1950,1592
9676: 9272,9473,9468,9991,10026,9439
9298: 9441,9746,9958,9380,9536,9248
9447: 9651,9998,9942,9373,9434
9678: 9711,10025,9373,9480,9452,9360
9377: 9638,9607,9244,9810,9529,9362
9956: 9586,9843,9856,9674
9409: 3504,9397,9320,3903,9562,5138
9955: 3612,9876,9922,3810,9935,9814
9750: 9293,9692,8150,8309,9340,9594
9740: 9395,9505,9344,9795,9875,10029
9994: 10000,9838,9422,9870,9947,10032
9251: 9255,9576,3947,9637,9415,9283
9694: 9312,9886,9832
9718: 9877,9721,9751,9348,9266,9929
8917: 8807
9579: 9970,9351,9555,9327,9609,10023
9287: 9526,9313,9403,9315,9322,9445
9653: 9381,9641,9739,9716,9581,9681
9605: 9411,9479,9541,2580,9619,9595
9422: 10000,9994,10032,9591,9462,9442
2685: 2600,9669,9874,9737,2492,9247
9386: 10022,9544,9778,9353,9917,9712
9288: 9345,9385,700,9464,9300,9431
9522: 9331,9799,9599,9498,4448,4146
9867: 9343,9680,9471,10035,9992
9861: 9726,9784,9249,9701,9849,9583
1592: 9760,9586,9281,1950
9634: 9787,9800,9438,9625,9892,9976
3295: 9945,9826
3502: 4083,4498,9481,9259,2333
7641: 6916,7383,7009,7292,6930,8333
9358: 9470,9536,9577,9902,9268,9493
634: 
7353: 
1052: 9851,978
9535: 9541,3559,4139,9351,9555,9411
9685: 9432,9341,9278,9908,9914,9847
9297: 9629,9600,7901,9317,9556,8885
9468: 9272,9473,9676,700,9416,9464
9388: 9557,9488,9514,9321,10002,9316
9636: 9639,9253,5403,9627,9977,9299
9696: 9724,9860,6085,9915,9835,9764
9429: 9562,9249,5138,9503,9480,9360
645: 
2928: 3810,9935,9304,3119,3121
9493: 9250,3701,9358,9902,9903,9268
9554: 9859,9389,9530,1225,9495,9491
9967: 9647,9650,9805,5775,9540,9379
9894: 9960,9629,9600,9501,9318,9558
9342: 9246,9443,9761,9397,9320,9357
7565: 7318,9081,8879,9284,9649,7899
9948: 9745,9474,9954,9451
4255: 5064,4057,3166,4155,3860,9256,9489,4463
9816: 10021,9520,3722,9759,9731,9790
9978: 9966,9927,9766
9333: 9319,9624,9585,9491,9924,9485
9438: 9787,9634,9407,9661,9767,9892
9509: 9453,9449,9584,9290,9477,9444
2658: 
5426: 
9511: 9278,9384,9575,9601,9908,9309
9526: 9287,9313,9315,9300,9370,9330
9776: 9710,9964,9792,9873,9817,6349
9559: 9457,9466,9518,9648,9400,9525
9372: 9371,9427,2305,9637,9415,2492
9370: 9330,9570,9900,9300,9385,9526
9443: 9246,9342,9296,9279,9254,9320
9623: 9274,6385,9616,9260,8694,9628
9314: 10015,9783,9989,7617,9687,9705
9818: 9958,9380,9865,9316,9940,10002
9260: 7570,8496,8694,9623,9628,9419
9758: 2600,9669,9747,9295,2778,9361,9918
3701: 9250,9481,9493,9268,9430,2333
7439: 
9989: 9763,9347,9289,10015,9314,9705
9502: 6348,9543,9433,9313,9403,9308
9642: 9371,9427,9461,9496,9528,9393
2733: 1225,1553,9495,9365,2721
9285: 9939,9789,9519,10030
9506: 9575,5870,9330,9570,3471,9433
9480: 9503,9294,9429,9360,9678,10025
9125: 9126,8990,9567,9219,9615,9387
3712: 3612,9876,3321,9927,3820,9704
9924: 9759,9485,9731,9859,9333,9491
3491: 9245,9552,9954,9474,9383,2806
9626: 1793,9580,9460,10040,9706,9369
9491: 9624,9333,9859,9554,9924,1225
9560: 9567,9219,9546,9504,9564
9661: 9660,9767,9444,9407,9563,9438
9256: 9462,9489,3559,9442,4255,3166,3860
9770: 9257,9612,10004,9934,9843,9281
4139: 3559,9442,9591,9555,9535
9384: 9511,9278,9475,3471,3983,9575
9771: 9516,9990,9815
9786: 9893,9293,9692
7152: 6507
9326: 9383,9793,9338,9907,9598,9589
9532: 9595,10033,9479,9286,9659,9675
700: 9775,9416,9468,9464,9345,9288
9651: 9942,9447,9831
9695: 6249,9690,6349,9710,10034,9936
9925: 9888,9972,9682,10011,9891,9878
9290: 9467,9477,9478,9252,9453,9509
9934: 9856,10004,9770,9843
9244: 9398,10010,9659,9810,9362,9377
707: 
9952: 10022,9544,6682,9735,9466,7417
9963: 9942,9531,9457,9735,10022,9778,9831
2580: 9605
9869: 9806,1793,9273,10040,9974,9809
9513: 9498,9258,9723,9646,9599
9315: 9287,9526,9300,9431,9566,9445
10013: 9412,9573,9352
9458: 9550,9354,5876,9310,5882
9437: 9778,9831,9353,9893,9336
2509: 2778,9361,9542,9663,9965,2699
9576: 9255,9251,9878,10011,9932,3947
9440: 9339,9804,9698,9853,3777,9969
9889: 9691,9926,9854,9919,9640,9292
9340: 9519,10030,9594,9750,9857,8309
9274: 9623,6385,9299,9253,9616,9631
9892: 9625,7723,8867,9407,9438,9634
9395: 9740,9505,9359,9988,9712,10029
3612: 9955,9876,3712,9704,9679,3810
9173: 
6348: 9543,9502,9433,6280,5870,9512
10001: 9810,9322,9445,9611,9822,10010
3947: 9932,9756,9576,9251,2024,9283
9350: 9404,9604,9632,5256,4771,9539
731: 
3517: 10041,9815
9896: 9914,9341,9644,10020,9906
10022: 9386,9544,9952,9735,9963,9778
9571: 10003,10039,9982,9556,9824,10005
9272: 9468,9676,9706,9991,9515,9416
9735: 9457,9466,9963,10022,9952
9430: 9590,9268,9248,3701,9366,2333
9863: 9615,9749,9673,9672,9811,9548
9337: 9339,4893,9804,9590,9553,9366
9219: 9567,9560,8879,9125,8990
9521: 9269,3121,9734,9262,9483,9282
10028: 9897,9890,9825
9435: 9308,9638,9943,9543,9647,9540
9986: 9630,9572,9597,9774,9425,9747
9635: 9780,9895,9606,9291,9363,927
3715: 3321,3722,9713,9957,3820
9622: 9852,9593,9588,9252,9453,9303
10019: 9561,9667,9884,9710,9848,9936
9610: 9613,9564,9827,9618,9546
9465: 9993,9944,9402,9354,9499
7360: 5876,9508,9301,9773,9805,5975
8309: 9857,7992,9356,8150,9750,9340
9804: 9337,9339,9440,9853,9441,9590
9906: 9666,9518,10020,9898,9896,6009
9356: 8150,9592,9334,7992,8309,9448
9347: 9763,9989,6249,9690,9725,10015
1553: 1225,2733,9624,9708,2721,9720
9399: 2133,9382,9500,9819,9707
760: 561
9864: 9349,9688,9381,9995,9916,9716
9574: 9408,9302,9352,9482,10017,9808
9992: 10006,10035,9941,9792,9867
9743: 9275,9547,9980,9812,9321,9514
9783: 10015,9314,9910,9833,9975,9687
9910: 9783,9833,9680,9975,9652
9706: 9991,9369,9515,1793,9626,9272
9664: 9824,10005,9960
4697: 9432,9341,4891,4893,5202,9644
9452: 9583,9785,9360,9678,9373,9998
6385: 9274,9623,9299,8631,9930,8694
9390: 9436,9534,9346,9486,9928,9484
9304: 9913,3119,9697,9679,2928,3810
9806: 9869,9515,1793,9974,9565,9487
9348: 9523,9266,9718,9929
6009: 9525,9714,9898,9906,9518,9768
2198: 
9457: 9735,9466,9559,9400,9531,9963
9417: 6849,5408,9801,9469,9494,9753
9959: 9524,9459,9670,9751
9254: 4498,9481,9279,9443,3504,9320
9423: 9349,9688,9568,7965,9836
9655: 9707,9829,2133,9798,10037,9421
9781: 9656,9537,9769,9798,9803,10037
9412: 9258,9573,9723,10013
9639: 9636,5403,5792,9596,9299,8631
9859: 9554,9389,9961,9924,9731,9491
9338: 9656,9537,9326,9793,9907,9782
9795: 7581,9649,9875,9740,9617,10029
9817: 6249,6349,9725,9792,9776,10006
9936: 10034,9643,9710,9561,10019,9695
9901: 9941,9658,9265,9490,9305,10035
9705: 9729,9486,9314,9989,9289,7617
8346: 9983,8970
7617: 9472,9687,9314,9729,9705
9306: 9305,9471,9968,9614
9620: 9834,9396,9772,9332
9737: 9415,2492,9283,9665,2685,9874
10021: 9816,9520,9267,9961,9731
9534: 9390,9436,9289,9993,9486
9313: 9287,9526,9403,9330,9502,9433
9383: 9326,9793,2806,9552,3491,9598
9497: 5792,9885,9449,9584,9596,9368
8496: 9260,7570,8694,9919,9640,9237
9263: 9323,9580,9393,9446,9461,9460
9913: 9304,3119,9697,9585,2649
9268: 9430,9248,9358,9536,3701,9493
9742: 9965,9671,2609,2699,9997
8990: 9125,9126,8885,9081,8879,9219
9363: 9291,9812,9245,9895,9635,9980
9674: 9586,9956,9276,9830
9641: 9381,9391,9653,9625,9739,9976
9284: 9904,9419,9649,7899,9079,7565
9730: 9973,9451,9945,9823,9821
9553: 4486,9366,9259,9337,4893,5202
7265: 
9939: 9285,9789,9727
3810: 2928,9935,9679,9955,3612,9304
9937: 10008,9840,9780,9905
9915: 6085,9406,9696,9852,9593,9835
9798: 9736,9769,9655,9829,10037,9781
8695: 
9725: 6249,9817,9975,10006,10015,9347
9998: 9942,9531,9447,9452,9785,9373
8970: 10007,8346
9944: 9993,9465,9690,10034,9402,9763
9932: 9756,3947,9744,10036,10011,9576
9345: 9791,9385,9288,9699,9775,700
9487: 9837,3486,9329,9806,9974,9565
9972: 9925,9682,9819,9748,9878,9500
9704: 9796,9679,9790,3321,3612,3712
9336: 8150,9592,9437,9353,9893,9692
9820: 10018,9871
10043: 9971,9368,9660,9767,9926,9854
7146: 9616,9271,9631,7505,9505,9344
9400: 9701,9648,9785,9457,9559,9531
1340: 1019
9625: 9892,7723,9634,9391,9641,9976
2968: 9533,4169,4057,2391,4347
9865: 9958,9818,9940,9837,9757,3486
9389: 9859,9554,9530,9961,927,9606
9897: 9921,9922,9890,9825,9814,10028
2806: 9383,9793,9728,9973,9954,3491
9305: 9471,10035,9306,9265,9968,9901
9501: 9387,9507,9126,9600,9894,9558
9680: 9867,9343,9652,9910
3166: 4255,4057,3860,9256,3559,2391
848: 
5408: 9417,6849,9753,9779,9627
9302: 9408,9574,4569,4448,9808,9604
9810: 9322,10001,9244,10010,9377,9607
5250: 
3559: 4139,9442,9256,3166,2391,9535
5256: 4569,4463,5064,9350,9604,4771
7248: 
6531: 
9947: 9834,9375,9693,9870,9994,10032
7847: 9359,6967,7417,7505,10009,9505
10030: 9519,9340,9857,9762,9285,9789
6118: 
861: 
4057: 4255,5064,3166,2391,4347,2968
9387: 9507,9501,9548,9125,9126,9615
5882: 9355,5975,5876,9458,9478
9548: 9387,9507,9802,9615,9863,9672
9528: 9295,9414,9247,9427,9642,9393
9375: 9834,9396,9947,9582,10032,9597
9282: 9524,9521,9734,9483,9459
10041: 9957,9990,9815,3517
9442: 3559,4139,9422,9591,9462,9256
9049: 
9321: 10002,9788,9743,9547,9388,9514
6349: 6249,9695,9817,9710,9776
9323: 9263,9580,9393,9414,9369,9946
9270: 9276,9719,9760,9829,9736,9821
9747: 9758,9669,9774,9630,9986,9361
9940: 10002,9788,3786,3486,9818,9865
9019: 9407,7811,9563,6916,7383,8867
9600: 9629,9297,9894,9126,8885,9501
9719: 9270,9276,9830,9945,9826,9821
9927: 9966,3820,9978,9766,9876,3712
9505: 9740,9395,9344,7505,9359,7847,7146
9591: 9582,10032,9422,9609,4139,9442
9520: 10021,9816,9516,3722,9713
9262: 9734,9569,9328,9521,3121
9424: 2024,9374,9621,9756,9772,9418
9710: 9964,9776,9848,10019,9695,6349,9936
10020: 9979,9911,9644,9896,9666,9906
9647: 9650,9967,9943,9435,9540
9732: 9850,978
9707: 9655,9829,9760,2133,9399
9837: 9757,3486,9329,9487,9950,9865
9598: 9589,9923,9383,9326,9552,9275
9498: 9538,9258,9513,9599,9522
9504: 7899,9079,9307,9564,9560
5775: 9406,9540,9967,9379,9593,9588
9558: 9318,9894,9507,9501
9999: 9866,10027
9841: 2153,9654
9831: 9437,9778,9651,9942,9963
9419: 9628,9904,9284,9260,7570,9079
9688: 9349,9864,9423,9836,9587,9916
9846: 5792,9885,9738,9754,5403
8631: 6385,9299,9930,9639,9971,9596
10027: 9866,9887,9999,9646
2649: 9645,9319,9585,9913,9813
9335: 9813,9722,9645,9709,9246,9296
9471: 9305,10035,9306,9614,9867,9343
9472: 7617,9953,9729,10024
6249: 9695,9690,9817,6349,9725,9347
9835: 9738,9754,9764,9915,9696,9852
9993: 9465,9944,9763,9289,9534
9856: 9934,9956,9843
9808: 10017,9985,9302,9574,9604,9632
9604: 9350,9632,9302,4569,5256,9808
9538: 9498,9258,9573,9408,4448
9264: 9291,9812,9530,9488,9514,9495
4347: 4771,9311,5064,4057,9533,2968
9126: 9125,8885,8990,9600,9387,9501
4719: 4322,4811,9357,9397,9602,9454
9567: 9219,9560,9546,9125,9615,9749
9839: 9301,9773,9920,9603,10042,9667
9827: 9610,9546,9858,9811,9749
9885: 9497,5792,9846,9754,9449,9303
9351: 9579,9970,9555,9535,9411,9845
10040: 217,9460,9273,9869,1793,9626
927: 9389,9530,9635,9606,9291
9403: 9287,9313,9322,9308,9607,9502
3777: 3983,9969,9339,4891,9440,9475
9796: 9704,9679,9790,9759,9485,9697
9789: 9939,9285,10030,9762,10039,9727
9530: 9554,9389,927,9264,9291,9495
9764: 9738,9835,9724,9696,9801,6849
9960: 9629,9894,9664,10005,9318
9950: 9837,9757,9329,9699,9657,9883
9734: 9569,9262,9521,9282
9611: 9428,9662,9822,9566,9445,10001
9477: 9290,9467,9509,7811,9563,9444
9921: 9922,9897,9890,9766
9355: 5882,9252,9379,5975,9588,9478
4169: 9394,9533,9608,2968,9619
9453: 9449,9509,9303,9252,9622,9290
9949: 9551,9405,9888,9682
9862: 9286,9997,9510,9970,9671,9845
2492: 9737,9415,9427,9372,2685,9247
9490: 9578,9367,4950,9265,9901,9658
7383: 6916,7641,9019,8046,8333,8867
9357: 4322,4719,9342,9761,6018,9397
9981: 9702,9832,9587
9368: 9971,9596,10043,9584,9497,9660
9439: 2609,9527,9962,10026,9473,9676
9715: 9250,9279,9708,9903,9722,9296
4155: 4255,9331,9489,4463,4146
9552: 9245,3491,9383,9598,9275,9980
5633: 
6967: 7847,7417,10012,9714,6682,10009
9654: 1709,2153,9841
7992: 9857,8309,9752,9448,9356
959: 
9543: 6348,9502,9308,9435,9512,9540
9250: 9481,9279,9715,3701,9493,9903
9923: 9598,9589,9275,9547,9933,9809
9380: 9958,9818,9316,9536,9577,9298
9269: 9521,3907,9717,9700,9392,9483
10032: 9582,9591,9947,9375,9994,9422
9794: 9858,9996,9811,9673
8044: 
9902: 9708,9903,2721,9358,9470,9493
9812: 9264,9291,9363,9743,9980,9514
9745: 9948,9474,10008,9840,9882
9875: 9795,9649,9271,9740,9344,9904
5138: 9562,9429,9397,9409,4811,9503
9890: 9921,9897,10028
9249: 9562,9429,9861,9784,9583,9360
9800: 9787,9634,9691,9450,9976
9364: 9261,5475,9325,9608,9463,5754
8867: 9892,7723,7383,9019,9407,8046
978: 9850,1052,9732
9374: 2024,9665,9424,9772,9899,9332
9568: 8046,7965,7723,9349,9423,9391
9876: 9955,3612,3712,9927,9766,9922
9483: 9392,9633,9459,9521,9269,9282
9421: 10037,9496,2133,2305,9655,9371
9720: 9813,9722,1553,9319,9624,9708
9790: 9796,9704,9816,3321,3722,9759
9366: 9553,9259,2333,9590,9430,9337
9930: 6385,8631,9971,9926,9919,8694
9332: 9899,9425,9772,9374,9620,9396
9845: 9411,9479,9970,9351,9862,9286
10009: 7505,9517,9880,10012,6967,7847
8807: 8917
4950: 9909,9265,9404,9539,9490,9367
9451: 9973,9954,9730,9948
9573: 9538,9258,9412,10013,9408,9352
3545: 
9578: 9490,9410,9367,9455,9872,9658
9381: 9391,9641,9653,9349,9864,9716
9460: 217,9782,10040,9263,9580,9446,9626
9799: 9331,9522,9689,9887,9599,9797
9495: 1225,2733,9264,9554,9530,9365,9488
9630: 9327,9572,9986,9747,9361,9542
9547: 9743,9275,9923,9933,9321,9788
9536: 9358,9577,9380,9298,9268,9248
9320: 3504,9397,9409,9443,9342,9254
9728: 9793,2806,9769,9823,9973,9656
1006: 
9557: 9365,9488,9388,9316,9470,9577
10016: 9914,9898,9847,9494,9684
7719: 7965,8333,9346,7292,9376
9792: 9941,9873,9776,10006,9992,9817
9749: 9615,9863,9827,9567,9546,9811
7570: 9260,8496,9419,9307,9237,9079
7988: 9617,8225,9938,9448,8513
9762: 10003,10039,9857,9752,10030,9789
2669: 
9328: 9825,9814,9935,9569,9262
9834: 9620,9396,9947,9375,9693
9872: 9455,5564,9578,9658,9873,9964
1019: 1340
9344: 9740,9505,7146,9271,9875
9349: 9688,9864,9423,9568,9381,9391
9811: 9858,9794,9827,9863,9749,9673
9727: 10039,9939,9789,9824
9602: 9877,9280,4322,4719,9454,9266
8658: 
9484: 9376,9413,9928,9390,9346,9733
5403: 9639,9636,9627,5792,9846
9478: 9290,9467,5882,9252,9355
9997: 9862,9510,9671,9742,9662
9980: 9743,9275,9245,9552,9812,9363
9766: 9927,9978,9876,9921,9922
9759: 9924,9485,9731,9816,9796,9790
9702: 9836,9886,9426,9832,9587,9981
9631: 7146,9616,9253,7505,9517,9274
9860: 9724,9696,6280,5870,9601,6085
9301: 9839,9773,9561,9667,9508,7360
10018: 9549,9820,9985,9871,9755
5841: 