9266: 9877,9280,9602,9454,9523,9348
9886: 9426,9702,9413,9694,9312,9832
9339: 9804,4891,9440,9337,4697,4893
9882: 9474,9745,9840,9895,9245
9378: 9545,9456,9292,9640,9420,9277
9556: 10005,9571,9629,9317,9982,9297
9762: 10030,9789,10039,9857,10003,9752
3486: 9865,9940,9974,9933,9837,9487
4811: 9397,9602,5138,9503,9454
9361: 9630,9542,9747,9758,2778,2509
5975: 9379,9355,9805,7360,5882
8475: 
9376: 9836,9423,9484,9346,9426
10012: 6682,10009,7847,9880,9768,10031
9954: 9474,9745,9973,9948,9451,2806
9562: 9249,9429,5138,3903,9409,4498,9784
9512: 9406,9540,9543,6348,5870,6085
9482: 9408,9352,9574
10017: 9574,9808,9985,9871
10007: 9983,8695
9833: 9953,9783,9910,9687
10011: 9576,9932,10036,9891,9925,9878
9394: 9455,9410,4169,9533,9605,9619
9721: 6420,9777,9751,9718
5403: 5792,9846,9639,9636,9627
9962: 2609,2699,9879,9663,9439,10026
9590: 9366,9337,9430,9441,9248,9804
9690: 9347,9695,10034,9763,9989,9944
9354: 9550,9458,9499,9310,9465,9402
9568: 9625,9391,9349,7965,7383,9423
9990: 9771,9815,10041,9957,9713,9516
9774: 9874,9669,9747,9425,9899,9986
9768: 10031,9684,9714,10012,6682
9848: 10019,9884,5564,9776,9710,9964
9958: 9746,9757,9818,9865,9380,9298
9890: 9921,9897,10028
9294: 9503,9454,9523,9480,9703,10025
9663: 9879,2778,9918,2509,9962,2699
9392: 9459,9483,9633,9269,9761,9700
9451: 9948,9973,9730,9954
40: 
6085: 9696,9860,5870,9512,9406,9915
9533: 2968,4169,4057,9311,9410,9394
9362: 10042,9476,9529,9244,9398,9377
9782: 9460,9446,9537,9907,9338,10040
9265: 9901,9490,9909,4950,9305,9968
9317: 7318,7988,9982,9297,9556
9588: 9379,9252,9967,5775,9622,9593
9834: 9620,9693,9396,9947,9375
9746: 9441,9958,9757,9657,9298,9853
7988: 7318,9317,9795,9617,8225,9982
9633: 9392,9459,9761,9357,9670,9280
9280: 9266,9877,9670,9633,9357,9602
9322: 9810,10001,9611,9403,9445,9607
9645: 9717,3119,9709,2649,9335,9813
9295: 9247,9427,9528,9758,2778,9918
9607: 9638,9308,9377,9322,9810,9403
9796: 9679,9704,9790,9485,9759,9697
9530: 9554,9389,9291,9264,9495,2733
9469: 9847,9309,9494,9417,9753,9801
9935: 9814,9328,9955,2928,9304,9262
9945: 9826,9719,9730,9821
9779: 9417,9753,5408,10031,9977,9627,9880
9914: 10016,9896,9494,9685,9341,9847
9851: 9850,9732
9943: 9647,9650,9529,9435,9638,9920
4893: 9644,4697,9339,9337,9911,9553
9374: 9424,9772,9665,9332,9899
9631: 9616,9274,9253,9517,9271,7146
9855: 6695
9566: 9431,9324,9428,9611,9445,9315
9829: 9270,9736,9707,9760,9655,9798
9434: 9373,9711,9447
9683: 9842,9594,9293
9709: 9717,9645,9335,9296,9700,9246
4891: 9339,9440,9969,9475,9432,4697
9519: 9842,9594,9340,10030,9285
9928: 9484,9390,9486,9733,9729,9413
9325: 9261,9364,10033,9463,9398,9476
9854: 9926,9691,9889,10043,9767,9787
9508: 7360,5882,9310,9301,9643,9561
10023: 9671,9965,9970,9542,9327,9579
9398: 9244,9659,10033,9325,9362,9476
9765: 3743,9677
9699: 9791,9883,9950,9329,9345,9775
9629: 9556,10005,9600,9297,9894,9960
9415: 9637,9372,9251,9737,2685
9510: 9286,9862,9822,9997,10010,9675,10001
9814: 9935,9328,9955,9922,9897,9825
5640: 
9766: 9922,9876,9978,9927,9921
9691: 9889,9854,9787,9800,9450,9292
9922: 9766,9876,9921,9897,9814,9955
9853: 9804,9440,9746,9441,9657,9698
9617: 10029,9448,9938,7988,9795,8225
7318: 7988,9317,9795,9649,8770,8885
9880: 10012,10009,9779,10031,9517,9977
9698: 9807,9969,9883,9657,9440,9853
9787: 9800,9634,9438,9767,9691,9854
3321: 3715,3722,9966,9927,9704,9790
9931: 9949,9888
9738: 9764,9835,9754,5408,9846,9627
9279: 9296,9443,9715,9481,9250,9254
9907: 9326,9589,9338,9782,10040,9273
9754: 9738,9835,9852,9303,9885,9846
9819: 9972,9748,9500,9399
9857: 9340,8309,9356,9752,10030,9762
9565: 9329,9487,9806,9515,9416,9775
9918: 9879,2778,9663,9295,9528,9414
9788: 9933,9547,9321,9940,10002
8225: 10003,9982,9752,9617,9448,7988
9426: 9886,9702,9413,9484,9836,9376
9722: 9335,9715,9813,9720,9903,9708
4083: 3903,3502,3701,9259,4498,9668
9660: 9368,10043,9767,9444,9584,9661
9761: 9342,9700,9246,9392,9633,9357
9852: 9303,9622,9593,9915,9835,9754
9456: 9378,9545,9277,9686,9984
9858: 9811,9827,9996,9794
6682: 10012,7847,9768,9466,9714,9359
9724: 9696,9601,9860,9309,9764,9801
10010: 9244,9659,9675,9510,9810,10001
9609: 9582,9572,9327,9591,9579,9555
9729: 9733,10024,7617,9705,9928,9486
9405: 9257,9612,9551,9949,9682,9748
9878: 9255,9500,9925,9972,9576,10011
4485: 3983,9807,9969,9570,9900,9475,9384
9589: 9907,9326,9598,9809,9273,9923
9514: 9388,9488,9264,9321,9743,9812
9964: 9792,9776,5754,9873,5564,9848
9713: 9520,9816,9516,9990,9957,3722
9838: 9870,9866,9887,9994,9689,10000
9899: 9332,9425,9374,9665,9874,9774
9982: 10003,8225,7988,9317,9556,9571
4463: 5064,9331,9522,9799,4146
9490: 9901,9658,9265,4950,9578,9367
1729: 
9245: 9363,9474,9882,9895,9552,9980
9467: 9478,9477,9563,9550,9458,7811
9974: 9869,9809,9933,9487,9806,3486
9868: 4941
141: 
9884: 9667,9848,10019,9261,5564,9603
9572: 9582,9609,9597,9986,9630,9327
5564: 9261,9364,5754,9964,9848,9884
1793: 9706,9626,10040,9869,9515,9806
3119: 9717,9645,2928,9913,2649
7719: 9346,7965,9436,9499,6916
9431: 9566,9464,9324,9288,9315,9300
9619: 9595,9463,9605,9455,9608,9394
5870: 9433,9575,6348,9512,9860,6085
3121: 9717,9269
9407: 9661,9438,9892,9563,7811
10033: 9595,9463,9659,9398,9532,9325
9401: 9979,9911,9553,9259,9726,9668
9441: 9746,9248,9298,9804,9853,9590
9536: 9268,9248,9298,9358,9577,9380
9708: 9903,9470,9365,1553,9720,9722
9644: 9341,4697,4893,9911,10020,9896
9382: 9255,9500,9399,9637,2305
9246: 9342,9761,9700,9709,9296,9443
9985: 10018,9871,9808,10017,9755,9632
9957: 10038,10041,9990,9713,3715,3722
9578: 9367,9455,9410,9658,9490,9872
10002: 9316,9788,9388,9321,9818,9940
9606: 9267,9905,9780,9635,9389,9961
9692: 9893,9336,9786,9293,9750
9630: 9361,9542,9327,9747,9572,9986
9421: 9496,10037,9655,9371,2305
9983: 10007
9292: 9378,9545,9640,9691,9889,9450
9485: 9796,9759,9924,9333,9697,9585
9324: 9566,9431,9464,9473,9527,9428
9319: 9624,9720,9333,2649,9585,9813
9446: 9460,9782,9537,9803,9263,9461
10005: 9556,9571,9629,9824,9960,9664
9495: 9365,1553,2733,9530,9488,9264
9413: 9886,9426,9733,9928,9484,9312
9843: 9770,9281,9586,9934,9856
9523: 9294,9454,9703,9266,9348
9736: 9270,9829,9823,9821,9798,9769
9648: 9701,9400,9849,9666,9518,9559
9751: 9877,9670,9718,9959,9721
9332: 9425,9396,9899,9374,9772,9620
9601: 9724,9860,9575,9511,9309,9908
9253: 9274,9631,9299,9517,9977,9636
9581: 9881,9653,9681,9492,9844
9596: 8631,9971,9497,5792,9639,9368
9259: 9366,9430,4083,9553,9401,9668
9895: 9840,9780,9882,9363,9635,9245
7570: 8496,9919,9260,9307,9504
9367: 4950,9578,9539,9311,9410,9490
9258: 9498,9412,9723,9513,9573,9538
9299: 9274,9253,9639,9636,6385,8631
9893: 9692,9336,9437,9831,9651,9786
9433: 5870,9575,9506,9330,6348,9313
9950: 9883,9699,9329,9837,9757,9657
9450: 9739,9828,9800,9691,9545,9292
9741: 9912,9744,10036
9881: 9581,9716,9653
9700: 9761,9246,9717,9709,9269,9392
9650: 9647,9967,9805,9943,9920,9773
4941: 9868
9669: 9874,2685,9774,9747,9758,9247
9369: 9323,9946,9706,9626,9580,9991
9976: 9800,9634,9625,9391,9641,9739
9385: 9370,9900,9300,9345,9288,9791
9662: 9428,9822,9997,2609,9742,9527
8807: 
2778: 9663,9918,2509,9758,9295,9361
9870: 9838,9866,9999,9693,9947,9994
9815: 9771,9990,10041
9586: 9843,9281,9956,9856,9674
9961: 9554,9389,9267,9606,10021,9859
10000: 9689,9797,9838,9994,9422,9462
9583: 9452,9360,9861,9249,9785,9701
9849: 9701,9648,9979,9861,9726,9666
9269: 9521,9717,3121,9700,9392,9483
9941: 9901,9658,9873,9992,10035,9792
9908: 9847,9309,9511,9685,9278,9601
9920: 9839,9773,10042,9529,9650,9943
9569: 9328,9825,9734
9544: 9712,9359,9952,9386,9917,9988
9484: 9928,9390,9346,9426,9413,9376
9529: 10042,9362,9638,9377,9920,9943
9997: 9822,9662,9671,9742,9510,9862
9656: 9769,9781,9728,9793,9537,9338
9681: 9739,9828,9641,9653,9581,9844
9887: 9838,9866,9646,9513,9599,9689
7965: 9346,7719,7383,9423,9568
9749: 9811,9827,9567,9546,9615,9863
9716: 9653,9381,9864,9995,9881
9470: 9902,9903,9708,9365,9577,9557
9515: 9272,9416,9706,1793,9806,9565
5064: 4057,4463,9350,4146,9539,9311
9677: 3743,9765
9769: 9656,9798,9781,9736,9823,9728
9462: 9442,9422,9256,9797,10000,9489
9261: 9325,9364,5564,9476,9603,9884
9248: 9268,9536,9298,9441,9590,9430
9970: 10023,9671,9351,9579,9845,9862
9965: 10023,9671,9542,2509,2699,9742
9667: 10019,9884,9603,9301,9839,9561
9461: 9263,9642,9393,9496,9803,9446
9593: 9852,9622,9406,5775,9915,9588
7775: 
9373: 9678,9452,9711,9447,9998,9434
9723: 9646,9513,9412,9258
9570: 9370,9900,3983,4485,9506,9330,9384
9594: 9842,9683,9519,9293,9340,9750
9637: 9372,2305,9415,9382,9255,9251
2305: 9637,9372,9382,9421,9371
9971: 9596,8631,9368,10043,9926,9930
9575: 9433,5870,9506,9511,9601,9860
9830: 9719,9276,9674,9956,9841,9826
9445: 9403,9287,9315,9566,9322,9611
9673: 9794,9811,9863,9672
9612: 9257,9405,9551,10004,9770
9516: 9713,9520,9771,9990
10035: 9867,9992,9305,9901,9941,9471
7899: 9219,9081,9079,9419,9560,9567
9406: 9512,5775,9915,9540,6085,9593
9824: 9727,10039,10005,9571,9664
10006: 9867,9992,9817,9975,9680,9725
9822: 9428,9662,9997,9510,10001,9611
10031: 9768,9684,9779,9753,10012,9880
9917: 9353,9386,9544,9988,9334,9938
9478: 9477,9290,9467,5882,9355,9458
9832: 9981,9694,9886,9702
9257: 9612,9405,9770,9281,9748
9296: 9279,9443,9335,9715,9709,9246
9862: 9286,9510,9671,9970,9845,9997
9582: 9572,9609,9597,10032,9375,9591
9874: 9669,2685,9774,9737,9665,9899
274: 
9791: 9883,9699,9345,9385,9900,9807
9344: 9271,7146,9505,9395,9740,9875
9418: 9621,9424,9772
9486: 9928,9390,9705,9534,9289,9729
9357: 9397,9602,9342,9761,9633,9280
2609: 9962,2699,9742,9439,9662,9527
9592: 8309,9353,9336,9437,9356,9334
9949: 9931,9405,9551,9888,9682
9921: 9890,9897,9766,9922
9969: 9807,4485,9698,4891,9440,9475
9546: 9564,9560,9567,9610,9827,9749
9909: 9755,9404,4950,9968,9549,9265
9793: 9728,2806,9656,9383,9326,9338
9481: 9493,3701,9250,9279,3502,9254
10037: 9421,9496,9655,9798,9781,9803
9494: 10016,9914,9847,9469,9753,9898,9684
6695: 9855
9960: 9318,9664,10005,9629,9894
9794: 9673,9811,9858,9996
3983: 4485,9570,9384
9979: 9911,9401,10020,9726,9666,9849
9726: 9861,9784,9668,9979,9401,9849
10042: 9362,9476,9529,9603,9839,9920
9473: 9464,9324,9527,9439,9676,9468
299: 411
9613: 9307,9420,9277,9564,9610,9618
9686: 9456,9277,9618
9801: 9417,5408,9724,9469,9309,9764
10029: 9395,9740,9988,9617,9938,9795
9307: 9420,9613,7570,9564,9504
9755: 9909,9404,9632,9985,10018,9549
9489: 2968,9797,9462,9256,9331,4057
9682: 9972,9748,9949,9405,9925,9888
9772: 9374,9424,9418,9620,9332
10036: 10011,9932,9891,9744,9741
9836: 9688,9423,9376,9426,9702,9587
9585: 9913,2649,9697,9485,9319,9333
9542: 9630,9361,9327,2509,10023,9965
5754: 9872,9873,9608,9364,5564,9964
9500: 9382,9255,9878,9972,9819,9399
9733: 10024,9729,9928,9312,9951,9413
316: 
9888: 9891,9925,9949,9931,9682
9291: 9812,9363,9635,9530,9389,9264
9712: 9359,9544,7847,9505,9395,9988
5841: 
10025: 9711,9294,9480,9703,9678
9916: 9587,9864,9995,9688
10038: 10041,9957,3715
9428: 9822,9662,9566,9324,9527,9611
9410: 9455,9394,9533,9578,9367,9311
9503: 9294,9454,9480,4811,9429,5138
9411: 9479,9845,9605,9351,9535,9541
9714: 9525,9466,6009,9768,9898,9684,6682
9597: 9582,9572,9986,9425,9396,9375
9580: 9626,9263,9460,9369,9323
9873: 5754,9872,9941,9658,9792,9964
9599: 9498,9522,9513,9887,9799,9689
9803: 9781,9496,10037,9461,9446,9537
9624: 9319,9720,9333,9491,1553,2733
9327: 9630,9542,9572,9609,9579,10023
9875: 9284,9904,9271,9344,9740,9649
9643: 9936,10034,9561,9310,9508,9402
9420: 9307,9613,9277,9378,9640
9753: 9779,9417,9469,9494,10031,9684
9951: 9312,9733,10024
2699: 9962,2609,9742,9663,2509,9965
9778: 9353,9386,9963,10022,9437,9831
9745: 9474,9954,9882,9948,10008
3722: 3715,3321,9957,9713,9816,9790
9744: 9621,9912,9741,9932,10036,9756
7340: 
9926: 9889,9854,10043,9971,9919,9930
9826: 9945,9841,9654,9830,9719
9789: 10030,9762,10039,9285,9727,9939
9912: 9621,9744,9741
9352: 9408,9573,10013,9482
10024: 9733,9729,9472,7617,9951
3345: 
9316: 9577,9380,9557,10002,9388,9818
10003: 8225,9982,9752,9762,10039,9571
9697: 9913,9304,9585,9679,9796,9485
6420: 9777,9721
7581: 9125,9219,9081,8770,8885,9126
9649: 7318,9795,9740,9284,8770,9875
9891: 9925,9888,10011,10036
9720: 9624,9319,1553,9708,9722,9813
9557: 9577,9316,9388,9488,9365,9470
9757: 9746,9958,9657,9837,9865,9950
9911: 9979,9553,9401,10020,9644,4893
9987: 8044
9821: 9823,9730,9719,9945,9270,9736
9792: 9817,9776,9964,9941,9873,9992
9689: 9799,9797,10000,9838,9887,9599
9541: 2968,4169,9256,9535,9411,9605
9628: 9260,9079,9623,9616,9904,9419
6140: 
9289: 9534,9763,9989,9705,9314,9486
9701: 9785,9400,9648,9849,9861,9583
9671: 10023,9965,9970,9742,9862,9997
9748: 9972,9682,9819,9257,9405
376: 
9499: 9354,9550,9465,7719,9436,6916
9584: 9497,9449,9509,9444,9660,9368
9329: 9837,9487,9565,9775,9950,9699
9476: 10042,9362,9603,9398,9261,9325
9929: 9348,9718
9463: 9595,10033,9619,9608,9325,9364
9813: 9335,9722,9319,9720,2649,9645
9330: 9433,9506,9570,9370,9526,9313
9271: 7146,9344,9616,9631,9904,9875
9984: 9828,9545,9456,9844
9276: 9830,9719,9674,9760,9270
9608: 9455,9463,9619,5754,9872,9364
9391: 9625,9568,9349,9976,9641,9381
9249: 9562,9429,9861,9784,9360,9583
9454: 9503,9294,9523,4811,9602,9266
9455: 9410,9608,9394,9578,9619,9872
9379: 9588,9355,9252,5975,9967,9805
9866: 9838,9870,9887,9999,9646,10027
9616: 9274,9631,9271,9628,9623,9904
9668: 9784,9726,9259,3903,4083,9401
9312: 9694,9951,9733,9886,9413
9328: 9814,9935,9825,9734,9262,9569
2364: 
9549: 9968,10018,9909,9755
9444: 9477,9563,9584,9509,9661,9660
9975: 10015,9783,9910,9680,10006,9725
10016: 9914,9896,9494,6009,9906,9898
9311: 9367,9539,5064,4057,9533,9410
9780: 9840,9895,9937,9606,9905,9635
9540: 9512,9406,5775,9435,9543,9647
9802: 10014,9672,9548,9507
9331: 4057,4463,9799,9797,9489
9638: 9607,9435,9308,9377,9529,9943
9752: 10003,8225,9448,9356,9857,9762
411: 299
9488: 9388,9514,9264,9365,9495,9557
9760: 9707,9276,9270,9829
9646: 9723,10027,9513,9866,9887
9397: 4811,9357,9602,9342,9409,9320
9759: 9796,9790,9485,9816,9924,9731
9081: 7581,9219,7899,9284,8770,9419
9640: 9378,9292,9889,9919,9420
9900: 9385,9570,9370,9791,9807,4485
9679: 9704,9796,9876,9304,9697,9955
9343: 9614,9471,9867,9652,9680
9847: 9469,9309,9908,9685,9914,9494
9303: 9852,9622,9754,9449,9453,9885
1019: 1340
9555: 9351,9579,9535,9609,9442,9591
9247: 9295,9427,2492,9372,9669,2685,9758
9595: 10033,9463,9619,9479,9605,9532
9968: 9305,9306,9549,9909,9265
10039: 9789,9762,10003,9571,9727,9824
7811: 6916,7383,9550,9563,9467,9407
9255: 9382,9500,9878,9576,9251,9637
9877: 9751,9266,9670,9280,9718,9348
10026: 9991,9439,9676,9879,9946,9962
3820: 
9539: 4950,9367,9311,9350,5064,9404
9309: 9847,9469,9908,9601,9724,9801
9551: 9612,9405,9949
8885: 9600,9297,9126,8770,7318,7581
2492: 9247,9372
9797: 9799,9689,10000,9462,9331,9489
9693: 9834,9999,9870,9947
9341: 9432,9644,4697,9685,9914,9896
9996: 9858,9794
10008: 9948,9745,9840
9517: 9977,10009,9880,9631,9253,7146
3743: 9765,9677
9784: 9861,9726,9668,3903,9562,9249
9942: 9651,9447,9998,9531,9963,9831
449: 
8044: 9987
9448: 9356,9334,9938,9617,8225,9752
9492: 9844,9581
9371: 9421,9496,9372,2305,9427,9642
9973: 9823,9730,9451,9728,2806,9954
5792: 5403,9885,9846,9639,9497,9596
9573: 9408,9352,10013,9538,9412,9258
9988: 9395,10029,9712,9544,9917,9938
9666: 9518,9906,9979,10020,9648,9849
9933: 9788,9923,9547,9974,9809,3486,9940
9938: 9448,9334,9917,10029,9988,9617
9365: 9495,1553,9488,9557,9470,9708
9552: 9598,9275,9980,9474,9383,9245
9300: 9385,9370,9526,9431,9288,9315
9453: 9449,9509,9252,9303,9622,9290
9360: 9678,9452,9583,9249,9429,9480
9799: 9689,9797,9522,9599,9331,4463
9665: 9283,9737,9374,9424,9756,9899,9874
9475: 9278,9384,9969,4485,4891,9432
9432: 9341,4697,4891,9685,9278,9475
9615: 9387,9548,9863,9567,9125,9749
9670: 9751,9877,9280,9459,9633,9959
9561: 9936,9643,9667,10019,9301,9508
9850: 9851,9732
9995: 9916,9864,9716
9408: 9352,9573,9538,9482,9574,9302
9731: 9859,9924,9520,9816,10021,9759
9809: 9974,9869,9273,9589,9923,9933
2133: 
9414: 9323,9946,9528,9393,9879,9918
9449: 9584,9497,9509,9453,9303,9885
9496: 9421,10037,9371,9803,9461,9642
9466: 9735,9525,9714,6682,9359,9952
9840: 9895,9780,9937,10008,9882
9711: 10025,9678,9373,9434
9717: 3121,3119,9709,9645,9269,9700
9946: 9369,9323,9414,9879,9991,10026
8770: 9284,7318,9649,7581,9081,8885
9550: 9354,9458,9499,9467,6916,7811
9277: 9420,9613,9378,9456,9686,9618
4498: 9409,9254,3903,4083,3502,9562
9079: 9628,9260,9419,9560,9504,7899
9460: 9446,9782,9263,9626,10040,9580
9777: 6420,9721
9627: 9977,9636,9738,9779,5408,5403,9846
1529: 
9577: 9380,9316,9557,9902,9470,9536,9358
1246: 
9527: 9324,9473,2609,9439,9428,9662
9602: 4811,9357,9397,9266,9280,9454
9524: 9459,9483,9959,9282
9739: 9450,9828,9681,9800,9976,9641
5138: 9562,9429,9409,4811,9503
9359: 9712,9544,9952,9466,6682,7847
9611: 9322,10001,9428,9822,9566,9445
9334: 9448,9356,9938,9353,9917,9592
9785: 9701,9400,9452,9583,9531,9998
9842: 9594,9683,9519
9427: 9295,9247,9528,9372,9371,9642
9320: 9409,9254,9443,9342,9397
9930: 8496,9919,6385,8631,9971,9926
9632: 9755,9404,9808,9604,9350,9985
7880: 
513: 
9828: 9739,9450,9681,9545,9844,9984
9531: 9457,9963,9785,9400,9942,9998
9603: 10042,9476,9261,9667,9884,9839
9353: 9778,9386,9917,9437,9334,9592
9416: 9272,9515,9468,9565,9775
9684: 9768,9898,10031,9494,9753,9714
9652: 9343,9910,9680
9252: 9588,9379,9355,9622,9290,9453
9436: 9346,7719,9993,9465,9499,9390
9805: 9967,9650,9773,7360,9379,5975
9823: 9973,9730,9821,9736,9769,9728
9318: 9960,9558,9894
9286: 9510,9862,9479,9845,9675,9532
9564: 9560,9504,9546,9307,9613,9610
9621: 9912,9744,9418,9424,9756
9903: 9902,9470,9708,9722,9715,9250
6916: 7811,7383,9550,9499,7719
9474: 9745,9954,9882,9383,2806,9552,9245
9871: 9985,10018,9820,10017
9310: 5882,9508,9643,9402,9354,9458
9346: 7965,7719,9436,9484,9390,9376
9902: 9903,9470,9577,9358,9493,9250
3903: 4083,3502,4498,9784,9668,9562
10009: 10012,7847,9880,9505,9517,7146
9545: 9378,9456,9292,9450,9828,9984
9393: 9263,9461,9642,9528,9323,9414
9273: 9869,9809,9907,9589,10040
9525: 9735,9466,9559,9714,6009,9518
9703: 9294,9523,10025
9283: 9251,9737,9665,9576,9932,9756
9278: 9511,9685,9475,9384,9432,9908
9507: 9558,9501,9387,9548,9802
9355: 9379,9252,5975,5882,9478,9290
9366: 9259,9337,9590,9430,9553
9919: 7570,8496,9930,9926,9889,9640
9464: 9431,9324,9473,9468,9288
9807: 9969,4485,9698,9791,9883,9900
9905: 9267,9606,9937,9780
9293: 9692,9750,9594,9683
10014: 9672,9802
9518: 6009,9666,9906,9648,9525,9559
9425: 9332,9396,9899,9774,9597,9986
9479: 9411,9845,9605,9286,9595,9532
4146: 9604,9350,4448,9522,5064,4463
9825: 10028,9897,9814,9328,9569
9267: 9606,9905,10021,9961
9658: 9901,9941,9490,9578,9872,9873
10032: 9947,9375,9994,9582,9422,9591
9756: 9424,9621,9744,9932,9283,9665
9614: 9343,9471,9306
9883: 9791,9950,9699,9657,9807,9698
4448: 9604,4146,9538,9498,9522,9302
9879: 9663,9918,9946,9414,9962,10026
9396: 9332,9425,9620,9834,9375,9597
9991: 9676,10026,9369,9946,9706,9272
10004: 9934,9612,9770
9402: 9944,9465,10034,9643,9310,9354
9404: 9909,9755,9632,9350,4950,9539
9381: 9716,9641,9653,9391,9349,9864
9275: 9552,9598,9980,9923,9547,9743
9587: 9916,9702,9688,9836,9981
10015: 9975,9783,9347,9725,9314,9989
10034: 9936,9643,9690,9695,9944,9402
9844: 9492,9828,9681,9581,9984
9675: 9659,10010,9532,9286,9510
9459: 9392,9524,9483,9633,9959,9670
9687: 7617,9705,9314,9783,9833,9953
9563: 9444,9477,9467,7811,9661,9407
9659: 9244,9398,10010,9675,9532,10033
9953: 9833,7617,9687,9472
9775: 9345,9416,9329,9565,9699
9966: 9978,9927,3715,3321
9977: 9517,9636,9627,9779,9880,9253
9898: 9684,10016,9494,6009,9906,9714
9537: 9446,9782,9656,9781,9803,9338
9773: 9301,9839,9920,9650,9805,7360
5332: 
9657: 9746,9757,9883,9950,9698,9853
9618: 9610,9613,9277,9686
9767: 9660,10043,9661,9438,9787,9854
9672: 10014,9802,9548,9863,9673
9904: 9284,9419,9875,9616,9271,9628
9764: 9738,9835,9696,9724,5408,9801
8658: 
9308: 9607,9435,9638,9403,9543,9502
9702: 9886,9426,9836,9981,9832,9587
9763: 9534,9289,9989,9690,9944,9993
9281: 9770,9843,9586,9257,1592
9676: 9991,9439,10026,9272,9468,9473
9298: 9248,9536,9380,9746,9441,9958
9447: 9942,9651,9998,9373,9434
9678: 9452,9373,9360,9480,9711,10025
9377: 9607,9638,9244,9810,9362,9529
9956: 9856,9841,9586,9830,9674
9409: 9320,4498,9254,9397,9562,5138
9955: 9814,9935,9679,9922,9876,9304
9750: 9340,8309,9692,9336,9293,9594
9740: 9395,10029,9344,9875,9795,9649
9994: 9947,10032,9838,9870,10000,9422
9251: 9283,9737,9576,9255,9637,9415
9694: 9312,9886,9832
9718: 9751,9877,9721,9348,9929
3545: 
9579: 9351,9555,9609,9327,10023,9970
9287: 9403,9445,9315,9526,9502,9313
9653: 9716,9641,9381,9681,9881,9581
9605: 9479,9411,4169,9541,9394,9595,9619
9422: 9442,9462,9591,10032,9994,10000
2685: 9874,9669,9737,9372,9415,9247
9386: 9353,9778,9917,10022,9544,9952
9288: 9345,9431,9464,9385,9300
9522: 9498,9599,9799,4146,4448,4463
9867: 10006,9992,10035,9343,9471,9680
9861: 9784,9726,9249,9701,9849,9583
1592: 9281
9634: 9787,9800,9976,9438,9892,9625
9923: 9933,9547,9589,9598,9275,9809
3502: 3903,4083,9481,3701,4498,9254
9728: 2806,9793,9973,9823,9656,9769
9358: 9268,9536,9577,9902,9493
9250: 9481,9493,9902,9903,9715,9279
7353: 
1006: 
9535: 9351,9555,9442,9256,9541,9411
9685: 9278,9341,9432,9847,9908,9914
9297: 9600,8885,9317,9556,9629
9468: 9272,9416,9676,9464,9473
9388: 9488,9514,9321,9316,9557,10002
9636: 9977,9627,5403,9639,9253,9299
9696: 9724,9860,6085,9915,9764,9835
9429: 9562,9249,5138,9503,9480,9360
645: 
2928: 9913,9304,9935,3119,9262
9493: 9481,3701,9250,9902,9268,9358
9554: 9530,9389,9961,9859,9491,2733
9967: 9647,9650,9805,5775,9588,9379
9894: 9558,9501,9600,9629,9960,9318
9342: 9761,9246,9443,9320,9357,9397
9845: 9479,9411,9351,9970,9286,9862
9948: 9451,10008,9745,9954
9715: 9335,9722,9903,9250,9296,9279
9816: 9713,9520,3722,9731,9790,9759
9978: 9966,9927,9766
9333: 9624,9319,9924,9491,9485,9585
9438: 9661,9407,9892,9767,9787,9634
9509: 9584,9449,9453,9444,9477,9290
2658: 
9301: 9839,9773,9667,9561,7360,9508
9511: 9278,9384,9575,9506,9601,9908
9526: 9370,9300,9287,9315,9313,9330
9776: 9792,9817,9710,9964,9848,6249
9559: 9735,9525,9518,9400,9648,9457
9372: 9637,2305,9415,9371,2685,9247,9427,2492
9370: 9385,9570,9900,9300,9526,9330
9443: 9296,9279,9342,9246,9320,9254
9623: 9628,9260,6385,9616,9274,8496
9314: 9705,9687,10015,9783,9289,9989
9818: 9865,9940,9380,9316,10002,9958
9260: 9628,9079,9623,7570,8496,9504
9758: 9669,9747,9295,9247,9361,2778
3701: 9481,9493,9268,9430,4083,3502
7439: 
9989: 9289,9763,10015,9347,9690,9314
9502: 9543,6348,9313,9403,9287,9308
9642: 9461,9393,9496,9371,9427,9528
2733: 9495,1553,9530,9554,9491,9624
9285: 9519,10030,9789,9939
9506: 9433,9575,9330,9570,9511,9384
9480: 9503,9294,9429,9678,9360,10025
9125: 7581,9219,9567,9126,9387,9615
9364: 9261,9325,5564,9608,9463,5754
9924: 9859,9491,9731,9485,9759,9333
9811: 9827,9749,9858,9863,9794,9673
9626: 9706,1793,10040,9580,9460,9369
9491: 9859,9924,9554,2733,9624,9333
9560: 9564,9567,9504,9546,9079,7899
9661: 9438,9407,9444,9563,9660,9767
9256: 9442,9462,9535,2968,9541,9489
9770: 9843,9281,9934,10004,9257,9612
9812: 9363,9291,9980,9514,9264,9743
9384: 9511,9278,9475,9570,3983,4485,9506
9771: 9815,9990,9516
9786: 9651,9692,9893
7152: 
9326: 9907,9589,9338,9793,9383,9598
9532: 9659,9675,9479,9286,9595,10033
9654: 9841,9826
9651: 9942,9447,9893,9831,9786
9695: 9347,9690,6249,9710,9936,10034
9925: 9891,9888,9972,9682,10011,9878
9290: 9478,9477,9355,9252,9509,9453
9934: 10004,9770,9843
9244: 9659,9398,10010,9810,9362,9377
707: 
9952: 9359,9544,9735,9466,10022,9386
9963: 9457,9531,10022,9942,9778,9831
10018: 9985,9820,9871,9755,9549
9869: 9974,9809,9273,1793,10040,9806
9513: 9646,9723,9887,9498,9599,9258
9315: 9287,9445,9566,9431,9300,9526
10013: 9352,9573,9412
9458: 9354,9550,5882,9310,9478,9467
9437: 9893,9336,9831,9353,9778,9592
2509: 2778,9663,9361,9542,9965,2699
9576: 10011,9932,9255,9878,9251,9283
9440: 9339,9804,4891,9853,9969,9698
9889: 9926,9691,9854,9919,9292,9640
9340: 8309,9857,9750,9594,9519,10030
9274: 9616,9631,9253,9299,6385,9623
9892: 9438,9407,7383,9625,9634
9395: 9740,10029,9988,9505,9712,9344
7383: 6916,7811,7965,9892,9625,9568
9349: 9391,9568,9688,9423,9864,9381
6348: 9543,9502,9313,9433,5870,9512
10001: 9322,9810,9611,9510,9822,10010
9403: 9287,9445,9322,9607,9308,9502
9350: 9604,4146,5064,9404,9632,9539
9380: 9577,9316,9818,9958,9536,9298
9981: 9832,9702,9587
9896: 10016,9914,9341,9644,10020,9906
10022: 9457,9963,9735,9952,9778,9386
9571: 9556,10005,10003,9982,10039,9824
9272: 9515,9416,9468,9706,9991,9676
9735: 9525,9466,9559,9457,10022,9952
9430: 9366,9259,9590,9268,9248,3701
9863: 9615,9548,9811,9749,9673,9672
9337: 9366,9590,9339,9804,4893,9553
9219: 7581,9125,9081,7899,9567
9521: 9734,9282,9262,9269,9483
10028: 9825,9890,9897
9435: 9638,9308,9543,9647,9943,9540
9986: 9572,9597,9425,9774,9747,9630
9635: 9363,9291,9895,9780,9606,9389
3715: 3321,3722,10038,9957,9966
9622: 9852,9303,9593,9588,9252,9453
10019: 9667,9848,9884,9710,9936,9561
9610: 9618,9613,9564,9546,9827
9465: 9944,9993,9402,9354,9499,9436
7360: 5882,9508,9301,9773,9805,5975
8309: 9340,9857,9750,9592,9336,9356
9804: 9339,9440,9853,9441,9337,9590
9906: 6009,9666,9518,10020,10016,9896,9898
9356: 9448,9334,8309,9857,9592,9752
9347: 9690,9695,9725,6249,10015,9989
1553: 9365,9495,2733,9624,9720,9708
9399: 9707,9819,9382,9500
760: 
9864: 9916,9995,9688,9349,9716,9381
9574: 9808,10017,9302,9408,9482
9992: 10006,9867,10035,9941,9792,9817
9743: 9514,9321,9275,9980,9812,9547
9783: 10015,9975,9910,9833,9687,9314
9910: 9975,9783,9680,9652,9833
9706: 1793,9626,9369,9991,9272,9515
9664: 9960,10005,9824
4697: 9341,9432,9644,4893,9339,4891
9452: 9678,9373,9360,9583,9785,9998
6385: 8631,9274,9299,8496,9930,9623
9390: 9928,9484,9486,9534,9346,9436
9304: 2928,9913,9697,9679,9935,9955
9806: 9487,9565,1793,9974,9869,9515
9348: 9929,9266,9877,9718,9523
6009: 9518,9906,10016,9898,9525,9714
9800: 9787,9976,9634,9691,9739,9450
9457: 9531,9963,10022,9400,9735,9559
9417: 9779,9753,5408,9801,9469
9959: 9524,9459,9751,9670
9254: 9409,9320,4498,9481,9279,9443,3502
9423: 9688,9836,9376,7965,9568,9349
9655: 9421,10037,9707,9829,9798
9781: 9656,9798,9769,9803,10037,9537
9412: 9723,9573,10013,9258
9639: 5403,5792,9636,9596,8631,9299
9859: 9924,9491,9731,10021,9554,9961
9338: 9907,9326,9656,9793,9782,9537
9795: 7318,7988,9649,9740,10029,9617
9817: 9792,9776,10006,9992,9725,6249
9936: 10034,9643,9561,9710,10019,9695
9901: 9941,9658,9490,9265,9305,10035
9705: 7617,9687,9314,9289,9729,9486
9980: 9552,9275,9812,9363,9245,9743
7617: 9705,9687,9953,10024,9729,9472
9306: 9305,9968,9614,9471
9620: 9834,9772,9332,9396
9737: 9251,9283,9665,9415,9874,2685
10021: 9520,9267,9961,9859,9731
9534: 9289,9763,9993,9390,9486
9313: 9502,6348,9287,9526,9433,9330
9383: 9474,2806,9793,9326,9552,9598
9497: 9584,9449,9885,5792,9368,9596
8496: 7570,9919,9930,6385,9260,9623
9263: 9461,9393,9460,9446,9323,9580
9913: 2928,2649,9304,9697,9585,3119
9268: 9248,9536,9358,9493,3701,9430
9742: 2609,2699,9671,9965,9662,9997
959: 
9363: 9812,9291,9635,9245,9895,9980
9674: 9830,9276,9586,9956
9641: 9653,9381,9391,9976,9739,9681
9284: 8770,9904,9419,9875,9649,9081
9730: 9973,9823,9821,9945,9451
9553: 9911,9401,9366,9259,9337,4893
9483: 9392,9524,9459,9282,9521,9269
9939: 9789,9285,9727
9439: 9676,10026,9962,2609,9473,9527
9937: 9840,9780,9905
9915: 9406,9696,6085,9852,9593,9835
9798: 9769,9781,9829,9736,10037,9655
8695: 10007
9725: 9347,6249,10006,9817,10015,9975
9998: 9942,9447,9785,9452,9373,9531
9734: 9282,9521,9262,9328,9569
9944: 9993,9465,9402,9690,10034,9763
9932: 9576,10011,10036,9744,9756,9283
9345: 9288,9775,9791,9699,9385
9487: 9329,9837,9806,9565,9974,3486
9972: 9682,9748,9819,9925,9500,9878
9704: 9679,9796,9790,3321,9927,9876
9336: 9692,9893,9437,8309,9750,9592
9820: 10018,9871
10043: 9660,9368,9767,9971,9926,9854
7146: 9271,9344,9517,10009,9505,9631
9400: 9785,9701,9648,9559,9457,9531
1340: 1019
9625: 9391,9568,7383,9892,9976,9634
2968: 4169,9541,9533,9489,9256,4057
9865: 3486,9818,9940,9837,9958,9757
9389: 9530,9554,9961,9606,9291,9635
9897: 9890,9921,9922,9814,9825,10028
2806: 9728,9793,9973,9474,9954,9383
9305: 9968,9306,9901,9265,9471,10035
9501: 9558,9894,9507,9600,9126,9387
9680: 9975,9910,9343,10006,9867,9652
9872: 5754,9873,9578,9455,9608,9658
9860: 9696,9601,9724,6085,5870,9575
5408: 9779,9417,9801,9764,9738,9627
9302: 9574,9808,9408,9538,9604,4448
9810: 9322,10001,9244,10010,9607,9377
5250: 
4950: 9367,9539,9909,9404,9490,9265
9368: 9660,10043,9584,9497,9596,9971
9547: 9788,9923,9933,9275,9321,9743
9477: 9478,9444,9290,9563,9467,9509
9947: 10032,9375,9994,9834,9693,9870
7847: 10012,6682,10009,9505,9712,9359
10030: 9789,9762,9340,9857,9519,9285
4169: 2968,9541,9533,9605,9394
861: 
4057: 5064,9331,2968,9533,9489,9311
9387: 9615,9548,9125,9126,9501,9507
5882: 7360,9310,9508,9355,5975,9458,9478
9548: 9387,9615,9863,9507,9672,9802
9528: 9295,9427,9642,9393,9918,9414
9375: 9947,10032,9834,9396,9582,9597
9282: 9734,9521,9524,9483
10041: 10038,9957,9815,9990
9442: 9422,9462,9256,9591,9555,9535
9049: 
9321: 9388,9514,9743,9788,9547,10002
9876: 9766,9922,9927,9679,9704,9955
9323: 9369,9946,9414,9263,9393,9580
9270: 9829,9736,9719,9276,9760,9821
9747: 9669,9774,9758,9986,9630,9361
9940: 3486,9818,9865,9788,9933,10002
9790: 9704,9796,9759,9816,3321,3722
9600: 8885,9297,9126,9629,9501,9894
9719: 9830,9276,9945,9826,9270,9821
9927: 9966,9978,3321,9704,9766,9876
9505: 10009,7847,9712,7146,9344,9395
9591: 9442,9422,10032,9582,9609,9555
9520: 9713,9816,10021,9516,9731
9262: 9734,9521,2928,9935,9328
9424: 9374,9772,9756,9621,9418,9665
9710: 9776,9848,10019,9695,6249,9936
10020: 9979,9911,9644,9896,9666,9906
9647: 9967,9650,9943,9435,5775,9540
9732: 9850,9851
9707: 9399,9760,9829,9655
9837: 9329,9487,3486,9865,9950,9757
9598: 9552,9275,9383,9326,9589,9923
9498: 9522,9599,9258,9513,9538,4448
9504: 9564,9560,7570,9260,9079,9307
5775: 9406,9540,9647,9967,9588,9593
9558: 9501,9894,9507,9318
9999: 9693,10027,9870,9866
9841: 9956,9654,9830,9826
9831: 9893,9437,9963,9942,9651,9778
9419: 9284,9904,9628,9079,9081,7899
9688: 9836,9423,9349,9587,9916,9864
9846: 5403,9885,5792,9738,9754,9627
8631: 9596,6385,9971,9639,9299,9930
10027: 9646,9999,9866
2649: 9913,9585,9319,9813,3119,9645
9335: 9722,9715,9813,9709,9645,9296
9471: 9614,9343,9305,9306,9867,10035
9472: 10024,9953,7617
6249: 9347,9695,9725,9817,9776,9710
9835: 9764,9738,9754,9915,9696,9852
9993: 9944,9465,9534,9763,9436
9856: 9956,9843,9586
9808: 9574,10017,9302,9604,9985,9632
9604: 9350,4146,4448,9808,9302,9632
9538: 9408,9573,9498,9258,9302,4448
9264: 9488,9514,9812,9291,9530,9495
978: 
9126: 9600,8885,7581,9125,9387,9501
9543: 9502,6348,9435,9308,9512,9540
9567: 9560,9546,9125,9219,7899,9749,9615
9839: 9301,9920,9773,10042,9603,9667
9827: 9811,9749,9858,9546,9610
9885: 5792,9846,9303,9754,9497,9449
9351: 9579,9555,9535,9970,9411,9845
10040: 1793,9626,9460,9782,9907,9869,9273
9727: 9824,9789,10039,9939