9902: 10008,9901
13046: 13246,9593
9457: 9567,9347,9348,9566,9456
7279: 7280,7398,7161,7160
4673: 
9630: 
7018: 7017,6899,6900,7019,7137
5959: 6077,5958,5840,6078
8648: 8647,8761,8533,8534,8649
4105: 4218,3991,4106,4219
7141: 7142,7023,7022,7140,7260
8202: 8317,8085
7863: 7745,7862,7979
9917: 
7645: 7527,7644,7763,7762
7124: 7123,7125,7243
7524: 7525,7406,7407,7523,7641
7762: 7763,7880,7644,7645,7879
5385: 5267,5150,5268,5386
4693: 4577,4809
7634: 7517,7635,7516,7751
4586: 4470,4701
9990: 
4678: 
8338: 8222,8453,8454
7891: 7892,7890
6470: 6352,6471,6588,6589
4571: 4570,4572,4687
7035: 7036,6916,6917,7034,7153
9555: 9554,9663,9664
4943: 4827,4944,5059
5392: 5391,5393,5512,5510,5511
4942: 
9779: 
6661: 6543,6542,6660,6779,6780
13251: 
6332: 6333,6451
8198: 8314,8313,8197
7544: 7426,7427,7545
3744: 3632,3633,3857
7471: 
7299: 7298
5726: 5608,5609,5727,5845,5844
9025: 9024,8913,9026,9137,9138
9235: 9124,9123
7426: 7308,7427,7544
7365: 7246,7366,7482,7483
3974: 3860,3861,3975,4089
7890: 7891,8006
9589: 
5736: 5617,5735,5618,5737,5854,5855
4835: 
3996: 3882,3995,3997,4110,4111
5717: 5598,5599,5481,5835,5836
5254: 5255,5137,5253,5136,5371,5372
4799: 4915,4916,4800,4682
7743: 7744,7625,7742,7860
4871: 4987
9987: 9988,9881,10092
6318: 6437,6081,6200,6436,6199
5481: 5599,5482,5362,5717,5598
7501: 7619,7502,7384,7383,7500
8095: 8096,7979,8212,8211
10537: 10637
13282: 9679,9788,9786,9787
4922: 4806,5039,5038,4921,4805
10718: 10619
10109: 
6305: 6304,6424,6187,6186,6306
8294: 8295
5714: 5595,5596,5713,5832,5833
8805: 8692,8691
13277: 8492
8313: 8314,8198,8312,8197,8428,8429
13252: 3311,3202,3312
7126: 7125
5834: 5835,5953,5833,5952
3865: 3866,3864,3978
7621: 7503,7620,7504,7622,7738,7739
9591: 
8094: 7977,7978,8210,8093
6235: 6234
13161: 13294
5378: 5377,5260,5261,5379
9983: 9984,10089
7174: 7173,7056,7175,7292,7293
7491: 7490,7608,7374,7492
5877: 5759
8530: 8416,8645
7653: 
5968: 5850,5969,5849,5967,6086,6087
7879: 7761,7995,7644,7762
8445: 8559,8560,8444,8329,8330,8446
4231: 4117,4230,4118,4232
5028: 5146,5027,4912,4911,5145
3887: 
7528: 
5615: 5734,5733,5616,5614
5403: 5285,5521,5404,5522
5041: 5158,5159,5040,4924,5042
10617: 10616
6546: 6545,6664,6428,6547,6665
8924: 8810,9037
9477: 9367,9368,9476
3760: 3761,3649,3759,3648,3873
3844: 
7525: 7524,7407,7408,7643,13253
10113: 13283,10007,10008,10218,10217
8896: 8895,9008,9009,8782,8783,8897
9352: 9461,9462,9353
7979: 8095,7862,7863,7978
5856: 5855,5974,5975,5737,5857
11288: 11378
7019: 7020,7137,7138,6900,6901,7018
6184: 6066,6185,13233,6183,6303
6217: 
13306: 1980,1884,2079
5277: 
10708: 10806,10608
9336: 
9871: 9870
7412: 7293,7294,7413,7411,7529,7530
9648: 9757,13156,9540,9756,13310
5139: 5257,5022,5256,5021,5138,5140
7982: 
9225: 9335,9113,9114
8913: 9026,8799,8914,9025
5979: 6098,5980,5860,5861,6097
5013: 5012,4896,5014,4897,5130
13249: 
8052: 
8322: 8323
10730: 10829,10828,10630
9359: 9248,9360,9468
5409: 
7892: 7891,7775,8009
7632: 7514,7631,7633,7750
7160: 7042,7161,7041,7159,7279
5943: 5944,5942,5824,6061
4778: 4661,4777,4779,4662
7631: 7513,7514,7630,7748,7632
4415: 
9009: 8896,9008,8897,9122
4427: 4542,4312,4543,4428
10525: 
10213: 10108
6653: 6654,6771,6772
5757: 5639,5756
5743: 5861,5742,5623,5624,5744,5862
6197: 6315,6316,6078,6079,6196,6198
3884: 3997,3998,3772,3771
8061: 7944
7730: 7612,7613,7729,7847
7720: 7721,7837,7602
5742: 5861,5743,5623,5860,5741
6937: 6936,6938,7056
8315: 8316,8200,8314,8430
11005: 10910,11098,11099
6812: 6813,6931,6694,6811
6548: 6549,6667,6430,6547
7628: 7510,7511,7627,7629,7745
7839: 7722,7721,7955,7956
5160: 5042,5043,5159,5278
7495: 7496,7613,7378,7494,7612
12026: 
7722: 7839,7723,7604,7721
9670: 9778,9561,9669,9671
9888: 9887,9780
7044: 7162,6926,6925,7043,7045
6779: 6778,6897,6660,6661,6780,6898
5117: 5118,5116,5234
4458: 4459,4573
9668: 9669
8701: 13293
9573: 9464,9574,9463,9572
8481: 
8224: 8225,8108,8107,8339,8340
10400: 
9851: 
5512: 5393,5392,5511
10924: 11018,10923
8347: 8231,8346,8463
5157: 5275,5156,5039,5040
8891: 
9476: 9366,9367,9477
10889: 10792
10405: 10302,10404
11094: 
4108: 4222,4109,3993
6446: 6328,6447,6445,6327,6564,6565
5858: 5857,5977,5740,5739,5859
7155: 7036,7037,7273,7274
6550: 6551,6669,6431,6549,6668
9220: 9219,9330,9221
4216: 4215,4103,4217,4330,4332
7150: 7031,7032,7151,7149,7268,7269
7622: 7504,7505,7623,7621,7739,7740
11221: 
7022: 7023,7141,6903,6904,7021,7140
3848: 3847,3735
8231: 8114,8230,8347
6683: 6684,6802,6801
9572: 9681,9680,9462,9463,9573
11368: 11278,11277
204: 13327
12512: 
4130: 4129,4243,4015
7037: 6918,7036,7155
5857: 5858,5739,5856,5975
4459: 4458,4460,4575
7973: 7974,8090,7856,7857,8089
11099: 11100,11192,11191,11005,11098
6108: 6109,5989,6107,6226
8001: 8000,8117,7884,7885,8002,8118
5851: 5850,5969,5732,5733,5852,5970
6239: 6357,6358
8344: 8229,8343,8459,8460
4582: 4697,4466,4467,4583
5255: 5138,5137,5254,5256,5372,5373
5381: 5499,5500,5382,5264,5263,5380
9015: 8902,9014,9127,9128
13322: 3010,3011,3117
5721: 5839,5840,5722,5602,5603,5720
6584: 6585,6465,6466,6583
10827: 
4665: 4664,4781,4549,4550
8775: 8662,8888
7893: 7775,7776,7894,8009,8010
228: 
4351: 4466,4236,4237,4352,4467
12600: 
5613: 5732,5614
7498: 7497,7615,7380
10332: 10229
4533: 4649,4534
10699: 
8106: 8107,7989,7990,8105
5894: 
9567: 9457,9566,9675
9664: 9555,9663
10218: 10113,10217
7941: 8172,13207
8582: 8583,13285,8468
5365: 5364,5366,5483,5484
8172: 7941,8056
7070: 7188
10292: 
6882: 
6058: 
7519: 7636,7637,7401,7402,7520
4442: 
5127: 5009,5126,5010,5128,5245,5244
5751: 5633,5750,5869
10637: 10537,10636
10320: 10321,10524,10217,10216,13283,10319
255: 13327
7250: 7131,7132,7368
13281: 10598
5492: 5374,5491,5373,5609
11474: 11560
10016: 10015,10122
5624: 5625,5623,5743,5744
7003: 
7660: 7661,7777
4080: 3965,4194
8226: 8110,8225,8341
10508: 10608
3864: 3977,3978,3751,3865
6061: 5942,5943
4555: 4670,4671,4440,4439
7113: 13190,7231
10101: 10102,10206,10205,10100
10898: 
6570: 6571,6688,6689,6452,6451,6569
5949: 
5366: 5367,5365,5484
9774: 9775,9881
7994: 7877,7993,7995,8110
7407: 7288,7289,7408,7406,7524,7525
7393: 7274,7275,7392,7510,7511
10748: 
7992: 7875,7876,7993,8108
5863: 5744,5745,5862,5864,5981,5982
4122: 4236,4235,13256,4007
4548: 
5033: 5034,4917,4916,5151
7727: 7728
6794: 6793,6912,6795,6913
5853: 5852,5971,5734,5735,5854,5972
7751: 7633,7634,7750
7394: 7276,7395,7275,7511,7512,7629
5956: 6074,6075,5957,5837,5838,5955
8667: 8666,8780,8781,8553,8552,8668
4007: 3894,13256,3893,4122
7734: 7733,7851,7616,7852
8218: 8333,8101,8102,8219,8334
8306: 8191,8305,8421,13287
9568: 
9891: 9997,9998,9783,9784
9121: 
4796: 4795,4912,4797,4913
4087: 13225,4200,4199,3972,4086
4554: 
4483: 4484,13318
7056: 7057,7175,6937,7174
12169: 
8653: 
9695: 9696,9803
5039: 4922,5038,5157,5156
4100: 4214,3986
6358: 6359,6476,6239,6357
10613: 10512,10712
5611: 5729,5730
6078: 6079,6077,5959,6196,6197
7848: 
11102: 11008
5046: 5047,4930,5045
8473: 
11641: 
7888: 7887,8004,8005
8902: 9015,8901,8903,9014
8674: 8559,8560,8675,8787,8788
8209: 8093,8208,8210,8325,8324
10933: 
9548: 9547,9656,9549
13316: 10620,10619,10720
8994: 8882,8995,9107
3955: 
5737: 5618,5619,5736,5855,5856
5252: 
9466: 
5246: 
9113: 9225,9112,9114
10426: 10324,10425
10418: 10315,10316,10419,10520
6816: 6697,6815,6934
7885: 7886,7767,7884,8001,8002
9909: 
10840: 
8752: 8639
5847: 5846,5965,5728,5729,5848,5966
8421: 8305,8306
4211: 4097,4098,4210,4212,4325
6771: 6772,6653,6770
12560: 
8780: 8666,8667,8781,8779,8893,8894
7253: 7252,7371,7254,13234
4827: 4944,4943
5407: 5408,5526,5289,5406
10512: 10613
13202: 
8341: 8340,8225,8226,8457
9216: 9105,9215,9217
7132: 7013,7131,7133,7250
7968: 8085,7851,7852,8084,7967
8778: 8665,8779,8664,8777
8655: 8654,8768,8541,8769
9101: 9102,8989
9000: 
3792: 3793
5243: 
6945: 6826,7064,6946
6321: 6320,6439,6440,6202,6203,6322
4694: 
13314: 10036
8662: 8775,8547
13246: 13046,9263,13016
5465: 13266,5466
8475: 8359,8589
5250: 5132,5251,5133,5368
4472: 4587,4588
9563: 9564,9671
5140: 5258,5257,5022,5139
5518: 
13212: 2669,2668,2565
6431: 6312,6430,6313,6549,6550
8693: 8807,8578,8579,8692
9344: 9343,9233
6943: 7062,7061
6408: 
10795: 10695
8930: 
7857: 7739,7740,7858,7856,7973,7974
6081: 6080,5962,6200,13301,6199,6318
4774: 4657,4773
13240: 
8579: 8465,8578,8693
8704: 8589
8791: 8904,8790
4001: 3888,4002,4115,4116
5967: 5848,5849,5966,5968,6085,6086
7522: 7523,7640,7405,7639,7521
7238: 7239
11810: 
4230: 4117,4231,4116
4190: 4305,4189,4076,4191
9581: 9471,9689,9690
4766: 4649
6314: 6313,6433,6196,6315
8351: 8236,8352
3989: 3876,3875,4103
3869: 3983,3982,3870,3868
4444: 4560,4329,4445,4559,4328,4443
4690: 4689,4575,4806,4807
4932: 4931,5048,5049
8796: 8683,8795,8909,8910
7272: 7273,7391,7153,7271,7390
8765: 13275,8764,8879
7871: 7754,7872,7753,7987,7988
7291: 7292,7410,7173,7290,7409,7172
9889: 
4930: 4814,4931,5047,5046
12200: 
7847: 7729,7730,7963
6175: 6294,6176
6448: 6329,6330,6449,6447,6566,6567
8907: 9019,8906,8794
7473: 7474
9894: 9786,9787,10001
4921: 5038,5037,4920,4805,4922
6452: 6451,6453,6570,6571
10977: 
6689: 6570,6571,6688,6690,6807,6808
6675: 6556,6674,6557,6676
3762: 3650,3761,3874
5009: 5008,5126,5127,4892,5010
6191: 6073,6192,6072,6190,6309,6310
7280: 7279,7398,7161,7162,7281,7399
8916: 
7064: 6945,6946
10302: 10405,10404,10301
6922: 6803,6804,6921,6923,7040,7041
5529: 
4096: 3981,3982,4097,4210
7256: 7257,7374,7375,7137,7138,7255
6188: 6189,6187,6306
9775: 9774,9883
7741: 7742,7859,7623,7624,7740,7858
6569: 6568,6687,6451,6570,6688
10490: 10388
7508: 7509,7390,7391,7625
10285: 10388
4925: 4809,5042,5043
5833: 5832,5951,5952,5714,5834
11018: 10924,10923,11112
9027: 12823,8914,8915
9870: 9976,9871,9977
8239: 8123,8240,8238
5993: 5992,6111
11811: 
6219: 6337,6218,6100,6101,6338
12580: 
7598: 7599,7715,7716
6723: 
7799: 
5261: 5262,5260,5143,5378,5379
5498: 
6676: 6557,6558,6677,6675
9018: 
7062: 6943,7061,7181
8413: 
11113: 11206,11112,11205
3799: 
5536: 
8927: 8926,8928
465: 
6090: 6089,6208,5971,5972,6091,6209
5621: 
8236: 8351,8119,8120,8237,8352
7960: 7959,8076,8077
8300: 
7397: 7278,13298,7515
4217: 4218,4103,4216,4332
8450: 8451,8565,8335,8334,8449
6193: 6312,6194,6074,6075
6690: 6691,6571,6689,6808
9138: 9250,9025,9026,9137
11271: 
4931: 4932,4930,4814,5047,5048
8647: 8761,8648,8533,8532
4661: 4778,4545,4660,4777,4546,4662
8684: 8685,8683
13076: 
6815: 6816,6697,6933,6934
7976: 7975,8093,7859,7860,7977
6911: 6793,6912,6910,7028,7029,7030
6077: 6076,5959,5958,6078,6196
4365: 
6439: 6320,6321,6440,6438,6557,6558
6005: 
6700: 6581,6699,6701,6819
8532: 8533,8647
10089: 9983,9984
9904: 9905
5962: 6080,6081,5843,5961,13301
5598: 5717,5362,5481
4881: 4997
8768: 8654,8655,8767,8769,8882
5946: 5827,5828,5945,6065,13233
6786: 6785,6904,6905,6667,6668
9799: 9690,9798
6415: 6416
6547: 6665,6428,6546,6548
4916: 4799,4915,4800,5033,5032
4671: 4555,4670,4672,4787,4788
8009: 7892,7893
7047: 7048,7166,6928,7046,7165
4338: 4224,4223,4337,4454,4453,4339
8281: 
6898: 6780,6899,6779,6897,7016,7017
13261: 2876,2875
9252: 9140,9253,9363
10908: 10907,10811,10909
5867: 5866,5748,5986,6104,5985
7308: 7426,7309
5362: 5598,5481
4348: 13324,4234,4347
11398: 
8011: 8128,7894,8010
10912: 10815
9016: 
4223: 4224,4110,4338,4222,4109,4337
9474: 9473,9584
6900: 6901,6781,6899,7018,7019
6891: 
8909: 8910,8795,8796,9021
5482: 5599,5481,5364,5483
4467: 4352,4468,4466,4351,4582,4583
9681: 9572,9790
3751: 3640,3750,3863,3864
6086: 6085,5967,5968,6087,6205
10125: 10229,13317
5614: 5613,5732,5615,5733
13230: 
4329: 4444,4445,4328,4214,4215,4330
10241: 
7162: 7044,7043,7161,7280,7281
3923: 13291
6915: 6796,6797,6916,6914,7033,7034
6680: 6681,6799
9264: 9263
4541: 4542,4425,4657
3741: 
4134: 4247
4664: 4665,4781,4549,4663
4560: 4444,4445,4559,4676,4675,4561
9114: 9225,9113
8992: 
6313: 6314,6431,6312,6194
8091: 7974,8090,7975,8208
10497: 10498,10598
8468: 8352,8353,8583,8582
10112: 13283,10007,10006,10111
5025: 5024,4908,5026,5142,5143
6905: 6786,6904,6906,7023,7024
5495: 5376,5494,5377
5741: 5859,5860,5742
3746: 3634,3635,3859
8764: 8765,13275,8877
9656: 9548,9547
7655: 7654
7431: 7432,7430,7548
9272: 
7881: 7763,7880,7764,7882,7998
13241: 13308
9683: 9574,9575,9684
10308: 
6202: 6083,6084,6203,6201,6320,6321
7283: 7401,7402,7282,7164,7165,7284
8857: 
6687: 6568,6569,6686,6688,6805,6806
7861: 
5267: 5385,5149,5150,5266,5384
9798: 9689,9690,9799,9797,9905
7956: 13319,13326,7957,7839,7955
3840: 
12951: 2292
10815: 10912
6186: 6067,6187,6185,6304,6305
6185: 6066,6184,6067,6186,6303,6304
11709: 
5734: 5615,5733,5616,5735,5852,5853
11096: 
13225: 4087,4200,3972,4201
5985: 6103,6104,5866,5867,5984
9019: 8906,8907,9131
10205: 10101,10206,10100,10309
4905: 4788,4789,5021,4904,5022
6669: 6550,6551,6670,6668,6788
8761: 8647,8648
9684: 9575,9576,9683
4103: 4216,3989,4217
7739: 7740,7857,7621,7622,7738,7856
7856: 7738,7855,7739,7857,7973
6791: 6910,7028,6909,6673,6672,6790
6231: 6113,6230,6468
6819: 6700,6701,6938,6820
8130: 
5491: 5372,5490,5373,5492,5608,5609
9366: 9256,9255,9367,9476
8549: 8434,8550,8664
7753: 7754,7871,7635,7636
7502: 7501,7619,7384,7385,7503,7620
8093: 7976,8209,7977,8094,8210
7373: 
605: 
13300: 6677
9546: 9547,9654
6780: 6781,6899,6898,6661,6779
11480: 
8025: 7908
10597: 
5981: 6100,6099,5982,5863,5862,5980
6208: 6089,6207,6090,6209,6326,6327
12981: 
3903: 3790
8335: 8219,8334,8450,8451
9353: 9462,9463,9243,9352,9354
4294: 
8334: 8219,8335,8218,8333,8449,8450
5040: 5041,5158,4924,5157
4657: 4774,4542,4541,4658
9675: 9783,9784,9567,9566
7399: 7281,7400,7280,7398,7516,7517
7593: 
5294: 
5153: 5271,5270,5036,5035,5152,5154
627: 
4785: 4784,4901,4902,4668,4669,4786
8664: 8665,8778,8549,8550,8777
3995: 3881,3882,3996,4109,4110
5010: 4892,4893,5009,5127
4242: 4128,4241,4129,4243
6940: 
9984: 9983,9985,10089
7161: 7042,7043,7160,7162,7279,7280
6573: 6574,6692,6454,6455,6691
5240: 5358,5122,5123,5239,5357
8783: 8669,8782,8670,8896,8897
4649: 4533,4534,4766
11276: 13231
5747: 5746,5628,5866,5748
10171: 
4790: 4789
9097: 9098,8984
5007: 5006
7735: 7617,7736,7853
7290: 7409,7171,7643,7172,7408,7291
4685: 4802,4570,4801,13292
8189: 8305,13287,8072,13319
6936: 6937,7054
7776: 7775,7893,7777,7894
7404: 
9399: 
8102: 7986,7985,8101,8218,8219
7616: 7615,7734,7733
10329: 10330
8312: 8196,8311,8197,8313,8427,8428
6788: 6907,6906,6669,6670
7362: 
9104: 9103,8991,9215,9105
7403: 7284,7285,7402,7521,7520
6535: 
5370: 5371,5488,5489,5253,5369
13033: 
4792: 4676,4675,4908
4198: 4313,4086,4085,4199,4312
5633: 5751,5515,5516
9134: 9135,9246,9021,9133
11100: 11099,11192,11193
4902: 4785,4901,4786,4903,5019
9995: 
13311: 13271,1175
10105: 10104
5262: 5145,5261,5263,5379,5380
6667: 6548,6549,6668,6785,6786
8324: 8325,8208,8209,8323
5472: 5354,5353,5471,13267
8211: 8212,8095,8326
4086: 4198,4085,4087,4199
5866: 5867,5748,5747,5984,5985
10620: 10619,10520,13316,10720
7383: 7265,7384,7264,7382,7500,7501
9901: 9793,9902,10008,10007
4572: 4687,4688,4571,4573
685: 
9881: 9988,9987,9774
5605: 5487,5488,5606
6463: 6462,6464,6581
11799: 
3880: 3993,3767,3768,3879,3881
11378: 11288
10100: 10099,10101,10205
8223: 
6665: 6547,6664,6546,6783
7054: 7053,7173,6936,7172
11442: 
9653: 
8210: 8094,8093,8209,8325
6200: 6082,6201,13301,6081,6318
9905: 9904,9797,9798
8779: 8665,8778,8666,8780,8893
7026: 7027,6907,6908,7025,7144
8953: 13151
8443: 8558,8557,8442,8328,8444
6437: 6438,6318,6436,6556,6555
7604: 7486,7722,7723
4347: 4462,4232,4348,13324
13326: 7956,13319,7957,8073,13287
8792: 8679
3835: 3723
4907: 
7602: 7718,7720
8006: 8123,7890,8005
3975: 3862,3976,3861,3974,4089
7168: 7049,7050,7169,7167,7287
7408: 7289,7407,7290,7171,7643,7525
3763: 3764,3875,3876
9997: 9891,9998,10102
8100: 7983,8099,7984,8101,8216
10098: 10099,10203
6956: 
6340: 6222,6339,6458,6221
6065: 6183,6182,5945,5946,6064,13233
8085: 7968,8084,8202
6553: 
5523: 5404,5522,5641
5111: 
6230: 6111,6231,6348
12929: 7349
7880: 7763,7881,7762
8121: 8004,8120,8005,8237,8238
732: 
6934: 7053,6933,6816,6815
7746: 
9434: 
3773: 3662,3774,3772,3886
6428: 6546,6547
6347: 6348,6466,6228,6465,6346
6582: 
9014: 9013,8902,9015,9126,9127
7371: 7252,7253,7370,13234,7488,7489
7374: 7256,7375,7255,7491,7492
5716: 
7997: 
7647: 7529,7530,7764,7765
6435: 6554,6316,6434,6317
10605: 10606,10704
6418: 6299,6417,6536
4199: 4087,4200,4198,4313,4086
5172: 5055,5173,5054,5289
6916: 6797,6915,6917,7034,7035
5177: 
8448: 8449,8563,8332,8333,8447
7509: 7508,7627,7391,7392,7510
5860: 5741,5978,5861,5742,5979
5164: 
5732: 5613,5614,5733,5850,5851
5275: 5157,5158,5393
5988: 5869,5989,5987,6107,6106
8447: 8446,8561,8331,8332,8448
4112: 4111,4225,4226,3997,3998,4113
762: 
4812: 4695,4696
7613: 7614,7496,7495,7612,7730
10657: 
8781: 8667,8780,8668,8782,8894,8895
3771: 3772,13312,3770,3883,3884
6793: 6911,6912,6794,6792,6910
769: 13126
10421: 10318,10319,10523
9430: 9540,13156
10643: 
9451: 9450,9342,9452,9561
7384: 7265,7383,7266,7385,7501,7502
8658: 8771,8544,8659
10120: 10015
11206: 11113,11205
6189: 6188,6071,6190,6308
13284: 5179,5180
6571: 6570,6689,6452,6453,6690
5137: 5255,5138,5254,5019,5020,5136
6893: 6892
9998: 9891,9997,10104
8426: 8425,8311,8427,8541
8230: 8231
5980: 6098,5979,5861,5862,5981,6099
5835: 5834,5953,5717,5836,5954
13318: 4484,4483
5840: 5839,5721,5722,5959,5958
7017: 7018,6899,6898,7016
5249: 
792: 
6471: 6352,6470,6589,6590
5727: 5726,5609,5728,5845,5846
10216: 13283,10319,10320
6699: 6581,6700,6580
4062: 
5290: 
10102: 10101,10206,9997
8669: 8668,8782,8783,8555,8670
4771: 4887
6416: 6417,6415
7181: 7062
804: 
8561: 8446,8447,8676,8675,8560
11228: 
9745: 
4466: 4351,4465,4467,4582
9473: 9474,13115,9363
8698: 8583
7959: 7960,8076,7958
13290: 
4556: 
814: 
5376: 5375,5494,5495,5258,5259,5377
5399: 5398,5517,5281,5282,5400
5837: 5838,5718,5955,5956
6718: 6717,6600,6836
5723: 5842,5604,5722
9690: 9689,9798,9799,9581
9783: 9675,9784,9891
9797: 9688,9689,9798,9905
823: 
7138: 7019,7020,7137,7139,7256,7257
9780: 9671,9887,9888
8547: 8432,8546,8662
3769: 3657,3770,13264,3768,3881,3882
7234: 7115
7281: 7400,7399,7162,7280,7282
6767: 
10092: 10093,9987,10091,10196
11265: 11356
5042: 5043,5160,4925,5041,5159
8208: 8209,8091,8323,8324
8691: 8805,8692,8577
836: 
6899: 6780,6781,6898,6900,7017,7018
8196: 8311,8312,8197,8079
8463: 8577,8346,8347,8462
6778: 6779,6897,6660
6685: 6684,6686,6803,6804
6536: 6417,6418,6654
4893: 4776,4777,4892,5010
11171: 
5132: 5250,5014,5015,5133
5499: 5381,5500,5380,5616
11193: 11100,11192
6904: 6785,6786,6905,6903,7023,7022
8296: 
10695: 10795
5174: 5175,5057,5173
8894: 8893,9006,9007,8780,8781,8895
13299: 2899,2898,3004,3005
6593: 6474,6592
5136: 5253,5135,5019,5137,5254
8307: 8191,8192,8423
9319: 
6926: 6807,6925,6808,6927,7044,7045
7144: 7025,7143,7026,7262
8870: 
8114: 8113,7998,8231
11112: 11205,11018,11113
5813: 5931,5694
7492: 7493,7374,7375,7491
9183: 
8104: 8105,7987,7988,8103
13207: 7942,7825,7941
4443: 4327,4558,4328,4444,4559
8914: 8801,8913,9027
6814: 6932,6695,6813
5244: 5126,5127,5245
10593: 
10279: 
9962: 
10007: 10112,10113,9901,10008
8910: 8909,9023,8796
8428: 8427,8312,8313,8429
5049: 5048,4932,5167
13303: 
9021: 8909,9133,9134
8465: 8579
10721: 10720,13218
4428: 4312,4543,4429,4313,4427,13255
4638: 
6693: 
5022: 5139,4905,5021,5140
6222: 6340,6341,6103,6221
10221: 10116,10117,10324
6616: 
5151: 5268,5269,5152,5033,5034
8625: 8510
9450: 9451,9449
5048: 5049,4932,4931,5047
10972: 
6796: 6797,6915,6677,6678,6914,6795
3882: 3881,3995,3996,3770,3769
6461: 6342,6460,6343,6462,6579,6580
9991: 9884,9885,9992
13136: 3190,3083
6088: 6087,6206,5969,5970,6089,6207
5149: 5032,5150,5031,5266,5267
9654: 13242,9546
903: 
6181: 6064,6182,6299
13275: 8765,8764,8877,8991,8990,8879
5958: 6076,6077,5959,5839,5840,5957
4712: 4597
4939: 4822,5055
9893: 
8425: 8426,8424
9240: 9128,9239,9350,9351
8216: 8215,8331,8332,8099,8100
7533: 
9432: 9542
7167: 7048,7166,7049,7168,7285
9355: 9244,9464,9354
7523: 7522,7640,7641,7405,7406,7524
918: 
6678: 6559,6677,6796,6797
6822: 6823
3883: 3771
5826: 5944,5827,5945
7990: 7874,7989,8107,8106
7955: 8072,7839,7956,13319
8434: 8549
11069: 11162
6444: 6326,6445,6325,6443,6562,6563
4106: 4220,4219,3991,4105
5473: 5354,5237,5356,5238,13267
4802: 4803,4685,4801,4919,4918
6770: 6888,6769,6771
932: 13248
7392: 7273,7391,7274,7393,7509,7510
5389: 5388,5507,13321,5508
9677: 9786,9785,9569
9801: 9908
8319: 8203,8204,8320
8082: 
8763: 
9884: 9885,9991
8058: 
8327: 
5408: 5407,5526
10624: 10524,10523
7287: 7405,7406,7168,7169,7288
13047: 
8333: 8218,8332,8334,8448,8449
8326: 8211,8441,8442
949: 
7286: 
6835: 6717,6836
11013: 11199,13140
10910: 10909,10813,11005
8139: 
955: 13308
11560: 11474,11645
9367: 9368,9257,9366,9256,9476,9477
9673: 
4232: 4118,4119,4231,4347
5171: 
6325: 6324,6443,6206,6207,6326,6444
7953: 7837,8070
4808: 4924,4807,4809
6299: 6418,6181
8345: 
7685: 
9244: 9133,9355,9243,9354
7755: 7756,7637,7638,7754,7872
10330: 10329,10227
5364: 5365,5482,5483
5124: 
4434: 
5269: 5268,5151,5152,5270,5386
8103: 7986,7987,8104
8365: 
7482: 7600,7599,7365,7483
6482: 
6084: 6083,6202,6203,5965,5966,6085
12565: 
7264: 7382,7265,7383
13041: 2901,2902
6931: 6812,6813,7049,7050
7133: 7015,7132,7252
7239: 7238
8904: 8791,8903,8790
10483: 
987: 
3768: 3656,3767,3769,13264,3880,3881
11351: 
7048: 7047,7166,7167,7049
6652: 
8560: 8445,8559,8674,8446,8561,8675
5875: 13325,5756
9351: 9461,9240,9460,9350
13253: 7526,7643,7525,7760,7761
7763: 7880,7881,7762,7645,7764
7025: 7024,7143,7144,6907,6906,7026
7405: 7287,7406,7522,7523
7539: 
4201: 4202,13225,4200,4315,4316
8234: 8233,8117,8118
7715: 7598,7716
6234: 6235,6233,6352
6552: 6671,6433,6434,6551,6670
7033: 7034,7152,6914,6915,7032,7151
11115: 11022
6717: 6718,6835,6836
7748: 7866,7630,7631,7747,7865
10790: 
5497: 
4317: 4316,4432,4202,4318,4433
7073: 
4667: 4551,4783,4552,4668,4784
9455: 9564
8789: 8903,8790,8676,8675,8788
9462: 9463,9353,9352,9572,9680
9561: 9452,9451,9669,9670
9577: 9468,9576
8205: 8088,8089,8204,8320
12945: 
7981: 8097,7980,7864,7865
9350: 9459,9460,9349,9239,9240,9351
3863: 3862,3976,3750,3751,3977
7087: 
7764: 7765,7882,7647,7763,7881
6551: 6550,6669,6670,6433,6552
4597: 4712
12164: 
7988: 7871,7872,7987,7989,8105,8104
6946: 7064,6945,6828
7242: 
6810: 6811,6691,6692,6928
4814: 4930,4697,4931
6424: 6305,6425,6542
5476: 5593,5357,5358,5477
7429: 7430,7547
6464: 6465,6346,6463,6583
4336: 4451,4452,4221,4337,4335
4720: 
13116: 
1041: 
5880: 5762,5998,5879
7759: 7760,7877,7641,7758,7876
1044: 
10720: 10721,10620,13316
6303: 6422,6184,6185,6304
6106: 6107,6225,5987,5988,6105,6224
9248: 9136,9137,9359,9247
4680: 4565,4681,4797
8645: 8759,8530
4593: 4594
9595: 
9102: 9101,8989,9103,8990
6094: 6095,6213,5975,6093,6212
7667: 7550
10991: 11084,11085
10905: 
7154: 
8649: 8534,8648
6588: 13315,6589,6587,6470
11645: 11560
8117: 8000,8001,8118,8233,8234
6701: 6583,6700,6819,6820
11875: 
11721: 11637
3985: 
11129: 
6072: 6071,6190,5953,5954,6073,6191
4004: 
3993: 3880,3879,4108
10028: 
8744: 
8898: 8897
3753: 
6481: 
5372: 5490,5491,5373,5255,5254,5371
5393: 5512,5275,5276,5392
5986: 5868,5987,5867,6104,6105
9469: 
6212: 6093,6211,6094,6213,6330,6331
7145: 
5961: 5843,5842,5962
7195: 
4436: 4320,4321,4437,4551,4552
10495: 
6554: 6673,6672,6435
4202: 4201,4089,4316,4317
13231: 11185,11183,11276
10080: 
5239: 5356,5238,5357,5122,5240
6342: 6461,6460,6343,6224,6223,6341
6315: 6316,6434,6197,6314,6433,6196
4304: 4305,4189,4303
4794: 4910,4677,4795,4911
5864: 5746,5863,5745,5982,5983
1096: 
8513: 
8553: 8438,8552,8667,8668
8459: 8460,8574,8344,8343,8458,8573
8225: 8224,8108,8226,8340,8341
8716: 
5593: 5712,5476,5711
13150: 
13312: 3660,3771,3658,3770
8917: 
5852: 5971,5970,5853,5734,5733,5851
11765: 
13315: 6588,6706
5744: 5863,5745,5862,5624,5743
5965: 5846,5847,5964,5966,6083,6084
4549: 4665,4664,4433,4550
5394: 
9330: 9220,9219
13295: 5179,5180,5062
11008: 11102
10811: 10712,10908,10909
7872: 7754,7871,7988,7989,7755
11199: 11013
6712: 
4551: 4667,4550,4436,4552
10392: 
4195: 4194,4196
6561: 6562,6442,6443,6560
5043: 5042,5160,4925,5044
8753: 
4973: 
11185: 13231,11277
10310: 10309,10206,10311
5470: 5351,5471
8884: 8883,8770,8771
4117: 4230,4231,4116,4002,4003,4118
8541: 8427,8426,8655
6684: 6685,6683,6802,6803
8888: 8775
13304: 2401
5510: 5627,5628,5509,5391,5392,5511
6801: 6802,6920,6683,6919
8444: 8445,8559,8328,8329,8443,8558
4901: 4784,4785,4902,5017,4900
10316: 10317,10419,10315,10418
9636: 
13302: 2762,2658
8221: 8336,8337,8222
9803: 9695
5709: 5591,5827,5828
4455: 4570,4340,4454,4339
1147: 
4431: 4315,13255,13262,4545,4546
6933: 6932,6815,6934
6449: 6330,6448,6331,6567
1151: 
9232: 9120,9342,9343,9233,9231
6457: 6338,6339,6458,6456,6575,6576
7987: 7871,7988,7870,8103,8104
6317: 6436,6198,6199,6316,6435
4485: 4484
1157: 
7869: 7870,7868,7985,7986
5746: 5864,5747,5627,5745
6224: 6105,6223,6225,6106,6342,6343
6462: 6463,6461,6343,6580,6581
5404: 5522,5523,5287,5403
5351: 5470,5234
5044: 5162,5045,5043
7366: 7365,7483
1166: 1167
1167: 1166
5078: 
12364: 13081
9796: 
5020: 4903,5019,4904,5021,5138,5137
7177: 7058,7059,7178,7176,7295
11191: 11099,11192,11098
8876: 8877,8989
1175: 13271,13311
8683: 8796,8568,8684
1177: 
4700: 4701,4584,4699,4817
10900: 10901,10802
6688: 6570,6689,6569,6687,6806,6807
13307: 
10124: 10123,10229,13317
7607: 7490,7608,7489
7057: 7056,7175,7176,6939,7058
5508: 13321,5390,5507,5389,5625
6410: 6411,6291
4920: 5037,4921,4803,5036,4919
12944: 8270
9985: 9984,10091
7624: 7625,7623,7741,7742
8325: 8324,8440,8209,8210
6831: 
8589: 8588,8475,8704
5272: 5273,5154,5155,5271,13321,5390
10185: 
9120: 9232,9007,9008,9119,9231
5748: 5866,5867,5629,5747
9342: 9232,9343,9231,9451,9452
6466: 6347,6348,6467,6465,6584,6585
8203: 8204,8319
6111: 6230,5993
7747: 7864,7865,7630,7748
9123: 9122,9235,9124
5253: 5135,5136,5254,5370,5371
8558: 8443,8557,8672,8559,8444
8566: 8452,8567,8451,8565,8680
8200: 8316,8315,8084,8083
4099: 3983,4098
8330: 8214,8329,8215,8331,8445,8446
4915: 4799,4916,4914,5031,5032
5521: 5403,5522,5638,5639
10425: 10426
7406: 7287,7405,7288,7407,7523,7524
6820: 6938,6701,6819
7998: 7881,7882,8114
13133: 
4924: 4808,4807,5041,5040
1218: 
5710: 
5247: 5248,5130
6223: 6105,6224,6104,6341,6342
7733: 7734,7850,7851,7616,7849
8873: 8759
5513: 5395,5631
7736: 7853,7619,7735
6800: 6919,6681,6799,6918
4537: 
7361: 7243,7478,7479
1229: 
6803: 6804,6922,6921,6685,6684,6802
4919: 5036,5035,4918,4803,4802,4920
6456: 6337,6455,6338,6457,6574,6575
5966: 5848,5967,5847,5965,6084,6085
6772: 6771,6654,6653,6773
6351: 
4312: 4428,4198,4313,4427
7252: 7253,7371,7370,7133
8201: 
5147: 
13142: 2055,1959,2056
7385: 7267,7386,7384,7266,7502,7503
6656: 
1243: 
4640: 4641
10095: 9989
4773: 4889,4656,4774
8337: 8221,8336,8222,8452,8453
7151: 7032,7150,7033,7152,7269,7270
1249: 1336
7480: 
5845: 5963,5964,5844,5726,5727,5846
5371: 5370,5489,5253,5254,5372,5490
5827: 5828,5945,5946,5709,5826
1254: 
5599: 5482,5481,5717,5836,5718
5368: 5369,5487,5250,5251
6654: 6653,6536,6772,6773
6828: 6709,6946
4114: 4113,4000,3999
8204: 8203,8205,8088,8319,8320
9348: 9457,9347,9237,9238,9349
6076: 6077,5958,6075,5957,6194
13309: 4333,4447,4218,4332
5509: 5627,5510,5391,5626
7040: 7041,7159,7158,6922,6921,7039
9111: 9112,9110,8998,9222,9223
13294: 13161
7304: 7303
9128: 9127,9239,9240,9015,9129
10485: 10586
4210: 4097,4211,4096,4325
9098: 9097
5148: 
9689: 9690,9798,9581,9688,9797
4819: 4703,4935
9132: 
4184: 4185,4183,4298
7153: 7034,7152,7035,7271,7272
5001: 
3749: 3638,3750,3637,3861,3862
9838: 
7176: 7057,7175,7058,7177,7294,7295
7636: 7519,7637,7635,7754,7753
8897: 8898,8783,8896,9009
4462: 4463,4347,4461,13324,4577
4111: 4112,4225,3996,3997,4224,4110
10523: 10319,10421,10524,10624
10438: 
8323: 8322,8208,8324
10611: 
9129: 9128
9259: 13279,9368,9370
7043: 7042,7161,6924,6925,7044,7162
6540: 6658,6422,6539
9461: 9352,9351,9460
13264: 3657,3769,3546,3656,3768
6441: 6322,6323,6440,6442,6560
8119: 8002,8118,8120,8236
10013: 
4997: 4881
9223: 9111,9112,9222
8802: 8915,8801,13278,8688,8689
4132: 
10190: 
6578: 6579,6697
9230: 9118,9119,9231,9229
7967: 8084,8083,7850,7851,7966,7968
3854: 3853,3855
7031: 7032,7150,6912,6913,7030,7149
7541: 
7505: 7504,7622,7623,7387,7388
5019: 4903,5020,4902,5136,5137
8070: 7953
4947: 4946
1315: 
7263: 
1317: 1406,13027
3958: 3957
5014: 4898,4897,5015,5013,5132
8099: 7983,8100,8215,8216
7510: 7511,7628,7392,7393,7509,7627
6071: 6072,6190,5952,5953,6189
10312: 10311,10313
8408: 
1325: 
7309: 7308,7427
7254: 7255,13234,7253
5369: 5368,5487,5251,5370,5488
9977: 9870,9976,10083
7049: 7050,7168,6931,7048,7167
6413: 6294,6176,13222
6079: 6078,6080,6197,6198
7550: 7667,7432
9920: 10026
9463: 9462,9353,9464,9573,9354,9572
1336: 1249
1337: 
7964: 
4591: 4476
6331: 6212,6213,6330,6449
4581: 
4316: 4317,13262,4432,4201,4202,4315
4641: 4640
6474: 6356,6592,6593
10929: 
1346: 
7842: 7841,7958
7644: 7526,7645,7527,7761,7879,7762
7870: 7869,7987,7986
9239: 9127,9128,9240,9238,9350,9349
8769: 8770,8655,8768,8882,8883
8571: 8457,8572
6923: 6805,6924,6804,6922,7041,7042
7830: 7947
6576: 6575,6694,6695,6457,6458,6577
10311: 10312,10310
5862: 5744,5863,5861,5743,5980,5981
5713: 5712,5595,5714,5832
9131: 9243,9019
9262: 9261,9373
7986: 8103,8102,7870,7869,7985
10335: 
9969: 
11547: 
6075: 6074,5957,5956,6076,6194,6193
9897: 10003,9790
9249: 
7165: 7046,7164,7047,7166,7283,7284
4676: 4675,4792,4560,4677,4561
4781: 4665,4664,4898,4897
13233: 6066,6184,5946,6183,6065
4697: 4582,4696,4814
4222: 4108,4221,4109,4337,4223
5580: 
9142: 9253,13323
7757: 7758,7875,7639,7640,7874,7756
5395: 5278,5513
5759: 5641,5877
8548: 
6190: 6071,6072,6189,6191,6308,6309
6660: 6541,6542,6661,6778,6779
5843: 5961,5963,5844,5962,13301
5155: 5272,5273,5154,5038,5037,5156
5991: 5992,6109
7020: 7019,7138,6901,6902,7021,7139
8089: 8205,8088,7973,8090
9107: 8994,8995,9219
3758: 
4074: 4075
9228: 9229
7529: 7530,7647,7411,7412
5722: 5840,5721,5603,5604,5723
9564: 9563,9455
9576: 9575,9577,9684
5602: 5603,5601,5484,5720,5721
4335: 4334,4450,4220,4221,4336,4451
4219: 4106,4220,4105,4218,4333,4334
9887: 9888,9780,9993
8429: 8544,8430,8314,8313,8428
6326: 6445,6444,6327,6208,6207,6325
1401: 
5989: 5988,5871,6107,6108
5931: 5813
6910: 6791,7028,6673,6792,6793,6911
5659: 
1406: 1317,13027
5950: 5832,5951
12971: 
1409: 
5313: 
3890: 4003,3778,13229
11176: 11084
5973: 5854,5972,5855,5974,6091,6092
8077: 7960,8076
6586: 6468,6587,6467
7269: 7268,7387,7388,7150,7151,7270
10819: 
5859: 5741,5978,5740,5858,5977
5055: 5173,5172,4939,5054
6455: 6336,6337,6456,6454,6574,6573
6324: 6325,6442,6443,6206,6205,6323
1422: 1512
8877: 13275,8764,8876,8989,8990
3761: 3649,3760,3650,3762,3873
9332: 9222,9221,9441,9442
7273: 7272,7391,7392,7155,7274
7526: 7644,13253,7409,7643,7527,7761
1428: 
4089: 3974,3975,4202
4645: 
1431: 
10202: 
4677: 4562,4561,4676,4794
4118: 4119,4232,4003,4117,4231
5632: 
4675: 4676,4792,4560,4559,4674
4923: 
11434: 
9214: 9215
6658: 6540
8808: 8921,8807
4456: 
10416: 10313
9037: 8924
6792: 6674,6673,6910,6793
7032: 7031,7150,7151,6914,6913,7033
9468: 9577,9359
4699: 4583,4584,4700
10893: 
6438: 6437,6320,6439,6556,6557
7513: 7631,13298,7395,7396,7512,7630
3857: 3744
4221: 4222,4220,4335,4336
11277: 11278,11368,11185
4141: 
7288: 7289,7407,7169,7170,7287,7406
9769: 9661
6211: 6092,6093,6212,6210,6329,6330
7029: 7147,7028,6911,7030,7148
9122: 9123,9009,9233
9328: 9217
6344: 
8672: 8558,8557,8671,8786,8785
6243: 6244
7650: 7651,7532,7649,7767
5608: 5726,5609,5490,5491,5607
8083: 8084,7967,7966,8200
4240: 4239,4241,4354
3847: 3848,3735,3846
8194: 
9687: 9688
10328: 
7612: 7494,7613,7495,7729,7730
5256: 5257,5139,5255,5138,5373,5374
7882: 7764,7765,7881,7998
5969: 5850,5851,5968,5970,6087,6088
5489: 5370,5371,5488,5490,5606,5607
7517: 7635,7634,7400,7399,7516
5388: 5506,5389,5271,5270
9255: 9366,9256
10979: 13328
12359: 
7984: 7985,8101,7867,7868,7983,8100
12258: 
6187: 6186,6188,6305,6306
6073: 6191,6192,5955,5954,6072
8120: 8004,8121,8119,8236,8237
7768: 
1489: 1580
5024: 5025,4908,5142
1491: 
6195: 
7130: 
1494: 1584
3778: 3777,3890
1496: 
12042: 
6670: 6551,6669,6552,6671,6788
5629: 5511,5628,5748
5963: 5845,5964,5844,5843,6082,13301
6932: 6814,6933,6813
7061: 6942,7062,6943
4447: 13309,4446,4332,4562
13151: 8953
7765: 7764,7882,7647,7766
1506: 
4446: 4330,4332,4445,4447,4562,4561
1508: 
8199: 
4889: 4773,5006,5005
5113: 
1512: 1422,1602
9452: 9561,9342,9343,9451
6797: 6796,6915,6916,6678
7531: 7295,7414,7413,13289,7532
1516: 
6447: 6328,6446,6329,6448,6565,6566
7962: 8079
7897: 7779,7896,8013
6067: 6186,5948,6066,6185
6897: 6778,6779,6898,7015,7016
7503: 7620,7621,7385,7386,7502,7504
8318: 
7395: 7276,7394,7277,7396,7512,7513
8360: 
6541: 6542,6660
6725: 12904
6085: 6086,5967,5966,6084,6203
9035: 9147,9148,9034
10115: 10116
7854: 
9885: 9884,9991,9778,9992
6568: 6569,6687,6686
7674: 
5259: 5260,5142,5258,5376,5377
8958: 
4908: 5024,5025,4792
8679: 8565,8680,8792
9349: 9459,9350,9238,9239,9348
6806: 6805,6924,6687,6688,6807,6925
13236: 2361,2565
1542: 1633
7354: 
3997: 3884,3998,3996,4111,4112
6895: 7013
7649: 13289,7532,7650,7766,7767
10324: 10426,10221
4303: 4302,4304
12870: 
10586: 10485,10587
10099: 10100,10098
10318: 10421,10317
12732: 
8073: 13326,7957,13287
8364: 
7975: 7976,7858,7859,7974,8091
8088: 8205,8089,8204
5500: 5381,5499,5382,5501,5617,5618
4650: 
6836: 6718,6717,6835
10298: 
9215: 9214,9104,9216,9105
10712: 10613,10811
5169: 5287,5170
9787: 10001,13282,9788,9894
4425: 4541
6056: 
11011: 10917,13305
6845: 
7651: 7534,7650,7652,7769
13321: 5390,5508,5271,5272,5389
9373: 9263,9262,13016
8076: 7959,7960,8077,8192
9137: 9136,9248,9025,9024,9138
1575: 1668
9459: 9460,9569,9350,9349
1577: 
5488: 5370,5489,5369,5487,5605,5606
7859: 7741,7742,7860,7858,7975,7976
1580: 1489,1673
5948: 5829,5830,6066,6067
4196: 4197,4195
5517: 5398,5399,5516,5635
1584: 1585,1494
1585: 1584
4669: 4553,4668,4670,4785,4786
4777: 4778,4661,4660,4776,4893
10319: 10421,10216,10320,10524,10523
8559: 8445,8560,8444,8674,8558
4239: 4240,4238,4354
1591: 
8526: 
4892: 4893,5009,5010
10388: 10285,10490
5004: 5122,4887,5005
5623: 5624,5743,5742
1597: 
1598: 
13242: 9654
4326: 
1601: 1602
1602: 1512,1601
6291: 6410
1604: 1697
6782: 
7409: 7290,7643,7410,7291,7526,7527
9276: 
5619: 5618,5737,5502,5620
13238: 
7515: 7516,7633,7397,7398,7514
5998: 5879,5997,5880
4476: 4591
4887: 4771,5004
6042: 
4903: 4786,4787,5019,4904,5020,4902
4584: 4583,4699,4468,4700
6241: 6359
8659: 8660,8773,8544,8658
13178: 
3977: 3864,3978,4092,3863
9343: 9232,9342,9233,9344,9452
4994: 4878,4993
1623: 
5625: 5626,5624,5508
10691: 
6196: 6314,6077,6078,6315,6197
1627: 
13030: 
10802: 10703,10704,10900
6664: 6545,6546,6665,6783
9757: 9648,9540
9989: 9883,9988,10095
1633: 1542
8302: 8303,8301
8303: 8302
8462: 8461,8346,8463,8577
6294: 6176,6413,6175
7887: 7888,7769,7886,8004
4687: 4572,4688,4803,4571
13279: 9259,9148,9370
9148: 9147,9035,13279
10587: 10586
5753: 5635,5754,5871
4323: 4439,4208,4322,4438
6176: 6294,6413,6175,6177
7767: 7766,7884,7649,7650,7885
7638: 7639,7521,7520,7637,7756,7755
5871: 5753,5989
6323: 6322,6441,6205,6324,6442
9257: 9367,9368,9146,9256
4185: 4184
6928: 6927,6810,7046,7047
6105: 6224,6223,5987,5986,6104,6106
7545: 7427,7544
8639: 8524,8752
7039: 7038,6920,6921,7040,7158
6337: 6336,6455,6456,6218,6219,6338
5347: 13266,5466
10206: 10101,10102,10205,10309,10310
13255: 4431,4313,4428,4429,4545
1661: 
7614: 7496,7613,7497,7615
5861: 5743,5742,5860,5862,5980,5979
4333: 13309,4218,4219,4334,4449
6330: 6329,6448,6449,6211,6212,6331
11022: 11115
7479: 7361,7478
1668: 1762,1575
7886: 7769,7885,7887,8002
1670: 
6221: 6339,6102,6103,6340,6222
4234: 4235,4348
1673: 1580
6080: 6081,5962,6079,6198,6199
5154: 5272,5155,5036,5037,5271,5153
9547: 9548,9546,9656
4225: 4111,4112,4226,4224,4339,4340
6902: 6903,6783,6901,7020,7021
5386: 5505,5268,5269,5385
1680: 
4109: 4108,4222,3995,4110,4223
13110: 
1683: 
1684: 
7243: 7361,7124,7125
8901: 8900,8787,8788,9013,8902
4769: 
13100: 3573
8350: 
5526: 5407,5408
9665: 
5353: 5471,5354,5472
5952: 5833,5951,5834,5953,6071
7536: 7419,7654
9988: 9881,9987,9989
5987: 5868,5986,5869,5988,6105,6106
1697: 1604
4337: 4222,4223,4338,4336,4453
7629: 7512,7394,7511,7628
7639: 7521,7638,7522,7640,7756,7757
13055: 
8688: 8574,8689,13272,8573,8802,8801
5604: 5603,5722,5723
6465: 6346,6464,6347,6466,6583,6584
7497: 7498,7615,7380,7614,7496
10026: 9920
7850: 7733,7851,7849,7965,7966,7967
7028: 6791,6910,6909,6911,7029
1709: 1804
10306: 10203
6091: 6209,6210,5972,5973,6090,6092
7633: 7515,7751,7514,7632,7750
6100: 5981,6099,5982,6101,6218,6219
9168: 
6339: 6338,6457,6458,6221,6340
9785: 9677,9786,9784
5971: 5852,5970,5853,5972,6089,6090
9908: 10015,9801
4913: 4797,4914,4796,4912,5030
8675: 8561,8676,8560,8674,8788,8789
7058: 7059,7177,6939,7057,7176
8692: 8805,8691,8578,8577,8693
3877: 
7615: 7497,7498,7616,7614
6087: 6088,6206,6205,5969,5968,6086
9696: 9695
5630: 
6320: 6321,6439,6201,6202,6438
11802: 
10636: 10637
6888: 6770,6769
6709: 6590,6591,6828
8987: 
4917: 5033,5034,4801,4684,4800,4918
9700: 9808
6343: 6342,6461,6224,6225,6462
7486: 7604,7368
4588: 4589,4703,4472,4587
6920: 6802,6801,6921,7039,7038
4298: 4183,4184
10093: 10092
8790: 8903,8789,8676,8677,8791,8904
3891: 13229,3892
6113: 6231,6232
5130: 5248,5247,5013,5012
5367: 5366
9535: 9426
5703: 5704
13272: 8572,8573,8688,8801
6440: 6321,6439,6322,6441,6558
1751: 
6543: 6544,6661,6425,6542
1753: 
7378: 7260,7496,7495
3860: 3861,3974,3859
7858: 7740,7857,7741,7859,7974,7975
6668: 6549,6667,6550,6669,6786
9663: 9662,9555,9554,9664
7957: 7956,13326,7841,8073
5955: 6073,6192,5837,6074,5956
4900: 4899,4783,4784,4901,5017
1762: 1668
8310: 
8442: 8443,8557,8326,8441,8556
7864: 7747,7865,7981,7980
1766: 
1767: 
9034: 9146,8921,9147,9035
5384: 5266,5383,5502,5267
3852: 3851,3965,3853
5242: 5359,5360
5718: 5836,5599,5837
9130: 
9925: 
10313: 10416,10312
1776: 1872
5263: 5264,5146,5262,5145,5380,5381
5131: 
6721: 
3790: 3678,3903
5868: 5987,5986,5750,5869
5398: 5399,5517,5280,5281,5397,5516
4441: 4325,4440,4557
1784: 1879
12107: 
13260: 8492
1787: 1882
7865: 7747,7864,7748,7866,7981
4451: 4336,4452,4335,4450,4566,4567
8432: 8547,8316,8317,8546
8005: 8004,8121,7888,8006
7420: 7419
7187: 7188
8328: 8212,8329,8213,8443,8444
6783: 6901,6664,6665,6902
4786: 4787,4903,4669,4670,4785,4902
5485: 
5021: 4905,4904,5020,5138,5022,5139
1799: 
13291: 3923
4912: 4795,4796,4911,4913,5028
7665: 7547,7548
4094: 4093,4207,4208,3980,3979
1804: 1709
9043: 8931
7855: 7738,7856
8295: 8294
10116: 10221,10115,10117
5156: 5157,5038,5039,5273,5155
11080: 
7402: 7283,7401,7284,7403,7519,7520
6306: 6425,6187,6188,6305
7635: 7517,7634,7636,7753
10104: 9998,10105
6671: 6552,6670,6672,6790
1816: 
5469: 
5108: 
1819: 
9688: 9797,9687,9689
1821: 
7178: 7059,7177,7297
9335: 9225
13269: 
10004: 
5756: 5638,5757,13325,5875
9679: 13282,9788,9680
7277: 7276,7395,7158,7396
13081: 12364
7948: 
4445: 4560,4329,4444,4330,4446,4561
7296: 
5942: 5824,5943,6061
1834: 
7617: 7500,7735
8510: 8625
8213: 8214,8329,8096,8097,8212,8328
6454: 6453,6336,6455,6573
6697: 6816,6815,6578,6696
8270: 12944
6908: 6790,6907,6909,7026,7027
5134: 5251,5133,5017,5135
1843: 
6209: 6091,6210,6208,6090,6327,6328
5935: 6053
4946: 5062,4947
5945: 5827,5946,5944,5826,6064,6065
6194: 6312,6193,6075,6076,6313
5133: 5251,5134,5015,5250,5132
9347: 9457,9348,9237,9456
10304: 
7294: 7293,7412,7413,7175,7176,7295
5374: 5493,5492,5257,5256,5373
7128: 7246
9237: 9126,9238,9347,9348
1856: 1952
5848: 5849,5967,5966,5729,5730,5847
7116: 7115
8773: 8659,8660
11136: 
5869: 5988,5750,5751,5868,5987
13248: 932
1863: 1959,1864
1864: 1863,1961
5268: 5269,5151,5150,5385,5386
9808: 9700,9699
1867: 
6199: 6317,6436,6198,6080,6081,6318
5006: 5123,5005,4889,5007
6885: 
9699: 9808
1872: 1776
8301: 8302,8416
1874: 1971,1875
1875: 1874,1971
4332: 4330,4446,4216,4217,13309,4447
8217: 
1878: 1879,1974
1879: 1784,1878,1976
4424: 4423,4540
5617: 5735,5736,5500,5616,5618
1882: 1787
7268: 7269,7387,7149,7150,7267,7386
1884: 1980,13306
4315: 4431,4200,4201,4316,13262
1886: 1982,1983
4806: 4922,4690,4689,4805,4807
8423: 8424,8538,8307,8537
1889: 
5360: 5359,5479,5242,5361
9221: 9222,9332,9110,9220
1892: 
6233: 6232,6234,6352
8546: 8432,8547,8660
4798: 
8573: 13272,8458,8572,8459,8688,8574
4715: 
3899: 4013,3786,3787,4012
3767: 3656,3768,3655,3766,3879,3880
9238: 9126,9237,9127,9239,9348,9349
6695: 6576,6694,6577,6813,6814
1902: 
7849: 7965,7733,7850
4532: 4531
9788: 9679,13282,9680,9787
9549: 9658,9548
11372: 
4449: 4334,4450,4333,4565
8895: 8896,9008,8781,8782,8894,9007
8320: 8204,8205,8319
9133: 9244,9021,9134
10196: 10091,10092
8430: 8544,8429,8314,8315
3967: 
4191: 4190
9566: 9457,9567,9456,9675
3966: 
4003: 3890,4002,4117,4118
13169: 
4075: 4076,4074,4189
4935: 5051,4819
9778: 9670,9669,9885
7341: 
5938: 
10686: 
10430: 
12038: 11885
8801: 8802,8915,13272,8688,8914
7038: 7039,6920
8740: 
4084: 4197,4085
6894: 
6590: 6709,6471,6589
10301: 10404,10302
11885: 12038
4124: 4237,4238,4009
7504: 7505,7622,7386,7387,7503,7621
5260: 5259,5142,5143,5261,5377,5378
8191: 8306,8307,8192
7958: 7842,7959
9360: 9250,9359,9470
9388: 
4904: 4787,4903,5020,4788,4905,5021
13254: 
7118: 7000
5466: 5347,13266,5465
4987: 4871
6095: 6094,6213,6214,5977,6096
6107: 6225,6226,6106,5988,5989,6108
8441: 8556,8440,8326,8442
4547: 4662,4663,13262,4432,4546
1952: 2050,1856
8685: 8684,8799
6458: 6339,6457,6340,6576,6577
5618: 5619,5737,5500,5501,5617,5736
6453: 6454,6452,6571
5639: 5757,5521,5522
7349: 7230,7231,12929
1959: 13142,1863
5731: 
1961: 2059,1864
13276: 2087
13191: 1966,1965
7292: 7410,7411,7291,7173,7174,7293
1965: 13191
1966: 13191,2064
5278: 5395,5160,5279
8122: 
6101: 6102,5983,6100,5982,6219
8079: 7962,8196
1971: 1874,1875
5887: 
1973: 1974,2071
1974: 2072,2071,1878,1973
7053: 7054,6934,7171,7172
1976: 1879
1977: 
7866: 7748,7867,7865,7983
1979: 1980
1980: 1979,13306,1884
13258: 
1982: 2080,2079,1886,1983
1983: 2081,1886,2080,1982
7271: 7270,7389,7390,7152,7153,7272
6798: 
7853: 7736,7735,7970
3986: 3873,4100
4546: 4545,4661,4431,13262,4662,4547
7947: 8063,8064,7830
1990: 
4944: 4827,4943
8578: 8577,8579,8692,8693
5170: 5169,5287,5053
1994: 
6053: 5935
9540: 9430,13156,9648,9757
5616: 5615,5734,5499,5617,5735
5166: 
8998: 9110,9111
2000: 
7170: 7169,7288,7289
5606: 5607,5488,5489,5605
8240: 8124,8123,8239,8356
13325: 5755,5756,5875
8229: 8344,8112,8113
10598: 10497,10498,13281
6082: 6200,6201,13301,5963,5964,6083
5627: 5628,5510,5509,5626,5746
9011: 
6917: 6799,6918,6916,7035,7036
4237: 4124,4238,4236,4351,4352
5704: 5703
7293: 7294,7412,7174,7175,7292,7411
6585: 6584,6466,6467
8890: 8777
7368: 7250,7486
5142: 5260,5259,5143,5024,5025
4189: 4190,4305,4304,4075,4076
8220: 
3786: 3787,3899
8056: 8172
8980: 
8305: 8189,8421,13287,8306
7896: 7779,7897,8013
10923: 10924,11018
7600: 7482,7599,7483,7718
13320: 13274,13297
5299: 
8110: 8226,7993,7994
6544: 6543,6545
4461: 4345,4460,4462,4576,4577
9119: 9118,9230,9231,9006,9007,9120
7390: 7271,7389,7272,7391,7508
9784: 9675,9783,9785,9891
5951: 5832,5833,5952,5950
8064: 7947,8063
13220: 3078,3185
8197: 8196,8312,8198,8313
9574: 9464,9573,9575,9683
6696: 6697
6468: 6586,6587,6231
6432: 
7963: 7847
10263: 
9159: 
4454: 4453,4339,4338,4455
2047: 
4897: 4898,5014,4781,5013,4896
10075: 
2050: 1952,2051
2051: 2050,2052
2052: 2051
9127: 9128,9239,9014,9015,9126,9238
3765: 3878,3653,3764
2055: 13142,2056
2056: 2055,13142
6308: 6309,6189,6190
9008: 8895,8896,9009,9007,9120
2059: 1961,2060
2060: 2059,2061
2061: 2060
9337: 9227
5745: 5744,5863,5626,5864,5746
2064: 2065,1966
2065: 2064
6805: 6806,6924,6923,6687,6686,6804
2067: 
2068: 
5977: 5858,5859,5978,6095,6096
5175: 5174,5057
2071: 1974,2072,1973
2072: 1974,2071
8212: 8328,8211,8095,8096,8213
2074: 
6813: 6812,6931,6694,6695,6814,6932
6823: 6942,6822
6901: 6783,6900,6902,7019,7020
7995: 7879,7994
2079: 2080,1982,13306
2080: 1982,2079,1983,2081,2179
2081: 1983,2080,2179
2082: 
7391: 7272,7273,7392,7390,7508,7509
8794: 8795,8907
4012: 3899,4013
4440: 4439,4325,4441,4555
2087: 13276
4076: 4075,4190,4189
2089: 
2090: 
10619: 10620,10718,13316
7756: 7874,7755,7639,7638,7757
7627: 7509,7510,7628,7744,7745
7284: 7285,7403,7165,7166,7283,7402
5802: 
5735: 5617,5736,5734,5616,5853,5854
4550: 4551,4665,4549
7171: 7290,7172,7053,7289,7408
8087: 
8786: 8899,8785,8672,8900,8787
7432: 7431,7550
11278: 11368,11277
5493: 5374,5375,5494
5975: 5856,5974,5857,6093,6094
8000: 8001,8117,7884
2106: 2204
5620: 5739,5502,5619
7718: 7602,7600,7835
4097: 4098,4211,4210,3983,3982,4096
7862: 7744,7745,7863,7978,7979
8810: 8924,13285
7970: 7853
6433: 6314,6315,6434,6551,6552
8492: 13277,13260
4179: 
13158: 
6422: 6303,6304,6540
6790: 6908,6671,6672,6791,6909
9671: 9780,9563,9670
7275: 7393,7276,7394
13206: 
8002: 8119,8118,7886,7885,8001
9253: 9142,9252,9363
10738: 
8652: 
10907: 10908
13298: 7513,7514,7397,7396
8991: 9103,8990,9104,13275,8879
8677: 8563,8676,8790
7786: 
4783: 4667,4900,4899,4784
6304: 6305,6185,6186,6303,6422
12427: 13211
6799: 6917,6918,6680,6681,6800
10531: 
2136: 
3859: 3972,3746,3860
4468: 4352,4467,4583,4584
5034: 5033,4917,5035,4918,5151,5152
10022: 
8353: 8237,8352,8238,8468
13027: 1317,1406
7738: 7855,7856,7620,7621,7739
8329: 8214,8330,8213,8328,8445,8444
6359: 6358,6241
13301: 6082,6200,5843,5963,6081,5962
6099: 5981,6100,6098,5980,6218
6938: 6820,6819,6937
3846: 3847
7934: 
13262: 4316,4432,4431,4315,4546,4547
7188: 7070,7187
5031: 5030,4914,4915,5032,5149
5850: 5851,5969,5968,5732,5849
6218: 6336,6337,6219,6100,6099
7183: 
5844: 5845,5963,5726,5843
8192: 8076,8191,8307
4432: 4316,4317,13262,4433,4547
2160: 
5596: 5595,5714,5479
13308: 13241,955
5162: 5280,5045,5044,5279
10084: 10083
4235: 4122,4236,4234
7147: 7029,7148,7265,7266
5152: 5269,5151,5034,5035,5270,5153
5719: 
4226: 4112,4225,4113,4340
10222: 
2171: 2172
2172: 2171
6225: 6107,6226,6106,6224,6343
9368: 9367,9257,9259,9477
11395: 
2176: 
5047: 5046,4930,4931,5048
4206: 4205,4093,4207,4320,4321
2179: 2080,2081
2180: 
6545: 6664,6546,6544
9126: 9237,9238,9014,9127
7877: 7759,7760,7993,7994,7876
2184: 2283
4800: 4799,4916,4682,4684,4917
13140: 11013
2187: 2188
2188: 2187
2189: 2190
2190: 2189
10315: 10418,10316
7285: 7284,7403,7166,7167
6232: 6233,6113
7991: 
4594: 4593
6066: 6184,6185,13233,5948,6067
4569: 
6244: 6243
3783: 
6096: 6097,6215,5977,5978,6095,6214
7149: 7030,7148,7031,7150,7267,7268
6310: 6191,6192,6309
7894: 7777,7776,7893,8010,8011
2204: 2106
4803: 4802,4687,4919,4920
8565: 8450,8451,8680,8679,8566
3851: 3852,3965,3850
13115: 9473
7860: 7742,7859,7743,7976,7977
7059: 7058,7177,7178
5511: 5629,5392,5512,5628,5510
8564: 
6104: 5985,5867,5986,6105,6223
6083: 6084,6202,5964,5965,6082,6201
4238: 4124,4237,4239,4352
8671: 8557,8672,8556,8785
6445: 6326,6444,6327,6446,6563,6564
6229: 
6216: 6098
10235: 
8995: 8883,8994,8882,9107
13214: 2899,2794,2900
9790: 9681,9897
8660: 8659,8773,8546
4583: 4584,4699,4467,4468,4582
3759: 3647,3648,3760,3871
10803: 
10393: 
8654: 8655,8767,8768
5357: 5356,5239,5240,5358,5476
7067: 
8555: 8669,8670
7030: 7148,7149,6911,6912,7029,7031
13237: 2992,2993,3100,3099
9371: 9261,9370
5846: 5847,5965,5727,5728,5845,5964
4681: 4566,4680,4682
8799: 8685,8913
6592: 6591,6474,6593
5972: 5854,5973,5971,5853,6090,6091
9227: 9337
5855: 5856,5974,5736,5737,5854,5973
6939: 7057,7058
5487: 5368,5369,5488,5605
13239: 2354,2455,2355
6892: 6773,6893
5138: 5255,5137,5020,5021,5256,5139
7388: 7269,7387,7270,7389,7505
9542: 9432
2250: 
7159: 7040,7041,7158,7160,7278
4098: 4097,4211,3983,4099,4212
4460: 4461,4459,4576,4575
6826: 6945
5279: 5397,5280,5162,5278
5059: 4943
2257: 2358
4227: 
5373: 5372,5491,5255,5256,5374,5492
5768: 5767
2261: 
4553: 4552,4668,4669,4437,4438
6804: 6803,6922,6685,6686,6805,6923
2264: 
4950: 
5289: 5172,5406,5407
4933: 
5471: 5353,5470,5472
8453: 8454,8568,8337,8338,8452
2270: 2370
5506: 5388,5507,5505
2272: 
2273: 
2274: 
4433: 4318,4317,4432,4549
2276: 
2277: 
13287: 8189,8305,13326,8073,8306
5273: 5272,5155,5156,5390
5173: 5055,5172,5174
7152: 7033,7034,7153,7151,7270,7271
2282: 2283
2283: 2282,2184
6165: 
10616: 10617
2286: 
3870: 3869,3757,3871
2288: 
2289: 
9443: 9442
4898: 5014,4897,5015,4781,4899
2292: 12951
7750: 7868,7633,7751,7867,7632
7779: 7896,7897,7661
8424: 8423,8538,8425
7993: 7877,7994,7876,7992,8110
7494: 7612,7376,7493,7495
4682: 4567,4683,4681,4799,4800
5116: 5117,5234
5702: 
3853: 3854,3852
4573: 4689,4458,4572,4688
3787: 3786,3899
9970: 
5015: 4898,5014,4899,5132,5133
3979: 3980,3866,3978,4093,4094
9135: 9134,9246,9247,9023,9136
11162: 11069
10217: 10320,10321,10113,13283,10218
4313: 4198,4199,4312,4428,13255
8787: 8900,8788,8901,8674,8786
4327: 4443,4558,4212
8650: 
11872: 
2315: 
7884: 7766,7767,7885,8000,8001
9022: 
6177: 6178,6176
7740: 7739,7857,7858,7622,7623,7741
6355: 
8550: 8551,8549,8665,8664
4787: 4786,4903,4904,4670,4671,4788
3972: 3859,13225,4087
7512: 7629,7630,7394,7395,7513
5383: 5266,5501,5502,5265,5384,5382
5281: 5282,5280,5398,5399
4689: 4573,4690,4688,4805,4806
8584: 
7640: 7522,7523,7641,7639,7757,7758
8340: 8455,8341,8224,8225,8339
5601: 5483,5484,5602,5720
7654: 7655,7536
2333: 
6309: 6308,6190,6191,6310
8446: 8447,8561,8330,8331,8445,8560
6425: 6306,6424,6543
7230: 7349,13190,7231
8788: 8787,8901,8674,8675,8789
5051: 4935,4934
7267: 7385,7386,7148,7149,7266,7268
4557: 4672,4441
5380: 5379,5262,5263,5381,5499
6521: 
8096: 8095,8097,7980,8212,8213
5832: 5833,5951,5713,5714,5950
4662: 4779,4663,4547,4778,4661,4546
9110: 8998,9111,9222,9221
4426: 
8092: 
8245: 
8881: 8882
2352: 
3874: 3875,3987,3762
2354: 13239,2355
2355: 2354,13239
6807: 6926,6925,6808,6688,6689,6806
8416: 8530,8301
2358: 2460,2257,2359
2359: 2358,2460
2360: 
2361: 13236
6220: 
6411: 6410,6530
2364: 2365
2365: 2364
4674: 4558,4559,4675
2367: 2468,2368
2368: 2367
6226: 6107,6225,6108
2370: 2270
4566: 4565,4681,4450,4451,4567
2372: 
4321: 4322,4437,4206,4207,4320,4436
4113: 4114,3998,3999,4112,4226
6833: 
2376: 2477
6567: 6448,6449,6566
5402: 5285,5401
9464: 9573,9574,9354,9355,9463
2380: 2481
2381: 
7125: 7126,7124,7243
2383: 
10412: 
9724: 
2386: 2387
2387: 2386,2388
2388: 2389,2490,2387
2389: 2388,2490,13167,2390,2491
2390: 2491,13167,2389
6074: 6075,5956,6192,5955,6193
8097: 7981,7980,8096,8214,8213
5984: 6102,5983,5866,6103,5985
5146: 5028,5264,5263,5145
2395: 2496
6206: 6087,6088,6205,6207,6324,6325
6686: 6568,6687,6685,6804,6805
10608: 10508,10708
9217: 9216,9328
4009: 4124
2401: 13304
7732: 
4247: 4134,4248
7148: 7030,7149,7029,7147,7266,7267
6769: 6770,6888
5838: 5837,5720,5839,5957,5956
8556: 8441,8557,8442,8671
4779: 4662,4663,4778,4896
13222: 6413
8563: 8448,8449,8677
6781: 6780,6899,6900
7868: 7750,7867,7869,7984,7985
13278: 8802,8915
5964: 5845,5963,5846,5965,6082,6083
7257: 7256,7375,7138,7139,7258,7376
4788: 4789,4905,4671,4672,4787,4904
10823: 
9661: 9769,9553,9662
6572: 
7370: 7252,7371,7488
5729: 5611,5730,5728,5847,5848
7980: 7981,8097,7864,8096
7661: 7660,7779
9124: 9235,9123
7875: 7757,7758,7876,7992,7874
5836: 5954,5718,5717,5599,5835
3981: 3868,3980,3982,4096
7553: 
10646: 
5356: 5239,5238,5357,5473
6909: 6791,7028,6908,6790,7027
5494: 5375,5376,5495,5493
2433: 
5501: 5383,5502,5500,5382,5618
8551: 8550,8552,8665,8666
4354: 4239,4240
4224: 4110,4223,4338,4111,4225,4339
8676: 8561,8675,8677,8790,8789
7641: 7523,7640,7524,7758,7759
9045: 
8343: 8344,8458,8459
5406: 5289,5407
9538: 13310
8182: 8298
13313: 13184
9557: 
8785: 8786,8899,8671,8672
8533: 8532,8534,8647,8648
2449: 2450
2450: 2451,2449
2451: 2450,2554
4805: 4921,4688,4689,4806,4922
12044: 
2454: 2557
2455: 13239,2557
3868: 3981,3867,3869,3982
5128: 5127
4670: 4555,4671,4669,4786,4787
13283: 10112,10113,10216,10320,10217
2460: 2358,2359,2562
12855: 
5123: 5006,5005,5122,5240
3777: 3778
6417: 6416,6418,6536
3782: 
7143: 7024,7025,7144,7142,7261,7262
2467: 
2468: 2367,2571
3896: 
5397: 5515,5516,5279,5280,5398
4208: 4094,4207,4322,4323
6706: 6587,13315
6207: 6089,6208,6088,6206,6325,6326
8534: 8533,8648,8649
4420: 
10886: 
2477: 2376,2579
4660: 4545,4661,4777,4429,4776
10021: 
5477: 5358,5359,5476,5595
2481: 2380,2583,2584
5159: 5041,5158,5276,5042,5160
3757: 3645,3646,3756,3870
2484: 2485
2485: 2484
2486: 
10524: 10320,10319,10523,10624
9026: 8913,9025,12823,9138
13286: 10987
2490: 2388,2389,2491,2592
2491: 2390,2389,2490
9471: 9581,9470
13271: 13311,1175
6214: 6095,6213,6096,6215
11098: 11005,11099,11191
2496: 2395,2599
2497: 
8439: 8440,8438
2499: 
5607: 5606,5489,5490,5608
7825: 13207,7942
10015: 10016,9908,10120
5018: 
7398: 7279,7280,7399,7515,7516
7643: 7290,7409,7408,7525,7526,13253
13126: 769
2507: 
8568: 8453,8452,8567,8683
10229: 10125,10124,10332
7036: 7035,7155,6917,6918,7037
5461: 
10281: 10282
10231: 
10076: 
10282: 10281
6434: 6315,6316,6433,6552,6435
6906: 6907,6788,6905,7024,7025
6327: 6326,6445,6208,6209,6328,6446
10117: 10116,10221
10091: 10196,9985,10092
5037: 5038,4920,4921,5036,5154,5155
9584: 9474
8124: 8240,8123
3754: 
9284: 
5135: 5253,5136,5017,5134
5245: 5127,5244
7386: 7267,7385,7268,7387,7503,7504
11922: 
4438: 4322,4437,4323,4439,4553
7721: 7720,7722,7839
6312: 6431,6430,6194,6193,6313
6556: 6674,6675,6555,6437,6438,6557
11085: 10991,11084
5276: 5158,5159,5393
8767: 8654,8768
12255: 13274
5505: 5386,5506
2539: 
3876: 3989,3764,3763,3875
8298: 8182
13226: 
2543: 
7908: 8025
8101: 7984,7985,8100,8102,8218
7000: 7118
5118: 5117
2548: 
10828: 10829,10730,10926
13234: 7254,7253,7371,7489,7490
2551: 
10003: 9897,10108
3764: 3763,3878,3765,3876
2554: 2451,2658
7027: 7026,6908,6909
4763: 
2557: 2454,2455
6575: 6576,6694,6456,6457,6574
2559: 2560
2560: 2559
4701: 4700,4586,4817
2562: 2460
8013: 7896,7897
4558: 4327,4443,4559,4674
2565: 13236,13212
7608: 7490,7491,7607
7164: 7046,7165,7045,7283,7282
5379: 5380,5262,5261,5378
2569: 
4301: 4302
2571: 2779,2468
4092: 3977,3978,4093
8990: 9103,8991,13275,8877,9102,8989
3793: 3792
7387: 7268,7269,7388,7386,7504,7505
2576: 
13267: 5591,5354,5473,5472
2578: 
2579: 2683,2477
5062: 4946,13295,5180
7246: 7365,7128
6247: 
2583: 2584,2481
2584: 2583,2481
2585: 
5012: 5013,4896,5011,5130
6884: 
5150: 5032,5149,5268,5267,5385
5251: 5133,5134,5250,5368,5369
8538: 8423,8424
7876: 7758,7875,7992,7759,7877,7993
2592: 2696,2695,2490
7303: 7304
8112: 8229
2595: 
10390: 10491
6681: 6680,6799,6800
5375: 5376,5494,5257,5258,5493
2599: 2496
7775: 7776,7893,7892
6328: 6446,6447,6209,6210,6327,6329
10123: 10227,10124,10122
7620: 7503,7621,7619,7502,7738
8989: 9102,9101,8876,8877,8990
13221: 
5026: 4910,5027,5025,5143
4116: 4117,4230,4001,4002,4115
3983: 3869,3982,4099,4097,4098
8759: 8645,8873
9442: 9441,9332,9443
7500: 7617,7382,7383,7501
8758: 
4789: 4788,4905,4672,4790
4319: 4320,4204,4205,4318
7723: 7722,7604,7841
8352: 8237,8353,8468,8351,8236
4703: 4588,4587,4819
4911: 4795,4912,4794,4910,5027,5028
9575: 9576,9574,9683,9684
7474: 7473
5982: 5981,6100,5863,5864,6101,5983
8004: 8120,8121,8005,7888,7887
13051: 2815,2921
7042: 7043,7161,7160,6924,6923,7041
7874: 7756,7990,7757,7875
5054: 5053,5055,5172
4487: 
7942: 13207,7825
6301: 6420,6183,6182
7016: 7015,6897,6898,7017
10986: 10987,13244
12973: 
4248: 4247
4663: 4779,4662,4547,4664
9146: 9034,9147,9257
6334: 
5595: 5596,5714,5477,5713
8557: 8443,8558,8442,8671,8672,8556
4882: 
4339: 4454,4224,4338,4225,4340,4455
8316: 8200,8315,8317,8432
6913: 6914,6795,6912,6794,7031,7032
4570: 4455,4571,4685
5740: 5739,5858,5859
7729: 7728,7847,7612,7730
13016: 9373,9263,13246
9261: 9262,9371
7852: 7734,7851,7968
4429: 4543,4428,13255,4545,4660
3982: 3869,3983,3981,3868,4096,4097
4215: 4216,4214,4329,4330
4910: 4794,5026,5027,4911
6574: 6692,6573,6455,6456,6575
8577: 8578,8463,8462,8692,8691
5739: 5620,5740,5857,5858
6205: 6087,6206,6086,6323,6324
5842: 5723,5961
2658: 2554,2762,13302
6580: 6579,6461,6462,6581,6699
9669: 9668,9561,9670,9778
6097: 6096,6215,5978,5979
4318: 4433,4204,4317,4319
8118: 8002,8119,8001,8117,8234
3879: 3766,3767,3880,3993
6930: 
2666: 
2667: 
2668: 13212,2669,2772,2773
2669: 13212,2668,2670,2773,2774
2670: 2669,2774,2775
4878: 4761,4994
2672: 2673
2673: 2672,2779,2778
4684: 4801,13292,4683,4800,4917
6674: 6556,6675,6555,6792
2676: 2780,2781
5120: 5237,5238
9233: 9232,9343,9122,9344
9782: 
4439: 4323,4440,4438,4555
5234: 5116,5117,5351
4325: 4441,4211,4210,4440
2683: 2579,2684,2787
2684: 2683,2685
2685: 2684,2790
5238: 5356,5239,5120,5473,5237
2687: 
5762: 5880
5257: 5256,5139,5140,5374,5375
5631: 5750,5513
2691: 
4672: 4557,4671,4788,4789
2693: 2798
4761: 4878
2695: 2592,2696,2800
2696: 2592,2695
2697: 
2698: 
11637: 11721
9460: 9459,9569,9350,9461,9351
2701: 
4545: 4661,4660,4546,4429,4431,13255
4934: 4817,5051
7462: 
4801: 13292,4684,4802,4685,4917,4918
6322: 6323,6441,6203,6321,6440
13266: 5347,5466,5465
2708: 
4993: 4994
8359: 8475
8782: 8668,8669,8783,8781,8895,8896
4543: 4428,4429,4542,4427,4658
5167: 5049
7716: 7598,7599,7715
6348: 6347,6466,6467,6230
7034: 7033,7152,7153,6915,6916,7035
7619: 7501,7502,7620,7736
4128: 4242,4241,4013,4129
7231: 13190,7113,7349,7230
9761: 
13050: 
7534: 7651,7416,7652
10782: 
5634: 
8575: 8461,8460,8574,8689
13167: 2389,2390
8975: 
4119: 4118,4232
9756: 13310,9648
9229: 9228,9118,9230
6103: 5985,6102,5984,6221,6222
7255: 7254,7137,7256,7374
11084: 11176,10991,11085
8107: 8106,7990,8224,8108
5045: 5162,5044,5046
8331: 8215,8216,8332,8330,8446,8447
7945: 
4668: 4552,4553,4669,4667,4784,4785
6098: 5980,5979,6099,6216
5280: 5162,5281,5397,5279,5398
8771: 8658,8770,8884
9659: 9658
4914: 4797,4913,4915,5030,5031
9680: 9572,9462,9679,9788
2745: 
10606: 10605
6839: 
7867: 7866,7750,7868,7983,7984
7410: 7292,7411,7291,7409,7527
6183: 6065,6182,6184,13233,6301
6919: 6800,6801
2752: 
4797: 4913,4914,4680,4796
5733: 5615,5734,5732,5614,5851,5852
7496: 7614,7613,7495,7378,7497
5483: 5601,5484,5365,5364,5482
6356: 6357,6474,6237
5594: 
4484: 4483,13318,4485
7380: 7261,7262,7497,7498
4576: 4575,4460,4461,4577
2762: 13302,2658
8457: 8341,8571,8458,8572
12995: 
2765: 2766
2766: 2765,2872
4452: 4336,4451,4453,4567,4683
2768: 
7139: 7021,7140,7020,7138,7257,7258
13219: 
2771: 2772,2876
2772: 2771,2877,2668,2773
2773: 2774,2668,2669,2772
2774: 2773,2669,2670,2775
2775: 2670,2774
3965: 3851,3852,4080
2777: 
2778: 13265,2884,2673,2779,2883
2779: 2571,2673,13265,2778
2780: 2781,2886,2676,13265,2885
2781: 2780,2886,2676
5767: 5768
2783: 2888
2784: 
2785: 2890
6450: 
2787: 2893,2683
8879: 8765,13275,8991
4696: 4697,4580,4695,4812
2790: 2895,2685,2791
2791: 2898,2790
13324: 4348,4463,4347,4462
3881: 3882,3995,3768,3769,3880
2794: 13214
5011: 5012
5754: 5635,5753,5755
9028: 12823,9140
2798: 2693,2903
7140: 7021,7139,7141,7022,7258
2800: 2695
4463: 4462,13324,4579
4888: 
7382: 7264,7383,7500
5970: 5852,5971,5851,5969,6088,6089
7400: 7281,7399,7401,7282,7517
9222: 9332,9221,9110,9111,9223
11205: 11112,11113,11206
7262: 7261,7380,7143,7144
9441: 9442,9332
5750: 5631,5751,5868,5869
6773: 6892,6654,6772
6178: 6059,6177
7489: 7488,7371,13234,7490,7607
7389: 7270,7271,7390,7388
2815: 13051
7478: 7361,7479
5005: 5123,5006,4889,5122,5004
13317: 10125,10124
6329: 6330,6448,6210,6211,6328,6447
8336: 8221,8337,8451,8452
11183: 13231
4580: 4579,4695,4465,4696
8537: 8423
4784: 4785,4901,4783,4667,4668,4900
7745: 7863,7627,7628,7744,7862
10498: 10497,10598,10499
3998: 3884,3997,3999,4112,4113
8456: 
5628: 5627,5510,5629,5511,5747
8108: 8224,8225,7992,8107
7041: 7040,7159,6922,6923,7042,7160
8461: 8462,8575,8346,8460
9470: 9360,9471
9007: 8894,9006,8895,9008,9119,9120
7375: 7256,7257,7374,7376,7492,7493
13211: 12427
6914: 6795,6913,6796,6915,7032,7033
3892: 3893,3891
6795: 6914,6913,6677,6794,6796
9554: 9555,9553,9663,9662
8233: 8234,8117
4886: 
5997: 5998,5879
7841: 7842,7723,7957
8666: 8667,8780,8551,8552,8665,8779
6341: 6222,6223,6342,6460
6558: 6557,6676,6439,6440,6559
4567: 4682,4683,4451,4452,4566
7401: 7283,7402,7282,7400,7519
7965: 7849,7850,7966
8900: 8787,8901,8786,8899,9012,9013
7430: 7429,7431,7547,7548
5830: 5711,5712,5829,5948
9456: 9457,9347,9566
4197: 4084,4196
6002: 
4465: 4466,4580
9558: 
8893: 8894,9006,8779,8780,9005
10926: 10829,10828
4654: 
2862: 
9370: 9259,13279,9371
6530: 6411
8929: 13293,8928,9041
5390: 13321,5508,5272,5273
5957: 6075,5956,5838,5839,6076,5958
5522: 5404,5523,5403,5521,5639
3750: 3638,3749,3751,3862,3863
2870: 2977
2871: 
2872: 2979,2766
2873: 
5265: 5266,5383,5264,5382
2875: 3089,13261
2876: 2771,2877,13261,2983
2877: 2772,2876,2983,2984
5008: 5009,5126
4807: 4924,4808,4690,4806
6203: 6084,6202,6085,6321,6322
6559: 6560,6678,6558
5264: 5146,5263,5381,5382,5265
2883: 2778,2884,2989
2884: 13265,2778,2885,2883,2991
2885: 13265,2884,2780,2886,2991,2992
2886: 2780,2781,2885,2992,2993
5027: 4910,5026,4911,5145,5028
2888: 2783,2994
5828: 5827,5946,5709,5829
2890: 2785,2996,2997
5030: 5031,4913,4914
5953: 5834,5835,5952,5954,6071,6072
2893: 2787,2894,2999,3000
2894: 2893,2895,3000
2895: 2790,2894,3002
5879: 5998,5997,5880
4453: 4454,4337,4338,4452
2898: 2791,13299,3003,3004
2899: 13214,13299,2900,3005
2900: 2901,2899,13214
2901: 2900,13041
2902: 2903,13041
2903: 2902,2798,3010
3999: 4000,3886,3998,4113,4114
6443: 6324,6325,6442,6444,6561,6562
4423: 4424
2907: 2908,3013,3014
2908: 2907,3014
6476: 6358,6357
6692: 6574,6573,6691,6810,6811
6589: 6588,6470,6471,6590
10108: 10213,10003
4559: 4560,4444,4443,4558,4674,4675
7490: 7491,7608,7607,13234,7489
13285: 8582,8810
6903: 6902,6785,6904,7021,7022
5141: 
8928: 9041,13293,8927,8929
3875: 3874,3763,3876,3989
6577: 6458,6576,6695
2921: 13051
13229: 3891,3890
7024: 7025,7143,6905,6906,7142,7023
8113: 8114,8229
6228: 6109,6346,6347
5954: 5836,5835,5953,6072,6073
12095: 
7289: 7288,7407,7408,7170,7171
2929: 
5179: 13295,13284
9250: 9138,9251,9360
9136: 9137,9248,9023,9024,9135,9247
13310: 9756,9538,13156,9648
5145: 5262,5027,5028,5146,5263
5824: 5942,5943
8583: 8582,8468,8698
9593: 13046
4770: 
4212: 4098,4211,4327
6694: 6575,6576,6695,6812,6813
7652: 7534,7651,7769
8885: 
4320: 4319,4436,4206,4205,4321
4345: 4461
7050: 7049,7168,7169,6931
4656: 4540,4773
6918: 6799,6917,6800,7036,7037
10394: 
8436: 
13149: 
9198: 
3756: 3645,3757,3644
4000: 3886,3999,4114
10533: 
6555: 6556,6674,6436,6437
10321: 10320,10217
4093: 4094,4207,4092,3979,4206
7527: 7645,7409,7410,7526,7644
13265: 2778,2884,2885,2779,2780
9020: 
8668: 8669,8782,8553,8667,8781
8067: 
2963: 
7173: 7174,7054,7172,7292,7291
6406: 
10083: 10084,9977
5282: 5281,5399,5400
7142: 7023,7141,7024,7143,7260,7261
6192: 6073,6191,5955,6074,6310
5992: 5993,5991
8427: 8541,8428,8311,8312,8426
6802: 6920,6801,6683,6684,6803,6921
4218: 4217,4105,4219,4333,13309
9105: 9216,9104,9215
2975: 
2976: 
2977: 2870,3085
6691: 6690,6692,6573,6810
2979: 2872,3087
3991: 4105,4106
4531: 4532
7278: 7397,7396,7159
2983: 2984,2877,2876
2984: 2983,2877,2985,3092
2985: 2986,3092,2984
2986: 2985,2987,3094
2987: 3094,2986
5237: 5354,5473,5120,5238
2989: 2883
4941: 5057
2991: 3099,3098,2884,2885,2992
2992: 2993,13237,2885,2886,3099,2991
2993: 2992,3100,13237,2886,2994
2994: 2888,2993,3100
3855: 3854
2996: 2997,3104,2890,3103
2997: 2996,3104,3105,2890,2998
2998: 2997,3105
2999: 3000,2893
3000: 2999,2894,2893
4013: 3899,4012,4128
3002: 3109,2895,3003
3003: 3004,2898,3002
3004: 3003,2898,13299,3005,3112
3005: 3113,3112,2899,13299,3004
4214: 4328,4100,4215,4329
6109: 6108,6228,5991
3008: 
11356: 11265
3010: 13322,2903,3117
3011: 13322
5023: 
3013: 2907,3014
3014: 2908,2907,3013
6198: 6317,6199,6079,6080,6316,6197
9865: 9971
6587: 6468,6586,6706,6588
5829: 5948,5711,5828,5830
5467: 
8665: 8778,8779,8664,8550,8551,8666
8317: 8202,8316,8432
8356: 8240
10203: 10306,10098
5158: 5041,5159,5040,5276,5275
3888: 4001
7414: 7531,7297,7416,7532
6420: 6301,6539
5728: 5727,5729,5846,5847
3909: 
7851: 7734,7733,7850,7852,7967,7968
10010: 
5354: 5473,5472,5237,5353,13267
5271: 5270,5153,5272,5154,5388,13321
8409: 
4470: 4586
6565: 6566,6446,6447,6564
7493: 7492,7375,7376,7494
7637: 7519,7636,7638,7520,7754,7755
7427: 7426,7309,7544,7545
6467: 6348,6466,6586,6585
9553: 9554,9661,9662
3850: 3737,3851
3843: 
10008: 9902,9901,10113,10007
6563: 6564,6445,6444,6562
10006: 9899,10112
8222: 8338,8221,8337
6338: 6339,6457,6337,6456,6219
9251: 9250,9140
5358: 5240,5477,5357,5359,5476
9095: 9207
11611: 
7260: 7378,7142,7141,7261
8332: 8216,8331,8333,8447,8448
13156: 9430,9540,13310,9648
7623: 7505,7622,7624,7740,7741
11081: 
7516: 7515,7398,7399,7517,7634
8670: 8555,8669,8783
9023: 8910,9024,9135,9136
4587: 4472,4588,4703
5507: 5506,5389,5508
4236: 4122,4235,4237,4351
8105: 8104,7988,7989,8106
8552: 8553,8551,8666,8667
13020: 
3067: 
5854: 5972,5973,5735,5736,5853,5855
7276: 7394,7395,7277,7275
8770: 8769,8771,8883,8884
9004: 9005
8880: 
5432: 
5755: 13325,5754
3075: 
4340: 4455,4225,4226,4339
3976: 3862,3863,3975
3078: 13220
5641: 5523,5759
3080: 3188
7297: 7298,7416,7178,7414
3082: 
3083: 3192,13136
5974: 5855,5856,5975,5973,6092,6093
3085: 2977,3193,3194
5849: 5848,5967,5730,5850,5968
3087: 3088,2979,3196
3088: 3087,3089,3196,3197
3089: 2875,3088,3197
4328: 4214,4443,4329,4444
7989: 7990,7872,7988,8105,8106
3092: 2985,3202,2984
6560: 6559,6441,6442,6561
3094: 2987,2986,3202
6672: 6554,6673,6671,6790,6791
3871: 3759,3870
7977: 7978,8094,7860,7976,8093
3098: 3099,2991,3206
3099: 2991,3098,2992,13237
3100: 2993,13237,2994
6210: 6091,6209,6092,6211,6328,6329
7974: 7973,8090,8091,7857,7858,7975
3103: 2996,3104,3211
3104: 2996,2997,3105,3103,3212
3105: 2997,3104,2998,3212,3213
4207: 4093,4094,4208,4206,4321,4322
8524: 8639
3971: 
3109: 3002,3217
10832: 
5232: 5349
3112: 3005,3113,3004,3220,3221
3113: 3005,3112,3114,3221
3114: 3113
7599: 7600,7482,7598,7716
3116: 3117,3225
3117: 3116,3010,13322,3225
5053: 5054,5170
7175: 7056,7057,7176,7174,7293,7294
3894: 13256,4007,3893
6673: 6554,6672,6792,6791,6910
7282: 7283,7401,7164,7281,7400
7258: 7376,7139,7140,7257
3124: 
8793: 
5032: 5149,5150,4915,4916,5031
10111: 10112
13190: 7113,7230,7231
13296: 
7163: 
3131: 3239
9112: 9111,9223,9113
4241: 4242,4128,4240
7013: 7132,6895,7131
3135: 3136,3243,3244
3136: 3135,3244,3245
7971: 
7396: 7278,7395,7277,7513,13298
9212: 
5626: 5625,5627,5509,5745
9147: 9035,9148,9034,9146
10909: 10910,10811,10908
7158: 7040,7159,7039,7277
6600: 6718
11391: 
9115: 
8883: 8995,8884,8770,8769,8882
5502: 5383,5501,5384,5619,5620
8072: 7955,13319,8189
10317: 10316,10419,10318
12771: 
8807: 8693,8921,8808
5382: 5381,5500,5264,5383,5501,5265
3878: 3766,3765,3764
4683: 4567,4682,4452,4684
12108: 
10806: 10708
7978: 7977,8094,7862,7979
5490: 5372,5491,5371,5489,5607,5608
9793: 9901
9883: 9989,9775
8238: 8237,8353,8121,8239
6811: 6810,6692,6812
9976: 9870,9977
4139: 
6591: 6592,6709
6352: 6471,6233,6234,6470
8777: 8778,8664,8890
9363: 9473,9252,9253
5516: 5397,5515,5398,5517,5633
4896: 5013,5012,4779,4897
4809: 4925,4693,4808
8680: 8565,8679,8566
6015: 
7488: 7489,7371,7370
8237: 8352,8353,8238,8120,8121,8236
8458: 8572,8573,8457,8343,8459
8588: 8589
3179: 
6319: 
3774: 3662,3773,3663,3886
6483: 
4520: 
8451: 8450,8565,8335,8336,8566
3185: 13220,3294
3186: 
10630: 10730
3188: 3080
6092: 6093,6211,5973,5974,6091,6210
3190: 3300,13136
5515: 5397,5516,5633
3192: 3193,3083
3193: 3192,3085,3194
3194: 3304,3085,3193
4450: 4334,4335,4449,4451,4565,4566
3196: 3306,3305,3088,3087,3197
3197: 3307,3088,3089,3196
5122: 5004,5123,5005,5239,5240
7985: 7984,8101,7868,7869,7986,8102
13327: 255,204
4822: 4939
3202: 3092,3094,13252
5258: 5140,5259,5375,5376
5446: 
3205: 3315
3206: 3315,3098,3316
6451: 6333,6452,6332,6569,6570
3208: 
4085: 4084,4198,4086
4534: 4533,4649
3211: 3320,3103
3212: 3104,3105,3213
3213: 3214,3323,3105,3212
3214: 3323,3324,3213,3215
3215: 3325,3214,3324
4448: 
3217: 3327,3109
7261: 7262,7380,7142,7143,7260
3219: 3220,3329,3328
3220: 3219,3329,3112,3221
3221: 3331,3113,3112,3220
4589: 4588
8572: 13272,8458,8573,8457,8571
3224: 
3225: 3334,3335,3117,3116
6442: 6324,6443,6323,6441,6560,6561
5270: 5271,5153,5269,5152,5388
13256: 3894,4007,4122
3229: 3339
7761: 7879,7526,7644,13253,7760
3231: 3340
9256: 9366,9255,9367,9257
3987: 3874
3234: 
8454: 8453,8338,8455
4334: 4335,4449,4450,4220,4219,4333
6357: 6356,6239,6358,6476
8030: 
3239: 3349,3131
6336: 6337,6455,6218,6454
3241: 
6808: 6807,6926,6689,6690,6927
3243: 3135,3244
3244: 3245,3135,3136,3243
3245: 3244,3136
7021: 7139,7140,6903,6902,7020,7022
7376: 7258,7257,7375,7493,7494
3248: 
10704: 10605,10703,10802
8574: 8459,8460,8688,8689,8573,8575
7728: 7729,7727
8899: 8786,8785,8900,9012
10491: 10390
8931: 9043
4220: 4106,4219,4221,4334,4335
13305: 11011
8215: 8216,8331,8099,8214,8330
10383: 
10917: 11011
6581: 6699,6700,6462,6463,6580
6430: 6431,6312,6548,6549
8452: 8566,8567,8336,8337,8453,8568
13319: 7956,13326,7955,8072,8189
9013: 9014,8900,8901,9012
6924: 6805,6806,6923,6925,7042,7043
10276: 
7270: 7271,7389,7151,7152,7269,7388
4002: 4003,4001,4117,4116
8311: 8196,8312,8426,8427
9140: 9252,9028,12823,9251
6921: 6803,6922,6802,6920,7039,7040
5638: 5756,5521
5978: 5859,5860,5977,6096,6097
9993: 9992,9887
7769: 7886,7651,7652,7887
9103: 8991,8990,9104,9102
9658: 9549,9659
10122: 10016,10123,10227
7416: 7297,7298,7414,7534
7015: 7016,7133,6897
4695: 4579,4580,4696,4812
3886: 4000,3999,3773,3774
4579: 4580,4695,4463
7172: 7290,7171,7053,7054,7173,7291
7744: 7743,7862,7627,7745
5035: 5036,4919,4918,5034,5152,5153
4205: 4206,4204,4320,4319
3288: 3398
3957: 3958
4302: 4303,4301
5841: 
6316: 6315,6434,6197,6317,6198,6435
7626: 
3294: 3185
6539: 6420,6540
3296: 
7742: 7741,7859,7860,7624,7625,7743
3901: 4015
9971: 9865
3300: 3190,3411
13323: 9142
7045: 7046,7164,6926,6927,7044
5287: 5169,5170,5404
3304: 3194,3305
3305: 3196,3306,3304,3416
3306: 3196,3305,3416,3417
3307: 3197
3308: 
3309: 
7548: 7547,7665,7430,7431
3311: 13252,3421,3422
3312: 13252
3313: 
3314: 3315,3424,3425
3315: 3205,3314,3206,3316,3425,3426
3316: 3315,3206,3426,3427
9354: 9464,9243,9244,9355,9463,9353
3318: 
7115: 7116,7234
3320: 3211,3430
10734: 
13218: 10721
3323: 3214,3324,3213,3434
3324: 3214,3323,3215,3325,3434,3435
3325: 3215,3326,3324,3435
3326: 3325,3327,3437
3327: 3217,3328,3326,3437
3328: 3327,3219,3329,3439
3329: 3219,3220,3328,3439
7625: 7624,7508,7742,7743
3331: 3221
3332: 
3333: 3334,3443,3444
3334: 3225,3335,3333,3444
3335: 3225,3334,3446
6925: 6807,6926,6806,6924,7043,7044
3337: 3447
4647: 
3339: 3340,3229
3340: 3231,3339
6562: 6561,6443,6444,6563
3342: 
5285: 5402,5403
4658: 4542,4543,4657
6346: 6465,6464,6228,6347
10520: 10418,10419,10620
5349: 5468,5232
6927: 6928,6926,6808,7046,7045
3349: 3239
9786: 9677,9785,13282,9894
5609: 5608,5726,5727,5491,5492
10036: 13314
8797: 
4125: 
10001: 9787,9894
3356: 
7123: 7124
7781: 
5730: 5611,5729,5848,5849
11347: 
7483: 7365,7366,7600,7482
9899: 10006
8567: 8452,8566,8568
6201: 6082,6200,6083,6202,6320
7166: 7047,7048,7167,7165,7284,7285
13289: 7532,7649,7413,7531,7530
4899: 4900,4783,4898,5015
8470: 
13244: 10987,10986
7295: 7531,7176,7177,7294,7413
10792: 10889
10726: 
9263: 9373,9264,13016,13246
8544: 8429,8430,8658,8659
4359: 4358
8339: 8224,8455,8340
9118: 9119,9230,9005,9006,9229
5591: 13267,5709
8440: 8325,8439,8441
5017: 4901,4900,5134,5135
8926: 8927
6942: 6823,7061
7837: 7720,7953
3384: 
13184: 13313
4804: 
4200: 13225,4087,4199,4201,4315
11016: 
3389: 
12049: 
6261: 
6557: 6558,6676,6438,6439,6556,6675
7532: 13289,7649,7414,7531,7650
3866: 3980,3979,3865
5694: 5813
4542: 4427,4541,4543,4657,4658
7046: 7164,7165,7045,6928,6927,7047
3398: 3510,3288
8363: 
3400: 3511,3512
5036: 5035,4919,5037,4920,5153,5154
3402: 3403
3403: 3515,3402
3893: 3892,3894,4007
5361: 5360,5479
9559: 
3407: 
3992: 
4183: 4184,4298
10998: 
3411: 3522,3300
3980: 3866,3979,3981,4094
5057: 5175,5174,4941
4817: 4934,4701,4700
3415: 
3416: 3417,3527,3306,3305
3417: 3416,3306,3529
5524: 
4577: 4693,4461,4462,4576
6542: 6541,6660,6424,6543,6661
3421: 3422,3532,3311
3422: 3421,3311
3423: 
3424: 3314,3425
3425: 3426,3537,3314,3315,3424
3426: 3425,3537,3315,3316,3427
3427: 3539,3316,3426
3428: 
3867: 3868
3430: 3542,3320,3541
3431: 3432
3432: 3544,3431
3433: 
3434: 3545,3546,3323,3324,3435
3435: 3324,3325,3434,3546
5126: 5008,5009,5127,5244
3437: 3326,3327,3548
4776: 4660,4777,4893
3439: 3328,3329
3440: 
6213: 6094,6095,6214,6212,6331
3442: 3554
3443: 3554,3555,3333,3444
3444: 3556,3333,3334,3443,3555
3445: 
3446: 3447,3335
3447: 3446,3337,3559
8090: 7973,7974,8091,8089
7618: 
4564: 
4561: 4562,4677,4560,4445,4446,4676
6215: 6096,6097,6214,6333
5944: 5826,5943,5945,6064
7298: 7297,7416,7299
7514: 7631,13298,7515,7633,7632
6089: 6208,6207,6090,5971,5970,6088
10651: 
3458: 3569
9426: 9535
5163: 
9041: 8928,8929
7134: 
10813: 10910
3464: 3576
8455: 8340,8339,8454
13216: 10309
5720: 5838,5601,5602,5839,5721
5391: 5392,5510,5509
10499: 10498
8689: 8688,8574,8575,8802
4194: 4195,4080
10829: 10730,10828,10926
9449: 9450
11484: 
5248: 5247,5130
8123: 8006,8240,8124,8239
4991: 
6093: 6092,6211,6212,5974,5975,6094
8460: 8459,8574,8344,8575,8461
7023: 7142,7141,7022,6904,6905,7024
9005: 9004,8893,9006,9118
8128: 8011
8084: 7967,8083,7968,8085,8200
10645: 
7131: 7013,7132,7250
9420: 
13328: 10979
9393: 
6237: 6356
6436: 6317,6199,6437,6318,6555
7266: 7265,7384,7147,7148,7267,7385
12823: 9028,9027,9026,9140
8921: 8807,8808,9034
4793: 
5603: 5602,5604,5721,5722
5712: 5593,5713,5711,5830
6889: 
6564: 6563,6445,6446,6565
10444: 
5479: 5360,5361,5596
7944: 8061
7648: 
5143: 5260,5142,5025,5026,5261
5468: 5349
6064: 6181,5944,5945,6065,6182
7630: 7512,7513,7631,7747,7748
5387: 
5401: 5400,5402
3766: 3655,3878,3767,3879
3510: 3398,3511
3511: 3400,3512,3510
3512: 3400,3511
4575: 4576,4459,4460,4690
6460: 6342,6461,6341,6579
3515: 3403,3516
3516: 3515,3517
3517: 3516
9246: 9134,9135,9247
10408: 
3520: 
4330: 4446,4332,4215,4216,4329,4445
3522: 3411,3632,3633
3735: 3847,3848
6182: 6183,6065,6181,6064,6301
3525: 3526
3526: 3525,3527,3637
3527: 3416,3526,3637,3638
3528: 
3529: 3417,3640
3530: 
3531: 3532,3641,3642
3532: 3421,3531,3642
3978: 3864,3977,4092,3979,3865
8984: 9097
4562: 4677,4561,4446,4447
5038: 5037,4921,4922,5039,5155,5156
3537: 3425,3426,3647,3648
5266: 5383,5265,5384,5149,5267
3539: 3427,3540,3649,3650
3540: 3541,3539,3650
3541: 3540,3430,3542,3652
3542: 3430,3653,3541,3652
3543: 
3544: 3432,3545,3655
3545: 3434,3546,3544,3655,3656
3546: 3434,3545,3435,3656,13264
3547: 
3548: 3437,3657,3658
3549: 
3550: 3660
3551: 3552,3662
3552: 3551,3662,3663
8906: 9019,8907
3554: 3443,3555,3442
3555: 3443,3554,3444,3556,3666
3556: 3444,3555,3666,3667
5692: 
6059: 6178
3559: 3447
9569: 9459,9460,9677
3561: 
6055: 
3563: 3673
3737: 3850
3565: 
3566: 13250
10703: 10802,10704
10309: 10310,13216,10206,10205
3569: 3458
7419: 7420,7536
4115: 4228,4001,4116
10227: 10123,10122,10330
3573: 13100
7573: 
13293: 8701,8928,8929
3576: 3464
3772: 3660,3771,3773,3884
3578: 
8438: 8553,8439
5484: 5483,5601,5365,5366,5602
4540: 4656,4424
7777: 7894,7660,7776
7758: 7757,7875,7876,7640,7641,7759
3861: 3860,3974,3749,3862,3975
3585: 
5960: 
7530: 7529,7647,7412,7413,13289
12904: 6725
3589: 
7983: 8099,8100,7867,7866,7984
11192: 11099,11100,11191,11193
8903: 8790,8789,8904,8902
6349: 
7487: 
3595: 
5359: 5360,5242,5358,5477
9219: 9220,9330,9107
7511: 7510,7628,7393,7394,7629
7413: 7294,7412,7295,7531,7530,13289
7080: 
10097: 
7547: 7548,7665,7430,7429
7835: 7718
3604: 
8314: 8198,8313,8315,8429,8430
8795: 8794,8796,8909
7521: 7639,7638,7520,7403,7522
7137: 7019,7138,7018,7255,7256
5725: 
3610: 
4918: 5035,4919,4801,4802,5034,4917
9243: 9131,9244,9353,9354
6549: 6548,6667,6668,6431,6430,6550
13292: 4801,4684,4685
5377: 5378,5260,5259,5376,5495
4795: 4796,4912,4911,4794
9492: 
5180: 13295,13284,5062
7754: 7871,7872,7753,7636,7637,7755
3620: 
7411: 7292,7410,7293,7412,7529
6907: 6788,6906,6908,7025,7026
4015: 3901,4129,4130
5400: 5401,5282,5399
8346: 8347,8462,8461,8463
3626: 
7520: 7521,7638,7402,7403,7519,7637
4552: 4553,4668,4436,4437,4551,4667
3629: 3630
3630: 3629
3873: 3986,3761,3760
3632: 3633,3744,3522
3633: 3632,3744,3522,3634
3634: 3635,3746,3633
3635: 3634,3746
4243: 4129,4130,4242
3637: 3526,3527,3638,3749
3638: 3750,3749,3527,3637
7369: 
3640: 3751,3529
3641: 3642,3531
3642: 3641,3531,3532
3643: 
3644: 3645,3756
3645: 3646,3756,3757,3644
3646: 3645,3757,3647
3647: 3759,3648,3537,3646
3648: 3647,3759,3537,3649,3760
3649: 3761,3760,3539,3648,3650
3650: 3762,3539,3540,3761,3649
7760: 7759,7877,13253,7761
3652: 3541,3542
3653: 3542,3765
4688: 4572,4687,4573,4689,4805
3655: 3766,3544,3545,3656,3767
3656: 3767,3768,3545,3546,3655,13264
3657: 3770,3769,13264,3548,3658
3658: 13312,3548,3657
9207: 9095
3660: 3772,13312,3550,3661
3661: 3660
3662: 3773,3774,3551,3552,3663
3663: 3552,3662,3774
4204: 4205,4318,4319
3770: 3657,3769,3771,13312,3882
3666: 3667,3555,3556
3667: 3666,3556
4352: 4467,4468,4237,4238,4351
4305: 4190,4189,4304
3670: 
3671: 
9662: 9663,9553,9554,9661
3673: 3563
5660: 
6583: 6701,6465,6464,6584
7966: 7965,7850,7967,8083
3677: 
3678: 3790
6566: 6565,6447,6448,6567
6102: 6101,5984,5983,6103,6221
3681: 
10901: 10900
5112: 
6677: 6676,13300,6678,6795,6796
10404: 10301,10302,10405
3686: 
13250: 3566
8449: 8448,8563,8333,8334,8450
8219: 8335,8334,8102,8218
5711: 5593,5712,5829,5830
9006: 8893,8894,9007,9005,9118,9119
7274: 7393,7155,7273,7392
5983: 6101,6102,5984,5864,5982
3694: 
13274: 13297,13320,12255
13297: 13274,13320
10419: 10316,10317,10418,10520
6333: 6451,6215,6332
9012: 8899,8900,9013
9992: 9993,9885,9991
8915: 8802,8801,13278,9027
6912: 6793,6911,6794,6913,7030,7031
7169: 7050,7168,7170,7287,7288
4110: 4224,4223,3995,3996,4109,4111
4565: 4566,4680,4449,4450
12172: 
8882: 8881,8994,8768,8769,8883,8995
9024: 9025,9023,9136,9137
5839: 5840,5721,5838,5720,5957,5958
4358: 4359
3862: 3863,3975,3976,3750,3749,3861
6785: 6786,6904,6667,6903
8214: 8329,8330,8213,8097,8215
4437: 4321,4322,4438,4436,4552,4553
10987: 10986,13286,13244
8063: 7947,8064
7766: 7767,7884,7649,7765
4491: 
4322: 4321,4437,4438,4207,4208,4323
9231: 9119,9230,9120,9232,9342
7265: 7384,7383,7266,7147,7264
4129: 4130,4243,4015,4242,4128
3723: 3835
6579: 6580,6578,6461,6460
4228: 4115
5635: 5753,5754,5517
9247: 9135,9246,9136,9248
8010: 7893,7894,8011