9266: 9877,9718,9454,9602,9523,9348
9886: 9413,9312,9426,9832,9694,9702
9339: 9804,9440,3777,9337,4891,4893
9882: 9895,9245,9840,9745,9474,3991
9378: 9277,9420,9545,9640,9292,9456
9556: 9571,9982,9317,9297,9629,10005
6507: 7152
3486: 9940,9865,9974,3786,9837,9487
4811: 5138,9503,4603,3210,4719,9454
3874: 9384,4485,9575,3471,9506,5870
5975: 6731,5876,9379,9588,9805,9355
8475: 
9376: 8033,9426,9484,9346,7719,9413
10012: 10009,6967,10031,9768,9714,9880
9954: 9451,9730,3491,9474,3991
9562: 3903,9784,9409,5138,9429,9249
1556: 9495,9530,9554,1225
9482: 9574,9352,10017
10017: 9871,9985,9574,9482,9808
10007: 8970
9833: 9783,9687,9953
10011: 9878,9576,9891,9925,9932,10036
9394: 9533,9410,4169,5754,9608,9455
2280: 2189
9092: 10014
9962: 2699,9663,9879,9439,10026
7010: 7014,9499,9465,9289,9534,9993
9690: 9944,9763,10034,6155,9695,6249
9354: 9465,9402,9310,9550,9458,9499
4218: 2540,3907,9269
30: 
9774: 9899,9425,9669,9874,9986,9747
9768: 6009,9714,9898,9684,10031,10012
9848: 5475,9884,5070,5466,9710,10019
9958: 9818,9865,9380,9746,9757,9298
7009: 7014,6930,6916,7292,9436,7641
9294: 9703,9523,10025,9503,9454,9480
9663: 2778,9758,9918,9879,2699,9962
9392: 4937,6018,9483,9269,4004,9633
8694: 9919,6665,9930,6385,9260,9623
40: 
6085: 6280,9860,9512,9406,5478
9533: 9410,9394,4169,4347,2968,9311
9362: 9398,9476,9529,9377,9244,10042
9782: 9460,9446,9537,9338,9907,217
9265: 9909,9549,9968,5051,9305,9901
9317: 8770,9297,7901,8296,9982,9556
9588: 9379,9593,5975,9355,9622,9252
6884: 
7345: 7080
2600: 9247,9295,2685,9669,2585,9758
9633: 9459,9670,9392,9483,4004,9280
9280: 4322,4004,4719,9633,9670,9602,9877
7176: 
9645: 9335,9813,2649,9717,9709
9295: 9427,9247,2600,9528,9758,9918
56: 
1740: 
4322: 4004,4719,9280,6018,9357,3210
9469: 9908,9847,9309,9801,9417,9494
9935: 2540,9328,2928,9955,9814,3121
9945: 9821,9719,9826
9779: 9977,9880,9627,9753,5408,10031
9914: 9847,9685,9341,10016,9896
9851: 687,492
9943: 9650,9920,9638,9529,9647,9435
4893: 5202,4697,9339,9553,9337,4891
8150: 9692,9750,9336,9356,9592,8309
5475: 9848,9884,5070,9364,5754,9261
9855: 6695
9566: 9324,9431,9428,9611,9445,9315
9829: 9655,9707,9760,9270,9736,9798
9434: 9447,9373,9711
73: 336
9709: 9761,9246,9645,9335,9717,9700
4891: 9432,9475,9339,3777,4697,4893
9519: 9594,9340,10030,9285
9928: 9390,9484,9486,10024,9729,9733
9325: 9398,9476,10033,9364,9463,9261
9854: 9926,9767,9787,9691,9800,9889
9508: 9561,9643,9301,7360,9310
10023: 9965,9542,9579,9327,9671,9970
9398: 9325,9476,9362,10033,9659,9244
9765: 3743,9677
9699: 9883,9791,9950,9329,9775,9345
9629: 9600,9894,9297,9556,9960,10005
9415: 9251,9283,9637,9737,2492
9510: 9862,9822,9997,9286,9675,10010
9814: 9922,9955,9897,9328,9935,9825
5640: 
7355: 
9691: 9450,9545,9800,9889,9854,9292
9922: 9955,9814,9876,9766,9921,9897
9853: 9746,9657,9698,9441,9804,9440
9617: 9795,10029,9938,8513,7988,7581
7318: 9284,7899,9649,7581,8991,7565,9081
9880: 9977,9517,9779,10031,10009,10012
9698: 9853,9657,9883,9969,9807,9440
9787: 9438,9892,9854,9767,9634,9800
3321: 9704,3712,3722,3715,9957,9790
9931: 9891,9949,9888
9738: 6849,9764,9835,9754,9846,5400
8710: 8225,9752,8296,7988,9982,10003
9907: 9273,9589,217,9326,9793,9338,9782
9754: 9885,9303,9835,9852,9738,9846
9819: 359,1950,9748,9972,9399,9500
9857: 8309,9340,10030,7992,9752,9762
9565: 9329,9487,9775,9806,9515,9416
9918: 9663,9758,9295,9528,9879,9414
9788: 9933,3786,9547,9321,10002,9940
8225: 7992,9752,8710,9448,7988
9426: 9376,8033,9413,9886,9702,9836
9722: 9720,9708,9335,9813,9296,9715
5400: 9846,5403,6849,9738,5408,9627
3982: 2333,4083,9259,3504,4498,6508
9761: 9709,9246,9700,6018,9342,9357
9852: 9835,9915,9593,9622,9303,9754
9456: 9828,9984,9545,9277,9378,9686
9858: 9827,9996,9811,9794
6682: 7417,9952,9466,9714,9525,6967
9724: 9309,9601,9860,9696,9764,9801
10010: 10001,9810,9510,9822,9675
9609: 9579,9327,9572,9582,9591,4139,9555
9729: 9472,10024,7617,9705,9928,9486
9405: 9612,9551,9257,9682,9949,9748
9878: 9255,9576,10011,9972,9925,9500
4485: 9384,3874,3471,3983,3284,9475
127: 
9514: 9388,9321,9812,9743,9264,9488
9964: 9776,6349,9873,9872,5564,5466
9713: 3722,9520,9516,9990,9957
9838: 9994,9870,9866,10000,9689
9899: 9374,9665,9332,9425,9774,9874
9982: 9571,10003,9556,8296,8710,9317
4463: 5256,4255,5064,4146,4155,4569
2333: 3982,4083,9259,9430,3701,9366
1729: 
9245: 9882,9895,3991,9552,9980,9363
9467: 7811,6460,6071,9478,9290,9477
9974: 9869,9806,9933,3786,9487,3486
9868: 4941
141: 
9884: 9848,5475,9667,9603,9261,10019
9572: 9597,9986,9582,9630,9609,9327
5564: 9872,9455,9578,5466,5070,9964
1793: 9869,9806,10040,9626
3119: 3121,4525,9913,9304,2928
3540: 3345
9431: 9324,9566,9288,9464,9315,9300
9619: 9595,9605,2580,4169,9608,9463
5870: 5478,9506,9433,6348,3874,9575,6280
3121: 3119,4525,2928,2540,9935
9407: 9438,9892,8867,9661,9563,9019
10033: 9398,9325,9595,9659,9532,9463
9401: 9726,4486,6508,9668,9911,9979
9441: 9248,9298,9746,9853,9804,9590
156: 
9708: 9720,9722,1553,9903,9902,2721,9715
9644: 5202,4697,9911,9341,9896,10020
9382: 2133,9399,9500,9255,2305,9637
9246: 9761,9709,9335,9296,9443,9342
9985: 10017,9871,9632,9808,9755,10018
9957: 3715,10041,9990,9713,10038,3321
8921: 
10002: 9388,9321,9788,9818,9940,9316
9606: 9905,9635,9780,9267,927,9389
9692: 8150,9750,9893,9336,9786,9293
2858: 
1225: 9624,9491,9554,9495,2733,1556,1553
9983: 8346
7934: 9683,9842
9485: 9697,9585,9333,9924,9759,9796
9324: 9566,9431,9428,9473,9527,9464
9319: 9585,9333,9624,9720,9813,2649
9446: 9263,9460,9782,9537,9803,9461
10005: 9960,9664,9824,9571,9556,9629
2194: 
9413: 9312,9886,9733,9484,9376,9426
9843: 9281,9770,9934,9856,9586
9523: 9703,9294,9454,9266,9348
9736: 9823,9769,9798,9821,9270,9829
9648: 9849,9666,9701,9518,6204,9400
9751: 9877,9718,9670,9959,9721
3504: 9254,4293,4498,9481,3982,4083
9601: 9724,9309,9511,9575,6280,9860
9253: 9274,9631,9977,9517,9636,9299
9581: 9492,9881,9653,9844
9596: 9971,8631,9639,5792,9368,9497
9259: 2333,3982,9366,9553,4486,6508
9895: 9882,9245,9840,9635,9780,9363
8264: 
9367: 9539,9311,9410,9490,4950,9578
9258: 9538,9573,9412,9513,9723,9498
9299: 8631,6385,9639,9636,9274,9253
9893: 9437,9336,9786,9692
9433: 5478,9506,5870,6348,9313,9330,9502
1950: 359,9819,9748,9281,1592,874
9450: 9545,9691,9800,9976,9739,9828
9741: 
9881: 9581,9492,9653,9716,9995
9700: 3907,4937,6018,9717,9761,9709
9650: 9773,9943,9920,9647,6731,9805
4941: 9868
9669: 2685,9874,9774,2600,2585,9747
9369: 9626,9706,9580,9946,9323,9991
9976: 9625,9634,9641,9450,9800,9739
9385: 9345,9288,9791,9370,9300,9900
9662: 9822,9611,9997,2609,9742,9428
1594: 
2778: 9663,9758,9361,2585,2699,2509
9870: 9994,9838,9693,9947
9815: 10041,9990,9771,3517
9586: 9956,9856,9281,9843,9674,1592
6071: 9458,9478,5882,9550,6460,9467
10000: 9462,9797,9689,9994,9838,9422
7080: 7345
9849: 9648,9666,9979,9726,9701,9861
217: 9273,9907,9460,10040,9782
9941: 9901,9792,10035,9992,9658,9873
9908: 9847,9469,9685,9278,9309,9511
9920: 9650,9773,9943,9529,9839,10042
9569: 9825,9262,9328,9734
9544: 9386,9952,10022,9735,9359,9712
7901: 8770,9317,9297,9081,8990,8885
9529: 9638,9377,9362,10042,9943,9920
7292: 9346,7719,9436,7009,8333,7641
9656: 9537,9781,9769,9728,9338
9681: 9653,9739,9828,9984,9844
9887: 9599,9799,9646,9866,10027,9689
7965: 9568,8046,9423,7719,8333,8033
8904: 
9716: 9653,9864,9381,9995,9881
9470: 9902,9358,2721,9365,9577,9557
9515: 9416,9272,9706,9806,9565
5064: 4347,5256,4463,4255,4057,4771
9677: 3743,9765
9769: 9823,9736,9798,9728,9656,9781
9462: 9797,10000,9442,9422,9489,9256
9261: 9603,9364,9325,9476,5475,9884
9248: 9298,9430,9536,9441,9268,9590
9970: 9671,9862,9845,9579,10023,9351
9965: 10023,9542,9742,2509,9671
9667: 9839,9603,9884,10019,9561,9301
9461: 9393,9642,9496,9803,9263,9446
9593: 9379,5775,9588,9852,9915,9622
8391: 
9373: 9434,9447,9711,9452,9678,9998
9723: 9513,9258,9412
9570: 9370,9330,3284,9900,9506,3471
9594: 9519,9750,9293,9340
9637: 9372,2305,9255,9382,9251,9415
2305: 9372,9371,9637,9382,2133,9421
9971: 8631,6385,9596,9368,10043,9930
9575: 9384,3874,5870,6280,9601,9511
9830: 9719,9826,9956,9674,9276
9445: 9287,9315,9322,9611,9566,10001
9673: 9811,9863,9794,9672
9612: 9551,9405,10004,9770,9257
9516: 9771,9990,9713,9520
10035: 9941,9901,9992,9471,9305,9867
7899: 9284,7318,7570,9079,7565
9406: 6085,9512,9540,9967,5775
9824: 9664,10005,9571,10039,9727
10006: 9975,9792,9992,9725,9817
9822: 9662,9611,9997,9510,10001,10010
10031: 9753,9768,9684,9880,9779,10012
9917: 9386,9353,9712,9988,9334,9592
2391: 2580,4057,2968,3860,3166,9541
9832: 9694,9886,9981,9702
9257: 9281,9770,9612,9405,9748
9296: 9279,9443,9715,9722,9335,9246
9237: 7570,9079,8496,9640,9420,9307
9582: 9572,9597,10032,9375,9591,9609
9874: 2685,9737,9669,9665,9899,9774
274: 
9791: 9883,9699,9345,9385,9900,9807
2476: 
9418: 9621,9912,9424,9772
9486: 9390,9928,9289,9534,9705,9729
8046: 9568,7965,8333,7383,8867,7723
2609: 2699,9742,9527,9662
9592: 9356,9334,9353,9917,9336,8150
2585: 9361,9747,9669,2600,2778,9758
3471: 4485,3874,9570,3983,3284,9506
9969: 3983,3284,9807,9698,9440,3777
9546: 9749,9827,9610,9560,9564,9567
9909: 9265,9549,9404,9755,4950,5051
9793: 3491,2806,9338,9383,9907,9326
9481: 9279,9250,3502,4083,9254,3504
10037: 9421,9496,9655,9798,9781,9803
9494: 9753,9417,9847,9469,10016,9684
6695: 9855
3786: 9788,9933,9974,9940,3486
3907: 4937,9700,9717,4525,4218,9269
3983: 9969,3284,3777,4485,3471,9475
9979: 9849,9666,9911,9726,9401,10020
9726: 9401,9668,9784,9849,9979,9861
10042: 9839,9603,9476,9362,9529,9920
9473: 9439,9676,9527,9468,9324,9464
299: 411
9613: 9277,9420,9618,9564,9307,9610
9686: 9277,9618,9456,9984
9801: 6849,9764,9724,9309,9469,9417
10029: 9740,9795,9988,9617,9395,9938
9307: 9504,9564,9237,9079,9613,9420
9755: 9632,9404,9985,10018,9909,9549
8296: 8513,7988,8710,8770,9317,9982
9682: 9972,9925,9949,9888,9405,9748
9772: 9620,9418,9424,9374,9332
10036: 9932,9744,9891,10011
9836: 9587,9702,8033,9426,9423,9688
9585: 9697,9913,9485,9319,9333,2649
9542: 10023,9965,9361,9630,9327,2509
5754: 9364,9608,9394,9455,5475,5070
9500: 9382,9399,9972,9819,9878,9255
9733: 9413,9312,10024,9484,9928,9951
316: 
9888: 9682,9925,9949,9931,9891
9291: 9530,927,9264,9635,9812,9363
9712: 9359,9395,9386,9544,9917,9988
3860: 9256,3166,9489,4255,2391,4057
10025: 9703,9294,9480,9678,9711
9916: 9864,9688,9587,9995
6155: 9776,6349,9695,6249,9817,9690
9428: 9324,9566,9527,9662,9611
9410: 9533,9394,9367,9311,9455,9578
9503: 5138,9429,4811,9454,9480,9294
9411: 9535,9351,9541,9845,9479,9605
9714: 9768,6009,9525,6967,10012,6682
9597: 9572,9986,9582,9425,9375,9396
9580: 9263,9460,10040,9323,9369,9626
9873: 9776,9964,9658,9872,9941,9792
9599: 9887,9799,9646,9513,9522,9498
9803: 9537,9781,10037,9496,9461,9446
9624: 1225,9491,9319,9333,9720,1553
9327: 9579,9609,9572,9630,10023,9542
336: 73
9643: 9561,9508,9936,10034,9402,9310
9420: 9613,9277,9378,9640,9237,9307
9753: 9417,5408,9494,10031,9684,9779
9951: 10024,9312,9733
2699: 2609,9962,2509,9663,2778
9778: 9386,9353,10022,9831,9437
2024: 9424,3947,9756,9283,9374,9665
3722: 9713,9520,9790,9816,3321
9744: 9932,10036,9912,9621,9756
7340: 
9926: 9854,9767,10043,9919,9930,9889
9826: 9945,9719,9830
8333: 7383,7641,7719,7292,7965,8046
9912: 9744,9621,9418
6731: 5975,5876,7360,9650,9773,9805
10024: 9472,9729,9928,9951,9733
3345: 3540
9316: 9577,9380,9557,9388,10002,9818
10003: 9571,9982,9752,8710,9762,10039
9697: 9913,9585,9485,9796,9304,9679
6420: 
7581: 8513,8991,9795,9617,7318,9649
359: 9819,1950,874,9760,9399,9707
9891: 9931,9925,9888,10036,10011
4486: 6508,9401,9553,9259,5202,9911
2906: 2244
9757: 9746,9657,9837,9958,9865,9950
9911: 9644,5202,4486,9401,10020,9979
9987: 9214
9821: 9945,9719,9270,9823,9736
6849: 9764,9801,9738,9417,5408,5400
9689: 9797,10000,9866,9838,9887,9799
9541: 9535,9411,3166,2391,2580,9605
9628: 9419,9260,9623,9616,9904,9271
6140: 
9289: 9989,9534,9705,9993,7010,9486
9701: 9861,9583,9648,9849,9785,9400
9671: 9862,9970,10023,9965,9742,9997
9748: 9819,1950,9405,9257,9972,9682
376: 492
9499: 7014,6930,7010,9354,9465,9550
9584: 9660,9368,9497,9449,9444,9509
9329: 9837,9565,9487,9775,9699,9950
9476: 9398,9325,9362,9603,10042,9261
9929: 9348,9718,9721
9463: 9364,9608,9595,9619,9325,10033
9813: 9645,9335,2649,9319,9720,9722
9330: 9370,9570,9526,9313,9506,9433
9271: 9904,9875,9616,9344,6389,9628
9984: 9456,9828,9681,9686,9844
9276: 9674,874,9760,9719,9830,9270
9608: 9364,5754,9463,9619,9394,4169
9391: 9568,9625,9641,9349,9381
8879: 7565,9081,8990,9219,9560,9504
9454: 9602,4719,9503,4811,9266,9294,9523
9455: 5564,9578,9410,9394,5754,5070
9379: 5775,9593,9588,9805,9967,5975
9866: 9999,10027,9838,9887,9689
9616: 9274,9631,6389,9628,9623,9271
9668: 9726,6508,9401,4498,3903,9784
9312: 9413,9886,9733,9951,9694
7723: 9892,8867,7383,8046,9625,9634
2364: 
9549: 9909,9265,9968,9755,10018
9444: 9661,9477,9563,9509,9584,9660
9975: 10006,9725,9783,10015
9145: 
9311: 9539,9367,4771,4347,9533,9410
9780: 9905,9635,9606,9937,9895,9840
9540: 9647,9967,9435,9543,9512,9406
9802: 9672,9548,9507
9331: 4155,9489,9799,9797,9522,4146
9638: 9529,9377,9607,9308,9943,9435
9752: 8225,7992,8710,9857,10003,9762
411: 299
9488: 9365,9495,9264,9388,9514,9557
9760: 9276,874,359,9270,9707,9829
9646: 9887,9599,10027,9513
9397: 9342,9357,3210,9320,9409,4603
4771: 9539,9311,4347,5256,5064,9350
9081: 7565,8990,8879,7318,8991,8770,7901
9640: 9292,6480,9237,8496,9420,9378
9900: 3284,9807,9385,9791,9370,9570
9679: 9304,3810,9796,3612,9704,9697
9343: 9867,9614,9471
9847: 9908,9469,9685,9914,10016,9494
9303: 9449,9885,9754,9852,9453,9622
424: 1529
9555: 9535,9351,4139,9579,9609,3559
9247: 9427,9295,2600,9372,2685,2492
9595: 9479,9619,9605,9532,9463,10033
9968: 9265,9549,9306,9305
10039: 9762,9789,9727,9571,10003,9824
7811: 6460,6916,9467,9477,9563,9019
9255: 9878,9576,9382,9500,9251,9637
9877: 9751,9718,9266,9280,9670,9602
10026: 9439,9676,9946,9991,9879,9962
3820: 9966,10038,3715,3712,9978,9927
9539: 9367,9311,4771,9404,9350,4950
9309: 9724,9601,9511,9908,9469,9801
9551: 9612,9405,9949
8885: 9600,8990,9219,9297,7901,9126,9125
8513: 8296,7988,7581,8991,9617,8770
9797: 9462,10000,9689,9799,9331,9489
9693: 9870,9834,9947
9017: 
9996: 9858,9794
10008: 9745,9937,9840
9517: 9977,9880,10009,9631,9253,7146
3743: 9765,9677
9784: 3903,9562,9726,9668,9861,9249
9942: 9531,9998,9447,9963,9457,9651
449: 
6018: 4937,9700,9392,9761,9357,4322,4004
9448: 9356,9334,9938,7988,8225,7992
9492: 9581,9881
9371: 9372,2305,9421,9496,9427,9642
9973: 9728,3295,9730,9823,2806
5792: 9846,5403,9885,9497,9596,9639
456: 
9988: 10029,9395,9712,9917,9334,9938
9666: 9648,9849,9979,9906,10020,6204
9933: 9788,3786,9547,9809,9923,9869,9974
9938: 9334,9448,10029,9988,9617
9365: 9495,2733,9488,9557,9470,2721
5129: 
9300: 9370,9526,9431,9385,9288,9315
8991: 8513,7581,7318,9081,8770
9360: 9480,9678,9429,9583,9452,9249
466: 
9665: 9374,9899,2024,9283,9737,9874
9475: 9432,4891,9278,3983,3777,9384,4485
9432: 4891,9278,9475,4697,9341,9685
9615: 9125,9387,9567,9749,9863,9548
9670: 9459,9633,9280,9959,9877,9751
9561: 9508,9643,9301,9667,9936,10019
9850: 1619,9732
9995: 9916,9864,9716,9881
9408: 9574,9352,9538,9573,4448,9302
2540: 9262,9328,9935,4218,3121,9269
9809: 9273,9589,9923,9869,9933
2133: 9382,9399,9655,9707,2305,9421
9414: 9946,9323,9879,9393,9528,9918
9449: 9885,9303,9453,9509,9584,9497
9496: 10037,9421,9371,9803,9461,9642
9466: 9952,6682,9525,9559,9735,9457
9840: 9882,9895,10008,9745,9937,9780
9711: 9434,9373,9678,10025
9717: 4525,9645,9709,3907,9700
9946: 9323,9991,9879,9414,9369,10026
8770: 9317,7901,8513,8296,8991,9081
9550: 9354,6071,9458,6930,9499,6460
9277: 9613,9420,9378,9686,9618,9456
4498: 4293,3504,3982,6508,9668,3903
9079: 9237,7570,7899,9504,9307,7565
492: 376,687,9851
9777: 4131
9627: 9977,9636,9779,5408,5400,5403
1529: 424
9577: 9316,9380,9557,9358,9470,9536
1246: 
9527: 9473,9439,2609,9324,9428
1709: 2244,2153
9524: 9959,9282,9459
9739: 9681,9976,9641,9450,9828
5876: 6731,5975,7360,5882,9355
9359: 9505,9395,7847,9712,9952,9544
8737: 
3284: 3983,9969,9900,9807,9570,4485,3471
9785: 9531,9998,9400,9701,9583,9452
9842: 9683,7934
9427: 9247,9295,9372,9371,9642,9528
7259: 
7505: 10009,6967,7417,7146,8596,7847
9632: 9808,9404,9755,9350,9604,9985
7880: 
513: 
9828: 9456,9984,9450,9545,9681,9739
9531: 9998,9942,9785,9400,9559,9457
9603: 9839,9667,10042,9261,9476,9884
9353: 9386,9778,9917,9437,9336,9592
9416: 9515,9272,9468,9565,9775,700
9684: 9768,9898,10016,9753,9494,10031
9652: 9910,9680
9252: 9290,9453,9622,9588,9478,9355
9436: 9346,7292,9534,7014,7009,9390
9805: 9379,9650,9647,9967,6731,5975
9823: 9736,9769,9821,9728,9973
9318: 9894,9960,9558
9286: 9675,9532,9510,9862,9845,9479
9564: 9560,9504,9307,9613,9546,9610
9621: 9418,9912,9744,9424,9756
9903: 9708,9902,9493,9715,9250
6916: 7811,6460,6930,7009,7641,9019
9474: 3991,9948,9954,9745,9882
9871: 10017,9985,10018,9820
9310: 9354,9402,9508,9643,9458
6480: 9640,9292,9919,6665,8496
535: 
3903: 9784,9562,4293,4498,9409,9668
537: 
9545: 9450,9691,9292,9456,9828,9378
9393: 9461,9642,9528,9263,9323,9414
9273: 9907,9809,9589,217,10040
9525: 9559,9518,6009,9714,6682,9466
9703: 9294,9523,10025
9283: 9251,9415,2024,3947,9665,9737
9278: 9432,9475,9384,9511,9908,9685
9507: 9558,9387,9501,9802,9548
7002: 
2153: 1709
9919: 8694,9930,9926,9889,6480
9464: 9288,700,9473,9468,9324,9431
9807: 9969,3284,9900,9883,9791,9698
9905: 9606,9780,9937,9267
9293: 9786,9692,9750,9594
10014: 9092
9518: 9525,9559,6204,9648,6009,9400
9425: 9899,9332,9774,9396,9597,9986
9479: 9595,9605,9411,9845,9286,9532
4146: 9522,4450,9331,4155,4569,4463
9825: 9569,9814,10028,9897,9328
9267: 10021,9905,9606,9961,9389
9658: 9490,5051,9872,9941,9901,9873
561: 760
9756: 2024,9424,3947,9932,9744,9621
9614: 9343,9471,9306
9883: 9791,9699,9950,9657,9698,9807
4448: 4569,9302,9538,4450,9408
9879: 9946,9414,9663,9918,9962,10026
9396: 9834,9375,9620,9332,9425,9597
9991: 9946,9369,9706,9676,10026,9272
10004: 9934,9612,9770
9402: 9354,9465,9310,9643,9944,10034
9404: 9632,9755,9350,9539,9909,4950
2721: 9902,9470,9365,2733,9708,1553
9275: 9923,9598,9552,9980,9743,9547
9587: 9981,9702,9836,9916,9688
10015: 9314,9687,9975,9725,9347,9783
10034: 9944,9690,9936,9695,9643,9402
9844: 9653,9681,9984,9581
4004: 4322,9280,6018,9392,9633
9459: 9633,9670,9483,9282,9524,9959
9687: 10015,9314,7617,9833,9783,9953
9563: 9444,9661,9477,7811,9019,9407
9659: 9675,9532,9810,9398,10033,9244
9953: 9472,9833,7617,9687
1873: 
7014: 6930,7009,9499,7010,9534,9436
9977: 9517,9880,9627,9636,9779,9253
9898: 9768,6009,9684,9906,10016,6204
9537: 9656,9781,9803,9338,9446,9782
9773: 9650,9920,9839,9301,6731,7360
5332: 
9657: 9746,9757,9853,9698,9883,9950
9618: 9613,9277,9686,9610
9767: 9926,9854,10043,9660,9438,9787
9672: 9802,9548,9863,9673
9904: 9875,9271,9628,9419,9284,9649
6280: 9860,6085,5478,5870,9575,9601
8614: 
9308: 9502,9543,9403,9638,9607,9435
8318: 
9763: 9944,9690,6249,9347,9989,9993
9281: 9843,9770,9257,9586,1950,1592
9676: 9473,9439,10026,9991,9272,9468
9298: 9248,9536,9441,9958,9380,9746
9447: 9434,9373,9998,9942,9651
9678: 9360,9480,9452,10025,9373,9711
9377: 9638,9529,9607,9244,2678,9362
9956: 9856,9586,9674,9830
9409: 9397,9320,4293,3903,9562,5138,4603
9955: 9922,9814,9876,2928,3810,9935
9750: 9692,8150,9293,8309,9340,9594
9740: 9795,10029,9344,9505,9395,9875
3210: 9357,9397,4322,4719,4811,4603
9251: 9283,9415,9255,9576,3947,9637
9694: 9832,9312,9886
9718: 9877,9751,9266,9721,9348,9929
8917: 8807
9579: 9609,9327,10023,9351,9555,9970
9287: 9445,9313,9315,9322,9526,9403
9653: 9681,9716,9581,9881,9844
9605: 9479,9595,9619,9411,9541,2580
9422: 9442,9591,9994,10032,9462,10000
2685: 9737,9669,9874,2492,9247,2600
9386: 9353,9778,9544,9917,10022,9712
9288: 9345,9385,700,9464,9431,9300
9522: 4146,4450,9498,9599,9799,9331
9867: 9343,9471,10035,9992
9861: 9701,9583,9249,9726,9784,9849
1592: 9674,874,9281,9586,1950
8596: 7146,9344,6389,7505,9505,7847
3295: 9973,9730
3502: 3701,9493,9268,9481,9250,4083
7641: 8333,7383,9019,7009,6916,7292
9358: 9902,9470,9577,9536,9493,9268
634: 
7353: 
2678: 10001,9810,9322,9377,9607,9244
5466: 5564,9848,5070,6349,9964,9710
9685: 9908,9847,9914,9432,9278,9341
9297: 9317,7901,9556,9600,9629,8885
9468: 9416,9272,9473,9676,700,9464
9388: 9321,10002,9514,9488,9316,9557
9636: 9977,9627,5403,9639,9299,9253
9696: 9835,9915,9860,9724,9764
9429: 5138,9503,9562,9249,9360,9480
645: 
2928: 9304,3810,9955,3121,3119,9935
9493: 3701,3502,9268,9902,9358,9903,9250
5051: 9490,9658,4950,9909,9265,9901
9967: 9647,9540,9406,9379,5775,9805
9894: 9600,9629,9501,9960,9558,9318
9342: 9357,9397,9320,9443,9761,9246
7565: 9081,8879,9079,7318,7899,9504
9948: 9451,9745,9474
4255: 4463,5064,4155,3860,4057
9816: 9759,9790,10021,3722,9520,9731
7936: 
9333: 9585,9485,9319,9924,9624,9491
9438: 9407,9892,9787,9661,9660,9767
9509: 9444,9477,9290,9453,9449,9584
2658: 
5426: 
9511: 9309,9601,9384,9575,9278,9908
9526: 9370,9330,9300,9287,9313,9315
9776: 6155,6349,9964,9873,9792,9817
9559: 9525,9518,9531,9400,9466,9457
9372: 9371,2305,9637,2492,9427,9247
9370: 9570,9330,9526,9300,9385,9900
9443: 9296,9279,9246,9254,9342,9320
9623: 9628,9260,6385,9274,9616,8694
9314: 10015,7617,9687,9347,9989,9705
9818: 9958,9940,9865,10002,9316,9380
9260: 9628,9419,9623,6665,8694,8496
9758: 9663,2778,9918,9295,2600,2585
3701: 9493,3502,9268,9430,2333,4083
7439: 
9989: 9289,9705,9993,9347,9763,9314
9502: 9308,9543,9403,9313,9433,6348
9642: 9461,9393,9528,9371,9496,9427
2733: 9365,9495,1225,2721,1553
9285: 9939,10030,9519,9789
9506: 5870,9433,9570,9330,3874,3471
9480: 9360,9678,9503,9429,9294,10025
9125: 9126,9615,9387,9567,9219,8885
3712: 3612,9704,3321,3715,3820,9927
9924: 9859,9731,9759,9491,9485,9333
3491: 9793,2806,9730,9954,9383
687: 9851,492
9491: 1225,9624,9554,9859,9924,9333
9560: 9504,9564,8879,9219,9546,9567
9661: 9444,9563,9660,9438,9407
9256: 3860,3166,3559,9462,9442,9489
9770: 9281,9843,9257,9934,10004,9612
4139: 9442,9591,9609,3559,9555
9384: 4485,3874,9575,9278,9475,9511
9771: 9516,9815,9990
9786: 9893,9692,9293
7152: 6507
9326: 9907,9589,9793,9383,9598
9532: 9286,9675,9659,9479,9595,10033
700: 9345,9288,9464,9416,9468,9775
9651: 9831,9942,9447,9963
9695: 9710,9936,6155,6349,9690,10034
9925: 9972,9682,9888,9891,9878,10011
9290: 9453,9252,9478,9467,9477,9509
9934: 10004,9843,9770
9244: 9377,9659,2678,9810,9398,9362
707: 
9952: 7417,6682,9466,9735,9359,9544
709: 9841,9654
2580: 2391,2968,9541,9619,9605,4169
9869: 1793,9974,9806,9809,9933
9513: 9723,9599,9646,9258,9498
9315: 9445,9287,9566,9431,9526,9300
10013: 9573,9412,9352
9458: 6071,5882,9354,9310,9550
9437: 9893,9336,9353,9778
2509: 2699,9361,2778,9965,9542
9576: 9878,9255,10011,9932,3947,9251
9440: 9804,9339,3777,9853,9698,9969
9889: 9691,9926,9854,9919,9292
9340: 9857,8309,10030,9750,9594,9519
9274: 9616,9631,9253,6385,9299,9623
9892: 9438,9407,8867,7723,9787,9634
9395: 9359,9505,9712,9740,10029,9988
3612: 9704,3712,9927,9679,3810,9876
9173: 
6348: 5478,5870,9433,9502,9543,9512
10001: 2678,9810,10010,9822,9611,9445,9322
2953: 
9350: 9632,9404,9604,5256,9539,4771
731: 
3517: 10041,9815
9896: 9906,10020,9644,9341,9914
10022: 9735,9963,9831,9386,9778,9544
4131: 9777
9272: 9515,9416,9468,9991,9706,9676
9735: 10022,9963,9457,9952,9466,9544
9430: 9248,3701,9268,9590,9366,2333
9863: 9811,9673,9749,9615,9672,9548
9337: 9590,9366,9553,9804,9339,4893
9219: 8990,8879,9560,9126,9125,9567,8885
9521: 9483,9269,9282,9262,9734
10028: 9890,9897,9825
9435: 9647,9540,9638,9308,9543,9943
7191: 
5478: 5870,9433,6348,6280,6085,9512
3715: 9957,10038,3820,3712,3321
9622: 9453,9252,9593,9588,9852,9303
10019: 9710,9936,9848,9884,9667,9561
9610: 9827,9546,9613,9618,9564
9465: 9354,9402,9944,9993,9499,7010
7360: 6731,5876,9773,9508,9301
8309: 9857,9340,9356,8150,9750,7992
9804: 9339,9440,9853,9441,9590,9337
9906: 10016,9896,10020,9666,9898,6204
9356: 9334,9592,9448,8150,7992,8309
9347: 9725,6249,9763,10015,9314,9989
1553: 9720,9708,2733,1225,9624,2721
9399: 9382,2133,9500,359,9819,9707
760: 561
9864: 9349,9916,9688,9381,9716,9995
9574: 9408,9352,9482,9302,10017,9808
9992: 9941,9792,10035,9867,10006
9743: 9812,9980,9275,9547,9321,9514
9783: 9833,9975,10015,9687
9910: 9652,9680
9706: 9369,9626,9991,9515,9272
9664: 9960,10005,9824
4697: 9644,5202,4893,9341,9432,4891
6665: 8694,9260,6480
6385: 9971,8631,9299,9274,8694,9930,9623
9390: 9484,9928,9486,9534,9346,9436
9304: 2928,9679,3810,9697,9913,3119
9806: 1793,9869,9974,9515,9565,9487
9348: 9929,9718,9266,9523
6009: 9768,9714,9898,9525,9518,6204
2198: 
9457: 9735,9963,9559,9531,9942,9466
9417: 9753,5408,9494,9469,6849,9801
9959: 9524,9459,9670,9751
9254: 4293,3504,9279,9443,9481,9320
9423: 9568,7965,8033,9836,9349,9688
9655: 9707,9829,2133,9798,10037,9421
9781: 9537,9656,9803,9769,9798,10037
9412: 9573,9258,9723,10013
9639: 8631,9596,9299,5403,5792,9636
9859: 9554,9731,9961,9389,9924,9491
9338: 9793,9537,9656,9782,9907
9795: 9740,10029,9617,9875,9649,7581
9817: 9725,6249,9792,9776,6155,10006
9936: 9710,9695,10019,9561,9643,10034
9901: 9941,10035,9265,9658,5051,9305
9705: 9289,9989,9314,7617,9729,9486
8346: 9983,8970
7617: 9314,9687,9705,9472,9953,9729
9306: 9471,9305,9968,9614
9620: 9772,9332,9834,9396
9737: 2685,9874,2492,9283,9415,9665
10021: 9267,9520,9731,9961,9816
9534: 9289,7014,7010,9390,9486,9436
9313: 9287,9330,9526,9502,9403,9433
9383: 3991,9793,3491,9326,9598,9552
9497: 9584,9368,9449,9885,5792,9596
5331: 
9263: 9460,9446,9580,9461,9393,9323
9913: 9697,9585,9304,2649,3119
9268: 3701,9493,3502,9358,9248,9430,9536
4293: 9254,3504,4498,9320,9409,3903
6389: 7146,8596,9344,9616,9631,9271
9363: 9812,9980,9895,9245,9635,9291
9674: 1592,9276,874,9956,9586,9830
2244: 1709,2906
9284: 7318,7899,9649,9419,9904,7570
9730: 3295,9973,9451,9954,3491,2806
9553: 9366,9337,9259,5202,4893,4486
7265: 
9939: 9285,9789,9727
3810: 9304,2928,9679,3612,9955,9876
9937: 10008,9840,9905,9780
9915: 9835,9852,9696,5775,9593
9798: 9736,9769,9655,9829,10037,9781
8695: 
9725: 6249,9347,9817,9975,10006,10015
9998: 9531,9942,9785,9452,9447,9373
8970: 10007,8346
9944: 9763,9690,10034,9465,9402,9993
9932: 10036,9744,9576,10011,3947,9756
9345: 9385,9288,700,9775,9791,9699
9487: 9329,9837,9565,9974,9806,3486
9972: 9682,9925,9819,9748,9878,9500
9704: 3612,3712,3321,9796,9790,9679
9336: 9437,9893,9353,9592,9692,8150
9820: 10018,9871
10043: 9926,9767,9660,9368,9971,9930
7146: 8596,6389,9517,10009,7505,9631
9400: 9531,9785,9648,9701,9559,9518
1340: 1019
9625: 9634,9976,9641,7723,9391
2968: 2391,2580,4057,4347,9533,4169
9865: 9958,9818,9940,3486,9837,9757
9389: 9554,9859,9961,9606,9267,927
9897: 10028,9890,9921,9922,9814,9825
2806: 9793,3491,9728,9973,9730
9305: 9471,9306,9265,9968,9901,10035
9501: 9600,9894,9126,9387,9558,9507
6508: 4486,9401,9668,3982,9259,4498
3166: 3860,9256,3559,9535,9541,2391
848: 
5408: 9753,9417,6849,5400,9627,9779
9302: 4569,9604,4448,9574,9408,9808
9810: 2678,10001,10010,9675,9659,9244
4603: 5138,4811,3210,9397,9409
3559: 9256,3166,9442,4139,9535,9555
5256: 4463,5064,4569,9604,9350,4771
7248: 
6531: 
9947: 9834,10032,9375,9994,9870,9693
7847: 9359,9505,7505,7417,8596
10030: 9857,9340,9519,9762,9789,9285
6118: 
861: 
4057: 2391,2968,3860,4347,4255,5064
9387: 9126,9125,9615,9501,9548,9507
5882: 6071,9458,9478,9355,5876
9548: 9672,9802,9615,9387,9863,9507
9528: 9393,9642,9427,9295,9918,9414
9375: 9834,10032,9947,9396,9597,9582
9282: 9521,9483,9734,9459,9524
10041: 9815,9990,3517,9957,10038
9442: 9591,4139,9422,9462,9256,3559
9049: 
9321: 9388,10002,9514,9743,9788,9547
6349: 9776,6155,9964,5466,9710,9695
874: 9674,1592,9276,9760,359,1950
9270: 9821,9719,9276,9760,9829,9736
9747: 9361,2585,9630,9774,9669,9986
9940: 9818,9865,3486,9788,3786,10002
9019: 7383,7641,7811,6916,9563,9407,8867
9600: 9629,9894,9501,8885,9297,9126
9719: 9945,9821,9830,9270,9826,9276
9927: 9978,9766,3820,3612,3712,9876
9505: 9359,9395,7847,8596,9344,9740
9591: 9442,4139,9422,10032,9582,9609
9520: 9713,3722,9516,10021,9816
9262: 2540,9328,9569,9521,9734
9424: 2024,9756,9621,9418,9772,9374
9710: 9936,9695,10019,5466,9848,6349
10020: 9906,9896,9644,9911,9666,9979
9647: 9540,9967,9435,9650,9943,9805
9732: 978,9850
9707: 9655,9829,359,9760,2133,9399
9837: 9329,9487,9865,3486,9950,9757
9598: 9923,9275,9552,9383,9589,9326
9498: 9522,4450,9513,9599,9538,9258
9504: 9560,9564,9307,9079,7565,8879
5775: 9379,9593,9967,9406,9915
9558: 9507,9894,9501,9318
9999: 9866,10027
9841: 709,9654
9831: 9651,10022,9963,9778
9419: 9628,9260,9904,7570,8496,9284
9688: 9349,9916,9864,9423,9587,9836
9846: 5400,5403,5792,9738,9885,9754
8631: 9971,6385,9596,9639,9299
10027: 9999,9866,9887,9646
6204: 9518,9906,9648,9666,6009,9898
9335: 9645,9813,9722,9296,9709,9246
9471: 9306,9305,10035,9343,9867,9614
9472: 10024,9953,9729,7617
6249: 9725,9347,9817,6155,9763,9690
9835: 9852,9915,9696,9764,9738,9754
9993: 9289,9989,9944,9763,9465,7010
9856: 9956,9586,9843
9808: 9632,9574,9604,9302,10017,9985
9604: 4569,9302,5256,9632,9808,9350
9538: 9573,9258,4450,9498,9408,4448
9264: 9530,9291,9812,9514,9495,9488
4937: 3907,9700,6018,9392,9269
9126: 9125,9387,9219,9600,9501,8885
4719: 4322,9280,3210,4811,9454,9602
9567: 9125,9615,9560,9219,9749,9546
2551: 
9827: 9749,9546,9610,9858,9811
1619: 9850
9351: 9535,9411,9555,9579,9970,9845
10040: 9460,9580,9273,217,9626,1793
927: 9530,9291,9635,9606,9389
9403: 9308,9502,9287,9313,9322,9607
3777: 9339,9440,3983,9969,4891,9475
9796: 9759,9790,9704,9697,9485,9679
9789: 9762,10039,9727,10030,9285,9939
9530: 9291,927,9264,9554,9495,1556
9764: 6849,9801,9738,9724,9835,9696
9960: 9664,10005,9629,9894,9318
9950: 9883,9699,9329,9837,9757,9657
2189: 2280
9611: 9822,9662,9566,9428,10001,9445
9477: 9444,9563,9509,9290,7811,9467
9921: 9766,9922,9890,9897
9355: 9478,5882,5975,5876,9588,9252
3991: 9474,9383,9954,9882,9245,9552
9453: 9290,9622,9252,9449,9303,9509
9949: 9682,9888,9551,9405,9931
4450: 9522,4146,9498,9538,4448
2492: 2685,9737,9415,9372,9247
9490: 9658,4950,5051,9367,9872,9578
7383: 8333,7641,9019,8867,7723,8046
9357: 9342,3210,9397,9761,6018,4322
9981: 9587,9702,9832
9368: 9584,9660,9497,9971,9596,10043
9439: 9473,9676,9527,10026,9962
9715: 9296,9279,9250,9708,9722,9903
4155: 9331,9489,4146,4463,4255
9552: 9598,9275,9383,3991,9245,9980
5633: 
6967: 10009,7505,10012,9714,7417,6682
6323: 
7992: 8225,9752,9356,9448,9857,8309
959: 
6460: 7811,6916,9467,9550,6071,6930
9250: 9279,9715,9481,9903,9493,3502
9923: 9598,9275,9809,9589,9933,9547
9380: 9316,9577,9958,9818,9298,9536
9269: 9521,9483,2540,4218,3907,4937,9392
10032: 9375,9947,9994,9582,9591,9422
9794: 9811,9673,9858,9996
8044: 
9902: 9358,9470,2721,9708,9903,9493
9812: 9980,9743,9363,9291,9264,9514
9745: 10008,9948,9474,9882,9840
9875: 9904,9271,9344,9740,9795,9649
5138: 9503,9429,4811,4603,9409,9562
8033: 9376,9426,7719,7965,9423,9836
9249: 9861,9583,9784,9562,9429,9360
9800: 9450,9691,9787,9854,9634,9976
9364: 5754,9608,9463,9325,5475,9261
8867: 9407,9892,7723,7383,9019,8046
978: 9732,1052
9374: 9665,9899,9332,2024,9424,9772
9568: 9391,7965,8046,9423,9349
9876: 9922,9955,3612,9927,9766,3810
9483: 9521,9269,9282,9392,9459,9633
9421: 10037,9496,2133,9655,9371,2305
9720: 9708,9722,1553,9624,9319,9813
9790: 9759,9796,9816,3722,9704,3321
9366: 9590,9553,9337,9430,2333,9259
9930: 9919,8694,9971,6385,9926,10043
9332: 9374,9899,9425,9620,9772,9396
9845: 9862,9970,9351,9411,9479,9286
10009: 6967,7505,10012,9517,9880,7146
8807: 8917
4950: 9490,5051,9404,9539,9367,9909
9451: 9948,9954,9730
9573: 9538,9258,9412,10013,9408,9352
3545: 
9578: 9872,5564,9455,9367,9410,9490
9381: 9349,9864,9391,9641,9716
9460: 9263,10040,9446,9782,9580,217
9799: 9887,9599,9797,9689,9522,9331
9495: 9365,2733,1556,9488,9530,9264,1225
9630: 9361,9747,9572,9986,9327,9542
9547: 9788,9933,9923,9275,9743,9321
9536: 9248,9298,9577,9380,9358,9268
9320: 9342,9397,9409,9443,9254,4293
9728: 9973,9823,9769,9656,2806
1006: 
9557: 9316,9577,9388,9365,9488,9470
10016: 9906,9847,9914,9494,9898,9684
7719: 9346,7292,8333,9376,8033,7965
9792: 9941,9992,9776,9873,10006,9817
9749: 9827,9546,9615,9567,9811,9863
7570: 9237,9079,8496,9419,9284,7899
7988: 8513,8296,9617,9448,8225,8710
9762: 9789,10039,9752,9857,10030,10003
2669: 
9328: 2540,9262,9935,9814,9569,9825
9834: 9375,9947,9396,9620,9693
9872: 5564,9578,9490,9658,9964,9873
1019: 1340
9344: 8596,6389,9505,9875,9271,9740
9349: 9864,9688,9381,9391,9568,9423
9811: 9863,9673,9794,9858,9749,9827
9727: 9789,10039,9939,9824
9602: 9454,4719,9280,9877,9266
8658: 
9484: 9390,9928,9346,9413,9733,9376
5403: 9846,5400,5792,9627,9636,9639
9478: 6071,5882,9355,9290,9252,9467
9997: 9822,9662,9742,9671,9510,9862
9980: 9812,9743,9363,9245,9275,9552
9766: 9978,9927,9921,9922,9876
9759: 9796,9790,9816,9731,9924,9485
9702: 9981,9587,9836,9886,9426,9832
9631: 9274,9616,9253,9517,7146,6389
9860: 6280,6085,9724,9601,9696
9301: 9561,9508,9839,9667,9773,7360
10018: 9820,9871,9985,9755,9549
5841: 
5202: 9644,4697,9911,4893,9553,4486
7417: 9952,6682,6967,7505,7847
10038: 9966,3820,10041,3715,9957
9675: 9286,9659,9532,9510,9810,10010
9323: 9946,9414,9393,9263,9580,9369
1044: 
4347: 5064,4057,2968,9311,4771,9533
9966: 10038,3820,9978
9589: 9273,9907,9809,9326,9923,9598
2649: 9645,9813,9913,9585,9319
9334: 9356,9592,9448,9938,9917,9988
9862: 9671,9510,9970,9845,9997,9286
9489: 9331,4155,9462,9797,3860,9256
1052: 978
9978: 9927,9766,9966,3820
9731: 9859,9961,9924,10021,9759,9816
9721: 9751,9718,9929
8496: 9237,7570,9419,9260,9640,6480
9775: 9329,9565,9416,9345,700,9699
9635: 9606,9780,9895,9363,9291,927
9634: 9625,9976,9892,7723,9787,9800
6930: 7014,7009,9499,9550,6460,6916
9361: 2585,9747,9630,2778,9542,2509
9214: 9987
9279: 9296,9443,9715,9481,9250,9254
9641: 9625,9976,9391,9381,9739
9885: 9449,9303,9754,9846,5792,9497
4083: 2333,3982,3701,3502,9481,3504
8990: 9081,8879,9219,7901,8885
9346: 7719,7292,9436,9390,9484,9376
9839: 9667,9603,10042,9773,9920,9301
9734: 9262,9569,9521,9282
9535: 9351,9411,9555,9541,3166,3559
9543: 9308,9502,6348,9540,9435,9512
9742: 2609,9965,9671,9662,9997
9890: 10028,9897,9921
9680: 9910,9652
9994: 9870,9838,10032,9947,10000,9422
9352: 9574,9408,9482,10013,9573
9654: 709,9841
9649: 9284,7318,9904,9875,9795,7581
9961: 9859,9731,9389,10021,9267
9292: 9640,6480,9545,9691,9889,9378
5070: 9848,5475,5754,5564,9455,5466
9963: 10022,9735,9457,9942,9651,9831
9626: 9369,9706,10040,9580,1793
4169: 9533,9394,2580,2968,9619,9608
9571: 9982,10003,9556,10039,10005,9824
7775: 
4525: 3121,9717,3119,3907
5250: 
9011: 
9607: 9638,9377,2678,9322,9308,9403
9986: 9572,9597,9425,9774,9747,9630
9590: 9366,9337,9248,9430,9441,9804
9583: 9701,9861,9452,9249,9360,9785
9683: 9842,7934
9746: 9757,9853,9657,9958,9298,9441
9660: 9584,9368,9444,9661,9438,9767,10043
9322: 9445,9287,2678,10001,9607,9403
3947: 2024,9756,9932,9576,9251,9283
9990: 10041,9815,9771,9516,9713,9957
9554: 9859,9389,9530,1556,1225,9491
9512: 6085,9406,9543,5478,6348,9540
4569: 9604,4448,9302,4146,5256,4463
9452: 9583,9360,9678,9998,9785,9373
9341: 9644,4697,9432,9685,9914,9896