14621: 14569,12877,15136,14792,15151,13822
28593: 
13143: 15231,15456,13629,13455,14076,13773
14985: 13101,14818,14798,14921,14117,13731
12849: 14642,13270,13663,13015,15543,14993
28616: 15398,14023,14912,13686,12866
14328: 15753,13647,13345,13280,15133,14517
15299: 14609,15282,15507,12981,14868
15380: 15750,15134,14431,13218,14651,13328
15145: 13817,14424,13163,14831,12978,13309
13511: 13662,15314,14295,13433,15152,14346
13765: 14005,13608,13003,14689,15486
14273: 15386,14343,13526,13591,15229,13857
15510: 13597
14172: 12923
15340: 
13959: 15254,12966,13169,13484,13862
14722: 
15448: 
13438: 13526,13854,15244,13669,13395
14250: 13389
13724: 
13533: 12916
12829: 14214,13328,14431,15760,14882,15399
12939: 14903,13965,14320,14139,13451
12855: 14777,14641,14705,14729,15555,15514
14343: 15386,15080,13395,14273,14733,13526
13151: 14048,13875,13966,15454,14252,15302
13942: 12896,13103,14655,15713,14430,12921
15785: 13611,15792
13420: 15143,14327,13341,13099,14222,13344
13886: 13403,13353,14718
14390: 13681,14418
14436: 15259,15318,13870,15129,14574,15532
13061: 14539,15132,14789,13079
14824: 13169,13968,12821,14678,13862,14727
15666: 15463,15440,14688,14435,14997
13488: 15809,13877,13166,14858,12950,13636
14556: 15485,15150,13915,13392
14112: 14785,13786,13908,15663,13301,13951
13025: 14394,13366,13281
13894: 
13263: 13207,14758,15642,13858
12840: 28609,12881,14710,14900,14986,12893
14405: 13084,14384,14902,14582
14881: 13038,14156,15549,14731,15167
15804: 13300,14775,14997,14696
13753: 14719,13665,13182
14598: 13416,15576,12989,14271
15338: 15081,13583,12960,15226
14998: 14258
14252: 14024,15650,15454,13151,15302,14684
14488: 15067,13864,13525
15372: 14450,14567,15096,15503,15654,14644
15484: 13450,14878,13308,15408,13818,14713
15779: 
14108: 14237,13346,14740,13888,13502,14399
13302: 
15116: 15143,15563,14014,13341,15617,15626
14833: 14522,15363,13400,15155,14200
15737: 15265,14180
15482: 13781,12875,15658,15739,14519,14613
12958: 14748,13027,13208,14575,15252
15178: 13472,14518,15010,13613,14348
15254: 13959,14564,12966,13571,14734,13484
13948: 14051,12936,15539,13195,14628,14174
14438: 13699,15003,14479,12974
14923: 13196,13929,15379,15738,13565
15373: 14713,15071
14809: 
14802: 
13070: 13482,14012,13829
15519: 15649,15419
15363: 13815,14282,13950,14522,14833,15155
15792: 13611,15785,12971
14683: 15186
14079: 15341,14448,15370,14648,12876,13600
15791: 
14024: 15650,14252,12990,12839,15454
15721: 15598,14297,15239,15327
12911: 15351,15177,15040,14269
15760: 14431,15045,13360,13655,12829,15399
15698: 14776,15060,12836,14562,13614,14743
14920: 15794,12979,14243,14404,14377,14583
14650: 14159,14579,13337,14084,15673
15002: 13971,14034,15438,15303,15163
15244: 13854,13438,14860,15268,13669
14178: 14896,13317,13825,13679,13926,13734
15730: 13425,14077,15476,15310
15150: 14556,15485,13418,14977,14101
14893: 14009,14971,14194,13536,15548,13022
15332: 13581,15374,15806,15782,13089,13067
15296: 13326,13619,14424,15403,13365,15144
13814: 12826,15405
14323: 15478,14984,15517,13523,13117,13594
14369: 13916,14827,13503,14883,14209,15180
14361: 14645,15085,15099,12989,14271,12909
15293: 13320,14467,14231,14176,13613,14348
13301: 14340,15663,14112,13786
14921: 14798,15280,14251,14218,14985
15092: 14608,14426,14491,14266,14884,15251,13532
15201: 13155,15556,14366,14415,14966,13379
13808: 
14929: 13847,15761,14720,12991
14999: 14292,14512,14872,15557
15024: 15568,14150,14349,14115,15072,14605
12932: 14581,14453,15579,13063
13297: 15430,13161,14874,14950,14506,14059
15745: 14267,14238,14866,14896,13825
14391: 
15688: 14308
13010: 15538
14186: 15500,15668,13823
15403: 13067,14424,13581,15144,15296
14808: 14176,13613,14926,13876,15311,14518
13553: 14217,13689,13626,13315
14742: 13111,14058,13033,15499,15277,14889
14585: 15221,15123
15343: 13810,12848,15762,15112
13793: 15004,12865,14445,14948,14429,14143
13952: 13981,13834,13906,15427,12884,14202
13414: 13090,15036
13938: 12819,14147,14106,15805,14549,15133
13222: 15754,15499,15277,14317,13853,13987,15526
14594: 15462,14676,15592,14578,15603
13281: 14398,15494,14394,13025
15589: 13375,14638,15255,13874
12994: 13060,13205,14267,12999,13825,13679
14666: 
12990: 13993,14773,13347,12839,14294,14024
15427: 15174,13906,13834,13952
13181: 13719,15530,14622,13348,14962,13668
13503: 15017,15240,14850,14827,14369,15180
15370: 14725,15469,14648,14079,12876
13646: 14067,14493,13306
14828: 14641,14705,12847,13658,14715,14363
14489: 13298,14695,15276,15172,13570
13278: 14196,13069,12861,14003,15809,14858
13446: 15297,14030,15169,13791
13267: 13427,13296,13080,13762,13215
12936: 13948,14051,14628,14602,13788,15274
14448: 15341,14079,13215,15424,15310
14606: 
15139: 
15061: 13305,13462,15544,13928,13927,13375
15761: 15326,14929,15300,14734,12991
14898: 13543,15800,14344,14433
14812: 13871
14428: 14247,14015,13242
13873: 15493,13845,14100
14003: 13589,13069,13278,13631,12892,14858
13119: 12923,13011,14012
14949: 15294,13641
15420: 13308,13700,15093,12888,15242,14717
13833: 13622,13720,13978,12934,13561,13794
14835: 13931,14803,13768,15125,14755
13248: 13052,15769,15494,13460,13923
14477: 13142,15051,13614,14743,14523,13546
14532: 13799,13224
12965: 14233,15381,13108,15138,13417
15418: 15679,14855
15253: 15574,14817,13467,13566,28557,12870
15645: 13760,13342
13684: 14368,15078
15654: 13737,14842,14644,15096,15372,13736
14587: 13288,15686
12896: 13103,14643,13942,13740,14430,15295
15557: 12960,13929,14999,14555
15506: 14654,15612
15151: 14927,13822,14407,13628,14621
13924: 15169
14364: 13268,14820,14242,15459,15251
15432: 15182,15097,14340,15042
13976: 14192,14048,13875,12910
13286: 14425,14637,14440,14315,13110,15490
13583: 15338,15081,15226,14747
13702: 13527,14620,14201,15019,13710,14959
13044: 14504,13487,13800,14993,13057,13603
14912: 14470,28616,15398
14351: 13354,13211,15014,13564,14212
14642: 12849,14685,13270,13663,14241,14232
14684: 15302,15650,14252,15662,14775
14179: 13671
15238: 13903,12868,12831,13124,13466,14416
15434: 14879,12871,13052,13955,13923,13914,14219
15071: 14713,15373,14735,14596
13124: 15238,12831,14416,13723,14782,15491
14543: 15054,13336
13839: 14001,13851,15474,14367,14053,15225
15608: 13184,13480,13860,13442,14572,15695
13299: 13522,15186,12968,13419
14214: 12829,13328,15565,14882,15312,14052
14322: 15166,14498,15209,14944
15261: 13660,14612,12891
12814: 14672,13698,14316,14607
14027: 15447,12964,15079,13475,13247,15371
14338: 14851,13426
14601: 13594,13108,15517,14458
15573: 14748,13027,15567,15704,13664
13398: 13602
14559: 15692,15280,14768
15579: 13799,13138,13063,14256,12932
12838: 13029
14751: 14066,15317,14721,14658
13957: 14582,13084,13279,13259,14903
14861: 13146,15365
13708: 15313,15388,15170,13283,15620,13770,15235
14926: 14954,13876,13887,13153,14808,14176
13230: 14626,15800,14852
13930: 13490
15530: 15401,13719,13181,13208,14962,15252
15590: 13639,14753,13704,14434,15682,14028
13496: 13768,14631,15438,14755,14437
13794: 14965,13388,14095,13978,13720,13833
14496: 14491,14266,14963,15375,13381,13755
14134: 14312
13928: 13927,14263,15061,14638
15669: 12842,14856,13294,12846
15801: 13672,13036,13748,13572
15662: 15378,14527,15650,14684,13300
13781: 15482,12875,15658
12826: 13814,15672
14939: 
12919: 15161
14535: 13265,13127,12980,15072,15044,13193
13240: 13633,15746,13558,15288,14345,13314
15390: 13809,13437
13266: 13845,13476,13592
15472: 13112,14779,13252,12944,14859,13489
13361: 13713,14589,13305,13462
14798: 14921,14768,14061,14117,14985
13841: 13364,13339,13573,14528,14013,14573
15538: 13010
14990: 14634,14287,13513,14589
14063: 13936,15781,14547,13419
14580: 14960,15430,13161,14264,14806
14226: 15584,13650,15503,12880,14531,15747
13690: 15091,13426
14624: 14653,13167,13483,12828,13663,14241
13732: 13470,15577,13315,14217,15556,15032
13994: 13431,14464,13108,15267
13936: 14063,13419,12878,15699,14106
15755: 13295,15681,14640,14336,13529,14419
13899: 13461,15400,13207,14787
13096: 14387,14455,14462,13880
15731: 
15246: 13635,13991,14548,12996,13179,13238
14429: 13284,13606,14143,14948,13793,14994
13085: 14674,15355,15646,15344,14931,13937
12979: 15794,14920,14009,14971,13751,14377
14301: 14930,14026,13368,15309,13404
13463: 13932,14360,15250,14799,14096
13442: 13480,15608,15200,13017,15695
14844: 14267,12999,14238,13185,13188
13421: 13008,13102,14989,14735,14596
13212: 13590,13357,14287,15203
14354: 
14696: 13200,15098,15804,15324,15440
13213: 14678,13701,14727,15803,13137,14627
14944: 14159,15209,14322,13698,13269,14316
13147: 15069,13625,13107,14281,14850,14781
14706: 14736,14658,15603,15586,15518,14721
15562: 28559,15118,15725,12952,12946,14716
15309: 13404,15063,14301
14877: 14801,13548,14357,14070,13374,13256
12931: 15217,13190,15756
15051: 13142,14477,13167,12854,14090,13546
13848: 14044,13543
15050: 14693,14749,14899,15124,13303,15458
15115: 13843,14995,15049
13544: 13092,14190,13856
13743: 15656,14544,15664,14440,15088,15111
15406: 12998,13668,13348,14191,15653
12886: 15237,15495,15772
14350: 13911
15750: 15380,15134,13890,13609,13218
15278: 15720,14774,14319,13177
13277: 13904,13064,14667,15751,14964
15534: 13473,14248,13501,13725,15292
13319: 15025,13571,13491,15227
13174: 13292
13412: 13078,14955,13628,14927
14483: 14304
13911: 14350
13562: 14731,14236,13075,15127,14341,13917
14143: 13284,14429,15004,13793,15564
13458: 14019,14539,12894,13245
14309: 13710,14959,15445,14389,13837,14783
13520: 13563,14306
14237: 14108,13346,14740,15095,13150
15091: 15696,13690,13847,15383
14952: 15351,15177,12841,15623
13173: 13134,15323
13378: 
14359: 15417,13126,13235,15548,15683,15572
15322: 
13889: 15215
13823: 14387,14186,15668
12839: 13347,13489,12990,14024,15650,15378
15057: 13435,13528,15347,13801,15345,13673
14554: 15365,14264,14480,15709,13161,14874
14403: 13090,14615,14111,14291
15400: 13461,13899,13207,14758
14236: 14988,15570,13075,14341,14786,13562
12864: 14792,14892,13210,14148,14022,12877
14304: 14483,15702
13809: 13437,14991,15390
14685: 14642,13270,15768,13155,14232,14415
14730: 13101,14818,15331,13002,13178,13677
13822: 14927,15151,14621,15136
15308: 15194,14289,15685,15206,14486,13228
15089: 15517,13523,15536,14303,14331
13858: 13263,13207,14137,14723
14497: 15276,15011,14537,13264
14410: 13262,13145,13736,13737,15717,13625
28557: 14463,14016,12870,13566,14279,15253
15142: 13974,14611,14187,13500,15629
15732: 13197,13896,15680,14005
13003: 13608,14456,13765,15486
15441: 
14246: 13519,12933,13176,14647
14933: 12943,13139,13953,15568,14150
15257: 13452,15431,13696,13918
14784: 15225,14741,14001,15283,15379
15344: 14025,14931,15099,13937,13085
14860: 14528,15268,13012,13854,15244,15075
15576: 14374,12989,14598,14928
15141: 15168,13441,14618,13497,14527,15330
13104: 14839,15758,13273,13609
13657: 
13595: 13481,13605,14925,13680,15177
14121: 13984
14851: 14338
14148: 13365,14022,12864,12877,14175,15425
13311: 14757,15594,14741,14872,13196
13329: 14089
12823: 15191
13759: 13958,14404,14894,15235,15778,13549
13764: 14384,15582,15571,14902,14690
15326: 13847,15761,13571,13491,14734
13790: 14630,14099,13980,14285
14050: 15389
15614: 14806,28298,12874,14822,14534,14560
14185: 
14637: 14425,13286,14440,13040,15111,13925
13209: 13608
15460: 14342,14006,14268,15160,13547
14434: 14879,12871,14071,15595,14028,13639,15590
13483: 14624,13167,14241,13180,14895,12854
15492: 14899,15700,13925,14425,14888,15545
14800: 13042,14332,13062,14334,15243,13510
12948: 12816,14816,15643,13127,14987,12980
13223: 15094,15108,13519
13260: 13274,13951,12835,15663,15042,13487
15140: 15478,14146,13901,14401,14978
13236: 
14291: 15676,14615,13090,14403,13582
15291: 14004,14623,14635,13105
13666: 12914,14720,14420,14956
14028: 13243,14711,15595,14434,15590
13161: 15430,13297,14874,14264,14554,14580
13373: 15694,15691,15383
14663: 15539,12987,13610
13476: 15421,13845,13266
13847: 15326,14929,15696,15091
14692: 14536,14507
13272: 14534,13695,14560,14520,14231,13320
13134: 13173,15625
13953: 14933,12943,12951,15647,15651
14276: 
13303: 14314,15458,15087,15050,15384,15124
15794: 12979,14920,14243,13751,14953,14339
14414: 13747,15031,14155
15099: 14025,15344,13937,14645,14361,13393,12909
13034: 13486,12820,13772,15224,15033
13917: 15018,14341,13562,15549,14073
14064: 
14626: 13230,14588
14476: 12903,13963,13872,12897,14313,13165
14900: 15028,14803,12840,12881,15000,14986
14609: 14229,13261,15282,15299
13693: 
15456: 13143,15231,13455,14646,14053,13187,15594
14384: 13572,13764,13586,14405
15533: 28661,14799,15708,15198,14007,14335,14072
13850: 15527
14997: 14435,13651,15804,13300,15666,15440
13596: 15560,13330,15077
28660: 13892,13678,15793,13728
13117: 14464,14978,15478,14323,13594
15149: 13916,15126,13485,14207,14883,13512
14336: 13367,14826,13295,15755
14461: 13032,13413,15281
14149: 14132,13513,14223,13891,14853
14381: 14258,15461
15605: 14540,14355,14368,15798
14963: 14104,14365,15375,14496,13381
15385: 15009,15087,14171
15148: 15611
15726: 
15412: 14739,13432,14567,13435,13528
15490: 13110,13661,13470,13289,14315,13286
15640: 13156,13125,14909,15443
13347: 14859,13489,12839,14358,14773,12990
15073: 14401,13024,14714,15030,14891
13960: 15362,14693,14975,14936,13388,14095
15102: 14505,14314,15087,13758
13768: 13496,15125,12935,14755,14835
15725: 14069,12952,15685,15562,14716,13228
14916: 15415,14216,14119,15591,14791
13087: 15689,12917
14515: 15154
13056: 13038,14156,14184,14020
13598: 
13874: 12961,15589,13478
13710: 14959,14309,15019,13702,15445,13459
15143: 13420,15116,14327,15626
13309: 13326,14424,15145,14831,14014,15404
14564: 15254,12966,12929,14804,15025
14310: 13349
14899: 15700,15492,13925,14749,15050,15124
15575: 13021
15255: 15508,13305,13375,15589
13588: 14680,15489
14528: 14860,15268,14013,13841,13012,14573
13385: 12976,13201
14788: 15457,14702,14481,14983,14914,14002
13121: 14319,13480,13860,14774
14229: 14469,14609,12938,13244,15282
14007: 15198,14494,14590,15250,15533
14511: 15287,12971,12957,14709
14367: 14646,14053,13839,15225
13789: 14180
14491: 14496,14266,15092,13532,13755
14523: 14743,13362,15316,14477,13546,15289
13118: 13158,15232,15447,15079,15771,13655
15532: 14574,15129,14436,15269
13428: 13652,15129,14832,15040,14269
12916: 14075,14137,14819,13533
13640: 13962,14204
13785: 15105,14770,13547,14253,13450,14878
15239: 15721,15598,12962
15088: 13018,14029,15111,14969,15656,13743
15437: 
13170: 12891,13861,14612,15470,15546
13585: 14487
14469: 14229,14033,14118,15183
14593: 15249,15180,13093,14209,14545,14302
14813: 15300,13701,15199,12991,12914,13949
12873: 13060,13205,14141,14036,15157,14886
13436: 
13896: 13197,15732,15367,13624,15082
14445: 15392,15740,14948,14607,13793,12865
14256: 12815,12915,14453,13141,15579,13138
13058: 13097,14665,14982,14548,13913,13179
13866: 13077,14737,14744,13883
28609: 14335,14072,12840,12881,14710,13813
15529: 13996
13897: 
13852: 15611,13417,14412
15193: 15508,13713,14287,13590,14208,28371
14278: 14060
13063: 15579,13799,14581,12932,13632,15346
13867: 14092,13321,13006,14413,14711,13243
14736: 14706,14658,15603,15462
14040: 14244
14234: 14227,15680,13136,13415
13719: 15401,15530,13181,14546,14622
15388: 15170,13708,14422,15436,13283,15620
15376: 
14721: 14066,14751,14706,14658,15518,13026
14019: 13458
15584: 13650,14226,15596,14531,13432,15770
15284: 
14140: 14964,14871,14967,14127
13755: 13532,14703,14491,14496,13064,28607
13426: 13690,14338
13368: 14301,14930,13404,15080,14733,13623
14647: 14393,14865,13861,13176,14246,13519
14217: 13553,13689,15556,14366,13732,13315
13526: 13854,13591,13438,14343,13395,14273
12964: 14027,15079,13247,13890,15045,13218
14544: 15632,15656,13743,14966,13379,15664
12848: 13810,15343,14764,13967
14864: 13566,15192,14279,12817,15759,12832
13189: 15429,13474,13021
14401: 13901,15073,14714,14146,15140
13250: 14789,15187,15286,12956,14937
13359: 14670
14372: 13535,15016
15772: 28520,12886,15237
12942: 13714,14956,14600,12851
14039: 
14577: 15789,14759,12963,14388
13993: 14101,14773,12990,15052,14294,15256
28607: 15751,13771,13064,13755,14703
14379: 14017,13485,13560,14207
14331: 14303,15536,13120,15245,15089
13776: 13943,13932
14286: 14097,15762,13914,14071,14006,14268
13475: 15585,13149,15423,15371,15447,14027
14688: 14435,14490,15292,15666,13125
14212: 13564,13641,14351,15294,28589
15682: 28650,13243,15590,13704,14910,15339
13163: 14831,13187,12967,12978,15231,15145
14002: 14885,14914,15457,14788,12969,12903
13546: 14090,14413,14477,15051,14523,15289
15213: 14206,14492,13919,14763,13531,14037
15120: 13005,15301
15636: 13717,14540,14934
13796: 14754,15059,14073,15018,14897,15068
14988: 15570,14236,13855,15676,13075
13674: 15498
15524: 15101,13961,12875
13978: 13095,13192,13561,13794,14095,13833
15025: 13571,13319,15227,12929,14564
12961: 13874,15711
12827: 
15509: 13606,14994,13162,12945,12941
14474: 14602,15328,13241,14473,13792
13407: 14572,15295,12922,14430,13767,13638
13454: 15780,15616,15659,14805,15304
13459: 15445,15540,13869,15665,15019,13710
13062: 14332,14800,14334,14173,14406,15426
13317: 14178,14896,15718,13734,13919,15677
13760: 15645,13797,15704,15773
13607: 14976,15591,14571,15415,13555,14591
13739: 15768,13057,15775,13603,13198,15719
15415: 14216,14395,14916,15591,13607,13555
13926: 13679,13332,13467,13734,14178,14817
15716: 13396
15041: 13601
15158: 13749,14810,14386,14257
14513: 13667,15217
13704: 14753,15590,15682,14910,15105,14770
15268: 14860,14528,14013,13437,15244
13273: 13909,14110,15758,13104,13954
13179: 13913,13238,14548,13058,15246
15582: 15188,13748,13764,15368,15571
13166: 13631,14858,13488,12950,14402
14008: 15634,14056
14610: 14218,14795,15331,14078
13235: 13653,13536,15743,15548,14359,15417
13356: 12824,13950
13821: 14599,13669,14991,13807,14769
14590: 13943,14007,14494,15250
15128: 14088
13774: 13965,14317,13231,14080,12869,15526
13934: 13364
13132: 15610,14296,14374,14928
13505: 
15558: 13944,13688,13528
13148: 12992
15473: 
13629: 13143,13991,13238,14076,15505,13773
14289: 15501,15194,15308,13068,14422,13228
14374: 15576,13986,14199,13132
13842: 14490,14472,13584,13125,14909
15160: 13547,13576,15460,12940,14262
15383: 14720,15091,13257,13373
15771: 12975,13360,13655,13733,13118,15232
13434: 14897,13844,15206,15068,14510,14972
14962: 14915,15252,15530,13181,13668
13372: 
13972: 14046,15560
14708: 14470,15398,13338
15374: 13581,15332,14169,15782,13340,14055
14001: 13851,13839,15225,14784,15283
14295: 15637,13433,13444,15152,15146,13511
14620: 14627,13527,13702,13137,15019
13920: 14032
14480: 14189,15709,15365,14554
14487: 13585
14943: 14718,13881,15707
15485: 14556,15150,13961,15005,13915,13418
13923: 15523,13052,13248,15434,14219
15438: 15002,14034,13744,15303,13496,14437
15369: 14385,13051,13200,12976
13798: 13631,13537,14857,14452
13128: 
12941: 12945,13907,14974,13606,15509,15811
15252: 14915,14962,13208,15530,13027,12958
15712: 14224,13399
15108: 13223,14393,13519,13780
15335: 14092,13321,13777,14423,14849,15247
13455: 13143,15456,14076,14444,14053
14257: 15544,14321,14810,15158
14415: 14232,12833,14966,14685,15201,13155
13363: 
12918: 14682
14518: 15178,15776,14808,13613,15311
13495: 14299,15306,13872,12897,12959,14767
14834: 14373,14837,12970
14131: 15223,13005,13741,14967
12978: 13163,13990,13773,15231,13817,15145
15265: 15737,13041
14560: 14534,13272,14822,15614,14520,15616
14454: 15329,14446
14785: 14112,15581,13216,13908
14820: 13268,14364,15459,14383,12860
14083: 
12821: 15022,15497,13968,14824,14727,13922
12878: 15699,14546,13936,12819,14106
14941: 13819,14165,13465,14989,15147
13205: 13060,12994,12873,15157,13679,13332
13534: 14876,15320,13752,14110
13300: 15804,15662,14527,13651,14997
15199: 14678,13862,13701,15300,13484,14813
13861: 13170,15470,13176,15262,14865,14647
13758: 14247,14015,15102,13429
14242: 14608,13088,14364,15251
13316: 15101,13961,13418
14038: 
15163: 14945,15516,15303,15002
12828: 14624,14653,15543,14216,14395,13663
15402: 
13456: 14819,14723,15776
13204: 
15626: 15617,15143,15116,13449,13569
15466: 15130,14854,13352,14122,13579
13176: 13254,12891,13861,14647,14246
13164: 13836
13820: 15419,15209,14579
15277: 15754,15499,13222,14742,14889,13515
12999: 14267,14844,13185,14081,13060,12994
15601: 13824
13540: 13726,12845,15774,13403
13551: 14507
14581: 14303,12932,14458,13063,14233,13632
13197: 13896,15732,15367,13828,13895,15714
13594: 14601,13108,14323,15517,14464,13117
14101: 13993,14773,15150
13699: 13002,14438,14568,15003,14479,14625
13086: 
14703: 13532,13755,28607,13771,14311,14098
14855: 14918,14540,15418
13490: 13930
15190: 13940,14447,14220
14076: 13913,13238,14444,13143,13629,13455
13541: 13274,13951,13908,14045,15360,14409
14228: 15135,13627,13020
12857: 14811,13449,14873,13569,14326
13180: 15131,14232,12833,14241,13483,15715
13357: 13590,13212,15203,15479,13597
14472: 13842,13725,14490,14093,13584,13878
15414: 
13111: 14742,14058,14255,12852,13545,15499
14555: 15226,13929,15738,15557,12960
13389: 28520,15162,14157,14250
14892: 13210,12864,13340,12928,14169,14022
15685: 15725,14069,13844,15206,13228,15308
13967: 13290,15523,14764,12848
13435: 15057,13528,15412,15347,14567
14506: 12898,14905,13232,14059,13297,14874
14905: 12898,14506,13525,13864,13232,13738
13254: 12933,13176,15512,12891
14267: 12999,14844,14238,15745,12994,13825
14902: 14690,13764,14405,14582,14139
13200: 14696,15369,15324,12976,14890
13282: 15110,13026,13935,13530,12984,14655
13031: 
14277: 14935,14337,15554
13752: 13909,14110,13534,15003,13149
14956: 13714,14420,12942,13666,15694
13269: 13698,14159,14944,15673,15728,15740
13987: 12869,15526,15754,13222,14460,14780
13891: 13716,13513,14149,14589
13898: 13429,15058,13073,14965,13440
15743: 13653,13235,14754,13599,15417,13493
14146: 15478,14984,15140,14714,14035,14908,14401
15634: 14008
14072: 14335,28609,14710,28661,15533
14129: 13806
13076: 13312,14565,15639,14091,12862,14777
14465: 13275,13703,12847,13675,14091,12862
14068: 12908
15200: 13740,13234,13516,15695,13442
15454: 14294,14307,14024,14252,13151
13973: 15521,15691,14065
14974: 12941,13907,15570,15811,13721,14786
13451: 14352,14317,13853,14320,12939
13612: 15189,15744,14327,14222,13856
13663: 12849,14642,14241,15543,14624,12828
13313: 15802,14794,14125,13642
14938: 
14772: 15637,13030,14508,15574,15361,13444
12974: 15202,13756,14438,14479
15364: 14547,12822
14499: 14262,12940,14533
13098: 15062,14389,13712,14725,14648
14883: 13539,13512,14209,13916,14369,15149
13055: 15475
15315: 13529,14419,15476,14158,14077
15027: 15644,14847,13552,14887,15062,15504
13107: 14992,14782,13457,14281,13147,15069
15468: 13587,13020
13473: 14205,14248,15449,15534,14107,13725
14307: 14294,15454,15256,14629,13875
13744: 14011,15303,14631,15438
14021: 14085
13472: 15178,15010,13921,15054
12903: 13963,14476,14313,14885,14002,12969
15266: 
13557: 12914,13949,15665,14420,13869
12867: 15631,15167,14099,13980,13493
14829: 14346,13497,15314,13441,14205,14248
14931: 14025,15344,15355,13085,14665,14982
13039: 13430,14576
13802: 13154,13648,13918,13696
15435: 15211,15393,13522,12968,15753
28371: 14287,15193
13244: 14400,15282,12938,14339,14229
14566: 13077,13182,13100,13234
13477: 14130,14947
12890: 
15351: 12911,14952,15797
15498: 13674,13543
14057: 13885
15355: 13559,15467,15646,13085,14665,14931
13523: 15089,15517,15536,13979,14984,14323
14520: 15780,13153,15616,13272,14560,14231
12938: 14953,15183,14339,14229,13244
13754: 
13422: 12902,15006
15631: 13599,12867,15549,13493
13487: 14504,13044,15042,13260,12835,15097
13631: 13166,12892,13798,14858,14003,14857
15086: 12882,14330,13430,15272,15763
13400: 15155,13573,14699,14833,14473,14200
13482: 14909,14880,15132,13070
15055: 14633,13970,15358,14313,14370,13165
14747: 13583
13905: 14894,13770,12972,13054,15807,14906
14049: 15258,13285,15765,13524,13709,14530
15545: 14888,14031,13110,15119,14425,15492
13059: 15555,12926,15395,13903,12868,13256
15787: 13956,15214
15396: 13946,13508,13879
13522: 15186,13299,15393,15435,12968
13548: 14877,14801,14357,13737,14842,15717
15625: 13134
13773: 13990,15505,13143,15231,13629,12978
13065: 15647,15651,13621,15547
13131: 15428,15013,14375
15494: 13281,15736,13460,13248
15258: 14049,13285,15765,13355,14283
14222: 14190,13856,13344,13420,14327,13612
13844: 13434,15206,13042,14972,14069,15685
14283: 14542,15258,13355,13069,13293
14080: 12869,15526,13774,13231,14614
14189: 14480,15709,12904,15074
13383: 13408
14047: 13784,14088,14046
13619: 13326,15563,15296,13365,14175,15741
13745: 15222,15793,13728
15497: 12821,15022,14691,13000,13968,14052
13215: 15341,14448,13762,13427,13267,15310
14980: 15758,14110
14945: 15163,15181,15593
15526: 14080,13987,12869,14317,13774,13222
15796: 13253,14616,15098,15463
15488: 12901,13795
14235: 
13283: 14163,15620,13022,14422,15501,15388,13708
13518: 15535,15044,15633
14458: 14581,14303,15517,14601,14233
13908: 13216,14045,14785,14112,13951,13541
12822: 15039,15781,15364
15004: 13793,12865,15564,13579,14143
15602: 15334,15327,15208,14196,12861,14297
15646: 13559,15355,12920,14762,13085
14245: 15117,13805
15003: 13699,14438,13752,13149,14625
12898: 14905,14506,13525,15709,14874
14346: 12953,13497,14829,13433,13511,15314
13168: 14090,13006,13865,12830,14895,12854
14264: 15365,14554,13161,14457,14960,12982,14580
13083: 13887,15304,14105,14191
15780: 14520,13153,15616,13454,13887,15304
14694: 
14034: 15002,13971,15438,14437,15442,13900
12950: 14552,13636,13488,13166,14402
15764: 14239,14586,15528,14619,14726,15790,15241
12843: 13826,14632,15542,15671,14649,14700
15006: 13422
15336: 13425,14459,14957
14412: 13417,13852,13778
14337: 14277,13750
14689: 13722,15486,13765,14005,15082
15058: 13898,13429,15362,14965,13388,14505
12953: 14346,13497,12912,13433,13112,14618
14719: 13753,13182
15365: 14264,14554,14480,14861,14457
15619: 
14846: 15635,13849
13515: 14460,13888,15070,15754,15277,14889
13310: 28553,15525,13498,15607,14592
14984: 15478,14146,14323,14908,13979,13523
14416: 28658,13466,15238,13124,13723,15520
14749: 14693,14975,15050,13040,14899,13925
15297: 13446,15604,14290,14482,13791
15307: 
14840: 14709,15379,13565
13733: 15771,12975,15232,13963,13872,15306
15553: 13577,15751,13771,14871,15223
13625: 13147,15069,15717,13262,14410,14781
12910: 15502,13494,13976,14048
14755: 14778,14437,13768,13496,14803,14835
12915: 14256,12815,15090,14096,14360,15218,14453
14541: 
13275: 14465,13703,12847,13658,13530,12921
15223: 14131,13005,14871,13577,15553
14740: 14108,14237,14399,14462,13150,13307
15727: 13183,13855,15599,15676
13416: 14598,15283
15198: 14007,14494,14680,14856,15708,15533
14757: 13311,15594,12967,14872,15342
15305: 14282,13339
14718: 13881,14943,13353,13886
15800: 13230,14852,14898,13543
14249: 
15095: 13206,15451,14237,13346,13037
13969: 
14533: 14499
14700: 28558,14649,15542,12843,15746,13558
13390: 14329,15046,15164
13763: 14203,15056,14862
15146: 15152,13578,13444,14463,12870,14295
13227: 15182,15097,14504,13023,15719,13603
12816: 13801,14816,15270,12948,15643,15670
13066: 15227,12929,15031,15734,15298,15008
15813: 13469,13645,14994,14561,13999,13162
14388: 15479,13597,14577
14330: 15086,14484,12920,15272,14762
13687: 13249,28622,14382,14353
15706: 
13106: 
14300: 13394,15263
13778: 14412,13251
14723: 13456,13858,14137
14756: 15175,13623,14930,15076,13082,13391
14191: 15103,15659,15653,15406,15304,13083
14059: 14161,14636,13232,14506,13297,14950
15610: 13132,14199,15038
13812: 13517,15263,12949
15323: 13173
13600: 12876,14079,15037
14099: 15167,14154,12867,13580,13980,13790
14380: 13343,14913,12998,14105,14954,15642
15224: 14356,13034,12820
14221: 14502,13012,13792,14573,14699
12901: 15488,13795,13113
13259: 15271,13279,13084,14043,13957
15264: 13019,13231,13660,14614
15697: 13832,13992,13225
13190: 15756,12931
14572: 13407,15295,15695,13184,15608,13638
13492: 13136,14433,15581,14344,13216
14009: 14893,14971,13751,15548,15572,12979
14698: 
14111: 14403
15749: 
13293: 14376,13589,14542,14283,13069
15641: 14796
14446: 14454,14026,14109
12970: 15675,14837,14834
13221: 14370,13165,13510,12897,14767,14961
14206: 14492,15213,14519,15718,14613,13919
14165: 14941,13242
13566: 15192,14864,14279,13467,15253,28557
15195: 13013,12818,14187
15762: 14097,14286,15343,14006,15112
15330: 15378,14527,14779,14618,15141
13825: 14178,14896,14267,15745,12994,13679
14825: 13675,14091,14958,15639
14303: 14581,14458,14331,15089
14922: 
14485: 14484,13276,12987
15156: 
15537: 13592,13424
13320: 15293,14467,13272,13695,14231,14493
13226: 
13601: 14203,14168,15041
13956: 15787,14790,15609
15077: 13596
13818: 14312,15484,14878
13836: 13199,13164,13706,15690
15176: 15618,13741
14676: 14594,14584,14578
14195: 13298
15617: 15741,14797,15626,15563,15116
15348: 15404,14831,12967,15342
15059: 14754,13796,14897,14486,13350,13653
13188: 14844,14238
13417: 14412,12965,15138,13852
15183: 14953,12938,13766,13028,14118,14469
13761: 15622,13172,13439,28664,14838,14259
14274: 15422,15748
14853: 15450,13691,14223,14149
15465: 13217,12880,13604,14120,15747,14761
15623: 14086,14952,12841
14794: 15114,13313,13615
13471: 13804,13630,14164,14836
15483: 14243,14339,14400,14826
12960: 15557,14555,15226,15338
13080: 13762,15504,14887,13468,13296,13267
14646: 14367,14053,15456,15594
14015: 13758,14428,14247,14171
14613: 15005,15482,12875,14519,14206,14492
13402: 
14411: 13986,14199,15263,12949
13718: 14356,15411
14630: 13790,13845,14100
13656: 14765,12954,13410,14365
14292: 15342,14512,14999,13099,13344
13654: 
15644: 15027,14847,14010,15496,15569,13552
14142: 14885,14914,15358,14983,14726,15241
14527: 15662,15330,15168,15141,13300,13651
15011: 14497,15276,14094
14774: 15278,13860,13121,15596
14136: 15500
13726: 13540,14204
15684: 13246,13769,14682
13314: 13318,14345,13240,15746,14919,15234
15233: 
13846: 15219
12837: 14873,15657,14668
13022: 13283,14163,15501,14194,14893,14971
13199: 13836,14815
15455: 12856,13664,15621,13461
14743: 13362,14523,15698,12836,14477,13614
13602: 13009,13398
14787: 15049,13322,13899,14075
13397: 13670,13152,14067,14244
13113: 14934,12901,15452
12998: 15406,13668,14105,14380,14913
13931: 14803,14835,15125,12846,13813,12881
13351: 
13854: 13526,15244,15075,13591,13438,14860
12969: 13158,15232,15457,14002,12903,13963
28652: 
15433: 
14874: 13297,13161,12898,14506,15709,14554
12928: 12885,13340,15175,13391,14892,13210
14398: 13281,15736,15613,14394,15060
14268: 14342,14006,15460,14071,14286,14753
14734: 15300,13484,13571,15254,15326,15761
13589: 14376,13293,14003,13154,12892
15789: 14577,14759,12963,15511,14113
13007: 13644,14451,14854,14260,14122
12984: 13103,14655,15001,15723,13282,13935
14253: 13547,13576,13785,14878
15550: 15216
15489: 13588,14680,14856
13219: 13095,13192,14969,14661,28628,14029
14623: 15291,14004
14517: 14161,14636,14328,13345,13280,14138
15045: 14431,15760,13218,12964,15079,13655
13618: 12995,13560,14687,14530
13470: 13289,13732,15577,15032,14315,15490
12897: 13872,14476,13165,13221,13495,14767
12831: 15238,12868,13374,13124,14782,13457
13285: 15258,14049,13709,15208,12861
13837: 14265,14783,15445,14309,13405
15552: 15130,15531,13214
13705: 13849,13411
14538: 
14352: 13451,13853,14151,14320,15353,12852
15806: 14838,14259,15782,14396,13089,15332
14399: 14455,14462,12924,13502,14108,14740
13202: 15586,15337,15592,15285,14551
13591: 13526,13854,15075,14198,15229,14273
14839: 13104,15758
14552: 12950,14402,15015
13154: 13802,12955,13977,14376,13589
14233: 12965,13632,15381,14581,14458
15164: 13390,14177
14318: 14821,14996,13287
14261: 13208,14575,13288
14565: 13076,13312,14777,14869,12844,14729
15319: 
15770: 14739,13432,15596,15720,15584
14530: 13709,14687,12995,13618,13524,14049
14371: 14811,13449,14797,13649
13664: 15704,15773,15573,15567,12856,15455
14168: 13601,14203,12982,15394
14760: 15216
15361: 15574,14817,13734,14508,15677,14772
14850: 13503,15240,14781,14281,13147,14827
14494: 15198,14007,14680,12913,14590
15656: 14969,15632,13014,14544,13743,15088
14832: 13428,13652,15629,13974,15693
14761: 15747,15220,15096,12880,15465,13115,14120
14639: 14570
15110: 13282,13026,13530,14066,14325,13703
14435: 14688,13651,14997,13501,15292,15666
15475: 13055,15607
15034: 13538,14103,13723,15491,13831,13902
13409: 14673,13393,14444,14982,14025,13913
13713: 13361,14589,14287,15193
14762: 14674,12882,14330,15646
15493: 13873,14033
15234: 14919,13697,15053,13318,13314,14010
15481: 
13749: 13659,14810,14386,15158
13027: 14748,12958,15573,14915,15252,15567
13970: 14633,15055,15588,14406,14370,14332
13011: 13253,15648,13119
13819: 14941,13242,13073,13465
15342: 14292,12967,14757,15348
13443: 
14115: 13127,14987,15072,15236,14349,15024
13725: 14490,14472,15292,13473,15534,14107
15325: 14526,13371,13694,15480,12925,14814
15334: 15327,15602,15208,14114
15166: 14498,14322,14468,14316
14551: 15001,15285,14737,15337,13202
14216: 15415,14395,14916,15543,14791,12828
15692: 14559,14251,15280
15109: 14507,14152
14819: 13456,12916,13982
14360: 13932,13463,14096,15230,12815,12915
13613: 14808,14176,15293,15178,14518,14348
15270: 12816,15643,14644,15670,13145,13736
14026: 14301,14930,14446,15076
15286: 14093,13584,14937,14880,13250
15056: 14558,15630,14862,15394,14203,13763
15404: 14014,13341,13099,15348,14831,13309
14162: 13727,13410,14365,15375,14426,13088
15500: 14186,14136
12959: 28559,14767,15118,14299,13495,15752
15426: 12945,13907,14173,13062,14334,13729
13902: 14017,13485,15034,13538,13831,15126
13682: 
13694: 12975,13360,15480,14526,15399,15325
13572: 14384,15801,13672,13748
14293: 15172,13570,14537,12879,15014,13211
14505: 14314,15458,15102,15362,15058
13336: 14543
14209: 14883,13539,14545,14369,14593,15180
13947: 13342,14085
12869: 14080,13987,15526,13774,14780,15546
14321: 15544,14867,14257,13716,13462
14377: 13958,14404,14163,14971,12979,14920
14547: 15364,15781,14063
14114: 13709,14687,15334,15208
15249: 14593,15180,13093,15017,12973,13081
14596: 13421,15071
14504: 13044,13487,13227,15097,13603
15594: 14757,13311,15456,14646,13187,12967
15228: 14211,15507,14868
12992: 13148
12940: 15160,14262,14499
13521: 
15422: 14274,15658
14644: 15654,14450,15372,15670,13736,15270
13824: 15130,15601
13024: 13900,14996,15030,13287,14891,15073
15677: 13919,14508,14763,13317,13734,15361
13869: 13459,15540,13557,15665,13714,14420
15591: 15714,14571,15367,13607,15415,14916
15773: 15704,13664,13760,15621
15599: 13644,14615,14133,15727
15133: 14549,13280,15805,14328,13647,13938
13239: 
14830: 
15271: 13279,13259,14973,14166
15222: 13745,15793
13321: 15335,14092,13867,28650,13243,15247
14392: 15273,13460
15226: 14555,12960,15338,13583
13662: 13511,12850,15314,15152,13386,15660
14770: 13785,15105,14753,13704,14342,13547
15765: 15258,14049,13355,13539,13524,14545
14894: 13905,13770,15235,13759,15807,13549
13835: 12957,14296
14668: 12837
14224: 15672,13399,15712
28658: 13941,13466,14416,15520
14953: 12938,15183,14339,13751,13766,15794
14578: 15592,14790,14594,14676
15032: 14315,13379,15664,15556,13470,13732
14896: 14178,13317,13825,15718,15745
13167: 14624,14653,13483,13142,15051,12854
14484: 12920,14485,15272,14330
15185: 14875,14094
14054: 15020,15425,14569,13992,13649,15522
14837: 15675,12970,14834,14373
15504: 13080,13712,13762,15027,14887,15062
13918: 13537,14857,13802,15257,13696
13486: 13034,13772
14500: 
13127: 14987,14115,12980,15072,12948,14535
14525: 
14219: 14097,13914,14764,13923,15434
15040: 14925,13428,12911,14269
14284: 
13194: 15477,13295,13408
15478: 14984,14146,15140,14323,14978,13117
15114: 14794,13683,13509
12904: 15074,14189
13468: 14240,14887,14906,14807,13080,13296
15119: 13110,13661,15545,14031
14713: 15071,15373,14735,15408,15484
14569: 14621,12877,15136,15425,14054
14852: 14254,13230,15800
14385: 15369,13051,14697,15502,15777
14442: 14011
12914: 12991,13666,13557,14813,13949,14420
14744: 13171,13665,14737,13866
14680: 13588,15489,14856,15198,14494
13388: 14965,13794,14095,15362,13960,15058
13296: 13427,13267,13323,13468,14807,13080
15443: 14012,15640,13156,13253
14763: 13919,14508,15677,15213,14657,14037
13123: 
13478: 13620,15100,13542,13874
14711: 15595,15289,14413,13867,13243,14028
14130: 14170,13477
14707: 
14419: 13529,15476,15315,15681,15755,14459
14074: 13177
14634: 14990,15301,13513,14215
15048: 14378,14841
13494: 15777,12910
14443: 
14895: 12830,15715,12854,13483,13168
13797: 13760
13169: 13968,14824,15312,13959,12966,13862
14934: 13113,15161,13717,15636
14314: 14505,13303,15458,15102,15087
13324: 13916,14827,15126,14992,13831,14281
14818: 14985,13101,14730,13731,15173,13178
12846: 15125,13294,12842,15669,13813,13931
13892: 12879,28660,15357,15014,13678,13728
14660: 14128,15587
14139: 14582,14902,14690,14320,12939
14060: 14278
14870: 15012,14970,15113
13072: 12943,13122,15647,15547
14821: 15593,14318,13971,14996
13419: 15805,13299,14063,13936,14106
15023: 14924,13779
15313: 15170,13708,14979,13730,13770,12972
15014: 12879,13892,14293,13564,14351
13135: 
14816: 13801,12816,12948,14509,15345,12980
13587: 15468
14177: 14631,15164,12935
14748: 13027,12958,15573,14575,13342
15511: 13620,15789,12963
28298: 14806,15614,15430,14950,12834,14822
13009: 13602
13632: 14233,15381,14581,13063,15346,15611
13484: 15300,14734,13959,15254,13862,15199
12830: 14895,15715,13168,13865,13593,14514
15260: 15628
13249: 13687
14141: 14081,14220,14036,13060,12873
14887: 13552,14240,13468,15027,13080,15504
13932: 13463,14360,13776,15230
15042: 14340,15663,13260,15432,15097,13487
14102: 15298,15227,14275
14656: 14570
12824: 13356,13815,13950
15328: 14602,14474,13241,15274,12996,15541
13961: 15101,15524,13316,15005,13418,15485
13633: 13240,13558,14145,15022,14691,15288
15094: 13223,13780
13146: 14861,15074
13225: 13992,15697,15522,15409
14370: 13165,13221,13510,13970,15055,14332
12847: 14465,13275,13658,12862,14641,14828
14227: 14234,15680,13608
12997: 
13344: 14222,14190,13099,14292,14512,13420
14383: 15703,13659,13268,14820
13981: 13834,15613,13952,12884
13630: 12962,14164,13804,13471
13211: 13354,14351,14293,13570
15029: 15759,15368,15571,14151,15353,15104
14884: 15459,15377,15251,15092,13532
13075: 15127,14988,14236,13562
13734: 13926,14178,13317,15677,14817,15361
15790: 14633,15588,15241,15764,14586,14561
13766: 15683,15572,13028,13751,14953,15183
13440: 15171,14965,13720,14160,13898
14004: 15291,14623,13358
13571: 15025,13319,13491,15254,15326,14734
28650: 15682,13243,13321,15247,15339
13415: 15360,13895,13136,14234,15680,14045
14116: 15052
15767: 
13885: 14057
14033: 14469,15493,13261
14710: 28609,14072,12840,28661,12893,13120,15196
14244: 14040,13306,13397
14781: 15240,14850,13147,13625,13262,13001
15155: 13400,13573,15363,14282,14833,13339
13578: 15152,15146,13386,14463,13545,14058
13992: 13832,15697,13225,15136,14054,15522
14667: 14127,15290,14417,13904,13277
14592: 15607,15525,13310
13817: 13067,15145,13990,13089,12978
15766: 13509,13333
15076: 14955,14930,14026,14756,13082
13210: 14792,14892,12864,12928,13391
14492: 14206,15213,14613,13915,13531,13392
15288: 15022,13240,13633,13922,13616,14345
14568: 13699,13002,13677,14481,15585,14625,14702
14025: 15344,14931,15099,14982,13393,13409
14464: 13117,13594,15267,13994
15637: 13030,12912,14295,13433,14772,13444
14023: 28616,15398,13338,12866,13757,13481
13133: 12853,13933,14378
14791: 13015,15543,15471,14119,14216,14916
12913: 14494
14879: 12871,14434,15434,15316,13955,15595
15503: 13650,14226,15747,15096,15372
13512: 14883,13539,13524,15149,12995,14207
15774: 12845,14891,13901,13540,13403
13986: 14411,14199,15085,14374
15049: 13322,14787,13843,15115,15627
15467: 13559,15355,14051,12883,13788,13097,14665
14662: 
14466: 14503,13335
15664: 15032,14315,13379,14544,13743,14440
14164: 13636,12962,13630,13471
14051: 13948,12883,12936,15467,13788
14437: 14778,14755,15442,13496,14034,15438
13652: 13428,15129,14832,13974,13870
13944: 13508,15558,13528,13673
12868: 13903,15238,12831,13374,13256,13059
13203: 
15638: 15469
14865: 14393,14647,13861,14455,15262,13880
13067: 13817,15403,13089,13581,15332
14847: 15027,15644,15496,14201,15062,15808
13360: 13694,15771,12975,13655,15760,15399
12882: 15086,13140,15763,14762
14618: 13112,14779,12953,13497,15330,15141
13990: 15505,14396,13089,13773,13817,12978
14498: 15166,14322
14686: 14144,15067,15211
14150: 15024,15568,15072,13193,14933
12894: 13458,14539
14281: 14992,13107,13147,14827,13324,14850
13354: 14351,14671,13211,15016
14396: 13990,15505,13089,15083,15806,14259
15321: 15117,15648
13094: 13568
13413: 14461
14746: 14978,14272,13353,13881,15267
13535: 14372,14695,13554
14728: 
15629: 13500,13974,15142,15693,14832
15066: 
13042: 14800,14334,15243,14972,14069,13844
13175: 15729,12954
13998: 15446,15675
15220: 15747,14761,15096,13115,14357,14842
15650: 14024,14252,12839,15662,15378,14684
15394: 14960,12982,14203,14168,15056
15096: 15747,15220,14761,15503,14842,15654,15372
15036: 13220,13090,13414,15702
15413: 13074,14869,12844,13941
13862: 14678,15199,13959,13169,14824,13484
15069: 13147,15717,13625,14801,13457,13107
28622: 13687,15724,14353
15486: 13722,14689,13003,13765
13826: 12843,12946,14632,15118,15671,15752
14163: 13283,15620,13022,14971,13958,14377
13126: 14359,15417,15683,14285
13637: 15037,13499,15424,13425
13307: 12956,14740,14462,15333
13255: 15600
15391: 
13017: 13516,13480,13442
13345: 13232,13738,14328,15753,13327,14636,14517
14867: 14321,14669,15450
13057: 15768,13739,13603,13044,14993,13270
14258: 14381,15461,14998
13004: 
15728: 14427,14084,15673,13269,15392,15740,15624
15248: 
15407: 13376
15424: 15310,14448,13425,15037,13637
14213: 
13939: 
12921: 15713,13530,14655,13942,13275,13658
15337: 15586,15518,13202,15001,14551,13935
28651: 
15717: 15069,13625,14801,13548,13737,14410
15491: 14992,14782,13831,13124,15034,13723
13507: 15411
14495: 
15431: 15257,13452
14053: 14646,14367,14444,13839,15456,13455
13510: 14370,13221,14332,14800,15243,14961
15693: 14925,15629,13757,14832
13570: 15172,14293,14695,14489,13211
14715: 15713,12922,13658,14828,14363,13767
15741: 15617,14797,13619,15563,14175,15020
13177: 14074,14124,15278
14512: 14292,14999,14190,13344
15571: 15368,15029,15582,13764,14690,14151
12832: 15759,15368,14135,12817,15188,14864
13537: 13918,14857,13798,13452,14604
12835: 13274,13260,15179,13487,13800,15471
14457: 15365,14264,12982
14930: 14301,14026,13368,14756,13623,15076
15235: 14894,13770,13708,15620,13759,13958
13635: 15246,13991,15083,12996,15541,13172
28659: 
13406: 14085
13964: 14915,15567,15453,14913
13366: 13735,13945,13025
13737: 14842,15654,13548,15717,14410,13736
15135: 14082,14228,14550,13020,15259,13870
15681: 13295,15755,14419,14459,13408
15147: 14989,14941
13068: 14716,14422,13228,14940,15436,14289
15585: 13149,13475,15423,14625,14568,14702
15719: 13023,13198,13043,13227,13739,13603
13709: 14114,14687,14530,14049,13285,15208
14716: 13068,13228,14940,15562,15725,12946
13268: 14820,14364,14383
13678: 15793,13681,28660,13892,15357
15280: 14921,14768,15692,14559,14251
14797: 15741,15617,15020,13649,13449,14371
13966: 14048,13151,14697,15302,15502
15539: 12987,13195,14663,13610,14174,13948
14090: 13006,14413,13546,13168,15051,12854
14455: 14399,14462,15262,12924,14865,13096
12986: 15649
13084: 14405,14043,14582,13957,13259
14086: 15623,14152
13019: 15382,15264,13279,14166,15799
13810: 15343,12848
13032: 14461
15247: 14849,13556,15335,13321,28650,15339
14210: 
13195: 15539,12987,15722,13948,12883
13138: 15579,13799,14256,13141,14230
14901: 14619,14726,15173,13178,14983
13101: 14985,14818,14730,15331
15295: 13407,14572,15695,12896,13740,14430
12930: 14157
14297: 15721,15598,15327,15602,14196,13877
14408: 
15035: 14170
13697: 14919,15234,13054,15053,13730,12972
14382: 15169,13687,14353
28558: 14979,14649,14700,15746,14919,13730
15353: 15104,14255,12852,15029,14151,14352
13012: 14502,14221,14573,14860,14528,15075
14251: 14078,13050,15692,15280,14921,14218
15350: 
13305: 15061,13462,13361,13375,15255
13543: 14898,15498,15800,13848
13340: 12885,12928,14055,15374,14169,14892
14652: 
13051: 15369,14385,15777
13445: 14536,15269,15797,14848
13901: 14401,15774,15140,13403,14272
15612: 14654,15506,13542
15718: 14896,13317,14519,14206,13919
13140: 12882,13975
15520: 14103,13723,28658,14416
14671: 13354,15016,28589,15217
14936: 13018,14029,13095,13960,14975,14095
13218: 14431,15045,12964,15750,15380
15620: 13283,14163,15388,13708,15235,13958
15398: 28616,14023,13338,14470,14912,14708
14871: 14140,14964,14967,15751,15553,15223
14329: 13390,13294
15593: 14821,14945,12853
13332: 13679,13926,13467,13205,15157,15192
13469: 15813,13645,14994,15392,15624,14948
14424: 15145,15403,13326,13309,15296
14056: 15078,14008
14769: 13821
15667: 
13410: 14162,13727,13656,14365
14649: 28558,14979,14478,14700,12843,14632
14886: 15157,14135,15559,12817,14036,12873
14758: 13263,13207,13343,15400
14340: 15663,15042,13301,15432
13580: 15587,14154,14099,15421
15540: 15445,13459,13869,15583,13405
13679: 13332,13926,12994,13205,14178,13825
12899: 
14691: 15022,15497,13000,13371,13633,14145
13701: 13213,14678,15199,14813,13137,13949
15384: 14126,15124,13303,15087,15009
13556: 12934,14849,15247,15242,15339,12888
12963: 15789,14577,13620,13109,15511
13843: 15115,14995,15049
15444: 
13411: 13849,13333,13705
14519: 15739,15482,15718,14613,14206
15072: 13127,14115,14535,15024,14150,13193
13621: 15366,15651,13065
13816: 13246
13827: 15352
15290: 13504,14417,13904,13381,14667
14690: 14902,14151,14320,13764,15571,14139
14243: 15794,14920,14339,14583,13367,15483
13481: 13595,13605,14023,13757,14925
14031: 14888,15545,12863,15119
14996: 13024,13971,14821,14318,13287
13353: 13403,14272,14746,13886,14718
13178: 13677,14983,14818,14730,15173,14901
12875: 15482,13781,15524,15005,14613
15329: 14454
15256: 14294,14307,15052,13993
14032: 13920
15085: 14645,14361,13986,12989
13791: 14482,15297,13446,15169
13395: 14343,14733,13526,13438,13237
14672: 13214,12814,14607,12865,13579
13563: 13520,13882,13334
12858: 
13965: 12939,14903,13774,14317,13231
14183: 
13747: 15031,14414,15734,13609
15542: 14814,15671,12843,13558,14145,14700
12912: 15637,13030,13433,12944,13112,12953
15352: 13921,13306,13827
14645: 14361,15085,15099,13937
14726: 14901,14619,15764,14142,15241
14012: 15443,13829,13070,13119
13198: 13043,15719,13739,15775,13689,13626
13444: 15574,12870,15637,14295,14772,15146
15611: 15346,15148,13632,15381,13852
28575: 
13396: 15716,15221
14199: 14411,13986,12949,14374,15610
13245: 13458
14537: 14497,15047,12879,15172,14293
14714: 14449,15030,14035,14401,15073,14146
13079: 14789,15187,15687,13061
15445: 13459,15540,13710,14309,13405,13837
15781: 13806,12822,14547,14063
13575: 14324
13291: 13686,14187,15561,13506
13887: 15304,13083,15780,13153,14954,14926
13538: 15034,14103,14017,13902
15317: 14066,14751,14325,14958
14557: 13047
14857: 13918,13537,13631,12892,13798
14514: 14661,28628,13593,12830,13865,14092,13777
14006: 14268,15460,14286,15762,15112
13231: 15382,15264,13965,13774,14080,14614
14991: 13809,13669,13821
15192: 13566,14864,15157,12817,13332,13467
14125: 13642,13313
15196: 15218,15245,14710,28661,15090,13120
14471: 13722
14011: 13744,14442
14778: 14755,14437,15442,15028,14449
15065: 15596,14531,13184,13860,14732
15399: 14882,14526,15760,13694,13360,12829
13460: 15273,14392,15494,13248,15523
14395: 15415,14216,13787,13555,14653,12828
14196: 13278,12861,15602,14297,15809,13877
13925: 14899,15492,14425,14637,13040,14749
15700: 14899,15492,14888,14087,15124
13985: 13424
13125: 15640,13156,14688,13842,14490
14702: 15457,14788,14568,14481,15585,15423
14614: 13660,14612,15264,13231,14080
15267: 14464,14746,13881,13994
14285: 14100,13126,13790,15683,13028
13565: 15738,12895,14840,15379,14923
14194: 15501,13350,15194,13536,13022,14893
15736: 14398,15494,15060,12836,15769
15508: 15193,15100,15255
12954: 14765,13656,13175
13449: 14811,12857,14371,14797,15626
15687: 13079,15187
14215: 13246,14634
13014: 14969,15632,15656,15131,14661,13593
14122: 13352,14133,15466,14854,13644,13007
15600: 13255
14296: 13132,13835
13038: 13056,14156,14881,13910,14731
13738: 13232,13345,14144,13864,13327,14905
13519: 14246,14393,14647,13223,15108
14842: 13737,15654,15220,15096,13548,14357
15551: 15159,15207,13617
14595: 
15469: 15370,14725,14265,15638
13479: 
14231: 14176,14520,13153,13272,15293,13320
15459: 14884,15377,15251,14820,14364,12860
14928: 12957,15576,13132
13159: 
14841: 13962,15048
15043: 14042,13995
13499: 15037,13637
14806: 15614,28298,12874,15430,14580
14433: 13492,13136,14898,14044,14344
15707: 14943
15170: 15313,15388,13708,15436,14979,14478
28589: 13667,14212,14671,15674,15294
15118: 12959,28559,15562,15752,13826,12946
15231: 13143,15456,13773,13163,13187,12978
14948: 15392,14445,13793,13469,14994,14429
15618: 15176
13527: 14627,14620,14201,13702,14981,15496
13295: 15681,15755,14336,13194
13623: 14756,15175,13448,15080,14930,13368
14062: 14866,15748,15739
13769: 15203,14771,15684,14682
14725: 15370,15469,14648,13098,14265,14783
14616: 15796,14890
14522: 13610,14750,14833,15363,13950,14174
14959: 13710,14309,14201,13702,15808,14389
15377: 14884,15459,12860,15122,14098
13191: 
15554: 14277
13380: 
14175: 15020,15425,14148,13365,13619,15741
15052: 14116,13993,15256
12817: 15157,14886,14135,15192,14864,12832
13581: 15374,15332,14169,13067,15403,15144
13050: 14078,14251
13857: 15397,28641,14752,15229,15386,14273
15709: 14189,14480,12898,14874,14554
14807: 15807,14906,15153,13468,13296,13323
15208: 15334,15602,14114,13709,13285
13868: 
13569: 14873,15657,15626,12857
14503: 14466
15205: 15287,12971,13611
15527: 14452,13850
13099: 13341,15404,14292,13420,13344
14013: 14528,15268,13841,13364,13437
14817: 15574,15361,15253,13926,13467,13734
14218: 14610,15331,14078,14251,14921
13237: 13404,15063,14599,13395,14733
15428: 13131,15013,14126,14087,14375
15366: 13621,13863
13342: 13947,14748,15645,15704
14843: 14768,14061
15523: 13923,15273,13460,13967
15236: 14968,13001,14349,13715,14987,14115
15214: 14584,15787
15744: 13612,14327,15657
15241: 14633,15790,14726,15764,14586,14142,15358
14095: 13388,13794,14936,13095,13978,13960
14918: 14855,14917,15705
15037: 13499,13637,15424,13600
15386: 15080,14343,14273,15397,13857,13448
14232: 14415,12833,13180,14685,14642,14241
14287: 14990,13713,15193,13590,13212,28371
13677: 13178,14481,14730,13002,14568
15742: 
15333: 14387,13307,15187
14394: 13735,13025,14398,13281
13447: 15628
13554: 13298,14695,13535
13233: 14588,15581,13786
13464: 13995
13655: 15771,13360,15079,13118,15760,15045
13029: 12838
13624: 15082,13896,15367,14571,14202
15169: 14382,13924,13446,13791
15210: 12933
14573: 13012,14221,13841,13573,14699,14528
15705: 15078,28646,14918,14917,13377
15740: 15392,14445,13698,13269,14607,15728
15615: 14319
12917: 13087
13542: 13620,13478,14654,15612
13530: 15110,13282,14655,13275,13703,12921
14107: 15451,13473,15449,13725,13878
15652: 
15661: 14863
14118: 14100,13028,15183,14469
15314: 13511,12850,13662,14346,14829,14205
15528: 15764,14239,14704,14427,14084,14619
13604: 14363,15165,13767,13217,15465,14120
13767: 14363,13604,12922,14715,13407,13217
13653: 13536,13235,15743,14754,15059,13350
13208: 14261,15401,15530,12958,15252
14804: 15008,14651,12929,15565,14564,12966
13561: 12934,14423,14849,13192,13978,13833
14574: 15532,14305,14436,15318,14563
14402: 14452,13166,14552,12950
15763: 13394,12882,15086
13427: 13296,14077,13267,13323,13215,15310
14269: 15269,15040,13428,15129,12911
28641: 13857,14752,28664,13439,15229,14838
13403: 14272,13353,15774,13901,13540,13886
15567: 14915,13964,13027,15573,13664,12856
15701: 
14643: 12896,13103,13883,15723,13077,13234
15587: 14197,13580,14660,15421
13683: 15114,15802
14077: 13427,15476,15315,15310,15730
15778: 13549,15710,14640,13759,14404,14583
28634: 12872
13196: 14872,13929,14923,14741,13311
13735: 14394,13366,15174,13945,13834
13348: 14622,14524,13181,15653,15406,13668
14935: 14277
14775: 15804,14684,15324
13387: 13141,15230
14635: 15635,13105,15291
14648: 15370,14725,13098,13712,15341,14079
15216: 15452,15550,14760
15675: 14837,12970,13998
14732: 13217,13638,12880,13184,15065,14531
15429: 13189
15046: 13390
12865: 15004,13793,14607,14672,14445,13579
14753: 13639,15590,13704,14342,14268,14770
14982: 14665,13058,14025,14931,13913,13409
13182: 12927,13100,14719,13753,14566
14456: 13608,13003
14759: 15789,14577
13271: 15275
13334: 13563
14771: 15203,13769
12920: 15722,14484,14330,13559,15646
14599: 13669,13821,13807,13237,15063
12825: 
13060: 12994,13205,12873,14141,12999
12892: 13631,13589,14003,14857
14345: 15569,13318,13314,15288,13240,13616
14316: 13698,15166,14944,12814
12906: 15464,12900,13093,13081,15580
14263: 13928,13927,13983
14767: 12959,28559,14961,12897,13221,13495
14729: 15555,12926,14565,12855,14777,14869
13568: 13094,13832
14739: 15412,13432,15770,15720,13688
14174: 14628,14200,14522,13610,15539,13948
14570: 14639,14656
15294: 15674,14949,13641,14212,28589
14279: 13566,14864,15759,28557,14016,15104
15093: 15420,13700,12888,13622,14160,13229
12907: 
12833: 15131,14232,14415,14966,13180,15632
14738: 15081,13092
15547: 13065,13072
13636: 12950,14164,15598,13877,13488,12962
14849: 12934,13561,14423,15247,13556,15335
13700: 13308,15420,15093,15408,13229,13008
14366: 15201,13155,15556,15775,14217,13689
12975: 13694,15771,13360,13733,15306,15480
13287: 14891,14318,13024,14996
13498: 15607,13310
13875: 14048,13151,14307,13976
15799: 15359,14166,13019
13152: 13397,14862,14067
15784: 
15060: 14776,15698,12836,15613,14398,15736
14353: 15724,14382,14482,15566,28622,13687
13394: 15763,14300,13838,14181
14670: 14188,14823,13359
12860: 14669,15122,14820,15459,15377,13659
14695: 13298,14489,13554,13570,13535
15259: 14436,15318,13870,15135,13020,13782
12819: 13938,14147,14106,12878,14622
13448: 15175,13623,15386,15080,15397,12885
12836: 15060,15698,15736,14743,13362,15769
12966: 13959,14564,15254,14804,15565,13169,15312
13681: 14390,13678,15357
15411: 13507,13718
13560: 12995,13618,14207,14379
13171: 13665,14744
15103: 15659,13997,14191,12985,15653,14524
12902: 13509,13422
13855: 13183,13423,15727,15676,14988
15356: 13370
14811: 12857,13449,14371,14225,14326
14553: 13750
15283: 14709,14001,13416,14784
15757: 
13331: 
14020: 14018,13056,14156,14154,14197
14334: 13042,14800,13062,15426,14972,13729
15514: 15555,15395,12855,14705,15165,13893
13863: 15366
15670: 14450,15347,14644,13801,12816,15270
15382: 13019,13231,13279,14903
13907: 12945,12941,14974,15426,13729,13721
14968: 15236,13001,14349,15017,15240,12973
12956: 13150,14937,13307,13250,15187
13878: 14093,13037,14107,14472
15292: 13725,14490,13501,15534,14688,14435
15651: 15647,13065,12951,15535,13953,13621
13658: 13275,12847,15713,12921,14715,14828
14633: 13970,15055,15588,15790,15241,15358
15354: 
14940: 13068,14716,15436,12946,14632,14478
15708: 12842,14856,13813,15198,14335,15533
14803: 15028,13931,14900,14835,14755,12881
13599: 15631,14754,14073,15743,13493
15375: 14365,14963,14162,14496,14266
13355: 15258,15765,14545,14302,14542,14283
12859: 14421
14145: 13633,13558,13371,15542,14814,14691
14127: 14667,14140,14964
15480: 14299,15306,13694,12975,15325,12925
13882: 15021,13563
14133: 13352,15564,14122,13644,15599,13183
13002: 13699,14568,14479,15331,14730,13677
13028: 13766,15683,14118,14285,15183
13141: 13387,14256,12815,13138,14230
12968: 15805,13522,13299,15435,13647
13035: 14603,15788
14152: 14086,15109
12926: 14729,15555,13059,13074,14869,13903
12973: 14605,13081,15017,14968,14349,15249
13698: 13269,14316,14607,14944,12814,15740
12982: 14960,15394,14264,14457,14168
15699: 12878,14546,13936,15686
13716: 13891,15450,14321,13462
13851: 14271,14001,12909,13839,15474
14558: 15056,15630,14862,13695,14067,14493
13916: 14827,13324,14369,15149,15126,14883
14188: 14670
14169: 13581,15374,13340,14892,14022,15144
14526: 14882,13000,13371,15399,15325,13694
15015: 14836,14552
13906: 15427,14202,13952
14046: 13972,14047,12872
14493: 14067,13646,13695,14558,13320,14467
14508: 15677,14763,15361,14657,13030,14772
15028: 14803,14900,14778,14449,15000
14426: 14608,15092,13088,14162,14266
14507: 13551,15109,14692
14423: 13561,14849,28628,15335,13777,13192
15691: 15521,15694,13373,13973
15405: 13814
15436: 13068,14422,14940,14478,15388,15170
14655: 12984,13103,13942,13282,13530,12921
15107: 
13040: 13018,15111,14637,13925,14975,14749
13284: 14429,13606,14143,13183,13423,15811
14420: 13714,14956,12914,13666,13557,13869
14084: 14427,15673,15728,14650,14704,13337,15528
13489: 14859,13347,12839,15472,14779,15378
15516: 15303,15163
14161: 14059,14636,14517,14138,14950,12834,14521
15596: 15065,14531,13860,14774,15584,15770
15090: 28661,14799,14096,15218,15196,12915
15463: 15666,15098,13156,15796,13253
13288: 14587,15686,14546,14261,15401
15754: 13222,15277,13987,14460,13515
15714: 15591,13828,13197,15367,13550
14925: 15040,15693,13757,13595,13481
14799: 15250,28661,15533,15090,14096,13463
15808: 15062,14389,14201,14847,14959
15583: 13405,15279,15540,13707
14061: 14117,14843,14798,14768,14579
15622: 15541,13172,13761,13241,14766,13439
15389: 14050
13528: 15057,13435,15412,15558,13944
12957: 13835,14928,14511
14782: 14992,13457,13107,15491,12831,13124
28618: 13071
13376: 15407,14432
13648: 13046,13122,13802,12955,13696
13531: 13840,13392,14492,15213,14037
13401: 13975
15081: 15338,14738,13583
13461: 13899,15400,15455
13276: 14576,14432,14485
14815: 13199
13408: 13383,15681,13194,14459
15653: 15103,14191,14524,13348,15406
15129: 13428,13652,14436,15269,14269,15532
14509: 15345,14659,14816,12980,13265,14603
15471: 13015,14791,12835,14119,15179,13800
13711: 14617,28662
14375: 15428,13131,14126,12983,15009
14098: 13691,14311,15377,14703,15122
14373: 14834,14837,14030,13692
13207: 13263,14758,13899,15400,13858,14137
13922: 13616,15803,12821,15022,15288,14727
15686: 14587,13288,13474,15699
13977: 15464,15580,14376,13154,12955
14124: 13177,15720,13688
28664: 28641,14752,13439,15229,13761,14838
12884: 14976,14202,13981,13952,14591,14776
13547: 15160,14253,13576,14342,15460,13785,14770
14975: 14693,13960,14749,14936,13018,13040
13156: 15640,13125,15463,13253,15443
14282: 13815,15363,15305,15155
14393: 14865,14647,13519,13880,15108
13045: 
14450: 15372,15347,14567,15670,14644
14275: 13685,14102
14404: 13759,13958,14377,14920,15778,14583
14976: 13607,12884,14202,14571,14591
12935: 15125,13294,13768,14177
15689: 13349,13087
13777: 15335,14092,13865,28628,14514,14423
14854: 15130,15466,14122,13007
14325: 14066,15317,15110,13675,14958,13703
14549: 13280,15133,13938,14147,14524,12985
14502: 13012,14221,13792,15075,14766,14198
13815: 15363,14282,13950,12824
15063: 13237,13807,14599,15309
14344: 14588,15581,14898,13492,14433
13929: 14872,13196,14923,15557,14555
15560: 13330,13596,13972
13728: 13564,13641,15793,28660,13892,13745
12905: 28520,15461
13740: 13234,15200,12896,15295,15695
28663: 13325
14417: 15290,13504,14667
14305: 14574,14563,15207,14848
14478: 14979,14649,14632,14940,15436,15170
13228: 13068,14716,15725,15685,15308,14289
13018: 15088,14936,14029,13040,15111,14975
14201: 13527,13702,14847,15496,14959,15808
14965: 13388,13794,13720,13898,15058,13440
15635: 14635,14846,13105
14679: 
15301: 14132,13513,15120,14634
14727: 13213,14678,14824,12821,13922,15803
15419: 15519,13820
15659: 15103,13997,14191,14805,15304,13454
14631: 13496,14177,13744
14653: 14624,13167,12828,14395,13787,13142
14071: 12871,14434,14286,13914,13639,14268
14992: 14782,13107,15491,13831,14281,13324
13742: 28657,13382
28559: 12959,14767,15118,14961,15562,12952
14439: 15349
12820: 13034,15224,15033
13974: 15142,14550,15629,13652,14832
15068: 13434,14897,14510,15439,15018,13796
14432: 13376,13276
15788: 12993,13035,14603,15633
13144: 14418,13264
14627: 13527,14620,14981,13213,15803,13137
15026: 
15311: 13876,14808,14518
15251: 14884,15459,14242,14608,15092,14364
14548: 13788,15274,12996,13097,13058,15246,13179
13206: 15451,15095,15007,12937,15070,13346
14058: 13111,14742,13033,13545,13578,13386
15810: 
14705: 12855,14641,14828,14363,15165,15514
13304: 15273
14917: 13377,14918,15705
14298: 
13870: 15259,14436,14550,15135,13652
14441: 
14363: 15165,13604,13767,14715,14828,14705
13465: 15171,13102,14989,14941,13819
14407: 13082,13628,13391,14792,15151
14312: 13818,14134
15137: 13680
13579: 13352,14672,13214,15466,15004,12865
14271: 13851,12909,14361,12989,14598
13659: 13749,14810,14383,12860,14669
13318: 15569,14345,13314,15234,14010
15016: 14372,13354,14671,15217
12934: 13561,14849,13556,13622,13833,12888
15287: 12971,14511,15205
14793: 14262,13576
14872: 13196,13929,14757,13311,14999
13109: 15479,14208,12963
14612: 14614,15261,15546,13170,12891
14546: 12878,15699,13288,15401,13719
14752: 15397,13857,28641,28664,14838,15782,14055
13550: 14119,15179,14409,13828,15714
15084: 
15074: 12904,14189,13146
14170: 15035,14130
13298: 14695,14489,13554,14195
14866: 14062,14238,15745,15739
13261: 14033,14609,14211,15507
14029: 15088,14936,13018,14969,13095,13219
13995: 13464,15043
15513: 
14876: 13534,13756,15783,15320
15123: 14585
15269: 14269,15129,15532,13445,14848
14780: 15470,12924,13502,15546,13987,12869,14460
14897: 13434,15206,14486,15068,15059,13796
14220: 14081,14141,15190,13940,14036
14421: 12859
13089: 13990,14396,15806,15332,13817,13067
13430: 13039,15272,15086
14035: 15000,14908,14449,14714,14146
13795: 14924,15488,12901
14589: 13713,13361,13891,14990
13950: 13815,15363,12824,13356,14522,14750
15250: 14799,14007,14590,13463
13016: 14065
14357: 14877,13548,14070,13115,15220,14842
13491: 13571,13319,13685,15326
14272: 13403,13353,13901,14978,14746
15154: 14515
14462: 14455,14399,14740,13307,13096
13941: 28658,13466,13074,15413
15786: 
14777: 12862,12855,14641,13076,14565,14729
14085: 14021,13406,13947
14674: 14762,13085,13975,13937
13982: 14819
13669: 14599,13821,14991,15244,13438
13945: 15174,13735,13366
13232: 13738,13345,14905,14506,14059,14636
12925: 14814,15671,15752,14299,15480,15325
15101: 15524,13961,13316
12952: 15725,14069,15243,28559,14961,15562
13695: 14534,13272,14558,15630,13320,14493
12987: 15539,13195,14663,15722,14485
15397: 13857,14752,15386,13448,12885,14055
15153: 15807,14807,13549,15710,14158,13323
13130: 14400,14826,15282,12981
13485: 14017,14379,13902,15149,15126,14207
14810: 13749,13659,14669,15158,14257
14365: 14963,15375,13656,14162,13410
13441: 15168,15141,13501,13497,14829,14248
15668: 14186,13823
14103: 15034,13538,13723,15520
13627: 14529,14082,14228
13642: 14125,13313
13071: 13615,28618,15033,13333
14016: 14463,28557,12870,14279,15104,14255,13545
14629: 14307,14192
14294: 15454,14307,15256,13993,12990
14978: 13117,14746,15478,15140,14272
13888: 14460,13515,15070,13502,14108,13346
13256: 12868,13374,13059,15395,14070,14877
14542: 14302,15580,14283,13355,14376,13293
15564: 13352,14133,15004,14143,13183
14238: 14267,14844,15745,14866,13188
13129: 
13425: 15336,15730,15424,13637
13513: 14132,15301,14149,13891,14990,14634
13081: 12973,14605,15249,13093,12906,12900
15127: 13075,13582,13220,13910,13562,14731
12879: 13892,15357,15014,15047,14537,14293
15038: 15610
15179: 14119,13550,14409,13274,12835,15471
14444: 14673,13409,14076,13455,14053
15803: 13922,13616,13213,14727,14627,14981
13315: 13732,15577,14217,13553
13229: 13008,13102,14160,13700,15093,15171
13405: 15583,15445,15540,13837
14187: 13291,15195,13013,13500,15142
15242: 14717,14910,15339,13556,15420,12888
14951: 15604,14290
14888: 15545,14031,12863,15700,15492,15013,14087
15100: 15508,14208,13478
12853: 13933,13133,15181,15593
12852: 15353,14255,14352,13853,13111,15499
13102: 13421,13229,13008,14989,13465,15171
13879: 15275,15396,14724
14440: 13286,14637,14315,15664,13743,15111
13005: 15223,14131,13577,14132,15120
15312: 13169,13968,14052,14214,15565,12966
14977: 13418,15150
14470: 14912,14708,15398
14766: 14198,13439,14502,13792,13241,15622
15759: 15368,15029,12832,14864,14279,15104
12927: 13182,13100,14308
13675: 14825,14091,14958,14325,14465,13703
15807: 14906,14807,15153,13905,14894,13549
14132: 15301,13513,14149,14223,13577,13005
12841: 14952,15623
14093: 15286,13584,13878,13037,14472,14937
13243: 15682,28650,14028,14711,13321,13867
12991: 12914,15761,14929,15300,14813,14720
13672: 15801,13572
14607: 13698,14672,12814,15740,14445,12865
13160: 
15574: 14817,15361,13444,15253,12870,14772
13241: 15328,14474,13792,14766,15622,15541
15440: 15666,14997,14696,15098
15566: 14482,15724,14353,15012
13431: 15138,13994,13251
13364: 13841,13934,14013
13369: 
13393: 14673,15474,13409,14025,15099,12909
14117: 14061,14798,14985,13731,13337
13467: 13332,13926,13566,15192,14817,15253
13968: 13169,14824,15312,14052,12821,15497
15012: 14870,14970,15566,15724
15371: 13247,13954,13909,13149,13475,14027
13238: 13913,13179,14076,15246,13991,13629
14529: 13627
14801: 14877,13548,13374,13457,15069,15717
13386: 15152,13578,14058,13033,13662,15660
14561: 14586,15813,13645,15588,15790,13999
14203: 13601,14168,15394,15056,13763
14255: 15353,15104,12852,13545,14016,13111
15401: 13719,15530,13288,14546,13208
13720: 13622,14160,13833,14965,13794,13440
14838: 15806,14259,15782,13761,28641,14752,28664
13501: 15168,13441,14248,15534,14435,13651,15292
14193: 
28661: 15533,14799,15090,14072,14710,15196
15194: 15501,13350,14194,15308,14289,14486
14389: 15062,15808,13098,14959,14309,14783
13775: 
14005: 13765,14689,15732,15082
14409: 13550,15179,15360,13828,13274,13541
13000: 14882,14526,13371,14052,15497,14691
13975: 13401,13140,14674,13937
15598: 15721,14297,15239,13877,12962,13636
13611: 15785,15792,12971,15205
13912: 
14823: 14670
14100: 14118,14285,14630,13873
15458: 14505,13303,14314,15362,14693,15050
15621: 15773,15455
14677: 13856,13092,15189
15152: 15146,13578,13386,14295,13511,13662
13555: 13787,14562,14591,13607,15415,14395
15776: 14518,15010,13456
13258: 
13346: 14108,14237,13888,15070,13206,15095
12871: 14879,14434,15434,14071,13914,13639
14326: 14041,14347,14811,12857,14873
14836: 15015,13471
14091: 14825,13675,14465,13076,15639,12862
12995: 13618,13560,14207,13512,13524,14530
14138: 13280,14161,14517,13997,12985,14521
13871: 14812,15609
14795: 14610,14078,15202
13559: 15355,15467,15646,15722,12920,12883
14022: 14148,13365,15144,14169,14892,12864
14262: 14499,14793,12940,15160
14463: 28557,14016,12870,13545,15146,13578
15735: 
12955: 13154,13977,15464,13139,13122,13648
15022: 12821,15497,14691,15288,13633,13922
13786: 14112,13233,13301
14075: 12916,14137,14787
13073: 13898,13429,14247,13819
13741: 14131,15176
15710: 15778,13549,14640,14158,15153,13529
15639: 13076,13312,14825,14091
14651: 15008,14804,15380,15134,13328,15565
14563: 14942,15159,14574,14305
13806: 15781,14129
13457: 14782,13107,12831,13374,14801,15069
14348: 13921,13613,15293,14467,15178
14641: 12862,12855,14777,14828,14705,12847
14166: 14973,15271,13019,15799
13872: 13963,14476,12897,13733,15306,13495
13497: 14346,12953,14829,14618,15141,13441
15357: 12879,13892,13681,15047,13678
14927: 15151,13822,13628,13412
15007: 12937,15660,12850,15449,13206,15451
13668: 12998,15406,13181,13348,14962
14764: 13967,14097,14219,12848
13312: 13076,14565,15639,12844
14826: 14400,13130,15483,14336
14155: 14414
13381: 13904,14963,15290,14496
14425: 13286,14637,13110,15545,15492,13925
14157: 12930,15162,13389
13880: 14393,14865,14387,13096
12876: 13600,15370,14079
13838: 14153,13394
13727: 14162,13410,13088
13900: 13024,13971,14034,15442,15030
15535: 12951,13518,15651
15442: 14778,14437,14034,13900,14449,15030
15237: 12886,15495,13574,15162,28520,15772
15416: 13046
15188: 13036,13748,15582,14135,15368,12832
14545: 13539,14209,14593,15765,13355,14302
13493: 15417,13980,15631,13599,12867,15743
13935: 13282,13026,15518,15337,15001,12984
15126: 13916,13324,15149,13831,13485,13902
15122: 12860,14669,15377,13691,14098
13370: 15356
28553: 13310
15121: 
15606: 
15202: 12974,13756,14795
15106: 
14891: 13287,12845,15774,13024,15073
15758: 14980,13273,14839,13104
13338: 15398,14023,14708
14919: 15234,13697,13730,15746,28558,13314
28628: 14661,14514,13777,13192,13219,14423
15098: 14696,15463,15440,14890,15796
15499: 13222,15277,12852,13853,13111,14742
14473: 14200,13400,14699,14602,14474
14030: 13692,14373,13446
15502: 15777,12910,13966,14697,14385
13165: 14370,13221,15055,14476,12897,14313
15633: 13265,14603,15788,13518,15044
14571: 15591,15367,13624,13607,14976
14582: 13957,14139,14405,13084,14902
13392: 13840,13531,14358,13915,14492,14556
14983: 13178,14481,14901,14788,14142,14914
13782: 13020,15259,15318
12962: 13630,15598,15239,13636,14164
15300: 14734,13484,14813,15761,15199,12991
13962: 13640,14841,14204
13989: 
14176: 14231,14808,13613,13153,14926,15293
15446: 13998
13474: 13189,13021,15686
13339: 13841,15305,15155,13573
15536: 12893,13120,13979,15089,13523,14331
14622: 14524,13348,12819,14147,13719,13181
13352: 14133,15564,14122,13579,15466
14885: 14142,14914,15358,14002,12903,14313
14089: 13329,15067
14957: 15336
13590: 14208,13212,13357,14287,15193
14202: 12884,14976,13906,13624,13952
15609: 13956,13871,14790,15285
15517: 15089,13523,14323,14458,13594,14601
15318: 15259,14436,13782,14574
15075: 13854,13591,14860,14502,13012,14198
13921: 15352,14348,13472
13514: 
13614: 13142,14477,13787,14562,15698,14743
15281: 14461
14459: 15336,14419,15476,15681,13408
15392: 15740,15624,14445,14948,15728,13469
14147: 13938,12819,14549,14622,14524
13617: 15207,15551
12880: 13217,14732,15465,14531,15747,14761,14226
13864: 14144,14488,13738,14905,13525
15451: 13206,15095,14107,15007,15449
13717: 14540,15636,14934
14041: 14326,14347,14675
14190: 14222,13856,13344,14512,13544
15078: 15705,13684,14056
14733: 15080,14343,13395,13404,13237,13368
12976: 13385,15369,13200,14890
14119: 13550,15179,14791,15471,14916
13149: 15585,13475,14625,15003,13752,13909,15371
13078: 13412
14712: 
14693: 15362,13960,14975,14749,15050,15458
15782: 15806,14838,14752,14055,15374,15332
14731: 13562,15549,15127,13910,13038,14881
15578: 
12881: 28609,12840,13813,13931,14803,14900
13780: 15094,15108
13558: 13240,13633,15746,14145,15542,14700
14158: 15710,15153,13323,13529,15315
15581: 13233,14588,14344,13492,14785
15104: 15353,14255,14279,15759,15029,14016
14045: 13216,13908,15360,13415,13541
15768: 13057,13739,15775,14685,13270,13155
13262: 14410,13145,13625,14781,13001,13715
15167: 14154,14099,14156,14881,12867
14265: 13837,14783,14725,15469,15655
15713: 12922,14430,12921,14715,13942,13658
12856: 15453,15455,15567,13664
14632: 13826,12843,12946,14940,14649,14478
13186: 14875
15203: 13769,14771,13212,13357
13830: 13517,12949
13184: 15608,13860,14572,14732,13638,15065
15568: 15024,14150,14605,12900,14933,13139
14406: 14173,13999,13970,15588,14332,13062
15168: 15141,13441,13501,14527,13651
15417: 14359,13126,13493,13235,15743
13729: 14510,14972,13721,13907,15426,14334
13274: 13951,13260,12835,13541,15179,14409
14831: 13163,15145,13309,15404,15348
12861: 14196,13069,13278,13285,15602
15797: 15351,13445
12854: 14895,13167,13483,15051,14090,13168
13573: 13400,15155,14699,13841,13339,14573
13813: 12842,15708,12846,13931,14335,28609,12881
15793: 13678,28660,15222,13745,13728
14207: 12995,13560,14379,13485,15149,13512
15010: 13472,15178,15776,15054
13328: 12829,14214,15565,15380,14431,14651
14889: 12937,14742,13033,15277,13515,15070
15676: 14291,15727,13855,14988,13582
14288: 
13030: 15637,12912,14772,14508,12944,14657
13552: 14240,14887,15053,15027,15644,14010
15082: 13624,14005,14689,13896
13091: 
14347: 14041,14326,14675
15263: 14300,13812,14411
15569: 13318,14345,13616,14981,15644,14010,15496
15070: 13515,13888,14889,12937,13206,13346
13015: 15543,14791,15471,14993,13800,12849
13142: 14477,15051,13614,13787,14653,13167
14604: 13537,13452
13586: 14384
14397: 
15802: 13683,13313
15177: 12911,14952,13595,13680
13706: 15729,15690,13836
15515: 13567,15359,13660
14773: 14101,13993,12990,14358,13347
15525: 13310,15204,14592
13253: 15796,13011,15463,13156,15443
13784: 14047,14088
15021: 13882,14924,15161
14073: 14754,13796,15018,13917,13599
12889: 
14915: 14962,15252,15567,13964,13027
15211: 15393,15435,14144,14686,13327
13362: 14743,14523,15316,12836,13955,15769
15470: 12924,14780,15546,13170,13861,15262
14845: 
14786: 15439,14341,14974,15570,14236,13721
13641: 13564,13728,14212,15294,14949
14386: 13749,15158
15548: 13536,13235,14359,14009,14893,15572
14247: 13758,14428,14015,13429,13073,13242
14602: 15328,14474,14473,14628,12936,15274
13251: 13431,13778
15221: 14585,13396
15556: 15201,14366,14217,13732,15032,13379
15347: 14450,14567,15670,15057,13435,13801
15696: 15091,13685,13847
13289: 13470,15577,13661,15490
13325: 15064,28663
15671: 12925,15542,14814,15752,13826,12843
15430: 13297,13161,14950,14806,28298,14580
12981: 14167,13130,15299
15769: 13052,13955,13248,12836,15736,13362
14687: 14114,13709,14530,13618
15809: 13877,13488,14196,13278,14858
13500: 12866,15629,13686,14187,15142
13584: 14093,15286,13842,14472,14909
14586: 15764,14239,14561,13645,15790,15241
14069: 15725,12952,15685,13042,15243,13844
14661: 28628,13593,14514,14969,13014,13219
13020: 15468,15135,14228,15259,13782
14248: 13473,14205,15534,14829,13441,13501
14510: 14972,13729,13721,15439,13434,15068
13257: 15383
15360: 13828,13895,13415,14045,13541,14409
13884: 
13033: 14742,14058,13386,14889,12937,15660
15368: 15759,15029,12832,15571,15188,15582
14418: 15047,13264,13144,14390
15047: 14418,14537,12879,15357
13834: 13981,13952,15427,15174,13735
14964: 14140,14871,13277,14127,15751
13779: 15023
14182: 
14037: 13252,14657,15213,14763,13531
14605: 12973,13081,14349,15024,15568,12900
13685: 14275,13491,15696
14254: 14852,14946
14479: 13699,13002,14438,12974
14036: 13940,14141,14220,12873,14886,15559
13116: 15674
13650: 15584,14226,15503,13432,14567
15310: 15424,13427,14077,13215,14448,15730
13509: 12902,15114,15766
13220: 14184,15036,13910,13582,15127
14167: 12981
15053: 15234,13054,13697,14010,13552,14240
13183: 13423,15727,13855,14133,15564,13284
13876: 14954,14926,15642,14808,15311
13429: 13898,15058,13073,13758,14247
14909: 13482,13842,13584,15640
15462: 14594,14736,15603
12883: 14051,13195,15722,13559,15467
12989: 15576,14361,15085,14271,14598
15555: 14729,12926,13059,15514,15395,12855
13375: 15589,14638,13305,15061,15255
13330: 15560,13596
14311: 13691,14098,14703,13771,14223
13703: 14465,13275,14325,15110,13530,13675
14126: 14087,15384,15124,15428,14375,15009
15607: 13498,15475,13310,14592
14137: 12916,14075,13207,13858,14723
14447: 15190
13913: 13179,13238,14076,13058,14982,13409
15720: 15278,14124,14739,15770
15679: 15452,15418
14814: 12925,15542,15671,13371,15325,14145
15695: 14572,15295,13740,15200,15608,13442
15367: 13197,13896,13624,15591,15714,14571
14430: 15713,12922,12896,13942,13407,15295
12943: 14933,13139,13122,13953,15647,13072
13811: 13224
14332: 14800,13062,13970,14406,14370,13510
13145: 13262,14410,13736,15270,15643,13715
13306: 14244,13646,15352
15207: 14848,13617,14305,14536,15551
14534: 13272,13695,14560,15614,12874,15630
15409: 14225,14907,13225,15522
14659: 14509,15345,13673,13946,14603
13937: 15344,15099,13085,14674,13975,14645
15067: 14686,14089,14488
13432: 14739,15412,15770,15584,13650,14567
14467: 15293,13320,14493,14348
13480: 15608,13860,13442,13017,13121
13105: 14635,15635,13849,15291
15275: 13879,13271
14584: 15214,14676
15172: 14293,13570,15276,14537,14489
14378: 15048,13133
15165: 14363,13604,14705,15514,13893,14120
13689: 14217,13553,13626,13198,15775,14366
13525: 12898,14905,13864,14488
13308: 15420,13700,15408,14717,13450,15484
14123: 
14636: 14161,14059,14517,13232,13345
14482: 14290,13791,15566,15297,14353
13532: 13755,14703,15092,14491,14884
13157: 
13335: 14466
15245: 15218,15196,14453,13120,14331
15395: 15555,13059,15514,13893,14070,13256
15673: 14427,14084,15728,14650,14159,13269
15274: 13788,14548,12996,12936,14602,15328
15379: 14840,14741,14784,14923,13565
15030: 14449,14714,15442,13024,13900,15073
13915: 15005,14492,14556,15485,13392
15197: 
15753: 14328,13647,13327,15435,13345
14223: 13577,14311,14853,14132,14149
13158: 13118,12969,15232,15423,15457,15447
12929: 13066,15227,15008,14804,15025,14564
15678: 
13110: 13661,15119,15490,14425,13286,15545
13100: 12927,13182,14566,13516
15597: 
14583: 13367,14404,14920,14243,15778,14640
15680: 14234,14227,13895,13415,15732
13108: 13594,14601,12965,15138,13994
12877: 14621,14569,14792,12864,14148,15425
14600: 14065,15521,15694,12942
15627: 15049,13322,13349
14776: 15060,15698,12884,15613,14562,14591
15476: 14419,15315,14077,14459,15730
13980: 13493,12867,14099,13790
15795: 14995
15184: 
14490: 13842,13725,14472,15292,14688,13125
15518: 15586,15337,14706,14721,13026,13935
15711: 12947,12961
13327: 15753,15211,14144,13738,13345
15339: 15242,14910,15682,28650,15247,13556
15097: 15182,15432,13227,15042,14504,13487
13054: 13697,15053,13905,12972,14240,14906
14960: 12982,15394,14580,14264,12874
13582: 15127,15676,14291,13090,13220
14240: 13552,14887,13468,13054,15053,14906
13082: 14407,13628,13391,14756,15076,14955
15464: 13977,12906,12900,15580,13139,12955
14539: 13458,13061,15132,12894
15219: 13846
13783: 
14501: 13707,15655
14208: 13590,15193,15100,15479,13109
13379: 15032,15664,15201,15556,14966,14544
13365: 14148,14022,15144,13619,15296,14175
14449: 14714,15030,14778,15442,15028,15000,14035
15161: 12919,15021,14934
14156: 13056,13038,14881,14020,15167,14154
13616: 13922,15803,15288,15569,14345,14981
13037: 14093,13878,15095,13150,14937
14875: 13186,15185
14658: 14736,14706,14751,14721
14946: 13804,14254
15811: 15570,13284,13606,13423,12941,14974
15694: 15521,13373,15691,14956,14600
13466: 28658,13941,14416,13074,13903,15238
13592: 15537,13266,13424
13391: 14407,13082,14756,15175,12928,14792,13210
13639: 14753,15590,12871,14434,14071
14724: 13879
14180: 15737,13789
13404: 13237,15309,14733,14301,13368
13909: 13752,14110,13273,13149,13954,15371
13193: 12951,15044,15072,14535,14150
14932: 
15080: 15386,14343,14733,13368,13623,13448
14400: 13244,13130,14826,15282,15483
13046: 13648,15416,13696
15144: 13365,14022,13581,14169,15403,15296
14611: 15142,13013,14082
14413: 14090,13006,13546,14711,15289,13867
12842: 14856,15708,15669,13813,12846,14335
13155: 15201,14366,15768,15775,14685,14415
14979: 28558,14649,14478,15313,15170,13730
14987: 13127,14115,12948,15643,15236,13715
14362: 
12993: 15788
15276: 14497,15011,14094,15172,14489
13807: 14599,13821,15063
15182: 15432,13227,15097,13023
15018: 15439,14341,13917,15068,13796,14073
15218: 15196,15245,14453,15090,14096,12915
13845: 15421,13476,14630,13266,13873
15775: 15768,13739,13198,13689,13155,14366
13597: 15510,13357,14388
15008: 14804,14651,15734,15134,13066,12929
14110: 13752,13909,13273,13534,14980
13322: 15049,14787,15627
14198: 14766,13439,15229,14502,15075,13591
14908: 15000,14035,14986,13979,14984,14146
14638: 13375,15589,13928
13136: 13492,14433,14234,13216,13415
13439: 14766,14198,15229,15622,13761,28641,28664
12996: 14548,15274,15328,15541,13635,15246
13903: 15238,12868,13074,12926,13059,13466
15604: 15297,14290,14951
13264: 14418,13144,14497
15565: 14214,13328,14804,14651,12966,15312
15630: 15056,14558,12874,14534,13695
13860: 13184,13480,15608,13121,15065,15596,14774
14969: 15656,13014,14661,15088,14029,13219
15359: 15799,15515
15381: 14233,12965,13632,15611
15191: 12823
15189: 13612,14677
14989: 13421,13102,13465,14941,15147
13115: 13893,14070,14120,15220,14761,14357
15544: 14321,14257,13927,15061,13462
12988: 
14768: 14798,15280,14559,14843,14061
14270: 12851,13048,13859
14848: 15207,15269,14305,13445,14536
15212: 
13433: 15637,12912,14295,14346,12953,13511
13801: 12816,14816,15347,15670,15057,15345
13954: 13247,13890,15371,13909,13273
14097: 14286,15762,13914,14219,14764
14591: 13555,14562,13607,12884,14976,14776
14765: 13656,12954,13750,14104
15570: 14988,14236,15811,14974,14786
15039: 12822
13139: 14933,12943,13122,15568,15464,12900,12955
13246: 14215,13816,15684
12863: 14888,14031,15013
13294: 15125,12846,12935,14329,15669
14827: 13916,13324,14369,14281,13503,14850
13577: 14223,15553,15223,13005,14132
14106: 13938,12819,13936,15805,13419,12878
15117: 15321,13201,14245
14018: 14020,14197
15079: 15447,14027,12964,13118,15045,13655
13910: 14184,13220,15127,14731,13038
15603: 14736,14706,14594,15462,15592,15586
13644: 14451,13007,15599,14615,14133,14122
14981: 14627,13527,13616,15803,15569,15496
15132: 13482,14880,14789,13061,14539
13069: 13278,12861,14283,13293,14003
13671: 14179
14597: 
14910: 15242,14717,15339,15682,13704,15105
12933: 13254,14516,14246,15210
15461: 14258,14381,12905,13114
15595: 14711,15289,15316,14879,14434,14028
14890: 13200,15098,12976,14616
13721: 14510,13729,13907,14974,15439,14786
14181: 13394
13001: 15236,14968,13715,13262,15240,14781
13805: 14245
14576: 13276,13039
28646: 15705,13377
13326: 13619,13309,15563,15296,14424,14014
13090: 14403,13414,14291,13582,15036
15505: 13990,14396,13773,13991,15083,13629
14779: 13112,15472,14618,13489,15378,15330
13074: 15413,14869,12926,13941,13466,13903
15447: 14027,15079,13475,15423,13158,13118
13367: 14583,14336,14243,14640
15181: 14945,12853,13933
14970: 14870,15012,14042
15672: 14224,12826
15495: 12886,15237,13574
13696: 15257,13802,13046,13648,13918
15408: 13308,13700,15484,13008,14713,14735
13787: 13555,14562,14395,14653,13142,13614
13242: 13819,14165,14428,14247
15660: 15007,12937,13386,13033,12850,13662
15496: 15644,14847,15569,13527,14201,14981
13667: 28589,14513,15674
28657: 13742
14200: 14473,14628,14174,14833,13400
13333: 13411,13071,15766
12909: 14271,13851,15099,14361,15474,13393
14873: 13569,15657,12857,14326,12837
12908: 14068
14230: 13141,13799,13138
13712: 13762,15504,15062,13098,14648,15341
14914: 14142,14885,14002,14983,14788
14266: 14491,14496,15375,14426,15092
13539: 14883,13512,13524,14209,14545,15765
14259: 15806,14838,13172,13761,15083,14396
14299: 15306,15480,13495,12959,12925,15752
15019: 15665,14620,13702,13459,13710
13622: 13720,14160,13833,12934,15093,12888
15229: 14198,13439,13591,14273,13857,28641,28664
14911: 
15487: 
14995: 15795,13843,15115
12951: 15535,13193,13953,15651
14701: 
15613: 13981,14776,15060,14398
15285: 15592,14790,14737,15609,13202,14551
14704: 13731,13337,15173,14427,14084,14619,15528
13859: 13048,14270
13904: 13064,13277,13381,15290,14667
15738: 13565,12895,14923,14555
14431: 15760,15045,13218,15380,12829,13328
14066: 15317,14751,14325,14721,15110,13026
15064: 13325
14070: 13893,13115,15395,13256,14877,14357
14521: 14805,12834,14138,14161,13997
15783: 15320,13756,14876
15171: 13440,13465,14160,13229,13102
15522: 13649,14054,13992,13225,15409
15521: 15694,15691,13973,14600,14065
13828: 15360,13895,13197,13550,14409,15714
15173: 13731,14704,14818,13178,14901,14619
14204: 13640,13962,13726
13524: 13539,13512,12995,14530,14049,15765
14735: 14713,15071,15408,13421,13008
13680: 15137,13595,13605,15177
13736: 14410,13145,13737,15654,14644,15270
13201: 15117,13385
13593: 14661,14514,15131,12830,15715,13014
14856: 12842,15708,15669,15489,14680,15198
14536: 14692,13445,15207,14848
13762: 13080,13712,15504,13267,15341,13215
13549: 15778,15710,14894,13759,15807,15153
15062: 15808,13098,14389,15027,14847,13712,15504
12818: 15195
13323: 13427,13296,14807,15153,14158
15162: 14157,13574,15237,28520,13389
14120: 13893,13115,15165,13604,15465,14761
13673: 15345,14659,15057,13944,13946
13649: 15522,15020,14054,14797,14371
14783: 13837,14265,14309,14389,14725
15577: 13470,13289,13732,13315
13162: 14173,13999,15813,14994,15509,12945
15302: 14697,14684,14252,13151,13966
13606: 13284,14429,15509,14994,12941,15811
15450: 13716,14853,13691,14867
14958: 14825,13675,15317,14325
15346: 15611,13799,13063,13632
15083: 13635,13991,13172,14259,15505,14396
14862: 15056,14558,13763,14067,13152
14128: 14660
13337: 13731,14704,14117,14650,14084
12947: 15711
15734: 13747,15031,15134,13066,15008
14427: 14084,15673,15728,14704,15624,14239,15528
15457: 14702,14788,15423,14002,13158,12969
13122: 12943,13139,12955,13072,13648
14789: 13250,13079,14880,15132,13061
13192: 13095,13978,13219,28628,13561,14423
15378: 15662,15330,13489,12839,14779,15650
13502: 12924,14780,14460,13888,14108,14399
14654: 15506,15612,13542,12977
12815: 14256,12915,14360,15230,13141
14355: 15605,15798
14241: 14642,13663,14624,13483,14232,13180
13343: 14380,14913,15642,14758
15704: 13664,15773,13342,15573,13760
13670: 13397
14154: 15167,14099,14156,14020,13580
15452: 15216,13113,15679
15262: 14455,15470,12924,13861,14865
15304: 13887,13083,15659,14191,15780,13454
15546: 15470,14780,12869,14612,13170
15113: 15724,14870
13112: 15472,14779,14618,12944,12912,12953
15186: 13522,13299,14683
14579: 14650,14159,15209,13820,14061
15206: 13434,14897,13844,14486,15685,15308
13137: 13949,13213,13701,14627,14620
14302: 15580,14542,14545,14593,13093,13355
14972: 14510,13729,13042,14334,13434,13844
12862: 14777,14641,14091,14465,12847,13076
15111: 15088,13018,13040,13743,14637,14440
13021: 15575,13189,13474
13951: 13274,13260,13541,14112,13908,15663
14697: 15302,13966,15502,14385,15324
13983: 14263
15240: 13503,15017,14850,14781,14968,13001
15642: 14954,13876,14380,13343,13263
15674: 15294,28589,13667,13116
13350: 15194,14194,14486,15059,13653,13536
13722: 14689,15486,14471
14468: 15166
12874: 14806,15614,14960,14534,15630
14625: 15585,13149,13699,14568,15003
14082: 15135,13627,14611,14550
12844: 15413,14869,13312,14565
14481: 13677,14983,14568,14702,14788
15588: 14633,13970,15790,14561,14406,13999
13849: 13411,14846,13105,13705
12922: 15713,14430,14715,13407,13767
13214: 14672,15531,15552,13579
14475: 
13856: 14222,14190,13544,13612,14677
15423: 15585,13475,15457,14702,15447,13158
13943: 13053,14590,13776
14043: 13084,13259
14868: 15299,15228,15507
13453: 
15479: 13109,14388,14208,13357
13832: 13992,15697,15136,13568
15217: 12931,14671,15016,14513
15702: 14304,14184,15036
13933: 12853,13133,15181
14225: 15409,14811
14067: 13646,14493,14558,14862,13152,13397
15273: 13460,14392,13304,15523
15054: 13472,15010,14543
13006: 14090,14413,13168,13865,14092,13867
14550: 13974,14082,15135,13870
15748: 14274,14062
14320: 14690,14151,14139,14352,13451,12939
15174: 15427,13945,13834,13735
15131: 12833,13180,15715,15632,13014,13593
15306: 14299,15480,13495,13872,12975,13733
15279: 15583,12851,13707
14675: 14041,14347
14109: 14955,14446
14619: 14901,14726,14704,15173,15764,15528
14608: 14426,15092,13088,14242,15251
12967: 13163,13187,14757,15594,15348,15342
14317: 13451,13853,13965,13774,13222,15526
14699: 13400,13573,14473,14221,14573
13026: 15110,13282,13935,15518,14066,14721
15665: 13949,15019,13557,13459,13869
14567: 14450,15372,15347,13650,15412,13432,13435
13216: 13908,14045,13492,13136,14785
13890: 13247,13954,13609,12964,15750
14486: 14897,15206,15059,13350,15194,15308
14280: 
15282: 13244,14400,13130,14229,14609,15299
15105: 13785,14770,13704,14717,14910,13450
14750: 14522,13610,13950
15812: 
13840: 13531,13392,14358,13252,14859
12945: 12941,13907,15426,15509,14173,13162
14986: 15000,14908,14900,12840,12893,13979
14858: 13631,13166,13278,14003,15809,13488
13252: 12944,14657,14037,13840,14859,15472
15798: 15605,14355,14368
15751: 28607,13771,13277,14964,14871,15553
13097: 14665,13058,15467,13788,14548
13008: 13421,13229,13102,13700,15408,14735
13628: 14407,13082,14955,13412,14927,15151
15272: 14484,13430,14330,15086
13996: 15529
14192: 13976,14629
13692: 14030,14863,14373
15187: 13250,13079,12956,15333,15687
14994: 13469,15813,14948,14429,13606,15509,13162
14342: 14268,15460,14753,14770,13547
14822: 14805,12834,15614,28298,15616,14560
13529: 14419,15315,15710,14640,14158,15755
15421: 13845,13476,15587,13580
13756: 15202,12974,15783,14876
12887: 13567
13714: 14420,12942,14956,13869
14950: 15430,13297,14161,14059,12834,28298
13382: 13742
13043: 13023,13198,15719,13626
13804: 14946,13471,13630
12900: 15464,12906,14605,13081,15568,13139
15134: 15750,15380,15734,15008,14651
14878: 13450,15484,13785,14253,13818
14678: 13213,13862,13701,15199,14727,14824
14805: 12834,14822,14521,15659,13997,15616,13454
13751: 14009,13766,15572,15794,12979,14953
15138: 13431,13108,12965,13417
13634: 
14341: 15439,15018,14786,13917,14236,13562
13371: 13000,14526,15325,14814,14691,14145
13715: 15236,13001,13262,13145,15643,14987
14947: 13477
14973: 14166,15271
13399: 14224,15712,13088
14869: 13074,15413,12844,14565,14729,12926
12949: 13830,13812,14411,14199
13788: 14548,15274,14051,12936,15467,13097
14197: 15587,14020,14018
13999: 14173,14406,13162,14561,15813,15588
15180: 15249,14593,14369,13503,15017,14209
14562: 13787,13555,14591,14776,15698,13614
15561: 13506,13291
15044: 13518,13193,13265,15633,14535
13423: 13183,13855,13284,15811
14000: 
13893: 14070,13115,14120,15165,15514,15395
14745: 
15739: 14519,15658,14866,14062,15482
15559: 14886,14135,13940,14036,13643,13036
13770: 13905,14894,15235,12972,15313,13708
14144: 14686,13864,15211,13327,13738
14184: 13220,13910,15702,13056
12944: 13252,14657,13030,12912,13112,15472
14669: 12860,15122,13659,14810,14867
13603: 13057,13739,13227,14504,13044,15719
13881: 14718,14943,14746,15267
14524: 14622,13348,14147,14549,15103,12985,15653
13052: 13955,13248,15769,13923,15434
14628: 14200,14174,13948,12936,14602
13660: 14614,15264,15515,15261
14993: 13015,13044,13800,13057,12849,13270
12885: 13340,12928,14055,15397,15175,13448
13114: 15461
12888: 15420,15093,12934,13556,15242,13622
13049: 
13661: 13110,15119,15490,13289
14042: 15043,14970
14859: 13347,13489,13840,14358,13252,15472
15449: 13473,14205,12850,15007,15451,14107
15001: 14551,15723,15337,13935,12984
15320: 15783,14876,13534
13279: 15271,13259,13957,13019,15382
15746: 13240,13558,28558,14700,13314,14919
13506: 15410,15561,13291
13647: 14328,15753,12968,15805,15133
15020: 14175,15425,14054,15741,14797,13649
13120: 15536,12893,14710,15196,15245,14331
14105: 13083,12998,14380,14954
12937: 14889,15007,15660,13033,15070,13206
13771: 15751,28607,14703,14311,15553
13280: 14549,14138,15133,14328,14517,12985
13036: 15188,13748,13643,15801,14135,15559
13605: 13595,13481,13680
14315: 15032,15664,13470,15490,13286,14440
14160: 13622,13720,15093,13440,15171,13229
14904: 
13053: 13943
14094: 15185,15276,15011
12923: 13119,13829,14172
13803: 
13374: 12868,12831,13256,14877,14801,13457
14017: 14379,13485,13902,13538
13799: 15579,13138,13063,14230,15346,14532
13536: 13653,13235,15548,13350,14194,14893
13688: 14124,14739,15558
13676: 
13270: 12849,14685,14642,14993,15768,13057
15663: 14340,15042,13301,14112,13951,13260
14603: 13265,15633,14509,14659,13035,15788
13290: 13967
14942: 14563,15159
15303: 13744,15516,15163,15002,15438
14790: 15592,14578,15285,13956,15609
15358: 14142,14885,14633,15055,15241,14313
15175: 14756,13623,13448,12885,12928,13391
15752: 12925,15671,14299,12959,15118,13826
13516: 13017,13100,15200
12845: 14891,15774,13540
13730: 14919,13697,28558,14979,15313,12972
14368: 15605,15798,13684
14081: 14141,14220,13185,12999
14924: 15023,15021,13795
13865: 13006,13168,12830,14514,14092,13777
14673: 15474,13393,14444,13409
13988: 
14796: 15641
13377: 14917,15705,28646
13731: 14704,13337,15173,14117,14985,14818
14588: 13233,15581,14344,14626
14913: 14380,13343,13964,12998
13358: 14004
14737: 15285,14744,14551,13866
14339: 14953,12938,15794,14243,15483,13244
13172: 15622,15541,13761,13635,15083,14259
13626: 13553,13689,13198,13043
15643: 12816,15270,12948,13145,13715,14987
14665: 13097,13058,14982,15355,15467,14931
14205: 13473,14248,15449,14829,12850,15314
14954: 14926,13876,15642,13887,14105,14380
13384: 
13092: 13544,14738,14677
12891: 13170,14612,15261,13254,13176
14065: 14600,13048,15521,13016,13973
15501: 15194,14194,14289,14422,13283,13022
14356: 13718,15224
13418: 14977,13961,13316,15485,15150
15112: 15762,15343,14006
15549: 14731,13917,14881,15631
12893: 15536,13120,13979,12840,14710,14986
13077: 13866,14566,13883,14643,13234
12850: 13662,15314,15007,15660,14205,15449
13979: 15536,12893,14908,14986,14984,13523
15227: 13066,12929,14102,15025,13319
14260: 14451,13007
13946: 15396,13508,14659,13673
15124: 14126,14087,15384,14899,15700,15050,13303
15531: 13214,15552
15683: 13766,15572,13028,14359,13126,14285
14044: 13848,14433
13958: 13759,14404,14377,14163,15620,15235
15000: 14035,14908,14986,15028,14900,14449
13023: 13043,15719,15182,13227
15572: 13766,15683,15548,14359,14009,13751
14211: 15228,15507,13261
13829: 14012,13070,12923
15690: 15729,13706,13836
14010: 15644,15569,13318,15234,15053,13552
14682: 12918,15684,13769
12983: 15009,14375
15345: 14509,14659,13673,15057,13801,14816
15657: 14873,13569,15744,12837
15009: 12983,15385,14126,15384,14375
13088: 14608,14426,13399,14162,13727,14242
14092: 15335,13321,13867,13777,13006,13865,14514
13574: 15162,15237,15495
13504: 15290,14417
13883: 15723,13077,13866,14643
12872: 28634,14046
15507: 15228,14211,13261,15299,14868
14335: 28609,14072,12842,15708,13813,15533
13153: 14520,15780,13887,14926,14231,14176
15215: 13889
14937: 12956,13150,14093,15286,13037,13250
14792: 13210,12864,14407,13391,14621,12877
15087: 13303,14314,15102,15384,15385
15586: 15518,15337,13202,15592,14706,15603
14319: 13121,15615,15278
13564: 13728,13641,14212,15014,14351
14151: 14690,14320,15029,15571,15353,14352
13608: 14456,13003,13209,14227,13765
13723: 15034,14103,15520,14416,13124,15491
15298: 14102,15031,13066
15722: 12920,12987,13195,12883,13559
14313: 12903,14476,14885,15358,15055,13165
14088: 15128,13784,14047
14906: 15807,14807,13054,13905,14240,13468
14087: 14126,15124,14888,15700,15428,15013
13576: 15160,13547,14253,14793
13750: 14553,14337,14765
13831: 14992,15491,15034,13902,13324,15126
15362: 14693,13960,13388,14505,15458,15058
13517: 13830,13812
14104: 14963,14765
15632: 15656,13014,14544,15131,12833,14966
13984: 14121
13707: 14501,15583,15279
14961: 28559,14767,13221,13510,15243,12952
13292: 13174
15159: 14563,14942,15551
15230: 13932,14360,12815,13387
14955: 14109,15076,13082,13628,13412
14617: 13711
13772: 13034,13486,15033
14907: 15409
14078: 14251,13050,14610,14218,14795
15439: 15018,14341,14786,14510,13721,15068
14055: 12885,13340,15397,14752,15782,15374
14333: 
14880: 13482,15132,15286,14789
15031: 13747,14414,15734,15298,13066
14966: 14415,12833,15201,13379,15632,14544
13757: 12866,14023,13481,14925,15693
14153: 13838
15563: 13326,13619,14014,15741,15617,15116
13940: 15190,14036,14220,13643,15559
14516: 15512,12933
15616: 14520,15780,13454,14805,14822,14560
15724: 15113,14353,15566,28622,15012
14640: 15778,15710,14583,13367,13529,15755
15225: 14741,14784,14001,13839,14367
28645: 
14239: 15764,14586,15528,14427,15624,13645
15655: 14265,14501
13341: 14014,15404,13099,13420,15116
13234: 13740,15200,13077,14566,14643
15232: 13158,13118,12969,13963,15771,13733
12980: 13127,14816,12948,14509,13265,14535
14754: 15059,13796,14073,13599,13653,15743
15425: 14175,15020,14054,14148,14569,12877
15349: 14439
14657: 13252,12944,14037,14508,14763,13030
15393: 15211,15435,13522
15647: 15651,13065,12943,13953,13072
14358: 13840,13392,14773,14859,13347
15125: 13294,12846,12935,13768,13931,14835
15541: 15622,13172,15328,13241,12996,13635
12851: 14270,12942,15279
15410: 13506
13150: 12956,14937,14237,14740,13037
15387: 
13349: 14310,15689,15627
13450: 15484,14878,14717,13785,15105,13308
13620: 13478,13542,15511,12963
13610: 14522,14750,15539,14663,14174
15316: 13362,14523,13955,15595,15289,14879
15013: 15428,13131,14888,12863,14087
14171: 15385,14015
15324: 14697,14775,13200,14696
14863: 15661,13692
15130: 15466,15552,14854,13824
14096: 14799,15090,13463,14360,15218,12915
13048: 14065,14270,13859
14306: 13520
15243: 13042,14800,13510,14961,14069,12952
13800: 13044,12835,13015,15471,14993
28662: 13711
14376: 13589,13293,15580,14542,13977,13154
15649: 12986,15519
15592: 14790,14578,15285,14594,15603,15586,13202
14290: 14482,15297,15604,14951
14327: 13420,15143,14222,13612,15744
13041: 15265
13638: 13217,14732,13407,14572,13184
14452: 14402,15527,13798
13651: 14435,14997,14527,15168,13501,13300
13615: 13071,14794
13247: 13954,13890,15371,14027,12964
15005: 14613,13915,12875,13961,15485
14882: 13000,14526,15399,12829,14214,14052
13064: 13904,13277,13755,28607
14575: 14261,14748,12958
12924: 15470,14780,13502,14455,14399,15262
14135: 14886,15559,12817,15188,13036,12832
15624: 15392,14427,15728,14239,13469,13645
13895: 15360,13828,13415,15680,13197
13792: 14502,14221,14474,13241,14766
13691: 14311,14098,15122,15450,14853
12866: 13500,13757,13686,28616,14023
14387: 15333,13096,13880,13823
13462: 13305,15061,15544,14321,13716,13361
14048: 13151,13875,13966,13976,12910
13645: 13469,15813,15624,14239,14586,14561
15747: 15220,14761,15096,12880,15465,14226,15503
14664: 
14159: 14650,15209,14579,14944,13269,15673
13949: 13137,15665,14813,13701,12914,13557
13508: 13944,15396,13946
15331: 14610,14218,13101,14730,13002
15703: 14383
14052: 13968,15312,14214,14882,13000,15497
14717: 15242,14910,15105,13308,15420,13450
12972: 13905,13770,15313,13054,13697,13730
13919: 15677,14763,13317,15718,14206,15213
14967: 14140,14871,14131
13686: 13291,28616,12866,13500
28656: 
13748: 15188,13036,15582,15801,13572
15580: 14302,14542,13093,13977,15464,12906,14376
13093: 15249,14593,13081,14302,15580,12906
12971: 15287,14511,15205,13611,15792
14173: 14406,13999,13162,12945,15426,13062
13013: 15195,14187,14611
13971: 15002,14034,14821,13900,14996
13185: 14081,12999,14844
13567: 15515,15512,12887
13927: 13928,14263,15544,15061
15756: 13190,12931
15289: 14711,15595,14523,15316,14413,13546
12985: 15103,13997,14549,13280,14138,14524
15628: 15260,13447
13746: 
13955: 13052,15769,13362,15316,14879,15434
15715: 12830,14895,15131,13180,13593
12834: 14805,14822,14521,14161,14950,28298
13217: 14732,13638,12880,15465,13604,13767
15033: 13772,13034,12820,13071
14422: 13068,15436,15501,14289,15388,13283
12895: 15738,13565
14451: 13644,13007,14260
12977: 14654
15209: 14159,14579,14944,13820,14322
13991: 13635,15246,15083,13238,15505,13629
15648: 13011,15321
14540: 13717,15605,15636,14855
13095: 13192,13978,13219,14936,14029,14095
14113: 15789
12946: 13826,14632,15118,15562,14716,14940
14453: 15218,15245,14256,12915,12932
14720: 15383,14929,12991,13666
13643: 13940,15559,13036
13609: 13890,13104,13747,15750
14324: 13575
14349: 15236,14968,14115,12973,14605,15024
15474: 14673,13393,13851,12909,13839
15477: 13194
14014: 13341,15404,13326,13309,15563,15116
14308: 12927,15688
15512: 13567,13254,14516
15723: 13883,15001,12984,13103,14643
15453: 12856,13964
15729: 15690,13706,13175
13665: 13171,14744,13753
13545: 14255,14463,14016,13578,13111,14058
14971: 14009,14893,14163,13022,14377,12979
15204: 15525
14903: 12939,13965,13957,15382
14741: 15225,14784,15379,13311,13196
15658: 15422,15482,13781,15739
13914: 14097,14286,14219,12871,15434,14071
15341: 14079,13215,14448,13712,13762,14648
13963: 12903,13872,14476,12969,15232,13733
15543: 13015,14791,14216,12849,13663,12828
15157: 14886,12817,13205,12873,13332,15192
15777: 15502,13494,14385,13051
13047: 14557
13103: 12984,12896,14655,14643,13942,15723
14531: 15065,15596,14732,12880,15584,14226
15136: 14621,14569,13822,13832,13992
13853: 14352,13451,14317,12852,15499,13222
15805: 12968,13419,13647,13938,14106,15133
13452: 15257,15431,13537,14604
13224: 13811,14532
14709: 14840,15283,14511
14460: 13515,13888,15754,13987,14780,13502
13997: 15103,15659,12985,14138,14805,14521
13187: 13163,12967,15231,15456,15594
14615: 13644,15599,14291,14403
12870: 14463,28557,14016,15574,13444,15253,15146
15733: 
28520: 12905,13389,15772,15162,15237
15017: 13503,15240,14968,15249,15180,12973
13877: 15809,13488,14196,15598,14297,13636
13265: 14603,15633,14535,14509,12980,15044
15327: 15334,15602,15721,14297
13437: 13809,15390,15268,14013
14681: 
13424: 15537,13592,13985