14621: 13082,13391,15607,14655
28593: 
13143: 15374,13812,14522,14665,14766,14502
14985: 
12849: 13732,14440,13739,14916,14993,13286
14615: 14974,13910
14328: 12944
15299: 
15380: 15371,14702,13890,15447
15145: 
13511: 14116,13188,13300,14267,14613,14024
13765: 13209,14234,13550,15179,15486,13952
14273: 14148,15657,14301,14054,14797
15510: 14990,15061
14172: 13253,14696
15340: 15351,13757,13879,14269,13479,13605
13959: 13034,12934,13313,15033
14722: 13322,15414,12905,13402,15567,15495,15772
15448: 14870,13559,13687,13692,15043,14515
13438: 14699,13832,15390,14833,14892,15155
14250: 13489,14556,14681,15162,15150,13151
13724: 14609,13235
13533: 15115,15735,15010,14179,15795,14560
12829: 14431,15760,13328
12939: 14351,15689,13641,14168
12855: 14565,14777,13604,15514,14705,14729
14343: 13097,14756,13356,14599,15229
13151: 12899,15150,14048,13114,15162,14250
13942: 12896,13055,14739,13935,14643,13974
15785: 15738
13420: 13344,13526,15084,12877,13591
13886: 14863,15281
14390: 14666,15546,15277,15799,14058
14436: 14041,14873,15121,14182,13225
13061: 13036,13176,13096,13222,15262
14824: 14564,13000,15254
15666: 14080,15098,14205,14539,13888,13586
13488: 13804,13850,14552,13471
14556: 13489,14250,13531,15162,13317,13316
14112: 14045,14375,15700
13025: 13735,15060,14776,13614,14571,15591
13894: 13123,13412,15561,14470,14319,15259
13263: 14520,15530,13297,13021,13668,14806
12840: 14329,13601,14453,15536,13719
14405: 15184,14518
14881: 15059
15804: 13128,12918,14964,14553,14503,12860,13212
13753: 13171,12922,13740,12984,15713,13866
14598: 14461,14042,14970,15391,14153
15338: 14444,13311
14998: 15323,15751,14815,13175,14844,13574
14252: 13363,15502,15660,15650,15745,14688
14488: 15196,14889,12933
15372: 15770,13650,13801,15503,14644,14450
15484: 13426
15779: 15627,15222,12958,12856,15067,13236
14108: 14460,13861,14384
13302: 
15116: 13773,13569,13851,15594,13401
14833: 14892,15355,13238,14646,13832,13438
15737: 13957,14862,13678,14636,13150
15482: 13489,13531,14294,13347,13961,13825
12958: 12856,14021,12908,15645,15779,15222
15178: 14695,13763,15293,13965
15254: 13491,15232,14824
13948: 14699,15390,15337,14013,13854,13241
14438: 14770,15331
14923: 14563,14757,13067
15373: 
14809: 14093,13513,13727,15066,13458
14802: 14995,13964,14147,13027,15573,12998
13070: 14278,14089
15519: 15209,14818,12986
15363: 13635,14991,14030,13140,15539,14181,13439
15792: 14677,13092,14942,14529,14190
14683: 12825,15686,15346,14532
14079: 
15791: 13570,15512,15359,14467,14081
14024: 13252,14519,15146,14613,13511,13300
15721: 13630,13877,15598,14552
12911: 15693,14550,15410,14074,13442,13049,15129
15760: 14052,13218,13571,12829
15698: 15159,13627,13593,13020,15051,13225
14920: 14163
14650: 14994,14510
15002: 
15244: 13448,14599,15229,15467,15782,15268
14178: 12887,14135,14480,12832,15074,14047
15730: 15655,15569
15150: 14048,13151,14250,14681,14684,15450
14893: 12979,14609
15332: 12909,14424,13991,15576,14361
15296: 15328,15622,12883,14109,14838,13089
13814: 15653,12954,15453,15544,13375
14323: 15774,14412
14369: 14827,13916,14883,14593,13503,14209
14361: 15576,15541,15328,15246,13991,15332
15293: 13354,15359,14695,15178,14808
13301: 13674,15545,14852,14946,14785,14340
14921: 14788,13890,14885,15457
15092: 13891,15712,15459,15703,14149,13478
15201: 15131,12830,15492,15428,13018,15769
13808: 14608,14242,13532,14210,13381,14104
14929: 12820,14275,14356,13666
14999: 14709
15024: 15249,15180,13081,15017,12973,14605
12932: 14821,15046,12881,15133,15753
13297: 12879,14520,13263,13668,13272,15311
15745: 15650,14880,13253,14252,14688
14391: 12997,13384,13047,13277,14127,14496
15688: 13480,13271,14551,15195,13432,13883
13010: 15705,15550,14083,15452,14855,12827
14186: 13330,13745,13332,12834,13829
15403: 13817,14752,13276,15012,13619
14808: 15674,13190,14212,14695,15293,13354
13553: 14232,12828,13898,13929
14742: 14864,14513
14585: 12814,14606
15343: 14711,14849,15632
13793: 15127
13952: 14504,15486,13765,14234,14588,13197
13414: 14586
13938: 14710,14581,14787,15731,13932
13222: 14612,15262,13176,13061,13853
14594: 14721,14198,13854,15586,13241
13281: 14392,13834,14090,14574,15762,15595
15589: 13542,13836,14871,14224,15553
12994: 13322,15414,15005,13695,14817,13926,13643
14666: 13186,14390,15546,14489,14058,14235,15678
12990: 13572,14274,14255,15157,15451,14859
15427: 14571,14588,14604,13197,15174,13895
13181: 15140,14891,13813,14261,14962
13503: 15240,14781,14593,14850,14827,14369
15370: 
13646: 14264,13152,14686,14047,15393,14203
14828: 14363,13767,15165,12847,14641,14705
14489: 14040,13570,14666,13186,15678
13278: 12892,14452,12900,13093,15015,13415
13446: 13039,14663,14482,15099,14282,13937
13267: 
12936: 15806,13950,14602,12882,13812,14628
14448: 15665,13549,13600
14606: 12814,14585,14579
15139: 14576,13437,14200,15467,15268,14573
15061: 13983,15510,13659
15761: 13712
14898: 14254,15800,15498,13626,13233,14836
14812: 12927,13017,13665,13184,15214,14578
14428: 13057,14888,13925,14415,15088,15664
13873: 
14003: 14857,13589,14376,13093,15464,12900
13119: 13232
14949: 15192,13878,13369,12852,15435,15801
15420: 15408,15339,12940
13833: 13429,15058,15102
14835: 13116,13346,12923,14107,15230
13248: 15135,15629,13290,15762,14952
14477: 13020,14434,15051,15736,14562,14591
14532: 14493,13876,14683,15148,15346
12965: 
15418: 14324,15513
15253: 12872,13259,14372,14293,14690,13803
15645: 13087,13343,14179,12908,12958,15222
13684: 14166,15767,15078,14707,14934
15654: 14842,13548,13737,15096,13736,15503
14587: 15292,15668,13079,15365,14007,15286
12896: 13481,13174,13055,15596,13942,14739
15557: 14675,13688,14327,15744
15506: 14193
15151: 13416,13649,14367,14645
13924: 15354,15089,15181,14548,13775
14364: 12977,15511,14867,13771,13361,14208
15432: 15663,13674,15545,15182,15009,12863
13976: 14237,15314,15574,12838,13444,15104
13286: 14993,15680,13828,13906,14916,12849
13583: 14190,14563,13984,14185
13702: 14620
13044: 15042,14743,14642,13945,13487,14456
14912: 13122,15057,14659,13127,13193,13595,14603
14351: 13564,15689,12939,15056,13641
14642: 14504,15486,13945,13487,13270,13044
14684: 14964,14667,15450,15150,14681,13577
14179: 13087,15645,15222,15795,13533,15735
15238: 12868,12831,13903,14416,13466,13124
15434: 
15071: 14794,12888
13124: 14416,12831,15238,13723,15491,14782
14543: 13660,14671
13839: 13311
15608: 14363,13638,13217,15200,13516,14487
13299: 15133,13288,15616,14521,15364,15041
14214: 14981,14727,13968,15803,13922
14322: 13960
15261: 14671,15512,15264,12956
12814: 14585,14606,14730,14568
14027: 15565,12975,12821
14338: 15232,14876,14431
14601: 14714,14401
15573: 14822,13027,15352,14758,14995,14802
13398: 14537,14244,13827
14559: 15588,15447,12929,15750
15579: 13474,14453,13997,14778,13588
12838: 15677,14435,15574,14237,14740,13976
14751: 12987,14198
13957: 15737,14862,13678,13456,13613,15559
14861: 15430,13892,14264,14686,15090
13708: 13697
14926: 13972,13327,14497,12898,13060,13748
13230: 13828,14344,13906,13260,14005,13072
13930: 
15530: 14520,14913,13263,14806,13207,14068
15590: 13006,14262,14160
13496: 13463,15000,14177,14442,14680
13794: 14717
14496: 15712,13246,13134,14127,13047,14391
14134: 15242,13561
13928: 14759,14263,15193,14421,14287,13399
15669: 15140,13463,14622,14891
15801: 12852,15357,14075,13146,15192,14949
15662: 13029,14779,14618,15502,15660,13392
13781: 13114,12886,15237,15190,12999,13418
12826: 13874,13109,15789,12947
14939: 15597,13310,13012,13868,14797
12919: 14083,14056,12827,14333
14535: 15633,14115,13673,14816,12816,14987
13240: 13328,13000,12821
15390: 14699,13438,13948,15337,14576,13437,15155
13266: 15019,13762
15472: 14447,14279,15324,12817,13467,15748
13361: 13713,13771,13478,15459,14364,14867
14798: 13865,13731,15740
13841: 13573,15782,15274,15305,13400,15787
15538: 13239,13170,14918,14368
14990: 13399,13659,14759,15122,15510
14063: 14506,12878,14694,15533
14580: 15245,13632,13224,13647,15250,15659
14226: 13115,15747,15220,13911,13650,15096
13690: 12940,13486
14624: 14171,13743,15656
13732: 14440,15428,13739,13018,12849,14888
13994: 13900,14437,14718,15156
13936: 13474,13760,13406,14546,15304
15755: 
13899: 13748,15461,14258,14231,13231,12916
13096: 15470,15187,13037,14136,13061
15731: 15444,15659,15250,13938,14549
15246: 15328,15622,14474,14674,14361,15541
14429: 15392
13085: 12949,13629,13455,13610,14602,14396,14528
12979: 14893,14971
14301: 14148,14273,15225,14797,14569,14055
13463: 15000,13496,14458,15669
13442: 15410,14074,13435,12911,15387,15797,13049
14844: 13598,14105,13664,13175,14998,13574
13421: 15316,15682
13212: 14503,15804,13128,15684,15203
14354: 13445,13680,14662,15135,13428,13856
14696: 13725,14595,15141,14880,14172
13213: 
14944: 13867
13147: 15717,14850,13625,15069,14281,13107
14706: 15723,14584,13026,14430,15615,12984,15592
15562: 15671,13118,14332
15309: 13934,13821,15063,13082
14877: 14070,13115,15220,15395,13256,14357
12931: 14904,15077,14348,14902,13554,28589
15051: 13020,14477,13955,15698,13593,15736
13848: 13452,15431,13550,15179,13896,13631
15050: 15111,15732,14015,13242,15032
15115: 13173,13258,13671,13533,15735,15010
13544: 
13743: 14624,13142,15656,14544
15406: 15028,14986,14984,14035
12886: 13114,15162,13781,15190,15213,13316
14350: 13065,15072,15788,15412,14023,15720,14724
15750: 15031,15045,14559
15278: 13585,15695,14308,13686,14719,14124
13277: 12997,14391,13064,14127,15658,13769
15534: 12910
13319: 13622,13700,13034
13174: 13481,12896,13055,14475,13404,15597
13412: 13894,13123,15561,14347,14796,13969
14483: 13162
13911: 15770,13650,14531,14567,14226,15747
13562: 14786,14754
14143: 13183
13458: 14527,13385,13840,14809,13727
14309: 15153
13520: 15452,13377,15161,13334,13359,28659
14237: 14618,15314,14019,14740,13976,12838
15091: 
14952: 13290,15135,13248,13078,13094,14925
13173: 13258,15115,13671,13164,14381,13664
13378: 15674,14139,13567,13554,15277,15546
14359: 14897
15322: 13113,14170,13382,15705,14917,15023
13889: 13923
13823: 15677,14435,15499,14274,14320,15451
12839: 14629,14527,13840,12976
15057: 15584,13177,13122,14912,14124,13127
14554: 14886
14403: 
15400: 15567,14036,13598,14105,15749,14310
14236: 
12864: 14367,13226,14792,15076,14762
14304: 14660,13579,13106
13809: 15386,13956
14685: 15415,14591,13483,13929
14730: 13101,15716,12814
13822: 13121,15001,14408,14737,15275,15596
15308: 13228,13730
15089: 13403,13924,15354,13852,14373,15181
13858: 13695,14817,13153,13345,13461,13349
14497: 13327,13784,12879,13972,14057,14926
14410: 13262,15717,13625,13737,15643,13145
15777: 14295
15142: 14811,14655,15080,14737,15518,13339
15732: 14415,15088,15050,15111,15032
13003: 14946,13471,14785,13543
15441: 14955,15020,12960
14246: 15070,13515,14384
14933: 15714,13624,14044,13274,15060,13787,13908
15257: 14164,14402,12962,15527,14858,13492
14784: 14175,13326,12988
15344: 15446,14181,14353,13559
14860: 15272,15107,13464,14750,12996,13986
15576: 14361,15541,15144,15332,12909
15141: 13494,15449,14595,14696,13482,14880
13104: 14914,13333,13973,14102
13657: 14039,15297,12823,14432,15219
13595: 15797,13193,14912,15535,14603,13500
14121: 13199,13454,13342
14851: 12821,15399
14148: 14273,15657,14301,13581,13210,15225
13311: 13839,12971,15338
13329: 14284,12852,15435,12872,14657,14352
12823: 13353,13370,14834,14039,13657
13759: 13958
13764: 13211
15326: 15114,14635,14420
13790: 
14050: 14311,14132,15405,15307,14491,15625
15614: 15630,12815,12874,15245,13632,14524
14185: 13984,12957,13583,13975
14637: 14340,13040,13131,12863,15545
13209: 13765,14234,14471,15494,13550,15547
15460: 14596,15025
14434: 13020,14477,13157,14562,14092
13483: 15656,13929,14685,13014,13652
15492: 15131,15201,12833,14232,15769
14800: 12903,12945,15392
12948: 12980,14509,14450,14644,15270,13673
13223: 15526
13260: 13230,14344,13154,13541,14227,14005
15140: 13181,15669,14891,14935,13797,14962
13236: 15172,13345,12898,15067,15627,15779
14291: 
15291: 14362,14627,13105
13666: 14635,15411,14275,14929,13308
14028: 
13161: 13939,13397,14494,14256,12935
13373: 14878,13453
14663: 13039,13446,13393,13937,12967,15379
13476: 15206
13847: 13313,15033,13486,15696
14692: 15269,15259,13757,14319,13879,14708
13272: 13280,13306,15311,12879,13297,14057
13134: 15223,13904,14277,14127,13246,14496
13953: 15044,13863,13621,14115,12943,15273
14276: 14106,13749,14491,14162,15672,14765
13303: 15087,14936,13689,15362
15794: 
14414: 15331,13273,13747,14914
15099: 14482,13464,14750,13455,13039,13446
13034: 13959,13319,15079
13917: 13582
14064: 15132,14385,13011,13441,13519,14320
14626: 12983,15362,13216
14476: 15358,13221,14370,14002,14901
14900: 14915,15708,15046,13811
14609: 13724,14893
13693: 13551,13291,13555,13782,13722,13624
15456: 13099,14955,13517
14384: 14108,13515,14246
15533: 14558,14694,14506,14063,14937
13850: 13488,13804,15239,14946,13471,14852
14997: 15437,13651,13347,15485,15256,14697
13596: 13921,14168
13877: 13630,15721,15327,14297
13117: 13129,14432,15219,13846,15675,14951
15149: 14207,13485,15126,13916,14883,13512
14336: 
14461: 14598,14042,14931
14149: 13462,13920,15703,14287,15092,13478
14381: 14703,13175,13164,14557,13173,13664
15605: 13742,13988,14947,13490,14830
14963: 13755,12998,13964,15739,13750,13343
15385: 13043,13015,15384,14315,15111
15148: 14984,14590,14035,14532
15726: 14714,13754,14464
15412: 13528,15347,15670,15720,14724,14350
15490: 15556,15384,13379,13242,13155
15640: 13780,15286,13502,13307,14220,14387
13347: 14294,15485,15482,13961,15437,14997
15073: 14437,13204,13251
13960: 15523,14322
15102: 14592,12854,13833
13768: 13191,14547,12819
15725: 13126,15436,13022
14916: 15042,13828,14456,13286,14440,12849
13087: 15621,13343,14179,15645,13750,15735
14515: 15043,13884,28676,14870,15448,15154,14382
13056: 14341
13598: 14844,14105,15400,13574,14238,28678,14310
13874: 12826,13109
13710: 15224,15569
15143: 13851,12960,15020
13309: 15136,13682,14327,13341,14292
14564: 14824,14813,15300
14310: 28678,28675,28680,28679,13598,15567,15400,14238
14899: 15775,14126,12835,14993,13739,13925
15575: 13032,14096
15255: 13128,14093,15203,14388
13588: 13760,13811,13997,15579
14528: 14602,12882,13085,13455,13039,13393
13385: 13458,14527,14101
14788: 14921,13890,15419,15371
13121: 15001,13822,13634,14737,15723,15518
14229: 
14007: 15185,14455,15365,13019,14587,15668
14511: 15121,12978,14873
14367: 13649,12864,15425,15151
13789: 15265,13456,13982,14298,13681,13613
14491: 15405,14162,14276,15672,14311,14050
14523: 15209,13752,15692
13118: 15671,15562,14289
15532: 15318,13782,15137,13445,13587,14443
13428: 15135,15629,13445,14354,14443
12916: 12930,14723,14973,12917,13899,15461,14258
13640: 12970,13594,14718,15267
13785: 
15239: 15527,14858,12950,13804,13850,14852
15088: 14415,15732,15775,14428,13925,15111
15437: 14997,13651,15066,13347,13961,15473
13170: 15538,13239,13325,14393
13585: 15278,14531,15695,14567,15584,14124
14469: 13235
14593: 15240,13503,14369,14209,14302,15180
14813: 13491,14564
12873: 13681,15157,13389,14298,14043,14255
13436: 13575
13896: 13270,13541,14227,13631,13848,15179
14445: 
14256: 12968,12935,13372,14494,15619,13161
13058: 15407,13792,14022,14109,13365,13788
13866: 12984,15592,13508,13184,13171,13753
13224: 13632,14580,14590,13647,13876
15529: 14832,15744,13688,13338,14305,15623
13897: 13707
13852: 14373,14978,12845,15181,14378,15089
15193: 14263,13928,13542,14871,14421,12859
14278: 14089,13070,15094
13063: 
13867: 14944
14736: 14308,15609,13686,13407,14774,15285
14040: 14489,15512,12956,15678
14234: 13765,13209,14471,13614,14588,13952
13719: 13021,13943,14137,15536,12840,13601
15388: 14100,15170
15376: 
14721: 15603,14594,12987,14198
14019: 14237,14618,14740,13482,15650,15660
15584: 13177,15057,14124,13585,14567,13035
15284: 15446
14140: 14388,14426
13755: 13656,15729,14085,12998,14963,15739
13426: 13557,14847,15484
13368: 14658,12928,13237,15462,14756,13356,13821
14647: 15094,13245,13176,13780,13502,13036
14217: 15768,13800,14791,13167,13870,14895
13526: 14055,13420,15397,15175,14454,13591
12964: 13963,15166,14804
14544: 14592,14241,13743
12848: 12871,15757,15215,13443,14395,13304
14864: 14742
13189: 14261,14962,15381,13656,15729,14242
14401: 14601
13250: 13112,15260,13441,13745,14457,14385,13842
13359: 13334,15078,13377,13520,13477,13490
14372: 14293,14875,14195,15253,13803
15772: 15237,13205,14722,12905,28675,14157,15495
12942: 13169,14678,13655,13862
14039: 15297,14288,13657,14837,13370,12823
14577: 14113,15508,13983
13993: 13966,13051,15350,14192,14295
15136: 13682,13309,14928,13517,13099
14379: 14207,13485,14017,13560
14331: 13523,13744
13776: 14856
14286: 13008
13475: 14625,14110,13747
14688: 13989,15745,13253,13363,14252
14212: 13190,15276,14348,14139,14808
15682: 15025,15105,13421
13163: 14221,14175,15763
14002: 15457,15423,15358,14476
13546: 13951,13180,15543,14895,14611,12836
15213: 14206,13316,15190,14141,14062,12886
15120: 15323,13091,15751,13741,13504,13904
15636: 15634,15488,15733,13255,14170,15064
13796: 13599
14988: 
13674: 15663,13301,15432,15545,14852,12950
15524: 13156,13033,14977,13029,15302
13978: 13243
15025: 15682,15460
12961: 14371,13792,13365,14930,15075
12827: 15161,14333,13010,14083,12919,15452
15509: 13423,14111
14474: 15481,15083,14076,14674,15246,15622
13407: 14790,14578,13017,15285,14736,15609
13454: 12947,15438,14121,15612
13459: 15383
13062: 14173,15771
13317: 14206,13316,13252,14664,13531,14556
13760: 12881,13588,13811,13936,13406,15611
13607: 14409,13608,13110,15581,14500,14119
13739: 13732,12849,14993,14899,14888,13925
15415: 14685,15736,12833,14232,14591
13926: 12930,14723,14896,14817,12994,13643
15716: 12865,13101,14730
15041: 14822,13027,13299,15039,15616,14521
15158: 14321,14669,13771,14215,14208
14513: 13419,14742,15780
13704: 14879
15268: 15086,14573,15467,15139,15244,15229
13273: 15331,14414,14980,13698
13179: 28677,13430,14382,15722,12895,13187
15582: 14081
13166: 15568,12892,15416,15580,13636,13918
14008: 13795,15216,15679,13514,13742
14610: 
13235: 13724,14971,14469
13356: 13097,14756,14343,13368,13821,15329
13821: 13934,15309,13356,13368,12928
14590: 15148,14984,13647,14547,13224
15128: 14905,14903,13348,15353
13774: 15793,15799,15049,13472,12894,13386
13934: 13821,15309,15407,15329,13628
13132: 15724,14025,14652,15379,15038,12889
13505: 
15558: 13265,14659,13271,13946,13435,15387,13193
13148: 13810
15473: 14775,13961,15437,15066,12918,13513
13629: 12949,13187,13085,15722,15355,13610
14289: 12925,14142,15542,13118
14374: 14942,14053,13401,14757
13842: 15132,14385,13250,15260,13494,14595
15160: 14843,14770
15383: 13459
15771: 13970,13062
13434: 14486
14962: 13189,14261,15140,13181,14935,13656
13372: 14256,15619,14799
13972: 13009,14057,14231,14926,14497,13748
14708: 14305,13944,13879,14692,15269,15613
15374: 13143,13812,14200,13950,14573,14522
14001: 14928,14645,15617
14295: 15777,13993,14616,15443
14620: 13702
13920: 13462,14149,13713,13620,15508
14480: 13947,15353,14905,15074,14178
14487: 15065,14774,15285,13516,15608,13217
14943: 14183,12845,15784,13962,14978
15485: 14294,13347,14492,15256,12875,14997
13923: 13889,13967
15438: 15704,15401,13133,13454
15369: 
13798: 13537,13918,15416,13110,15581,15498
13128: 15804,15255,12918,13212
12941: 14406,15599
15252: 15796
15712: 13891,15092,15459,13246,14496,13047
15108: 15500,13745,14490,13112
15335: 
13455: 12949,13085,15099,14750,14528,13039
14257: 14311,15251,14132,15479,13836,13410
14415: 15040,15732,15088,14428,15664
13363: 14252,15502,14688,15350
12918: 15804,13128,14775,14553,15473,13513
14518: 14075,14405,13144
13495: 14332
14834: 14449,12823,14617,14432,14183
14131: 14417,13268,14682,14266,12977,15511
12978: 14225,14701,14014,14511
15265: 13456,15054,15776,13789,13320,13982
14560: 13461,13349,13159,15795,13533,15010
14454: 13340,14792,15076,15175,13526,13591
14785: 13003,14946,13301,13543,13198,14340
14820: 14383,13410,12963,14871,13590,12859
14083: 14056,12919,15023,15705,13010,12827
12821: 14851,13240,14027,15399
12878: 12933,14517,14063
14941: 13644
13205: 15237,15190,15772,15101,12905,14141
13534: 13909,13066,15783,14794
13300: 13188,13511,14508,13030,15146,14024
15199: 13949
13861: 13515,15571,13660,14108,14460
13758: 14975,14015,13379
14242: 14608,13808,13189,15381,15729,14210
13316: 15213,13317,14206,15162,12886,14556
14038: 13191,12842,15164,15028
15163: 13204,13881,13251,15593
12828: 14232,15769,13553,13057,13898,15664
15402: 14503,14967,12860,14667,14280,14890
13456: 15265,15776,13789,13957,13678,13613
13204: 15163,15073,13881
15626: 15425,15189
15466: 
13176: 14647,13245,13061,13036,13853,13222
13164: 14557,13088,14541,13173,13258,14381
13820: 15624,15649
15277: 15793,15799,13567,13378,14390,15546
12999: 14773,13418,13160,14157,15237,13781
15601: 
13540: 13353,13370,14000,15048,13791
13551: 13291,14574,13693,13624,13787,14392
14581: 14787,13938,13932,14748
13197: 15174,13663,15427,14588,14504,13952
13594: 14718,13901,13640
14101: 13385,15378
13699: 13095,14117,15810
13086: 
14703: 14815,13175,14381,14557,15307,14337
14855: 15452,13377,15550,13010,13988
13490: 13477,14947,15605,13377,13359
15190: 15237,13205,14141,12886,13781,15213
14076: 15481,14474,14766,14174,12883,15622
13541: 13896,14227,13631,15366,13154,13260
14228: 15348,15207,14071,15367,15081
12857: 14728,13612,15522
13180: 13546,15543,14395,13304,13617,12836
13357: 13716
14472: 13033,14463,13444,13030,15314,14779
15414: 12994,14722,13322,15005,12905,13643
13111: 15637,15049,14080,15098,14462,15029
14555: 13996,15205
13389: 13231,13566,14298,12873,14043,13433
14892: 14833,15355,13610,13438,15085,15155
15685: 15235,13694
13967: 14768,13923
13435: 13883,14074,13442,13271,15558,15387
14506: 14063,15533,12953
14905: 15128,14480,15353,15709,15074
13254: 13037,13279,15187,12924
14267: 14062,13679,14613,13185,14116,13511
14902: 28589,15217,14904,12931,15016,14176
13200: 15378,12976,15812,14616
13282: 14790,15345,12866,14676,13480,14551
13031: 14253
14277: 13064,14525,14127,13741,13134,13904
13752: 15692,14523,15585
14956: 13071,15114,13949
13269: 14948,14607,13677
13987: 13279,14772,12869,14346,14317,15754
13891: 15092,15712,13246,12963,15703,13590
13898: 15715,13142,15664,12828,13553
15743: 13068
14146: 15113,15661
15634: 15636,15488,15733,13912
14072: 
14129: 13545,12832,15742,13947
13076: 14777,13312,12862,14641
14465: 13658,14566,14825,13740,14572,14091
14068: 13207,15352,14960,13887,14806,15530
15200: 13171,12922,12927,13516,13638,15608
15454: 15422,14238,28678,28679,13160,14525,13654
13973: 13104
14974: 15167,14615
13451: 13670,13586,14203,14135,12870,14539
13612: 15522,14507,15738,15081,12857
13663: 13197,15174,13167,14504,13945,15768
13313: 15033,13847,13486,12934,13959
14938: 
14772: 14462,15628,12894,12869,14317,13987
12974: 14423,15289
15364: 14521,13738,13797,14622,13299,13288
14499: 
13098: 12981,14010
14883: 13916,14369,15149,13539,14209,13512
13055: 13174,12896,13942,15597,13310,13974,14848
15315: 15578,13427
15027: 13318
13107: 14281,14992,14782,13457,15069,13147
15468: 12884,14014,15551,13168,14041,14873
13473: 13307,14220,12822,14080,14205,15029
14307: 15302,14192,13156,15168,14245,15443
13744: 14331
14021: 12958,12856,13208,14758,14995,12908
13472: 15637,15049,14418,15294,15793,13774
12903: 14800,15813,15241
15266: 14810,14386,14466,14654,15711,14765
13557: 13426,14932
12867: 
14829: 13497,13725,15333
14931: 13413,14464,14461,13711
13039: 13446,14663,13393,13455,15099,14528
13802: 15580,13069,13648,14283,14196,12861
15435: 12852,13329,14949,13369,13525,14657
13437: 14576,15139,15390,15337,15467,13573
13244: 13705,14783,15445
14566: 13658,14465,13234,14958,15713,13740
13477: 14947,14911,13490,15078,13359,15767
12890: 
15351: 12841,13757,15340,15535,13500,14269
15498: 14254,14898,13626,13537,13798,13110,14119
14057: 13009,13972,12879,13272,13306,14497
15355: 14833,14892,13610,14646,15722,13629
13523: 14331,14945,14303
14520: 12879,14913,15530,13297,13263,13784
12938: 
13754: 14538,15604,15726
13422: 13358,13720
15631: 
13487: 14642,13270,14227,14344,14456,13044
13631: 13896,13541,12951,13452,13848,15366
15086: 15268,14573,14522,15229,13857,12920
13400: 13703,15317,15787,15274,13841
13482: 15650,14880,15141,15449,14019,14740
15055: 14633,12986,14726,15692
14747: 13569,13196,14397,13341,14292
13905: 14243,15228
14049: 13709,13285,14530,13524,15765,15258
15545: 13301,15432,13674,14637,14340,12863
13059: 15555,15395,13256,12926,13903,12868
15787: 13400,15317,13841,15782,13871,13815,13448
15396: 14150,15044,13863,15431,15647,15547
13522: 14151,14248,14539,15440,13888,12870
13548: 15654,14842,14801,13737,15069,15717
15625: 15323,13091,15307,14815,14132,14050
13773: 15116,13565,13569,13196,12818,15652
13065: 13696,15072,15788,14350,14724,13518
13131: 14637,13040,12863,15124,13689,15577
15494: 15082,15273,13863,15547,13209,14471
15258: 13293,14283,13355,15765,13285,14049
14222: 13969,12837,14668,15409,15475,15693
13844: 15493,13721
14283: 13293,15258,13285,12861,13802,13648
14080: 15666,15098,14205,13111,13473,15029
14189: 14537,15186
13383: 14826
14047: 15074,15393,14135,14178,13646,14203
13619: 15610,14296,15403,14752,14673
13745: 14186,13330,14457,13250,13112,15108
15497: 14876,15008
13215: 13380
14980: 14078,15331,13273
14945: 14778,13523,15218
15526: 14012,13223
15796: 15252,14144
15488: 15634,15636,13912,13255,13004
14235: 15571,15515,14058,14666,15678
13283: 13770
13518: 14724,12980,14509,13065,13696,13046
14458: 13463,15125
13908: 13735,15060,13274,14933,15082
12822: 13307,13473,15211,14205,14455,15365
15004: 15221
15602: 15327,14196,14297,12861,15334,15208
15646: 14213,15169,13846,14484,12996,13403
14245: 14616,15443,15168,14307,14629
15003: 15734,13810
12898: 13236,15172,13060,15067,13327,14926
14346: 15188,12869,13987,13279,13336
13168: 15551,13617,15468,15159,13627,14041
14264: 13152,13646,14686,14861,15090,13806
13083: 14954,14524,14950,13280,13306,13535
15780: 15742,14046,15047,13419,14513,14886
14694: 14558,15533,12923,13584,14063
14034: 13962,14978,14378,14841
12950: 13233,15527,15239,15663,13674,14852
15764: 15649,13510,14084
12843: 15313
15006: 15408
15336: 14362
14412: 13931,15516,14323
14337: 15405,15307,15377,14679,14557,14703
14689: 15124,13661,15009,13315,15458
15058: 13429,13833
12953: 14506,13125
14719: 14308,14744,13265,13127,15278,14124
15365: 14455,14007,13307,12822,14587,15286
15619: 14748,14494,13979,14256,13372
14846: 13683
13515: 13861,14384,14246
13310: 15597,14939,13055,13868,14536,14848
14984: 15148,14590,15028,15406,12842,14547
14416: 28658,13466,15520,13941,13124,15238,13723
14749: 13786,15700,14314
15297: 14039,14288,13657,15219,13195,13203
15307: 15405,14337,14703,14815,14050,15625
14840: 13449,15697,14928
13733: 15325,13371,14767
15553: 14638,14466,13542,15589,14193
13625: 13147,13262,15717,14410,14850,14781
12910: 13201,15117,13966,15534
14755: 13901,13417
12915: 15218,14303,13390,14329,15198
14541: 13164,13088,15433,13381,15621,13258
13275: 14446,14066,14325,13077
15223: 13134,13504,13904,14383,12963,13246
14740: 14237,14019,12838,14435,15449,13482
15727: 15587
13416: 15151,15425,15263,15617
15198: 12825,15686,12915,13390,13601
14757: 14923,14563,14374,14942,15287
15305: 13854,15586,15274,15337,13573,13841
14718: 13594,13640,13900,13994
15800: 14254,14898,13233,15663,15182,14836
14249: 14771,14215,15176,14853,13746
15095: 15230,15007
13969: 14222,12837,15693,15129,13412,15561
14533: 
14700: 13552
13390: 12915,14303,15198
13763: 13728,13211,15178,15560
15146: 14519,14024,14358,13300,13030,14463
13227: 14119,15471,14433,15360,13626,13015
12816: 15643,14816,13145,15270,13673,14535
13066: 13534,13685
15813: 12945,12903
14388: 14140,15255,13727
14330: 14970,15391,13838
13687: 15446,13676,13692,13559,15448
15706: 15496,13484,12914
13106: 14304,13579
14300: 14982,14282,13937,15724,14656
13778: 13711
14723: 12930,12916,13926,12917,14817,13153
14756: 14343,13356,15386,13237,13368
14191: 15319,14803,14608,13532,13706,13799
14059: 13320,13982,13535,13009,14231,13566
15610: 13619,14296,14485
13812: 13143,15374,13950,12936,14628,14665
15323: 15120,13091,15625,15751,14998,14815
13600: 14448
14099: 
14380: 15544
15224: 15746,14727,13710
14221: 14175,13163,13340
12901: 15021
13259: 15253,15011,13144,13564,14293
15264: 14081,15512,15261
15697: 13449,14840,14796,14347,14745
13190: 15276,14212,14195,14695,13298,14808
14572: 12922,13740,14465,14091,13767,13638
13492: 13233,15527,15257,14402,13537,14254
14009: 15778
14698: 13198,15119,14247,15013
14111: 15509,13423
15749: 14105,13671,15010,13159,14036,15400
13293: 15258,14283,13355,14857,14376,13648
15641: 13092,14662,13292,14675
14446: 13103,14066,13275,15607,15063,13077
12970: 13640,15267,14204
13221: 14476,13970,14901
14206: 15213,13317,13316,14062,14613,13252
14165: 14753,13818
13566: 13231,13389,14298,14231,14059,13982
15195: 14536,14848,12866,13432,15688,14551
15762: 13290,15595,14574,13248,15629,13281
15330: 13662,15574,14016,15324,14763,15104
13825: 14775,13577,13961,13489,15482,14681
14825: 13658,14465,15639,14091
14303: 12915,15218,13523,13390,14335
14922: 13882,13382,14670
14485: 14441,14042,15610,14199
15156: 14437,13994,14538
15537: 
13320: 14059,13982,13535,14954,15265,15054
13226: 13649,12864,15076,13331,15409,15342
13601: 12840,15198,15686,13719,13943
13956: 13871,13815,13809
15077: 14904,14690,12931,13803,15276,14348
13818: 14165,14753
13836: 15589,14871,14224,15479,14257,13410
15176: 14280,14890,14682,14771,14249
14676: 12866,14643,15214,14790,14578,13282
14195: 14372,14875,15014,13803,13190,15276
15617: 14444,13416,14001
15348: 14228,15207,14071,15757,15215,12884
15059: 14881
13188: 14116,13511,13300,14279,14763,14508
13417: 14755
15183: 14211
13761: 13857,13669,14174,14502,14022,13788
14274: 12990,13572,15451,13662,15677,13823
14853: 14215,14249,13746
15465: 12880,13860,14761,15065,14732,14120
15623: 14305,13944,15529,14832,15137,13587
14794: 15071,15783,13534,13622
13471: 13003,14946,13488,13850
15483: 14953,15477
12960: 13851,15143,14397,14955,15441
13080: 
14646: 13238,12895,13913,15722,14833,15355
14015: 13379,13242,15050,15032,13758
14613: 14062,14267,13511,14206,13252,14024
13402: 15567,14036,14819,14722,13322,15495
14411: 14570,15474
13718: 15696,13045,15691
14630: 
13656: 13755,15729,14085,14935,13189,14962
14292: 13341,13309,13099,14397,14747
13654: 14773,15658,15454,28679,13160,13064,14525
15644: 13318,15424
14142: 15542,14289
14527: 13458,13385,13840,12839,15378
15011: 13144,13564,15056,13259
14774: 15065,14487,15285,14736,13686,13860
14136: 13036,12850,15754,13037,13096
13726: 15517
15684: 13597,14503,14967,13212,14634
13314: 13425,14906,13137,15469
15233: 12969
13846: 15675,14484,14951,13117,15272,15646
12837: 14796,14222,13969,15409,15342
13022: 13606,15725,15487
13199: 14121,13375,14223,15704
15455: 15067,13327,13784,14913,12856,13208
14743: 15042,13044,14653,13945,15768,13800
13602: 14865,14874,13441,15648,13011
14787: 14581,14360,13938
13397: 13161,14399,12935,12982,13150
13113: 15322,15064,14324,14917
12998: 13755,14085,14963,14147,13964,14802
13931: 14412,13024,13294,15667
13351: 13912,13004
13854: 15305,15586,13241,14594,13948
12969: 15233,14102,15227,15031
28652: 
15433: 14210,13381,15739,13750,15621,14541
14874: 14865,13602,13441,15463,13330,14457
12928: 14658,12921,13368,13821,13103,15063
14398: 13555,13981,12955,15398,13722,14152
14268: 14262
14734: 15045,13218
13589: 14857,14003,15464,15249,14542,13081
15789: 12826,12947,15612,14386
13007: 14795
12984: 15713,15592,13866,14706,15615,13753
14253: 13031,13465
15550: 15705,14917,13010,14823,14855
15489: 13521
13219: 
14623: 14275,12966
14517: 13120,13584,13892,12933,12878
15045: 15031,15750,14734
13618: 14530,13560,12995,14687
13470: 12833,14791,13870,13955,15131
12897: 14767,14526
12831: 13457,12868,13374,15238,13124,14782
13285: 15208,13709,14049,15258,14283,12861
13837: 14240,13425
15552: 14313,14726
13705: 13509,14783,13859,15445,13244
14538: 13754,15156
14352: 14657,15217,13329,12872,14904,14690
15806: 15231,15085,13950,12936,14602,14396
14399: 14636,13939,13397,13150
13202: 13508,13665,13935,14739,15001,13634
13591: 13331,13420,13526,14454,12877
14839: 15585,15734
14552: 13488,13804,15721,15598
13154: 15366,13139,15015,13541,14005,13260
14233: 15606,14365,15667
15164: 13191,14038
14318: 
14261: 13189,14962,15381,13181,13813,15773
14565: 14777,13312,12855,14869,12844,14729
15319: 14803,14191,15690,15773,15381,14608
15770: 13911,13650,15372,14567,13035,13801
14530: 13618,12995,13524,13709,14049,14687
14371: 12885,12961,15075,13395,13568
13664: 14844,14105,13173,13671,13175,14381
14168: 15014,13596,15689,12939,14875
14760: 14393,13717,14582
15361: 13734,14043,13572,14255,12817,14016
14850: 13147,13625,14281,14827,14781,13503
14494: 13979,14549,15619,13939,13161,14256
15656: 13483,13929,13142,13652,14624,13743
14832: 15529,15744,13292,15623,13680,13587
14761: 15465,12880,14120,14070,13115,15747
14639: 13830,14746,13838,14656,15566
15110: 13530,15295,13623,14325
14435: 12838,15677,15499,13823,15449,14740
15475: 13331,15409,12877,14668,14222
15034: 14103,13723,13538,13902,13831,15491
13409: 14652,12967,13172,14473,15083,13376
13713: 13771,13361,13478,13920,13620,14321
14762: 14792,12864
15493: 13844,15439
15234: 13130,13985
15481: 14474,15083,14076,14665,14473,14766
13749: 14106,14276,14032,13342,14654,14765
13027: 14822,15573,15041,14521,14147,14802
13970: 15771,14901,13221
13011: 15152,15648,13602,13441,13519,14064
13819: 13216
15342: 13449,15409,13649,13226,12837
13443: 14202,14216,14090,12871,12848,14395
14115: 15633,13621,14535,13953,14987,15044
13725: 15333,14595,14696,15260,14829
15325: 13733
15334: 15602,15327,15208,14114
15166: 12964,13963,15423
14551: 13480,15688,12866,15195,13282
14216: 14202,13443,14604,15543,14395,13895
15692: 13752,14523,12986,15055
15109: 13049,14470,15129,15797,13500,12841
14819: 13402,14036,13461,13159,13695,13322
14360: 13864,14856,14787
13613: 13681,13456,13789,13957,15559,14866
15270: 13736,14644,12948,15643,12816,13673
14026: 14475,13807,14927,15075,14259
15286: 15640,13780,15365,13307,14587,13079
15056: 13564,14351,15011
15404: 14512
14162: 15405,14491,15377,13927,14106,14276
15500: 15108,14909,13112,15333
12959: 14767,13558
15426: 15740
13902: 15034,13538,13831,13485,14017,15126
13682: 15136,13309,14407,14745
13694: 15022,15685
13572: 12990,14274,14255,15361,13662,14016
14293: 14372,13564,15689,15253,13259
14505: 14366,14975,12983
13336: 14460,15188,14346,15515
14209: 13539,14545,14369,14883,14593,14302
13947: 14480,15353,15756,14129
12869: 13386,15188,14346,14772,12894,13987
14321: 13305,15158,13713,13771,13620
14377: 
14547: 13647,12819,13191,12842,13768,14984,14590
14114: 15208,13709,14687,15334
15249: 14542,14302,15180,15024,13081,13589
14596: 13639,15460
14504: 14642,15486,13945,13952,13197,13663
15594: 14053,13401,15116
15228: 14243,13905
12992: 14672,14568,14607
12940: 13642,13690,15420,15408
13521: 12913,15489
15422: 13741,13574,14238,15454,15751,14525
14644: 13736,15503,15270,15372,14450,12948
13824: 
13024: 13931,15516,15303,15699,15667
15677: 12838,14435,13823,14274,13662,15574
13869: 14600,13720,13712
15591: 14571,14604,13025,14776,13834,14202
15773: 13813,15478,14261,15381,15319,15690
15599: 14704,12941
15133: 13299,13288,15753,12932,12881,15616,15611
13239: 15538,13170,14368
14830: 14947,15605,15035,13575
15271: 13545,12832,15718,12907,12887,15440
15222: 15627,15779,15795,12958,14179,15645
13321: 
14392: 13834,13281,13551,14574,14776,13787
15226: 15225,15397,12989,15175,15763
13662: 15330,15574,14016,13572,14274,15677
14770: 14251,14438,15160
15765: 13539,14545,13524,14049,15258,13355
14894: 13697
13835: 14870,14353,15539,14030,13913,15154
14668: 14738,12877,15475,14550,14222
14224: 13836,15589,14466,15711,15479
28658: 14416,13466,15520,13941
14953: 15483
14578: 14790,13407,15214,14676,14812,13017
15032: 12854,15719,15050,15732,14015
14896: 12930,13875,13926,13643,12912,15748
13167: 15174,13663,13951,15768,14217,14895
14484: 13846,15675,14373,15646,13403
15185: 14455,14007,14180,13806,14575,13019
14054: 13404,15505,14273,15657,13012,14797
14837: 13692,13791,13370,15043,14039
15504: 
13918: 13537,13798,13166,15416,13636,14402
13486: 13313,13847,13690
14500: 13072,13415,14452,13607,13608,15581
13127: 13265,14659,14719,15057,14912,14124
14525: 13064,14277,15422,13741,15454,13654
14219: 
15040: 14415,15715,15664,12854
14284: 12852,13329,13146,13144,12872
13194: 
15478: 13813,15773,13431,15690
15114: 15326,14420,13071,14956
12904: 15357,13827,13419,15186,15047,15192
13468: 14691,14814,15341
15119: 14698,13198,13040,15013
14713: 
14569: 13868,14797,14301,13344,14907
14852: 13301,13674,13850,12950,15239,14946
14385: 15132,14064,13842,13441,14457,13250
14442: 14177,14680,13496
12914: 15706,15766
14744: 14308,15609,14719,15345,13946,13265
14680: 15774,14442,13496
13388: 13639
13296: 13367,14807
15443: 14245,14616,14307,14192,14295
14763: 14279,15324,15330,13188,15104,14508
13123: 13894,13412,14347,13992,15259,13506
13478: 13713,13361,15092,15459,14149
14711: 15343,15247,15632
14130: 13514
14707: 13334,15078,13779,13684,14934
14419: 
14074: 15410,13883,13435,13442,13182,12911
14634: 14589,13746,14890,14967,15684
15048: 13353,13540,15281
13494: 15141,15449,15132,13842,15499,14595
14443: 13291,15532,13782,13445,13428,15629
14895: 13870,14611,13167,13951,13546,14217
13797: 13738,14935,15364,14622,15140
13169: 14678,12942,15496
14934: 13325,14540,14188,14707,13779,13684,14166
14314: 14749,13603,14425
13324: 14281,14992,13831,15126,14827,13916
14818: 12986,13677,15519
12846: 15138,12893
13892: 15430,14861,12933,13120,14517
14660: 14304
14139: 15674,13378,14212,14348,13554
14060: 
14870: 13835,14353,13559,15448,14515,15154
13072: 14005,13415,14500,13230,13906,13608
14821: 12932,14177
13419: 15186,14513,12904,15780,15047
15023: 14083,14056,15322,13882,13382,15705
15313: 12843
15014: 14168,14875,14195,13298
13135: 13249,14290,15566,14548,13995,14051
14816: 13145,12816,14535,13715,15236,14987
13587: 13445,13680,15623,14832,15532,15137
14177: 14442,14821,15000,13496
14748: 15619,14581,13979
15511: 14364,12977,14867,13384,14266,14131
14531: 13585,15695,14567,12880,15747,13911
13009: 13972,14057,14231,13306,14059,13535
13632: 15245,14580,13224,12874,13876,15614
13484: 15706
12830: 15131,15201,14653,13800,14791,15428
15260: 13250,13112,13842,13725,15333,14595
13249: 14290,13135,14272,15354,14548,14982
14141: 14062,13679,15190,13205,15101,15213
14887: 
13932: 13979,14549,13938,14581
15042: 14743,13044,14653,14916,14456,14440
14102: 12969,13104
14656: 14639,14300,14290,15566,15724
12824: 15274,14198,15586,13703
15328: 15296,15246,15622,13991,14361,13089
13961: 14775,15473,13825,15482,13347,15437
13633: 13552,13616,15053
15094: 14647,13245,13079,13780,14278
13146: 14075,13144,14284,12852,15801
13225: 13157,14182,15698,13627,14041,14436,13020
14370: 15358,14476,14901
12847: 15639,14091,12862,14641,14828,13767
14227: 13896,13270,13541,13487,14344,13260
12997: 13384,14391,14266,13277,13769,13915
13344: 14055,13420,14569,14907,15084
14383: 14820,13410,12963,15251,13504,15223
13981: 14398,13555,12955,15177,13498,15318
13630: 15721,13877,15598,14297,12962,15809
13211: 13763,13965,13764
15029: 14462,15628,14080,13111,14220,13473
14884: 
13075: 15728,13284
13734: 13467,15361,14043,13433,14973,12817
15790: 
13766: 15548
13440: 
14004: 
13571: 14651,13218,15480,14052,15760
13187: 12949,13629,13179,13430,15722,13986
13415: 14005,13072,14500,15015,13278,14452
14116: 13188,13511,13185,14447,14279,14267
15767: 13684,13477,15078,15798
13885: 13348,15781
14033: 
14710: 15250,13938,12819
14244: 13041,13398
14781: 15240,13503,13001,13262,14850,13625
15155: 15231,15085,15390,13438,14892,14576
13578: 14657,15217,12891,13525,14176,14805
13992: 14407,14745,13123,14347,13506,13013
14667: 14964,14684,15618,14417,14280,15402,12860
14592: 14544,15102,15715,12854
13817: 15403,15144,14271,13276
15766: 12914
15076: 14454,14792,13331,12864,13226
13210: 12989,14741,13581,14148,15225
14492: 14294,15485,14519,14664,14358,12875
15288: 13826,14691,14814
14568: 13101,12992,12814
14025: 13132,15724,13830,13394,12889
14464: 13413,14931,14970,15726
15637: 15049,13472,13111,14418,15368,15098
14023: 13136,15720,13366,13605,15788,14350
13133: 15438
14791: 13800,14217,13870,15131,12830,13470
12913: 13521
14879: 13704
15503: 13736,14644,13650,15372,15654,15096
13512: 13539,14207,15149,14883,12995,13524
15774: 14680,14323
13986: 14750,13430,15107,14860,12949,13187
15049: 15637,13472,13111,13774,14462,12894
15467: 13573,15782,13437,15139,15244,15268
14662: 15641,13092,13680,14354,13856,15525
14466: 14810,15266,15711,14638,15553,14224
15664: 13898,14428,12828,15040,14415
14164: 15257,13636,14402,12962,15809,13069
14051: 13995,13135,15566,13838
14437: 13900,13994,15073,15156
13652: 13483,15656
13944: 14708,14305,15623,13498,15613,15137
12868: 13374,12831,15238,13903,13256,13059
13203: 13195,15107,13884,15297,14288,28677,13430
15638: 
14865: 14874,13602,14862,15463,13150,15648
13067: 14923
14847: 13426,13016
13360: 14882,14526
12882: 14602,14528,12936,13393,14628,13172
14618: 14237,15314,14019,15662,14779,15660
13990: 14570
14498: 14468
14686: 14264,13646,15759,15393,15430,14861
14150: 14987,15044,15396,14349,15236,15647
12894: 14462,14772,15049,13774,13386,12869
14281: 14992,13107,13324,13147,14850,14827
13354: 15293,15359,15674,14808,13186,13570
14396: 14602,13610,13085,15806,15085
15321: 13727
13094: 15367,14925,13290,14086,14952,14071
13413: 14464,14931,13711
14746: 13830,14639,13838,15391,14153,15106
13535: 13320,14059,13306,14954,13083,13009
14728: 12857,14082
15629: 15135,13428,13248,13291,14574,14443,15762
15066: 15437,13651,15473,14809,13513
13042: 
13175: 14703,14815,14381,14844,13664,14998
13998: 13100,13140,15701
15220: 14226,13115,14877,14357,14842,15096
15650: 13482,14880,15745,14019,14252,15660
15394: 15630,12815,14636,14037,15776,13678
15096: 15654,14842,14226,15220,13650,15503
15036: 
15413: 14869,12844,13074,13941
13862: 13655,13527,12942,15746
15069: 13548,14801,13457,13107,13147,15717
13047: 13384,14391,15712,15459,14496,14867
15486: 14642,14504,13952,15179,13765,13270
13826: 15288
14163: 14920,13751
13126: 15725,15620
13637: 
13307: 14220,13473,12822,15365,15640,15286
13255: 14670,13004,15636,15488,14170
15391: 14970,14330,14746,13838,14153,14598
13017: 14812,12927,13516,14578,13407,15285
13345: 13236,15172,15627,13349,13858,13153
14867: 14364,15511,15459,13384,13047,13361
13057: 14428,14888,13018,12828,15769
14258: 13748,13899,15461,13060,12917,12916
13004: 13255,14670,13351,15488
15728: 13075
15248: 15052,14789
15407: 13792,14022,15329,13058,13934,13628
15424: 15644,13054
14213: 15169,15191,15646,14482,13464,12996
13939: 13161,14494,14549,13501,14399
12921: 14658,12928,13103
15337: 14699,15390,13948,15305,13573,13437
14460: 14108,13336,15571,15515,13861
15717: 13147,14410,13625,13548,13737,15069
15491: 15034,13723,13831,13124,14992,14782
13507: 15758,13547
14495: 13795
15431: 13452,13550,15647,13848,15547,15396
14053: 15594,13401,15563,14374
13510: 15649,15764,13165,14084
15693: 14550,12911,14222,13969,15129
13570: 15791,14489,13354,15359,13186
14715: 13234,14430,14958,13675
15741: 12988
13177: 15584,13122,15057,13528,15347,13035
14512: 15404
15571: 15515,14235,12956,13660,15678,14460,13861
12832: 15271,13545,14129,12887,14178
13537: 13918,13798,14402,13492,14254,15498
12835: 14899,14126,14409,14993,15680,15471
14457: 13330,13745,14874,13441,14385,13250
14930: 14927,13365,14838,12961
15235: 15685,15282
13635: 15363,14991,14030,14013,13238,13832
28659: 13779,14306,13520,15600,15161,13334
13406: 15039,15616,15611,13760,13936,14546
13964: 14995,12908,14802,12998,14963,13343
13366: 15177,13479,13605,14023,15788,12955
13737: 15654,13548,13736,15717,14410,15643
15135: 13428,13248,15629,14354,13078,13856,14952
15681: 
15147: 15247
13068: 15743,14167
15585: 14839,13752
15719: 15032,13429
13709: 15208,14114,13285,14049,14687,14530
14716: 
13268: 15618,14131,14417,14266,13915,15389
13678: 15737,13957,15394,14636,13456,15776
15280: 14969,14481
14797: 14569,14054,14273,14301,14939,13012
13966: 13993,15350,15117,12910
15539: 14181,13835,14353,15363,14030
14090: 13834,13281,15595,14202,13443,12871
14455: 15185,15365,14007,15211,14180,12822
12986: 14818,15519,15692,15055
13084: 12937
14086: 13290,15595,13094,12871,15757,14071
13019: 14575,15185,14007,13116,13206,15668
13810: 13148,15197,15003
13032: 15575,14096
15247: 15147,14514,14711
14210: 15433,13381,15739,15729,14242,13808
13195: 15272,15107,13203,15297,15219,14951
13138: 13864
14901: 13970,14370,14619,14476,13221
13101: 14730,14568,15673,15716
15295: 15110,13530,13026,13623,14584,13339
12930: 12916,13875,13926,14723,14896,14973
14297: 15602,15327,14196,13630,13877,15809
14408: 13395,13568,14737,15275,15080,13822
15035: 13575,14947,14911,14830,14924
13697: 14478,14894,13708
14382: 13179,28677,14515,13884,28676,12895,15154
13103: 14446,14066,12921,12928,15063
15353: 13947,14480,15756,15128,14905
13012: 15597,14939,13404,14054,14797
14251: 14770,13050
15350: 13966,13993,13051,13363,15117
13305: 14321,14669,14113,13620
13543: 13198,13003,14785
13340: 14454,14792,15175,14221
14652: 13409,12967,15379,13132,13376,15038
13051: 13993,15350,15502,14192,13392
13445: 13680,13587,14354,15532,14443,13428
13901: 13594,14755,14841
15612: 13342,14654,12947,13454,15789,14386
15718: 12891,14614,12907,15271,14248,15440
13140: 14181,15701,13100,13998,13439,15363
15520: 14416,28658,13466,14103,13723
14671: 15261,14543
14936: 15124,13689,15458,13303
13218: 14651,13571,14734,15760
15620: 13126,15570
15398: 14398,12955,15072,15788,13460,14152
14871: 13542,13836,15589,14820,13410,15193,12859
14329: 12840,12915,15218,14453
15593: 15163
13332: 12834,12944,14186,13829
13469: 13165
14424: 15332,13581,14733,15657
14056: 14083,12919,15023,13882
14769: 13448,14599,13815,15386
15667: 14365,15699,13931,13024,14233
13410: 14820,14383,15251,14257,13836,14871
14649: 13552
14886: 14554,15780,15742,15756
14758: 13207,15352,15573,14995,14021,13208
14340: 14637,14785,13301,15545,13198
13580: 13424
15540: 
13679: 14141,14062,14267,13919,13185,15101
12899: 14048,13151,15554,13418,13114,15290
14691: 13468,15288
13701: 13968,14526
15384: 15385,13043,13315,15490,13242
13556: 13073
12963: 14820,14383,15223,13590,13891,13246
13843: 14889
15444: 15659,15731,12985,14549,13501
13411: 
14519: 13252,14664,15146,14024,14358,14492
15072: 13065,13696,15788,14350,15398,13460
13621: 13046,15633,14115,15651,12943,13953
13816: 
13827: 15357,12904,13398,14537
15290: 13769,13915,15389,15554,12899,14048
14690: 14904,15077,13803,12872,15253,14352
14243: 13905,15228
13481: 13174,12896,15596,15275,14475,13807
14031: 15087
14996: 
13353: 13370,13540,12823,15048,15281
13178: 13165
12875: 15256,13156,14358,14977,15485,14492
15329: 15407,14022,13097,13356,13669,13934
15256: 13156,12875,15168,15485,14997,14697
14032: 15642,14223,13342,14106,13749
15085: 15231,15806,15155,14892,13610,14396
13791: 13692,15786,14837,14000,13370,13540
13395: 14408,13568,13391,12885,14371,15080
14672: 12992,13362,14607
13563: 
12858: 
13965: 14467,15178,13211
14183: 14943,14834,14617,15784,13129,14432
13747: 15134,13475,14414,14914
15542: 14142,14983,14289
12912: 13919,13185,13643,15748,14896,15005,14447
15352: 13207,14758,14068,13887,14822,15573
14645: 14928,14001,15151
14726: 15552,14313,15055
14012: 15526
13198: 13543,14698,15119,14785,14340
13444: 15104,14508,13030,15314,13976,14472
15611: 13406,15616,13760,12881,15133
28680: 28678,28675,28679,14157,15495,14310,15567
13396: 14969,14479
14199: 13326,14296,14485,15283
13245: 14647,15094,13176,13853
14537: 13398,14189,13827
14714: 15726,14601
13079: 14587,15292,13780,15286,15094
15445: 13705,13244
15781: 13885,14903
13575: 15035,14830,13436
13291: 13551,14574,14443,13693,13782,15629
13887: 14546,14960,15039,14822,15352,14068
13538: 15034,14103,13902,14017
15317: 13703,13400,15787,13871
14557: 13164,13088,14679,14337,14703,14381
14857: 13589,14376,14003,14542,13293,13355
14514: 15320,15247,13547
14006: 14795,14481,15289
13231: 13389,13566,14231,13899,15461,13433
14991: 13635,15363,14013,13439,13241
15192: 14949,13878,15357,12904,15047,15801
14125: 13257,13048
15196: 14488,14138
14471: 13209,14234,15082,15494,13735,13614
14011: 
14778: 13997,14945,15218,15579,14453
15065: 14487,14774,13217,14732,15465,13860
15399: 15300,14851,12821
13460: 14044,15651,13696,15072,15398,14152
14395: 13180,15543,14216,13443,12848,13304
14196: 15602,14297,12861,13069,13802,15809
13925: 14428,14888,13739,14899,15775,15088
15700: 14247,15013,14749,14112,14375
13985: 15234
13125: 12953
14702: 13698,15380
14614: 15718,12891,12907,13525,13369
15267: 13775,15707,12970,13640
14285: 
13565: 13773,13401,14677,15212
14194: 14400
15736: 12833,14477,15051,15415
15508: 14113,14577,13659,13462,13920,13983
12954: 13814,15653,15453,13431,14803,15690
13449: 15342,14840,15697
15687: 13497
14215: 14771,14249,14669,15158,14853
13014: 14562,14661,14591,13483
14122: 13645
15600: 15161,14333,28659,14306
14296: 13619,15610,14673,15283,14199
13038: 
13738: 14521,14935,14147,15364,13797,14085
13519: 14320,15451,14859,15152,13011,14064
14842: 14357,15654,13548,14801,15096,15220
15551: 13304,13617,13168,15215,12884,15468
14595: 13725,14696,13842,15260,15141,13494
15469: 13425,13314,13509
13479: 13366,15177,15613,13605,15340,13879
14231: 13009,13972,14059,13748,13899,13231,13566
15459: 15092,15712,13047,13361,13478,14867
14928: 14645,14001,14840,13517,15136
13159: 13461,14560,15010,15749,14036,14819
14841: 15707,14034,13901
15043: 14515,13884,13692,14837,15448,14288
13499: 13529
14806: 13021,14137,14960,14068,15530,13263
14433: 13227,13626,13661,14836,13043,13015
15707: 15181,14378,14841,15267
15170: 15388
28589: 13567,14902,13554,15294,12931,15016
15118: 13380
15231: 15806,15085,13950,15155,14576,14200
14948: 13269,13214,15624
15618: 14417,13268,15389,14667,15450
13527: 15312,14981,13862,15746
13295: 
13623: 14325,13077,14811,15110,15295,13339
14062: 14141,13679,14267,14613,15213,14206
13769: 13915,15290,15554,15658,12997,13277
14725: 15279
14616: 14245,15443,14295,12976,13200
14522: 15086,14573,13143,15374,13857,14502
14959: 
15377: 15405,14337,14162,13927,13335,14679
13191: 12842,13768,14038,15164,14547
15554: 14773,15658,13418,13769,15290,12899
13380: 14940,15118,13215
14175: 14221,14784,13163,12988,15189
15052: 13497,15248
12817: 15324,15472,13734,13467,15361,14016
13581: 12909,14424,14741,13210,14148,15657
13050: 15197,14251
13857: 12920,13761,13669,15086,14522,14502
15709: 14088,15103,15759,14905,15074,15393
14807: 13296,13367
15208: 14114,13709,13285,15602,12861,15334
13868: 14569,14939,13310,14536,12993,14907
13569: 14747,13196,13851,13773,15116
14503: 15402,14967,12860,13212,15804,15684
15205: 13996,14831,14555
15527: 13233,14858,13492,12950,15239,15257
13099: 15456,14397,13517,15136,14292
14013: 13635,14991,13241,14699,13832,13948
14817: 13695,13858,13153,13926,14723,12994
14218: 15289
13237: 15386,15462,14756,13368
15428: 13732,14440,13018,14653,12830,15201
15366: 13977,13139,13154,12951,13541,13631
13342: 15612,14654,14121,14032,13749
14843: 14312,15160
15523: 13960
15236: 13715,14349,14968,14816,14150,14987
15214: 14643,14676,13665,13935,14812,14578
15744: 15529,14832,13292,13688,14675,15557
15241: 13002,12903
14095: 13006
14918: 13325,14540,15538
15037: 
15386: 13809,13237,13815,14769,14756
14232: 12828,15769,13553,15492,15415
14287: 14421,15703,13928,13399,13462,14149
13677: 13269,14818
15742: 15780,14046,14886,13545,14129
15333: 13725,15260,15500,14829
14394: 
13447: 
13554: 13567,28589,12931,14348,14139,13378
13233: 15527,13492,12950,14254,15800,14898,15663
13464: 14482,15099,14750,12996,14860,14213
13655: 15312,12942,13862
13029: 15662,14779,13033,15524,15302,13392
13624: 15714,13722,14933,13551,13693,13787
15169: 14213,15191,15646,14272,13403
15210: 14937
14573: 15268,15086,14522,15139,14200,15374
15705: 15550,14917,13010,15322,14083,15023
15740: 15426,14798
15615: 13234,14430,14706,12984,15713,15592
12917: 15172,13060,14258,13153,12916,14723
13542: 15589,14871,15553,14193,14263,15193
13530: 15110,15295,13026,13675
14107: 14558,14835,15230
15652: 12818,14675,13196,13773,15212
15661: 15517,14146,15113
14118: 14459
15314: 14237,14618,13976,13444,14472,14779
15528: 
13604: 15514,14705,13893,14732,14120,15165,12855
13767: 14363,14828,13638,14572,14091,12847
13653: 13350
13208: 12856,14021,13207,14758,14913,15455
14804: 15588,12964
13561: 13229,12888,15242,14134
14574: 13551,13291,15629,14392,13281,15762
14402: 15257,14164,13636,13537,13918,13492
15763: 12989,15283,15226,13163
13427: 15315
14269: 15535,14123,15351,15340,13136,13605
15805: 
13403: 15354,15089,14484,15169,15646,14272
15567: 13402,14036,15400,14722,28675,28680,15495,14310
15701: 13140,14181,15356,13998
14643: 12866,15214,13974,14676,13942,13935
15587: 15727
13683: 13308,15691,14846
14077: 
15778: 13323,14009
28678: 28675,28680,28679,13160,14310,13598,14238,15454
13196: 14747,13569,13341,12818,15652,13773
13735: 15060,13025,13908,15082,14471,13614
13348: 13885,15128,15756
14935: 13738,13797,15140,14962,13656,14085
14775: 13577,13961,14553,15473,13825,12918
13387: 14903,13940,14088
14635: 13666,13308,15326
14648: 15655,15665
15216: 15679,14823,14008,13742,13988
15675: 13846,14484,13129,13117,12845,14373
14732: 13604,14120,15165,13217,15065,15465
15429: 12968,14799
15046: 12932,14900,12881,13811
12865: 15716
14753: 15802,14165,13818
14982: 14282,14300,15191,14272,13249,14290
13182: 13432,12993,14187,15410,13883,14074
14456: 13828,14344,13487,15042,13044,14916
14759: 14263,13928,15375,15122,13399,14990
13271: 13480,15688,13946,13883,13435,15558
13334: 15078,14707,13359,13520,13779,28659
14771: 14215,14208,14249,12977,14682,15176
12920: 13857,13669,15229,15086,13097
14599: 13448,14769,15244,15229,14343
12825: 14683,15198,15686,14035
13060: 15172,12898,12917,14926,13748,14258
12892: 15568,13278,13166,14452,15416,12900
14345: 14783
14316: 
12906: 12973,14605,12951,14349,13452,15647
14263: 14759,13928,15193,13542,15375,14193
14767: 12897,13733,12925,12959
14729: 14869,12926,14565,12855,15514,15555
13568: 14408,13395,15275,14371,15075,13807
14739: 15001,12896,15596,13942,13202,13935
14174: 14766,14502,13761,14076,12883,13788
14570: 14411,13990
15294: 13567,28589,15016,13472,14418,15793
14279: 14447,15324,15472,14763,14116,13188
15093: 
12907: 15718,14614,14046,13878,13369,15271,13545
12833: 15736,13470,15131,15492,15415
14738: 15084,12877,14668,14187,15410,14550
15547: 15431,13550,13863,15396,15494,13209
13636: 14164,14402,15580,13069,13166,13918
14849: 15343,15202
13700: 13622,13319,13685
14366: 13155,14505,15362,15556
12975: 14052,13328,14027
13287: 
13498: 13944,15177,15613,13981,15318,15137
13875: 12930,14896,14973,13467,15748
15799: 15277,15793,13774,14390,13386,14058
13152: 14264,13646,13670,14203,14180,13806
15784: 15113,14617,14943,14183
15060: 13735,13025,14776,13787,13908,14933
14353: 14870,13835,13559,15344,15539,14181
13394: 13276,12889,14025,13830,15106
14670: 13255,13004,14922
12860: 15402,14503,14964,14667,15804
14695: 13298,15178,13190,14808,15293
15259: 14692,15269,13506,13894,13123,14319
12819: 13647,14547,13768,14710,15250
13448: 14769,15244,14599,15787,15782,13815
12836: 15159,13593,13546,13180,13617,14611
12966: 14623,15411
13681: 12873,15157,13613,13789,14298,14866
15411: 13666,14275,12966
13560: 13618,12995,14379,14207
13171: 12922,13753,15200,13866,13184,12927
15103: 14088,15709,15759,15430
12902: 14097
13855: 14061,15673
15356: 15701
14811: 15142,14655,15607,13623,13077,13339
14553: 14775,13577,14964,15804,12918
15283: 14673,14296,14199,15763
15757: 12871,12848,15215,14086,15348,14071
13331: 15409,15475,13591,15076,13226
14020: 
14334: 
15514: 13604,14705,13893,14120,12855,14729,15555
13863: 13953,15044,15396,15273,15494,15547
15670: 13528,15412,13801,14724,12980,14450
15382: 
13907: 14731,13090
14968: 13715,14349,15236,13001,15017,12973
12956: 13660,15678,14040,15571,15261
13878: 15192,14949,13369,14046,15047,12907
15292: 14587,15668,13079,13346,14089
15651: 14044,13460,12943,13696,13046,13621
13658: 14566,14465,14825,14958
14633: 15055,15419,13872
15354: 13403,13924,15089,14272,13249
14940: 13380
15708: 14915,14900,12893
14803: 15319,14191,15690,12954,15453,13799
13599: 13796
15375: 14193,14759,14263,15122
13355: 13293,15258,14545,15765,14542,14857
12859: 14421,13590,14871,14820,15193
14145: 15243
14127: 13064,14277,13134,14496,14391,13277
15480: 13609,13371,13571,14882
13882: 14922,13382,14056,15023
14133: 15531,15130,15221
13002: 15241,14619
13028: 
13141: 15138
12968: 14256,12935,14799,15429
13035: 13528,13801,14567,15584,13177,15770
14152: 15714,13722,14398,15398,14044,13460
12926: 14869,13074,14729,13903,15555,13059
12973: 14605,12906,15017,14349,14968,15024
13698: 14702,13273
12982: 15463,13150,13397,12935,13805
15699: 14365,13431,15667,13024
13716: 13357
13851: 15143,12960,13569,15116
14558: 14694,15533,12923,14107
13916: 14827,14369,14883,13324,15126,15149
14188: 14934,14540,13779,14306
14169: 14674,13376,15038,14271,15541
14526: 13701,13360,12897
15015: 13139,13154,13093,13278,14005,13415
13906: 13828,13230,13072,13608,13286,15680
14046: 15780,15742,15047,13878,13545,12907
14493: 12874,13876,14532,15346,14534,14950
14508: 13444,15104,13030,14763,13188,13300
15028: 15406,13053,14986,12842,14038,14984
14426: 13597,14140
14507: 13612,15522,15207,14225
14423: 12974,13914
15691: 13683,13308,13718
15405: 15307,14491,14337,15377,14162,14050
15436: 14299,14972,15725
14655: 14811,15142,15080,15607,14621,13391
15107: 13195,15272,13203,14860,13430,13986
13040: 14637,13131,15119,13786,15577
13284: 13162,13075
14420: 15326,15114
14084: 15764,13510
13489: 14250,15482,13531,14556,14681,13825
15516: 14412,13024,15125,15303
14161: 14908
15596: 13481,12896,15275,14739,15001,13822
15090: 13806,14575,14861,14264,13120
15463: 12982,13150,14865,14874
13288: 13299,15133,15753,14622,15364
15754: 12850,14317,13037,13987,13279,14136
15714: 13722,13624,14152,14933,14044
14925: 13975,13094,13078,12957,14952
14799: 12968,13372,15429
15808: 
15583: 14362,14240
14061: 15673,13855
15622: 15328,15296,15246,14474,14076,12883
15389: 13915,15290,14048,15618,13268,15450
13528: 15347,13035,15412,15670,13801,13177
12957: 13078,14529,15525,14925,14185
14782: 14992,13107,13124,13457,12831,15491
14681: 13489,14250,15150,14684,13577,13825
13376: 14674,14169,15038,14652,13409,15083
13648: 15580,13802,13293,14283,14376,15568
13531: 13489,15482,14556,13317,14664,14294
13401: 15594,14053,15116,13565,14374
15081: 15738,13975,15367,14228,13612
13461: 13349,13159,14560,13695,13858,14819
13276: 13394,14271,15012,15403,13817
14815: 14703,13175,15307,15323,15625,14998
13408: 
15653: 13814,12954,14365,13431,15544
15129: 15109,13049,14470,15693,12911,13969,15561
14509: 12980,13518,12948,13046,15633,13673
15471: 14119,13227,15360,14409,14126,12835
13711: 13413,14931,13778
14375: 14112,14247,15700
14098: 14810,13109,14638
14373: 13852,12845,15675,14484,15089
13207: 15352,14758,14068,14913,15530,13208
13922: 15752,15341,13968,14214
15686: 12825,14683,15198,13601,13943,15346,14067
13977: 15366,13139,13081,14605,12951,15464
14124: 15584,15057,14719,13127,15278,13585
15733: 15634,15636,15021,15064
12884: 15468,14014,15215,15348,15207,15551
13547: 15320,14514,13507
14975: 13758,13289,14505
13156: 15256,12875,15168,15524,14977,14307
14282: 14982,14300,13937,14482,15191,13446
14393: 14760,14582,14166,13170
13045: 13718,13849
14450: 12980,12948,15372,15670,13801,14644
14275: 12820,14929,14623,13666,15411
14404: 14069
14976: 13008
12935: 14256,12968,13397,13161,12982
15689: 13564,14351,12939,14293,14875,14168
13777: 
14854: 
14325: 13623,13077,13275,15110
14549: 14494,13932,15444,15731,13501,13939
14502: 14766,14174,14522,13143,13857,13761
13815: 13871,13956,15787,13448,14769,15386
15063: 13082,12928,15309,13103,14446
14344: 13828,13230,13260,14456,14227,13487
13929: 13483,15656,13553,14685,13142
15560: 13298,13921,13763
13728: 13763
12905: 14722,15414,15005,15772,13205,15101
13740: 12922,13753,14572,15713,14566,14465
15017: 15240,13001,14968,15180,15024,12973
14417: 15618,14131,13268,14682,14667,14280
14305: 14708,13944,15623,15269,13338,15529
14478: 13697,14583
13228: 15308
13018: 13732,15428,15201,13057,14888,15769
14201: 
14965: 15316,13756
15635: 
14679: 14104,13335,14557,13088,14337,15377
15301: 
14727: 14981,14214,15803,15224
15419: 14633,15371,14788
15659: 15444,15731,12985,15250,15245,14580
14631: 15125,14891,15303,13813
14653: 15042,14743,13800,14440,15428,12830
14071: 14228,15348,14086,15367,13094,15757
14992: 14281,14782,13107,13324,13831,15491
13742: 15605,14008,15216,13514
28675: 28678,28680,28679,13160,14157,15495,14310,15567,15772
14439: 
12820: 14275,14929,14356
13974: 12866,14643,13055,13942,14848
15068: 
14432: 13129,13117,15219,14834,13657,14183
15788: 13065,15072,14350,14023,13366,12955,15398
13144: 15011,13146,14518,14284,13259
14627: 14362,15291
15026: 
15311: 13280,13272,13668,14067,14534,13297
15251: 14257,14132,13091,14383,13410,13504
14548: 13775,13924,13249,13135,13995
13206: 13116,13584,14575,13019,12923
14058: 15515,14235,15799,14666,14390,13386,15188
15810: 13699,13576
14705: 13604,15514,14641,14828,15165,14777,12855
13304: 15551,13617,12848,15215,13180,14395
14917: 15705,15550,14324,15322,13113,14823
14298: 13389,13566,13982,13789,13681,12873
13870: 14895,14611,13955,14217,14791,13470
14441: 14485,15474
14363: 14828,13767,13638,15165,15608,13217
13465: 14253
14407: 13992,14745,13682,13013,15204
14312: 13149,14843,13914
15137: 15318,15532,13944,15623,13498,13587
13579: 14304,13106
14271: 13276,12889,14169,15038,13817
13659: 13399,14990,13983,15061,15508
13318: 15644,15027
15016: 14176,13667,14902,28589,15294,14418
12934: 13622,13313,13959
15287: 14757
14793: 
14872: 14831,14701
13109: 13874,12826,14098
14612: 13222,15262
14546: 14960,15304,13887,13936,15039,13406
14752: 15403,15144,13619,14741
13550: 15431,13848,15547,15179,13765,13209
15084: 14738,12877,13344,13420,14187,14907
15074: 14047,15393,14905,14480,15709,14178
14170: 15322,15636,13255,13382
13298: 14695,15560,15014,13190
14866: 15559,15152,13681,15157,13613,14859
13261: 
14029: 
13995: 14051,15604,14548,14204,13135
15513: 15418,15679
14876: 15497,14338
15123: 
15269: 14692,15259,13506,13338,14708,14305
14780: 
14897: 14359,14632
14220: 13307,13473,15628,15029,15640,14387
14421: 15703,13590,12859,14287,13928,15193
13089: 14733,14838,15328,15296,13991,14927
13430: 13179,28677,15107,13203,13187,13986
14035: 15148,15406,12825
13795: 14008,14495,13514
14589: 13746,14634,15100
13950: 15231,15806,12936,14200,15374,13812
15250: 14710,12819,14580,15659,15731
13016: 14847
14357: 14842,14801,13256,14877,15220,13374
13491: 14813,15254,13247
14272: 15169,15191,13403,15354,14982,13249
15154: 12895,13913,14870,13835,14515,28676,14382
14462: 14772,15628,12894,15029,15049,13111
13941: 14416,28658,13466,13074,15413
15786: 13692,13791,14000,13676
14777: 14565,13076,13312,12855,14641,14705
14085: 13755,13656,12998,13738,14935,14147
14674: 13376,14169,14474,15083,15246,15541
13982: 13320,14059,15265,13789,13566,14298
13669: 13857,12920,13761,13097,14022,15329
13945: 14642,14504,13663,14743,13044,15768
13232: 13119
12925: 14289,14767
15101: 13205,15005,12905,13919,14141,13679
12952: 15194
13695: 13858,14817,13461,14819,12994,13322
12987: 14751,13364,14721
15397: 15225,15226,15175,14055,13526
15153: 14309
13130: 15234
13485: 14379,14207,14017,15126,15149,13902
14810: 15266,14386,14098,14466,14638
14365: 15699,15667,14233,15653
13441: 14874,13602,13011,14457,14385,14064,13250
15668: 14587,15292,13019,14007,13116,13346
14103: 15034,13723,13538,15520
13627: 15698,15159,13168,14041,13225
13642: 12940,15696
13071: 14956,15694,15114
14016: 13662,15330,15361,13572,15324,12817
14629: 14697,12839,15168,14245
14294: 13347,15485,14492,14664,15482,13531
14978: 13852,14943,12845,13962,14034,14378
13888: 14151,13522,14539,15666,15098,15368
13256: 15395,13059,14877,12868,13374,14357
14542: 15249,14302,14545,13355,14857,13589
15564: 13214
14238: 15422,13574,15454,13598,28678,28679,14310
13129: 14432,13117,14183,12845,15675
13425: 13314,13837,15469
13513: 14093,14809,15473,15066,12918
13081: 15249,15024,14605,13589,15464,13977
15127: 14561,13793
12879: 14520,13297,13272,13784,14497,14057
15038: 13376,14169,14652,13132,14271,12889
15179: 13550,13848,13765,13896,13270,15486
14444: 15617,15338
15803: 15752,14727,14214
13315: 13043,15384,13661,14689,15458
13229: 13561,12888,14764
13405: 
14187: 12993,13182,14907,14738,15084,15410
15242: 13561,14134
14951: 13846,13117,15219,13195,15272
14888: 14428,13057,13925,13732,13739,13018
15100: 14589
12853: 
12852: 14284,13329,15435,15801,13146,14949
13102: 13257
13879: 13757,15340,14692,13479,15613,14708
14440: 13732,15428,12849,15042,14653,14916
13005: 13597
15312: 13655,13527,15565
14977: 13033,14463,14358,13156,12875,15524
14470: 15109,15129,13894,15561,12841,14319
14766: 14174,14502,13143,14665,15481,14076
15759: 15709,15103,15393,15430,14686
12927: 14812,13017,13516,13184,13171,15200
13675: 13530,13026,14715,14430
15807: 
14132: 14311,15251,14257,14050,13091,15625
12841: 15351,13757,14319,15109,14470,13500
14093: 14809,13513,13727,15255
13243: 13978
12991: 
13672: 
14607: 13362,14672,12992,13269
13160: 28678,28675,28679,14157,15454,14773,13654,12999
15574: 13662,15330,12838,15677,15104,13976
13241: 13854,14594,14991,14013,13948
15440: 13522,14248,15271,15718,12887,12870
15566: 14290,13135,14051,14639,13838,14656
13431: 15699,15478,15653,12954,15690
13364: 13100,12987
13369: 14949,13878,15435,14614,12907,13525
13393: 13039,14663,14528,12882,13172,12967
14117: 15105,13699,13095
13467: 13734,13875,14973,15748,15472,12817
13968: 13701,14981,14214,13922
15012: 15106,14845,13276,15403
15371: 15380,15419,14788
13238: 13913,14646,13635,14030,13832,14833
14529: 12957,15525,15792,14190
14801: 14357,14842,13548,15069,13457,13374
13386: 15188,12869,15799,13774,12894,14058
14561: 15127
14203: 13670,13451,14047,14135,13152,13646
14255: 12990,13572,12873,15157,15361,14043
15401: 15704,15438
13720: 13712,13422,14600,13869
14838: 14109,13365,15296,14927,14930,13089
13501: 14037,15444,12985,14549,13939
14193: 15375,15553,15506,13542,14263
13853: 13245,13176,13222
15194: 14422,12952
14389: 
13775: 14548,15267,14204,13924
14005: 13072,13415,13154,15015,13230,13260
14409: 13607,13608,15680,14119,15471,12835
13000: 14824,13240,15300
13975: 15367,14925,14185,15081
15598: 13630,15721,12962,13804,14552,14858
13611: 
13912: 13351,15634,15488
14823: 15216,15679,15550,14917
14100: 15388,12946
15458: 15556,13315,15124,14936,14689
15621: 13087,15433,13750,14541,13258,15735
14677: 15792,15212,13565,14942
15152: 15559,15648,13011,14866,13519,14859
13555: 14398,13981,15318,13782,13722,13693
15776: 15265,13456,15054,15630,15394,13678
13258: 13173,15115,15735,15621,13164,14541
13346: 13116,14835,15292,15668,15230,14089
12871: 15757,12848,14090,14086,15595,13443
14326: 13052
14836: 15182,13661,15800,14898,13626,14433
14091: 15639,12847,14465,14825,14572,13767
12995: 13618,14530,13560,13524,14207,13512
14138: 15196,13264
13871: 13956,13815,15317,15787
14795: 14006,13007,14481
13559: 14870,14353,15448,15344,15446,13687
14022: 15407,15329,13058,13761,13669,13788
14262: 14268,15590
14463: 13033,14977,14472,13030,15146,14358
15735: 13258,15115,13533,15621,13087,14179
12955: 14398,13981,15398,13366,15177,15788
15022: 13694
13786: 14749,15577,13040,15013
14075: 13146,14518,15801
13073: 13556,13192
13741: 15422,15120,15751,13904,14525,14277
15710: 13762
15639: 14091,12847,12862,14825
14651: 13218,13571
14563: 14923,14757,14942,14190,13583
13806: 15090,14575,14264,13152,14180,15185
13457: 13374,12831,14801,15069,14782,13107
14348: 15276,14212,15077,12931,13554,14139
14641: 12847,12862,14828,13076,14777,14705
14166: 13684,14582,13325,14934,14393
13872: 14633
13497: 14829,15052,15687
15357: 12904,13827,15192,15801
14927: 14930,14838,13089,14026,14259
15007: 15095
13668: 13021,13943,14067,13297,13263,15311
14764: 13229
13312: 14565,13076,14777,12844
14826: 13383
14155: 
13381: 15433,14210,13808,14104,13088,14541
14425: 14045,14314
14157: 28675,28680,28679,13160,15495,15237,15772,12999
13880: 15470,12924
12876: 
13838: 14639,14746,15566,14051,14330,15391
13727: 14093,14809,13458,15321,14388
13900: 14437,13994,14718
15535: 14603,13500,14123,14269,13595,15351
15442: 
15237: 15190,15772,13205,14157,12999,13781
15416: 12892,13166,14452,13918,13798,15581
15188: 13386,12869,14346,15515,14058,13336
14545: 13539,14209,15765,14542,14302,13355
13493: 
13935: 13665,13202,14739,13942,14643,15214
15126: 13485,15149,13902,13831,13324,13916
15122: 15375,14759,14990
13370: 13353,13540,12823,13791,14837,14039
13997: 14778,14096,14915,13588,15579
15121: 14511,13996,14436,13052
15606: 14233
15202: 14849
15106: 14153,14845,15012,13830,14746,13394
14891: 14631,15140,13181,15669
15758: 13507,13756,14110
13338: 13688,13013,15269,13506,14305,15529
14919: 13616
12870: 12887,14135,13522,14539,15440,13451
15098: 15666,14080,13888,15637,13111,15368
15499: 14435,13823,14320,15132,13494,15449
14473: 13172,14665,13409,15481,15083
14030: 13635,15363,15539,13835,13238,13913
15502: 13363,14252,15660,15662,13392,13051
13165: 13178,13469,15649,13510
15633: 13046,13621,14115,13673,14535,14509
14571: 15427,13614,14588,15591,14604,13025
14582: 14166,15798,14355,14393,14760
13392: 15302,14192,13029,15662,15502,13051
14983: 13158,15542
13782: 15318,15532,13555,13291,14443,13693
12962: 15257,14164,15809,13630,15598,14858
15300: 15399,14564,13000
13962: 14034,15517,14943,14978
13989: 14688,14789
14176: 15016,13667,14805,15217,13578,14902
15446: 13687,15344,15284,13559
13474: 13936,15579,14453,15536,15304
13339: 14584,15518,13623,14811,15142,15295
15536: 13474,14453,12840,15304,13719,14137
14622: 13288,15669,15364,13797
13352: 
14885: 15588,14921,15457,15423
14089: 14278,13070,13346,15292,15230
14957: 14265
13590: 14421,15703,12859,14820,12963,13891
14202: 14216,13443,13834,14090,15591,14604
15609: 14308,14736,14744,14790,15345,13407
15517: 15661,13726,13962
15318: 15532,13782,15137,13498,13555,13981
15075: 14371,12961,13568,13807,14026
13921: 13596,15560
13514: 14130,13795,14008,13742
13614: 14571,14588,13735,13025,14234,14471
15281: 14449,15048,13886,13353
14459: 14118
15392: 14299,14972,14429,14800
14147: 14521,13738,13027,14085,12998,14802
13617: 15551,13304,13168,13180,15159,12836
12880: 15465,13860,14761,14531,15695,15747
13864: 14360,13138
15451: 13519,14320,14859,12990,14274,13823
13717: 14760
14041: 14436,14873,13168,15468,13627,13225
14190: 13583,15792,14529,14563
15078: 13334,14707,13359,13477,13684,15767
14733: 13089,13991,14424,15505
12976: 15378,13200,12839,14616
14119: 15471,13227,13607,14409,13110,15498,13626
13149: 14312,13576
13078: 13856,12957,15135,14952,14925
14712: 
14693: 
15782: 15467,13573,13841,15787,13448,15244
14731: 13907
15578: 14265,15315
12881: 13760,13811,12932,15046,15133,15611
13780: 15640,15286,13502,13079,14647,15094
13558: 12959
14158: 15476
15581: 13607,13110,14452,15416,14500,13798
15104: 13444,14508,14763,15330,15574,13976
14045: 14112,14425
15768: 13800,14217,13945,13663,13167,14743
13262: 14410,13625,13145,14781,13001,13715
15167: 14974
14265: 15578,14957
15713: 12984,13234,15615,14566,13753,13740
12856: 12958,14021,13208,15067,15455,15779
14632: 14897
13186: 14666,15546,15674,13354,14489,13570
15203: 13212,15255,13597
13830: 14639,14746,14025,13394,15106
13184: 13508,13665,13866,13171,14812,12927
15568: 12892,13166,12900,14376,15580,13648
14406: 12941
15168: 15256,13156,14307,14629,14697,14245
15417: 15501
13729: 14586,15702
13274: 14044,12943,14933,15082,15273,13908
14831: 14872,14701,15205
12861: 15602,14196,15208,13285,14283,13802
15797: 15387,13193,13595,13442,15109,13049,13500
12854: 15032,15040,14592,15102
13573: 15467,13841,15782,15305,15337,13437
13813: 15478,15773,14631,13181,14261
15793: 15277,15799,13774,13567,15294,13472
14207: 14379,13485,15149,13560,12995,13512
15010: 15115,13671,13533,13159,14560,15749
13328: 12975,12829,13240
14889: 13843,14488
15676: 14427
14288: 14039,15297,15043,13884,13203
13030: 13444,14508,13300,15146,14463,14472
13552: 14700,14649,13633
15082: 15273,15494,13274,13735,13908,14471
13091: 15323,15120,15625,15251,14132,13504
14347: 13123,13412,14796,15697,13992,14745
15263: 15425,13416
15569: 13710,15730
15070: 14246
13015: 15385,13043,13227,14433,15360,14315
13142: 13898,15715,15656,13929,13743
14604: 15427,14571,15591,14202,14216,13895
13586: 13670,15211,13451,14539,15666,14205
14397: 13099,14955,14292,14747,12960
15802: 14753
15177: 13366,13479,15613,13498,13981,12955
13706: 15642,13799,13927,14191,13532,13335
15515: 15571,14058,14235,15188,14460,13336
14773: 15554,15658,13654,12999,13418,13160
15525: 13856,12957,14529,13092,14662
13253: 14172,15745,14688,14789
13784: 13327,15455,14497,12879,14520,14913
15021: 12901,15733
14073: 
12889: 13394,14271,13132,14025,15038
14915: 15708,14900,13997,14096,13811
15211: 13670,13586,14180,14205,14455,12822
13362: 14607,14672
15470: 15187,13096,15262,13880
14845: 14153,15106,15012,14042
14786: 13562
13641: 14351,12939
14386: 14810,15266,15612,14654,15789
15548: 13766
14247: 15700,15013,14698,14375
14602: 14396,14528,12882,13085,15806,12936
13251: 15073,15163
15221: 15004,14133
15556: 15458,15490,14366,13155
15347: 13528,15412,13177,13122,14123,13136,15720
15696: 13718,13642,13847
13289: 14975,13429
13325: 14934,14540,14918,14166,13170
15671: 13118,15562
15430: 14861,13892,15103,15759,14686
12981: 14979,13098,13958
15769: 14232,12828,13018,15201,15492,13057
14687: 14114,13709,13618,14530
15809: 14164,12962,14196,14297,13069,13630
13500: 15535,15797,13595,15109,15351,12841
13584: 13120,14517,14694,12923,13206
14586: 13414,13729,15811
14069: 14404
14661: 14562,13014,14092
13020: 14477,14434,15051,15698,13157,13225
14248: 14151,13522,15440,15718,12891,14805
14510: 15173,14994,14650
13257: 14125,13102
15360: 15471,13227,14126,13015,14315
13884: 15043,14515,14288,28677,14382,13203
13033: 14977,14463,14472,13029,14779,15524
15368: 15637,14418,14151,13888,13667,15098
14418: 15637,13472,15368,15016,13667,15294
15047: 15780,14046,13419,12904,15192,13878
13834: 14392,13281,14090,14776,15591,14202
14964: 14684,14667,13577,14553,12860,15804
13779: 28659,14306,13334,14707,14934,14188
14182: 13157,13225,14436,13052
14037: 14636,13501,12985,12815,15394
14605: 12973,12906,12951,15024,13081,13977
13685: 13066,13700,15306
14254: 15800,14898,15498,13537,13233,13492
14479: 13396
14036: 13402,15567,15400,14819,13159,15749
13116: 14835,13346,13206,13019,12923,15668
13650: 15770,13911,15372,14226,15096,15503
15310: 
13509: 13705,15469
13220: 
14167: 13068
15053: 13633
13183: 14143
13876: 12874,14493,14532,13632,13224
13429: 15058,13833,15719,13289
14909: 15500
15462: 13237,14658,13368
12883: 14109,13788,14174,14076,15296,15622
12989: 13210,14673,15226,15763
15555: 15395,13059,15514,13893,14729,12926
13375: 13199,15544,13814,15704
13330: 14186,13745,14457,12834,14874
14311: 14257,14132,14050,14491,15672,15479
13703: 13400,15317,15274,12824
14126: 14899,15775,12835,15471,15360,14315
15607: 14446,14621,13077,14811,14655
14137: 13021,13719,14806,15536,14960,15304
14447: 14279,15472,13185,12912,15748,14116
13913: 13238,12895,14646,15154,13835,14030
15720: 13136,14023,15347,15412,14724,14350
15679: 15216,14823,14008,15513
14814: 13468,15288
15695: 15278,13585,14531,13686,12880,13860
15367: 13975,13094,15081,14228,14071
14430: 14715,13234,15615,13026,13675,14706
12943: 14044,15651,13274,13621,13953,15273
13811: 13760,12881,13588,14915,14900,15046
14332: 13495,14961,15562
13145: 15643,14816,12816,13262,14410,13715
13306: 13280,13272,13083,13009,14057,13535
15207: 14228,15348,14507,12884,14014,14225
14534: 15346,14067,14493,13280,15311,14950
15409: 13331,15475,13226,14222,12837,15342
14659: 15558,13265,13127,13193,14912
13937: 14282,14300,13446,14663,15379,15724
15067: 13327,15455,12856,15779,13236,12898
13432: 12993,13182,14536,15195,15688,13883
14467: 14094,13965,15359,15791,14081
13480: 13271,15688,14551,13946,15345,13282
13105: 15291
15275: 14408,13568,13807,13822,13481,15596
14584: 15723,15518,14706,13339,15295,13026
15172: 13236,13345,12898,13060,12917,13153
14378: 15181,15707,14034,13852,14978
15165: 14363,14828,13217,13604,14705,14732
13689: 15124,14936,13131,15577,15087,13303
13525: 12891,14614,13369,15435,14657,13578
13308: 13683,15691,13666,14635
14123: 15535,14603,14269,13122,15347,13136
14636: 14037,14399,15394,15737,13678
14482: 15099,13464,14213,15191,13446,14282
13532: 14608,13808,14191,13706,14104,13335
13157: 14182,13225,13020,14434
13335: 14104,14679,13532,13706,13927,15377
15245: 13632,14580,15659,12985,12815,15614
15395: 15555,13256,13059,13893,14070,14877
15673: 14061,13855,13101
15274: 12824,15305,15586,13703,13400,13841
15379: 14652,12967,14663,13937,13132,15724
15030: 
13915: 13769,15389,15290,12997,14266,13268
15197: 13810,13050
15753: 15133,13288,12932,15000
14223: 13199,15453,15642,14032,13799
13158: 14983,13963
12929: 15447,15227,14559,15031
15678: 12956,14666,14040,14489,15571,14235
13110: 13607,15581,13798,15498,14119
13100: 13998,13364,13140,13439,15603
15597: 14939,13310,13012,13404,13174,13055
14583: 14478
15680: 14993,13286,13906,14409,13608,12835
13108: 14000
12877: 14738,15084,14668,13420,15475,13591
14600: 13869,13720
15627: 15779,15222,15795,13236,13345,13349
14776: 15060,13025,13787,14392,13834,15591
15476: 14158
13980: 13582
15795: 15627,15222,14179,13533,13349,14560
15184: 14405
14490: 13829,15108
15518: 15723,14584,13339,15142,14737,13121
15711: 15672,15479,14765,15266,14466,14224
13327: 15067,15455,13784,14497,14926,12898
15339: 15420
15097: 
13054: 15424
14960: 14546,15304,13887,14806,14137,14068
13582: 13917,13980
14240: 13837,15583,15521
13082: 14621,15063,13391,15309,13628,12885
15464: 13589,14003,13093,13081,13977,13139
14539: 13522,13888,12870,13586,13451,15666
15219: 14432,13117,15297,13657,13195,14951
13783: 
14501: 
14208: 14771,13771,14364,12977,15158
13379: 14015,13242,15490,13155,13758
13365: 14109,14838,13792,13058,12961,14930
14449: 14834,15281,14863,14617
15161: 12827,15600,14333,15452,13520,28659
14156: 
13616: 15752,13633,14919
13037: 13279,13254,15754,14136,15187,13096
14875: 14372,14195,15689,15014,14168
14658: 12921,13368,12928,15462
14946: 13003,13471,14785,13850,13301,14852
15811: 14586
15694: 13071
13466: 14416,28658,15520,13941,13074,13903,15238
13592: 
13391: 14621,13082,12885,14655,15080,13395
13639: 14596,13388
14724: 12980,13518,15412,15670,15720,13065,14350
14180: 13670,15211,13152,13806,15185,14455
13404: 14259,14054,14475,13174,15597,13012
13909: 13534,14597,15783
13193: 15387,15797,13595,15558,14659,14912
14932: 13557
15080: 15142,14655,13391,14408,13395,14737
14400: 15018,14194
13046: 15633,13621,14509,13518,13696,15651
15144: 13817,14752,15576,12909
14611: 13870,14895,13955,13546,13593,12836
14413: 
12842: 13191,14038,15028,14984,14547
13155: 14366,15556,15490,13379
14979: 12981
14987: 14150,15044,14816,14115,14535,15236
14362: 15583,14627,15336,15291
12993: 13432,14187,13182,14907,13868,14536
15276: 13190,14212,14348,14195,15077,13803
13807: 14475,14026,15075,13568,15275,13481
15182: 13661,15009,14836,15800,15663,15432
15018: 14400
15218: 12915,14303,14778,14945,14329
13845: 15206
15775: 14899,14126,13925,14315,15111,15088
13597: 15684,13005,15203,14426
15008: 13247,15497,15232
14110: 13475,15758
13322: 12994,14722,15414,13695,13402,14819
14198: 12824,14751,14721,14594,15586
14908: 14161
14638: 15553,14810,14098,14466
13136: 14023,15720,14123,14269,15347,13605
13439: 15603,13100,13140,15363,14991
12996: 13464,15272,14860,14213,15646
13903: 13074,12926,13059,13466,12868,15238
15604: 13995,14204,13754
13264: 14138
15565: 14027,15312
15630: 12815,15614,15394,14524,15054,15776
13860: 15465,12880,15065,14774,13686,15695
14969: 15280,13396
15359: 15293,13354,14467,15791,13570
15381: 13189,14261,15773,15319,14608,14242
15191: 14213,15169,14272,14482,14982,14282
15189: 15626,14175,12988
14989: 
13115: 14226,14070,14877,15747,15220,14761
15544: 14380,13814,15653,13375
12988: 15741,14175,14784,15189
14768: 13967
14270: 
14848: 14536,15195,13055,13310,12866,13974
15212: 14677,15652,13565,13092
13433: 13734,14043,15461,13231,13389,14973
13801: 13528,13035,15670,15770,15372,14450
13954: 14625,13756
14097: 12902
14591: 14562,13014,14477,15415,14685
14765: 15711,15672,14654,13749,14276,15266
15570: 15487,14422,15620
15039: 13406,15616,14546,13887,14822,15041
13139: 13977,15366,13154,15015,13093,15464
13246: 13891,15712,14496,12963,13134,15223
12863: 14637,13131,15432,15545,15009,15124
13294: 13931
14827: 13916,14369,14281,13324,14850,13503
13577: 14775,14553,13825,14681,14964,14684
14106: 13749,14276,15642,14032,13927,14162
15117: 13201,12910,13966,15350
14018: 
15079: 13247,13034
13910: 14615
15603: 13439,14721,13100
13644: 14941
14981: 14727,14214,13968,13527
15132: 14385,14064,13842,14320,15499,13494
13069: 15580,13802,14196,14164,13636,15809
13671: 13173,15115,15010,14105,13664,15749
14597: 15783,13909
14910: 
12933: 12878,14488,13892,14517
15461: 13899,14258,13231,12916,14973,13433
15595: 13290,14086,15762,13281,14090,12871
14890: 14280,15176,15402,14967,13746,14634
13721: 13844,15487
14181: 13140,15539,15701,15344,14353,15363
13001: 15240,14781,15017,13262,13715,14968
13805: 12834,12982
14576: 13437,15139,14200,15390,15231,15155
13424: 13580
13326: 14199,14784
13090: 13907
15505: 14259,14054,14733,15657
14779: 13029,15662,14618,15314,13033,14472
13074: 14869,15413,12926,13903,13466,13941
15447: 12929,15380,13890,14559
13367: 13296,14807
15181: 14378,15707,13852,13924,15089
14970: 14330,15391,14598,14464
15672: 15711,15479,14765,14276,14491,14311
15495: 28675,28680,14157,13402,15567,14722,15772
13696: 13065,15072,13518,13046,13460,15651
15408: 15420,12940,15006
13787: 15060,14776,13624,14933,13551,14392
13242: 14015,13379,15384,15050,15111,15490
15660: 14252,15502,14618,14019,15650,15662
15496: 15706,13169
13667: 15016,14176,14805,14151,14418,15368
14709: 14999
14200: 14576,15139,15231,13950,14573,15374
13333: 13104,14914,15134
12909: 15332,13581,15576,15144,14741
14873: 14041,14436,15468,14511
12908: 14995,13964,12958,14021,13343,15645
14230: 13933,13053,14986
13712: 13720,15761,13869
14914: 13104,13333,14414,15134,13747
14266: 12997,13384,13915,15511,14131,13268
13539: 14209,14545,15765,13512,14883,13524
14259: 13404,15505,14927,14475,14026
14299: 15392,15436,15243
15019: 13266
13622: 13700,12934,13319,14794
15229: 15244,14599,15268,15086,14343,12920
14911: 13477,14947,15035,14924,15798
15487: 15570,13022,13721
14995: 12908,13964,14802,15573,14758,14021
12951: 14605,12906,13452,13977,15366,13631
14701: 12978,14225,15522,14872,14831
15613: 15177,13479,13879,14708,13944,13498
15285: 14487,14774,13017,13516,13407,14736
14704: 15599
13859: 13705,15279
13904: 13134,13504,15223,15120,13741,14277
15738: 13984,15081,15785,13612
14431: 12829,14338
14066: 13103,14446,13275
15064: 13113,15636,15733
14070: 13115,14877,13893,14120,14761,15395
14521: 13738,14147,15364,13299,13027,15041
15783: 14597,13909,13534,14794
15171: 
15522: 13612,14507,12857,14225,14701
15521: 14240
13828: 13230,14344,13906,14456,14916,13286
15173: 14510
14204: 13775,12970,13995,15604
13524: 14530,12995,13539,15765,13512,14049
14735: 
13680: 13445,13587,14354,14832,13292,14662
13736: 15503,14644,15270,15654,13737,15643
13201: 15117,12910
13593: 15698,15159,12836,14611,13955,15051
14856: 14360,13776
14536: 15195,14848,13310,13868,13432,12993
13762: 15710,13266
13549: 15665,14448
15062: 
12818: 14675,15652,13196,13773
13323: 15778
15162: 13114,12886,13316,13151,14250,14556
14120: 13604,15514,13893,14732,15465,14761,14070
13673: 15633,14535,15270,14509,12948,12816
13649: 14367,13226,15151,15342
14783: 13705,14345,13244
15577: 13786,13040,13131,13689
13162: 13284,14483
15302: 14307,14192,13392,13029,15524
13606: 13022
15450: 14684,15389,15150,14048,15618
14958: 14715,13234,13658,14566
15346: 14067,14534,14683,15686,14493,14532
15083: 15481,14474,14473,13409,14674,13376
14862: 15737,13957,13150,15559,15648,14865
14128: 
13337: 
12947: 13454,15612,12826,15789
15734: 15003,14579,15209,14839
14427: 15676
15457: 14002,14921,14885
13122: 13177,15057,14912,14603,14123,15347
14789: 13989,13253,15248
13192: 13073
15378: 12976,13200,15812,14527,14101
13502: 15640,13780,12850,14387,14647,13036
14654: 13342,15612,13749,15266,14386,14765
12815: 15630,15614,15394,15245,12985,14037
14355: 14924,15798,14582
14241: 14544
13343: 13087,15645,14963,12908,13964,13750
15704: 15401,15438,13375,13199
13670: 15211,13586,14203,13451,14180,13152
14154: 
15452: 13377,13520,14855,13010,12827,15161
15262: 13222,14612,13061,15470
15304: 14546,14960,13936,13474,15536,14137
15546: 14666,13186,14390,15674,13378,15277
15113: 14617,15784,14146,15661
13112: 13250,15260,13745,15500,15108
15186: 13419,14189,12904
14579: 15734,14606,15209
15206: 14339,13476,13845
13137: 15746,14906,13314
14302: 15249,14542,15180,14593,14209,14545
14972: 15392,15436
12862: 15639,12847,14641,13076
15111: 14315,15050,15775,15385,15732,15088,13242
13021: 13668,13719,14806,13943,14137,13263
13951: 13546,15543,13895,15174,13167,14895
14697: 14629,15256,15168,14997,13651,13840
13983: 15061,13659,15508,14577
15240: 14781,14593,13503,13001,15017,15180
15642: 13706,14032,13799,13927,14223,14106
15674: 14139,13378,14808,13354,13186,15546
13350: 13653
13722: 15714,13624,14152,14398,13555,13693
14468: 14498
12874: 14493,13876,13632,14524,14950,15614
14625: 13475,13954
14082: 14728
12844: 14869,15413,14565,13312
14481: 15280,14006,14795
15588: 14559,14885,15423,14804
13849: 13045
12922: 13171,13753,15200,13740,14572,13638
13214: 14948,15564
14475: 13807,14026,13404,14259,13481,13174
13856: 13078,15525,14354,14662,15135
15423: 14002,14885,15588,15166
13943: 13021,13668,13719,13601,15686,14067
14043: 13734,15361,13433,13389,12873,14255
14868: 
13453: 13450,13373
15479: 15711,15672,14311,14257,13836,14224
13832: 14699,13438,13635,14013,13238,14833
15217: 14657,13578,14352,14904,14176,14902
15702: 15439,13729
13933: 14230
14225: 12978,14701,15207,15522,14507,14014
14067: 15346,14534,15686,13668,13943,15311
15273: 15082,15494,12943,13274,13953,13863
15054: 15265,15776,14954,15630,13320
13006: 15590,14160,14095
14550: 15693,12911,14738,14668,15410
15748: 12912,13875,14896,13467,14447,15472
14320: 13519,15451,15132,14064,15499,13823
15174: 13197,13663,13167,15427,13951,13895
15131: 12830,15201,15492,14791,12833,13470
15306: 13685
15279: 14725,13859
14675: 12818,15557,15652,15744,13292,15641
14109: 12883,13365,13788,14838,13058,15296
14619: 13002,14901
14608: 14242,13808,13532,15381,15319,14191
12967: 14652,13409,15379,14663,13393,13172
14317: 12850,14387,15754,14772,15628,13987
14699: 13832,15390,13438,13948,15337,14013
13026: 13530,15295,13675,14584,14706,14430
15665: 13549,14448,15655,12851,14648
14567: 13585,14531,15584,15770,13911,13035
13216: 13819,13603,14626
13890: 14921,14788,15380,15447
14486: 13434,15501
14280: 15176,14890,14417,14682,14667,15402
15282: 15235
15105: 14117,15682
14750: 15099,13464,13986,14860,12949,13455
15812: 15378,13200
13840: 13458,14527,13651,14697,12839
12945: 15813,14800
14986: 14230,15028,15406
14858: 15527,15239,15598,15257,12962,13804
13252: 14519,14664,14024,14613,13317,14206
15798: 14924,14355,14911,14582,15767
15751: 15323,15120,14998,15422,13741,13574
13097: 14343,13356,12920,13669,15329
13008: 14976,14286
13628: 12885,13934,15407,13792,13082
15272: 13195,15107,14860,13846,14951,12996
13996: 15205,15121,14555
14192: 14307,15302,13392,13993,13051,15443
13692: 13791,15786,14837,13676,13687,15448,15043
15187: 15470,13096,13037,13254,12924
14994: 14510,14650
14342: 
14822: 13027,15573,15041,15039,13887,15352
13529: 15507,13499
15421: 14339
13756: 14965,13954,15758
12887: 14135,12870,14178,15271,12832,15440
13714: 
14950: 13083,14524,14534,12874,14493,13280
13382: 13882,14922,15322,14170,15023
13043: 15385,13015,15384,13315,14433,13661
13804: 13488,13850,14552,15598,14858,15239
12900: 15568,12892,13278,14376,14003,13093
15134: 13747,14914,13333
14878: 13048,13373
14678: 13169,12942,14906
14805: 14176,13667,12891,13578,14151,14248
13751: 14163
15138: 13141,12846
13634: 13121,15001,15723,15592,13508,13202
14341: 13056
13371: 13609,15480,13733
13715: 15236,14968,13262,14816,13145,13001
14947: 13477,14911,13490,14830,15605,15035
14973: 12930,12916,13875,15461,13734,13467,13433
13399: 13659,14990,14759,13928,14287,13462
14869: 12844,13074,15413,14729,12926,14565
12949: 13629,13187,13085,13455,14750,13986
13788: 12883,14109,13761,14174,14022,13058
14197: 
13999: 13423
15180: 15249,14302,15024,15240,14593,15017
14562: 14661,13014,14591,14477,14434,14092
15561: 13894,13412,13969,14470,15129
15044: 14150,13953,14987,13863,15396,14115
13423: 15509,13999,14111
14000: 13108,13791,15786,13540
13893: 13604,15514,14120,15555,15395,14070
14745: 14407,13992,15697,14347,13682
15739: 15433,14210,13750,13755,15729,14963
15559: 15152,15648,14866,13957,14862,13613
13770: 13283
14144: 15796
14184: 
12944: 13332,13829,14328
14669: 13305,15158,14215,13691
13603: 13216,14314
13881: 13204,15163
14524: 14954,13083,14950,12874,15630,15614
13052: 15121,14182,14326
14628: 13172,14665,12936,12882,13812
13660: 12956,15571,13861,14543
14993: 13286,15680,13739,12849,14899,12835
12885: 13628,14371,13082,13391,13395
13114: 15162,12886,13781,13418,12899,13151
12888: 13561,13229,15071
13049: 15109,15129,13442,12911,15387,15797
13661: 15182,15009,14836,14433,13043,13315,14689
14042: 14461,14598,14845,14485
14859: 13519,15451,15157,15152,14866,12990
15449: 15141,13494,14435,15499,14740,13482
15001: 13121,14739,13822,13634,15596,13202
15320: 14514,15316,13547
13279: 13037,13987,13254,14346,15754
15746: 13137,15224,13527,13862
13506: 15269,15259,13123,13992,13338,13013
13647: 14547,12819,14590,14580,13224
15020: 15441,15143
13120: 14517,13584,13892,15090,14575
14105: 14844,13598,13664,15749,13671,15400
12937: 13084
13771: 13713,13361,14364,14321,15158,14208
13280: 13272,13306,15311,14534,13083,14950
13036: 14136,13061,13502,12850,14647,13176
13605: 13366,13479,14269,15340,13136,14023
14315: 15111,15360,15775,14126,15385,13015
14160: 13006,15590
14904: 15077,14690,12931,15217,14352,14902
13053: 14230,15028
14094: 14467,14081
12923: 14558,14694,13584,13116,14835,13206
13803: 15077,14690,15253,14372,14195,15276
13374: 13457,12868,12831,13256,14357,14801
14017: 14379,13485,13538,13902
13799: 13706,15642,15453,14803,14191,14223
13536: 
13688: 13338,13013,15204,15529,15744,15557
13676: 13687,13692,15786
13270: 13896,14227,15179,14642,15486,13487
15663: 15432,13674,13233,12950,15800,15182
14603: 15535,14123,13595,13122,14912
13290: 14086,15762,15595,14952,13248,13094
14942: 14374,14677,15792,14563,14757
15303: 14631,15125,15516,13024
14790: 14578,15345,13407,13282,14676,15609
15358: 14476,14370,14002
15175: 15226,15397,13526,14454,13340
15752: 15803,15341,13922,13616
13516: 12927,13017,15200,15608,14487,15285
12845: 14943,13129,15675,13852,14373,14978
13730: 15308
14368: 15538,13239
14081: 15264,14094,14467,15791,15512,15582
14924: 15798,14355,15035,14911
13865: 14798
14673: 15283,13619,14296,12989
13988: 15605,15216,13377,14855
14796: 12837,15697,13412,14347
13377: 15452,13520,14855,13988,13490,13359
13731: 14798
14588: 15427,13614,14571,14234,13952,13197
14913: 14520,15530,13207,13208,15455,13784
13358: 13772,13422
14737: 14408,15142,15080,15518,13121,13822
14339: 15206,15421
13172: 14628,14473,12882,13393,13409,12967
13626: 14898,15498,14119,13227,14433,14836
15643: 13145,12816,13737,13736,15270,14410
14665: 14628,14473,13143,13812,14766,15481
14205: 15666,14080,15211,13586,13473,12822
14954: 13083,14524,13320,13535,15054
13384: 12997,13047,14391,14266,15511,14867
13092: 15641,14662,15792,15212,15525
12891: 15718,14614,13525,13578,14248,14805
14065: 
15501: 15417,14486
14356: 15033,12820,14929
13418: 14773,15554,12999,13114,13781,12899
15112: 
15549: 
12893: 12846,15708
13077: 13623,14325,14446,13275,15607,14811
12850: 14317,14387,15754,13502,14136,13036
13979: 14494,13932,15619,14748
15227: 12929,12969
14260: 
13946: 13480,13271,15345,14744,15558,13265
15124: 14936,14689,13689,15009,13131,12863,15458
15531: 14133
15683: 
14044: 13460,15651,12943,13274,15714,14152,14933
13958: 13759,12981
15000: 13463,13496,14177,15753
13023: 14087
15572: 
14211: 15183
13829: 14490,13332,12944,14186
15690: 15319,14803,13431,15478,15773,12954
14010: 13098
14682: 14131,14417,12977,14771,14280,15176
12983: 14626,14505
15345: 14790,13282,13480,13946,15609,14744
15657: 14148,14273,14424,13581,14054,15505
15009: 15182,13661,15432,12863,15124,14689
13088: 13164,14557,14541,13381,14104,14679
14092: 14434,14562,14661
13574: 15422,14238,14844,13598,15751,14998
13504: 15223,13904,15251,15120,13091,14383
13883: 14074,13435,13432,13182,13271,15688
12872: 15253,14284,13329,14352,14690
15507: 13529
14335: 14303
13153: 13858,14817,15172,13345,12917,14723
15215: 15757,12848,15348,15551,13304,12884
14937: 15533,15210
14792: 14454,13340,15076,14762,12864
15087: 13303,13689,14031,15362
15586: 13854,15305,14594,15274,12824,14198
14319: 12841,13757,14470,13894,14692,15259
13564: 14351,15689,15056,15011,13259,14293
14151: 13522,14248,13888,13667,14805,15368
13608: 13607,14409,13072,14500,13906,15680
13723: 15034,14103,15491,14416,15520,13124
15298: 
15722: 13179,12895,14646,15355,13629,13187
14313: 15552,14726
14088: 15709,15103,13387,14903
14906: 14678,13137,13314
14087: 13023
13576: 15810,13149
13750: 15433,15739,14963,15621,13087,13343
13831: 15034,13902,15491,14992,13324,15126
15362: 14366,15087,13303,14626
13517: 14928,15136,13099,15456
14104: 13335,14679,13808,13532,13381,13088
15632: 14711,15343
13984: 15738,14185,13583
13707: 13897
14961: 14332
13292: 14832,15744,14675,13680,15641
15159: 15698,13627,13593,12836,13617,13168
15230: 15095,14835,13346,14107,14089
14955: 15456,14397,15441,12960
14617: 15113,15784,14834,14449,14183
13772: 13358
14907: 12993,14187,13868,14569,13344,15084
14078: 14980
15439: 15702,15493
14055: 13344,13526,14301,15225,15397
14333: 12827,15600,15161,12919
14880: 13482,15650,15745,15141,14696
15031: 15045,15750,12929,12969
14966: 
13757: 15351,12841,14319,15340,13879,14692
14153: 15106,14845,14746,15391,14598
15563: 14053
13940: 13387
14516: 
15616: 15039,13406,15611,13299,15133,15041
15724: 13132,14025,14300,13937,15379,14656
14640: 
15225: 15226,15397,13210,14148,14301,14055
15327: 15602,14297,15334,13877
14239: 
15655: 15730,12851,14648,15665
13341: 14327,14292,13309,14747,13196
13234: 14715,14430,14958,15615,15713,14566
15232: 14338,15008,13247,15254
12980: 14724,14509,13518,14450,12948,15670
14754: 13562
15425: 15626,15263,14367,13416
15349: 
14657: 15217,13578,14352,13329,15435,13525
15393: 15074,14047,15709,15759,13646,14686
15647: 13452,15431,14349,14150,15396,12906
14358: 14519,15146,14977,14463,14492,12875
15125: 14631,15303,14458,15516
15541: 15576,14361,14674,14169,15246
12851: 15655,15665
15410: 14074,13442,14187,13182,14738,14550,12911
13150: 12982,15463,14399,13397,15737,14862,14865
15387: 15797,13193,13435,13442,15558,13049
13349: 13461,14560,15627,15795,13345,13858
13450: 13453
13620: 14113,13920,13713,13305,14321
13610: 14892,15355,13629,13085,15085,14396
15316: 13421,14965,15320
15013: 14247,15700,14698,15119,13786
14171: 14624
15324: 14279,15472,12817,14763,15330,14016
14863: 13886,14449
15130: 14133
14096: 13997,13032,15575,14915
13048: 14878,14125
14306: 13779,28659,15600,14188
15243: 14145,14299
13800: 15768,14217,14791,14743,14653,12830
13452: 15431,15647,13848,12906,12951,13631
14376: 14857,14003,13293,13648,15568,12900
15649: 15764,13510,13820,13165
15592: 12984,13866,15723,14706,13634,15615,13508
14290: 13249,13135,15566,14982,14656
14327: 13341,13309,15204,15557
13041: 14244
13638: 14363,13767,15608,12922,15200,14572
14452: 12892,13278,15416,13415,14500,15581
13651: 15437,14997,15066,14697,13840
13615: 
13247: 15008,15079,15232,13491
15005: 12994,15414,12905,13919,13643,12912,15101
14882: 13360,15480,14052
13064: 14525,14277,14127,15658,13654,13277
14575: 15090,13806,13019,13120,15185,13206
12924: 13254,15187,13880
14135: 12887,12870,14178,14047,14203,13451
15624: 14948,13820
13895: 13951,15543,15427,14604,14216,15174
13792: 15407,13058,13365,13628,12961
13691: 14669
12866: 14643,13974,14676,15195,14848,13282,14551
14387: 12850,14317,14220,15628,15640,13502
13462: 14149,13920,14287,13399,15508
14048: 12899,15150,13151,15389,15290,15450
13645: 14122
15747: 14226,13115,12880,14761,14531,13911
14664: 13252,14519,13317,13531,14294,14492
14159: 
13949: 15199,14956
13508: 13665,13202,13184,13634,15592,13866
15331: 14414,13273,14438,14980
15703: 14421,13590,14287,13891,15092,14149
14052: 15760,12975,13571,14882
14717: 13794
12972: 
13919: 13185,13643,12912,15005,15101,13679
14967: 15402,14503,14890,14634,15684
13686: 14308,14736,14774,13860,15278,15695
13265: 15558,14659,13127,13946,14744,14719
13748: 13899,14258,13972,14231,14926,13060
15580: 13069,13802,13648,15568,13166,13636
13093: 14003,15464,13139,15015,13278,12900
12971: 13311
14173: 13062
13013: 13688,13338,15204,14407,13992,13506
13971: 
13185: 13919,12912,14447,13679,14267,14116
13567: 13554,28589,15294,13378,15277,15793
13927: 13706,15642,13335,14106,15377,14162
15756: 13947,15353,13348,14886
15289: 14218,14006,12974
12985: 15444,15659,15245,12815,13501,14037
15628: 14462,14772,15029,14220,14317,14387
13746: 14589,14634,14249,14890,14853
13955: 13870,14611,13593,13470,15051
15715: 13898,13142,15040,14592
12834: 13805,13332,14186,13330
13217: 14363,15165,15608,15065,14487,14732
15033: 13313,13847,13959,14356
14422: 15570,15194
12895: 13913,14646,15154,13179,14382,15722
14451: 
12977: 14364,15511,14131,14682,14771,14208
15209: 15519,14523,15734,14579
13991: 15328,14361,14733,13089,15332
15648: 15559,15152,13011,14862,14865,13602
14540: 13325,14934,14188,14918
13095: 13699,14117
14113: 13620,15508,14577,13305
12946: 14100
14453: 13474,15579,15536,14778,12840,14329
14720: 
13643: 13919,12912,13926,14896,12994,15414,15005
13609: 15480,13371,13963
14324: 15418,13113,14917
14349: 15236,14968,14150,12973,12906,15647
15474: 14441,14411
15477: 15483
14014: 12884,15468,15207,12978,14225
14308: 14736,15609,13686,14744,14719,15278
15512: 15791,14040,14081,15264,15261
15723: 14584,15518,14706,13121,13634,15592
15453: 13814,12954,14803,14223,13799
15729: 13755,13656,13189,14242,14210,15739
13665: 13508,13202,13935,13184,15214,14812
13545: 15271,12832,14129,15742,14046,12907
14971: 12979,13235
15204: 13688,13013,14407,14327
14903: 15128,15781,13387,14088
14741: 13210,14752,12909,13581
15658: 14773,15554,13654,13064,13277,13769
13914: 14423,14312
15341: 15752,13922,13468
13963: 12964,15166,13158,13609
15543: 13951,13546,13180,14395,13895,14216
15157: 13681,12873,14866,12990,14255,14859
28676: 14515,15154,14382
28677: 13179,13430,14382,13884,13203
28679: 28678,28675,28680,13160,14157,14310,14238,15454,13654