12986: 
17364: 12965,17378,10209
13089: 13761,13487,13262,16943,13163
5230: 5473,15117,13244
16228: 17186
13310: 13164,17460
16124: 13577,13116,10087
13182: 13392,13033,13062
13230: 13309,13597
13760: 5379
13197: 13597,17002,13006,13221,12971
13762: 12815
9340: 
13436: 13008,13516,13711
13250: 7619,13222,13121,5602,13588
16970: 17471,13735,13559
13718: 13107,13301,3223,3552
13746: 13359,13616,13720
13534: 13369,7494,13277,12985,13444,13318
13690: 13229,13141,13810,16814,13416
13336: 13044,13449,4111,3552,13377
13511: 13056,17436
13466: 16934,13214
17564: 3438,4333
13389: 12833,13202,6196,13671
13050: 13703,13371,13262,13163
13736: 12889,12959,13366
8093: 13054
16841: 
13297: 13185,17413
16107: 15324
8679: 
17195: 
13446: 13388,12935
13643: 13633,13390
17392: 
13596: 12953,12820,13374
2797: 15314,12820,13327,17365,2698,16098
16831: 
13394: 13256,13068,13576,17076,17002
13656: 17368
17290: 13604,13267,13109,7388
13675: 5487,13189,13212
12872: 13753,12924,7496,13110
13541: 13357,17059,13455,17525,13052
13492: 
13343: 13207,12934,17435,13231,7145
16685: 
13705: 13049,13276,13147,12955
13595: 13611,4356,17517
13496: 8330,13782
13739: 13339,12936
13530: 13240,13017,13255,13750
13214: 13466
13177: 13346,17537,8881
13254: 13004,13158
17344: 
13387: 16906,13469,13719,13314,12833
13778: 
16372: 
13601: 12819
7880: 
17161: 
13001: 
13413: 13241,4654,17409,12843,13798
9880: 16108
13098: 13212
17229: 16844
13490: 12985,13066,13369,13293,6190,13717
13789: 13749,13235,12901,13794,13575
12867: 7999,13209,12956
13489: 17142,15027,17221
8199: 
13036: 13774,13206,13710
13383: 13519,13801
13356: 8883,13479,13103
12928: 13135,12891
12836: 13024,9016,12943
12946: 17525,13689,13810,13706
7883: 13285,13338,8112
13378: 13755,13345,6320,13801,13686
13651: 12821,12913
13268: 13724,13738
13545: 13518
12842: 13742,13771,13181,13787
13327: 12953,12820,2797,13022,16098
13234: 17484
12987: 5752,13419,13011
3231: 16977
17031: 9577
14889: 17452,17433
17594: 15748,17496,17469
13597: 17002,13197,13230,13309,13006
5008: 4658,5835,17201,13069,13400
7172: 7973
17171: 15361,17348,17173,15658
15315: 10927,10918,13355,16927
17518: 15768,7429
16877: 16039,16834,15730
12932: 6896,8191,13208
13714: 17525,13689,16814,17059,13263
13120: 12882,12925,13166
16658: 15890
4341: 16460,13061,15893
13683: 13287
13008: 13436,13516,13594,13711
13037: 13088,13370,17034,13118
13443: 12925,13811,12859,13509
13404: 13624,13479,13116
16883: 3979
13097: 13311,13766,7144,12969
13096: 12829,17077,1895,12963
17314: 4328,17165,13421,13034
13472: 17529,9794,13626,13153
17574: 16538,17061
15226: 4923
15889: 
17450: 16208
13081: 13481
13580: 17274,13307
13403: 17576,16862
13313: 
13300: 13603,13754,17247
13469: 16906,13719,13387,13010,13583
17047: 
13110: 8308,12872,13083,13513
13316: 
13208: 13442,8757,13562,6896,12932
13704: 13587,13191,12981,17435
13294: 13218,13201,13791
13418: 13111,13020,13415,13117
13278: 5248,13564
17591: 6426,17027,17302,6303,13092
13782: 8330,9677,13053,13040,13496
16395: 
17430: 
17390: 
16132: 10220
13731: 17529,17561,13710
17143: 17105
12997: 17420
13150: 12950,12866,13692
13031: 12870,12940,13407
13102: 13146,13178
13752: 13441,16932
16887: 17569,11625
13350: 16928,13623,13763,8197
14581: 
12938: 17019,9235,13554,13258,13422
13141: 13690,13229,13500,17446,13332,13416
13779: 6080
12827: 13648,13606,5955,13241,4896
13151: 13213,16045,17024,8883
17176: 17301,8118,17488,13114
17035: 
16704: 17385,13773,17350,17134
12975: 12835,13660,13777,17226,4773
12961: 13213
16268: 13154,16822,13621,13201,13372
12990: 13402,17371,15688
12982: 13221,16919,12971
13155: 13215,17340
15544: 16013,13012,16302,17237,12881
13273: 13341,17568,17556,13676
13145: 13109,13614,13482,13144
17566: 13045,6810
8204: 12992
13409: 13007,16979,16793,13257
13797: 13133,13625,12854,12879,17319
17385: 16704,17350,8364,17303
13187: 12923,17559,12863,17474,15449,9476
12994: 12973,13252,12894,12915,13399
17584: 14097
17356: 
13795: 12931
13478: 13431,17178
5168: 17357,13662
16353: 16247,16978
12924: 13442,8757,12872,13753,12822,7496
7282: 16488
16386: 15431,17462,17453,11040
17256: 12892,16924
13039: 13048,13077,16943,9466
13190: 12848,8439,13522
13573: 13074,17394,12948,13654,9883
15504: 17583
13761: 13186,13089,16943,13600
13584: 
13811: 13443,9786,12929
17266: 
16455: 6210
17319: 10209,9680,10116,13797,13414
13213: 13151,12961,13242
13529: 12818,13715,13122
13042: 9891,12943,13223,12887
12819: 13601,13468
17317: 7991,17536
13063: 5029
13073: 13803,8895
13308: 13184,13263,13357,17059,13599,13133
13422: 13325,17400,12938,13554,13258
17374: 
16991: 13687
14710: 10220
13455: 13357,13541,13645,13437
13139: 13087,13395
4333: 17564,3438
13170: 8090,7158,12976,13020,13175
13106: 13215
13071: 17127,17251,13296
13634: 4774,5835,13298,13606,5955,13725
13470: 6445,13224
13206: 13710,12916,13036,12876
12915: 12851,13567,12994,13252
13621: 16822,13201,16268
13735: 16970
17236: 7525
13590: 12848,13484,9677
13715: 5975,13029,12818,13529
13528: 12816,17255,13776
14608: 16798
13419: 5752,12987
13122: 13529
17396: 13679,3979
13429: 13694,13076,12959,12826
12927: 13361
4329: 13495,13607
12833: 13389,13104,13671,13719,13387
13575: 17563,7032,13789,17438,12880
13542: 4441
16921: 7289
7016: 17579,17597,13216,8075
13193: 9794,13626,13323,12864
12972: 13562,13726,13748,13458,13059,12968
17462: 15431,16386
16686: 8628
7619: 13250
4557: 13009,13125,12908
2974: 15026,2664
12855: 17595,15312
4679: 3761
13499: 13199,17489,13485,13094,17130
13427: 13563
13611: 13595,12861,17517,13013
12926: 
3959: 17581
13614: 17076,13482,13145,13309
17300: 7869,16934,17526
7766: 
13306: 12985,13444,13717,13747
17320: 16615
14493: 
13640: 13018,8551,13118
13432: 16866,13440,5941,13220
13449: 13503,13336
16197: 
13526: 13212,13632,12945
16541: 
13010: 17448,13469,13719,13583,12964,6544
12995: 12912,5254
13619: 12898,13288,13456,13569,13243
17316: 1979,13627
7367: 16357
13289: 16410,13421,13276
17345: 13500,13026,13673,13430,17495
13441: 13752,9680,13405
13285: 7883,13338,13765
17429: 
13577: 16124,10087,13722
17525: 13689,12946,13714,13541,17059
15236: 17318
12910: 13184,13263,13183,13130,13653,13707
13131: 13342,13335,12974,12983
13202: 13589,13169,12831,13389,13671
12823: 
7144: 12846,13393,13303,13097
13765: 13292,13285,7296,13812
6456: 7279
6340: 13171,13045,13029,4695
13381: 13362,13749,13235,12952
13411: 13011
13757: 9776,12937,12888
9666: 
13014: 8884
13770: 12875
16090: 
7965: 12868
17129: 13655,13788
16750: 
16679: 16574,13727,4227
8876: 
10116: 17319,9680,12879
13332: 17446,13569,13500,12977,13141
13007: 13409
8439: 12848,13190
16527: 16767
13425: 13323,13101,9800,13320,13079
13503: 13449,3552
7257: 17457
15449: 17408,9476,13187,12923,13180
12902: 13458,13059,13351,17563,13794
13593: 13801,13686,13173
13750: 13494,13530
12964: 17522,6544,13010,13583,13216,17579
13556: 13035,13112,6320,13207,13231,12846
12870: 13107,13031,12940,13628
17263: 
12825: 13062,13747,17448,13099,13351,13080
17355: 13398
13201: 13621,13294,16268,13154,13791
13670: 
5137: 13233,16333,4678
16397: 17499
12934: 17435,13514,13343,7145
4688: 4933,13453,17521
12960: 17446,13569,13243,13509
13354: 13706,13027,17058,9456,13005,8436
16876: 17330,17590
13363: 13277,13245,12921,13657,13326,13318,7384
15774: 
13572: 13518,13228
13245: 13363,13277,5960,17011,13799,13657
13748: 17522,13458,13080,12968,17579,12972
4658: 4774,5835,5008,12973,17201,13167
13788: 13806,13612,17129,13655
17324: 16579,16950,17178
13793: 13200,12893
13038: 13564
13184: 13308,13263,12910,13707,13133,13625
13017: 13530,12999,13255
13103: 17060,8883,13356
13406: 13563,12951,13672
13358: 13637
14960: 17573,16755,17346
13293: 16668,13369,13766,16746,13490
13077: 13039,13048,13355,13554,13658
16170: 15508,17370
13783: 13052,9776,12937,9118,13645
13812: 7296,13768,13765,12993
13722: 10087,13577
17330: 16876,4646,13119
13604: 17290,13109,17575,7388,7037,13144
17026: 12838,13380,13627
15196: 
13508: 13713,13162,13188,12862
13710: 13206,13036,17529,13731
17522: 12964,13748,6544,13080,17579
13147: 12853,13276,13034,13705
17497: 13176
8112: 7883,17570,7296
16047: 5833
13205: 17329
13305: 12841,13796,13462,9786,12882
14203: 
8643: 9417,13784
15804: 
13082: 9210
12953: 13596,12820,13327
17189: 707,17552,15982
13298: 5835,13634,13725
13717: 6190,13306,13490,13099,13747
12896: 12963,12979,16912,17580,13043
13407: 17589,12940,13031
16910: 17057
12921: 13693,13657,13203,13363,7384,13581
16874: 
5745: 6210,13460
16905: 17281,2241,2967
7037: 13144,13604,17575,13428
13018: 13370,13640,13068,13649
17540: 13680,13072,13015
13099: 17349,17448,13717,12825,13747
16574: 16679,13727,12852,17414
13453: 4688
13101: 13323,13360,13425,8799,9800
13784: 8643
16536: 12829,17077
13129: 8197,13058,13678,13375
17408: 15449,17297
17400: 13422,13258,13463
16880: 5295,16450
5138: 3102
13240: 13530
13709: 13448
13426: 13046
13785: 13168
17101: 
12834: 8656
13314: 7370,6196,13387
12826: 17361,13366,13429,13630
13787: 12842,13742
12996: 
6661: 15600,17302,12944,13635,17177
13048: 13039,13077,13355
12862: 13236,13188,13716,13474,13023,13508
13644: 12889,4933
13054: 8093,12957,13769,13430
17383: 
9043: 16482,17155
12911: 9315,13248,7500
15274: 15664,17024,17060
12913: 13651,13589,13169
13040: 13696,6922,13782
12977: 13456,17495,12957,13332,13569
17136: 12816,13290,17255
13442: 8757,13208,12924,13195,13753
13587: 13232,13704,12890,13610
13523: 13428,13502,13056,13132,13571
15026: 2974,17455
13720: 17353,13781,13746
13479: 13356,13404
16039: 16877,15730
17049: 
16906: 13469,13387,8180
14968: 
13264: 
416: 16603
13279: 13678,12930,17441,7038
12869: 13199,8330,9677,13485
12882: 13120,13566,12841,13305,13433
13384: 6083
8090: 13170,7158,12976,12922,13681
13203: 12921,13693,13657,13799,13617
12846: 7144,13393,13207,13035,13556
17405: 8781
8234: 17338,17362
13680: 17540,13072,13491
16960: 6088
4803: 4567
16783: 17105
12880: 17438,13295,13575,13420,6555
5779: 5423,5892,15742
17337: 16824,5065
17196: 
13620: 5955,13725,4896,12890,13780
12857: 16644
12933: 13699,13009,12824
13616: 13359,13746,13662,12914
12890: 4896,13610,13620,13603,13780,13587
13759: 6680,12839,13270
17370: 17528,16170
13198: 13060
13359: 13746,13616,13695
13654: 9883,13573
13244: 16739,5230
4933: 4688,13644,17521
3102: 13168,5138
13506: 13333,12919,12897,13362
13114: 9483,8118,17301,17176
13522: 13199,17489,12848,13190
9560: 12878
13220: 5941,16866,13432
16940: 
16563: 
13019: 13702,13204,17076,13256
15730: 16834,16877,16039
13125: 4557,13009
13639: 5960,17011,13161,13035,13112,13173
16591: 2600,17492,15658
13776: 13528
13046: 12892,6071,13426
17051: 17322
13257: 13409
16806: 17042
16045: 17376,13151,15664,17024
12908: 5487,12912,4557
13021: 
5752: 13419,12987,6002
13476: 17567
13537: 12949,13217
17442: 17361
10305: 17259,17371
13725: 5955,13620,13634,13298,13379
17286: 11211
5523: 13274
17407: 16708,17117,17354
13260: 
15957: 
13322: 7289,15969,13158
8762: 
13559: 16970
13075: 13498,13372,12906,13334,9590
7296: 17570,13812,13765,8112
17534: 15403
12860: 9134,17203,17598,13772,13713,13568
10633: 16727,17592
486: 15685
12985: 13306,13444,13490,13369,13534
17025: 17571,17596
6748: 
7295: 17339
13228: 12897,13572
13698: 17321,13743,13159
13562: 13726,12972,12968,13195,6896,13208
13569: 12960,13332,12977,13619,13243
7638: 6569
16781: 17267
13324: 13531
13126: 8799,13805,13087
17002: 13597,13197,17076,13394
13740: 13477,12984,17154,13179,13108
13329: 13331,17417
13194: 13471
12992: 12983,13342,8204
13806: 13788,13655,13702
13161: 17011,13639,13393,13035,13396,12969
13415: 5602,13418,13397,13117
16824: 17337,5771,5065,16419
13399: 17201,12894,12994,12973
7494: 13277,13396,17011,16668,13369,13534
17394: 13074,17058,13573,9883,8436
13803: 13073
13457: 13813,4104,16257,17321
13754: 13300
13435: 13123,13374,13627
16606: 13629
4104: 13457,13813,13136,16257
17539: 5257
13239: 4441,17493
13682: 13753,6555,13083
12861: 13611,12907,13758,13015,17517
12816: 17136,13528,17006
2285: 15638,17428
17325: 6050,12944,15600
13627: 13380,17316,13435,17026
6714: 
13372: 12906,16268,13075
12993: 13768,17091,13812,7049
13430: 13115,13054,17345,17495
13210: 9456,13005,13454,13223,12887,13673
17296: 
13664: 
13756: 
6450: 
13480: 13282,9015,16614
16694: 16854
17248: 17134
15982: 17552,17189
6533: 6293
13123: 13435
17371: 15688,13402,12990,10305
17273: 16649
15361: 17171,17492,15658
12909: 13091,13473,13525,15752
16784: 17505
13459: 
15428: 
17217: 
17372: 4221,12939,3223
17318: 17062,17506,15236
17353: 13720,13781,17327,6826
17411: 13013,13663
13156: 13420,7157,13335,12952,12974
7895: 17276
17357: 5168
13022: 13327,13628
16387: 
9322: 8895,17413,13251
13571: 13523
10301: 13299
17261: 12832
7496: 8308,16565,12924,12872,12822
17437: 17094
8191: 12968,17597,8075,6896,12932
13256: 13068,13394,13019,13204,13148
12943: 8559,12836,9016,13042
11523: 17252
13451: 8559,13769
13589: 13202,12821,13721,12913,12831
13582: 13395,13271,17559,13808
10812: 17542
15550: 17550
17461: 
13148: 13790,13204,13256,13068,13649
13315: 
13685: 
13388: 13446,13488,12935,13813
12965: 17364,17378,10001
13641: 12852,12885,13124,13727
13218: 13164,17460,13294
13766: 13311,13097,12969,16746,16668,13293
13743: 4335,17321,13698
7429: 15768,17518
17100: 3010,17348
13027: 13810,13354,13005,13026,13229
16384: 13691,4120,4227
13065: 13000
17488: 8118,16476,17176
2676: 3765,16535,17549
5514: 5751
13049: 4325,13705,12955,13127
12843: 4654,6071,13413,13798
17003: 17419,16258,17449
13307: 17466,13580
13192: 13185,13319,13211
4932: 
5951: 15600,17302,5705,17027
16834: 15730,16877
16727: 17592,10633
14818: 17072
16982: 
12865: 12815,13536,13135,16644
12906: 13372,17251,17127,13075
13121: 13250,13588
17251: 13434,13512,12906,17127,13071
13365: 9483
14813: 15626
16754: 17503
13730: 5367
17510: 17307
8551: 8208,17199,16987,13640
13304: 13269
13694: 13076,13429,13809,13630
13353: 13002,13064,6210
8559: 12943,13769,13024,13451
13745: 
16208: 17450,10918,17097
17590: 16876
11180: 15864,17560,16465
5234: 12931,6050
13251: 9322
17487: 17454,16443
17135: 6331,12905
15724: 2171
15472: 17354
7746: 9315
17274: 13580
3438: 17564,4333
17034: 16919,13088,13037
13056: 13132,13523,13517,13511
13172: 4111,13301,4221,13061
12922: 8090,7158,13681
17142: 15027,13489
13647: 13386
15027: 17142,13489,17221,16844
13460: 13723,5745,6919
17181: 
13176: 12936,17497
11664: 
17058: 13074,17394,9456,8436,13354
5955: 13606,13725,13620,13634,12827
16089: 
13574: 13207,17435,13367
13128: 17463,16357
17109: 
13631: 
13702: 13019,13806,13549,13482
17283: 16755,17346
13588: 17537,13250,13121
13033: 13326,13028,13032,13182
16726: 
13662: 5168,13592,13616
13732: 12988
2783: 13043,13771,13085,12899
7279: 6456
17247: 13300,12981,13146,13514
17532: 1243
17149: 15823
17555: 12989
13737: 13439
6083: 13384
17350: 17134,16704,17385,8364
16755: 17346,17283,14960
17533: 
13629: 16606
4120: 16384,13691,13124,4227
7185: 17276
15790: 
13777: 4186,12975
6341: 
16013: 15544,13012,17289,16302
12957: 13054,12977,13456,17495
13391: 13544
17052: 1884,13373,12935
17340: 17420,13155
17179: 17481,17322
9680: 17319,10209,10116,13441
16895: 
4550: 5487,12912,4904
13696: 13040,12942
16059: 17148
12954: 13431
16761: 
13603: 13780,13300,12890,12981
3096: 
13781: 17353,13720
10209: 17319,9680,17378,17364
17080: 
13433: 17019,12882,13566
13370: 13018,13237,13118,13037
8781: 13047,17405
12852: 13641,17414,16574
17483: 13728,6347
2468: 15649,17160
13087: 9800,13271,13126,8799,13139
13444: 13306,12985,13534,13318
17373: 17558,15370
13497: 13346,6796,6680,13086
13243: 12859,13619,12960,13569
14728: 
17515: 6426,5705
5487: 4550,12908,12912,13189,13675
2679: 17554,15649
13196: 17289,13570,13012
13676: 17556,13273,13341,13560
13618: 
16809: 
707: 17552,17486,17189
17455: 15026
13650: 16773
12837: 
12892: 16248,17256,13046,13532
5996: 13051,13802
13697: 4589
13512: 17251,13434,16822
13171: 6340,13045,6809
9267: 7887,7535
17231: 
5017: 5254
13462: 13796,13305,9786,9466,13163
13701: 12828,13092,13259,13070
13483: 12868,13093
17576: 17531,16862,13712,13403,13060
13009: 4557,13125,13699,12933
13079: 12863,12904,13425,17582,13320
9016: 9891,13113,12836,12943
17580: 16912,16777,1895,12963,12896
17359: 17223
17178: 17324,16950,13478
17589: 13407,17365,2698
17304: 
17469: 17476,17496,17594
13186: 13761,13023,13236,13600,13548
13599: 13437,12854,13357,13308,13133
12873: 17484,9213
17452: 14889
12991: 16855
12959: 13090,13429,13366,13736
17547: 9750
13252: 12994,12973,12915,6195,3862,13167
3081: 
17495: 12977,13430,12957,17345,13500
16933: 16758,4022
13728: 17483
5978: 8656,13002
13178: 13345,7145,13514,13102,13755
13229: 13690,13141,13500,13026,13027
17479: 17162
17006: 16756,12816
13236: 13188,12862,13023,13186,13548,13557
7261: 
16854: 16694,16605
13652: 12817,13493
4287: 16398
12854: 13437,13599,13797,13133,16127,13414
9800: 17582,13271,13087,8799,13101,13425
17000: 13226
10601: 10801
13485: 8330,13199,13499,12869,13094
17573: 14960,16837
12891: 12928
7971: 
9015: 13282,13480,16614
13626: 9794,13193,13505,13472
4335: 13140,17321,13743
13566: 12882,13166,12847,13261,13433
13352: 12998,13729,13376
8217: 
6105: 
10208: 13319,13143,9891,13775,13211
4207: 12894
771: 16944
17575: 13502,7388,12942,13604,7037,13428
13440: 16866,13432
12196: 17288,15847
13238: 16822,13464
13525: 4356,17517,13481,13091,12909
13772: 12860,17598,13188,13713,13557
13807: 12944,17177,13501
17288: 12196,15847,17117,15227
13219: 6826,13284,17327
13612: 12884,13788
12885: 13641
13540: 
12881: 15544,13666
13798: 13157,12843,13520,13413
16413: 
17593: 16715
16585: 5065,16419,16487
12895: 16773
13633: 13643
8208: 8551
13274: 5523
8888: 8314
12850: 13408
13576: 13068,13394,13237,13221
13729: 13377,13376,13352,12998
13232: 13587,13191,13520,13610,13157
17199: 13649,16987,13286,8551
6426: 17591,17515,17027
13547: 16258,15531
2600: 16591,2109
15583: 16788
15688: 17371,12990,10802
17298: 
13338: 7883,13285
13439: 13737,13283
13005: 13210,9456,13026,13027,13354
13168: 3102,13785
13699: 16993,13009,12933
9887: 9776,9118
15408: 16414
2877: 
17508: 10802,10204
13674: 17425
13068: 13256,13394,13576,13148,13649,13018
11221: 
17145: 17577
5473: 15117,5230
9883: 13654,17394,13573
16109: 17535
8075: 8191,7016
15847: 12196,17288
9417: 8643,9427
9775: 
13067: 12949
17354: 17117,17407,15472
17443: 6465
17460: 13450,13218,13310
15718: 
13043: 2783,13181,12896,12979
5855: 
13346: 13177,13497,13684
17528: 17433,17370
13211: 13775,12948,13192,13319,10208
12970: 8219,13262,13153,13445,13474,13487
13016: 13659
2387: 16872
15403: 17534
13271: 9800,17582,13087,13582,13395
17454: 17487
17022: 
17117: 15227,17354,17407,17288
13221: 12982,13237,13576,13197
13282: 13677,9015,13480
13721: 13311,12821,13589,12831,16746
2466: 
12878: 13134,9560
16247: 16353,13560
5833: 16047,13632
10819: 13463
13753: 12872,13682,13195,13442,12924
4197: 15117
16255: 17513,17498
13408: 12850,13524,7268
13687: 16991,13253
13808: 12923,13582
12945: 12824,16693,13526,13632
6445: 13224,13470,17466
16524: 
13262: 8219,12970,13050,13371,13487,13089
8895: 17413,9322,13073
13657: 12921,13203,13799,13363,13245
13747: 12825,13062,13717,13306,13099
13805: 12989,13126,8799
13320: 13162,12864,13425,13079,12904
13023: 13186,13487,13474,13236,12862
17519: 13488,12935,1884,1706
13112: 13035,13556,6320,13173,13686,13639
8757: 13442,13208,12924,17512,12822
13567: 12851,12915,17226,6195
13270: 13086,13759,6680
16826: 
5295: 15371,16030,16880,16450
16934: 7869,17300,13447,13466
13703: 13050,13371,12916
13758: 13669,13015,12861
9483: 13365,13114,17301,16532
13678: 13129,13375,13279
13605: 13333,12919,13555,13524,13602
17513: 16255
13809: 13694
13622: 
17449: 17003,7887,16920
7973: 7172
8308: 7496,13110,16565,12980,6911
13774: 13533,16614,13036
13474: 13445,13716,12970,13023,13487,12862
13610: 4896,12890,13520,13232,13587
4589: 4694,13697
13351: 13458,12902,13080,12825,13062
13546: 13325,10927
4896: 12890,13610,12827,13620,13241
12856: 16742
8881: 13117,17537,13177
17297: 17408,9476,13095,16660
13794: 17563,7032,13392,12902,13789
15312: 15810,17595,12855
17243: 
17470: 8306,12822,16565
12866: 13150,13692
3223: 13301,13718,12939,17372
6911: 8308,16565,12980,13272
17023: 11779,17311,17569
6544: 17522,12964,13010,17448,13080
16702: 
17560: 16645,11180,16465
16793: 13551,16979,13409
15649: 2468,2679
17088: 
16414: 15408
13667: 
13094: 13558,13485,13499
13344: 
13287: 13683
17417: 12883,13329
13447: 7869,16934
17585: 15815,17410
17193: 
16964: 17499,17094,16825
13608: 
13025: 13519
13771: 12842,2783
5747: 
13379: 13725,13780
16699: 
7053: 
12174: 
16443: 16445,17487
10220: 16132,17439,14710
16924: 13390,17256
7145: 13231,13345,13178,12934,13514,13343
13695: 13359,13292
17545: 
13188: 13236,12862,13713,13508,13557,13772
16535: 3765,2676
16949: 12898,13456
15324: 16457,16107
13080: 13458,13351,17448,12825,17522,13748,6544
13564: 13278,13038
13549: 7848,13681,13655,13702,13204
13649: 17199,13286,13148,13068,13018
13711: 13594,13008,13436
13516: 13008,13436
13323: 13360,13101,13425,13193,12864
13259: 13092,13701
17302: 5951,6661,13635,17591,17027,6303
7268: 13524,16675,12947,13408
13791: 13154,13201,13294
17130: 13804,13499,13558,17531
13707: 13166,12847,13130,13184,12910
13116: 16124,13404
17155: 9043,16482
12847: 13707,13166,13566,13625,13261,12879
13072: 17540,13680
17182: 
13347: 
16944: 771
17503: 16754
17011: 5960,13161,13639,13396,7494,13245
13686: 13801,13593,13378,13112,6320,13173
16430: 16945,14038
17242: 1440,16971
17202: 14417
16339: 17078,16156,15643
3010: 17100,17348,17553
13734: 13531,13331
15371: 5295,16030,17440
13013: 17411,13611,13491
15643: 5771,16156,16339,17511
14097: 17584
17421: 16647
13532: 4654,12984,12892
13716: 13445,13474,12864,12862
17439: 10220
12848: 13590,8439,13522,13190
9134: 17203,12860,16295,17550
16465: 17560,11180,15864
13768: 12993,13812
17435: 12934,13704,13343,13574
16927: 10918,15315,17097
6681: 
17191: 17406,17163
12828: 6303,13092,13701,13275
13224: 6445,13470
6190: 13104,13671,13717,13066,13490
13334: 13154,13075,17244,9590
13335: 12952,13156,13131
4103: 
3534: 2664,4094
13179: 3862,13057,17154,13740,13648
11040: 17453,17272,16386
13371: 13050,13703,12916,8219,13262
13204: 13019,7848,13549,13148,13790,13256
16000: 17259
13646: 
17104: 16643
13509: 12960,13443,12925
9118: 17387,13645,13783,9887
4227: 16679,13727,16384,4120
17501: 16643,17456
12929: 9786,12876,12916,13811
17498: 16255
17463: 13128,13570
16398: 4287
17521: 4933,4688
8628: 16686
13623: 13350,13763
13199: 13522,17489,13499,12869,13485
17132: 2241,2967
13275: 13635,13501,13553,12828
13448: 13709
13000: 5869,17425,13065
13502: 17575,12942,13523,13428
13400: 6080,13069,5835,5008
6461: 
17511: 16156,15643,5771
13159: 13698
10918: 10927,15315,16927,16208,17097
13216: 12964,5939,7016,17579
13673: 17345,13026,13223,13115,13210
3538: 17160
13032: 13392,13033,13602,12901
12851: 13567,12915,4186
8884: 13014,9200
15831: 7434,16788,15129
13169: 13202,12913,13165,4771
12941: 16976,12853,13142
13780: 13603,13620,13379,12890
13560: 16247,13676,13341
13565: 6205,6796
13504: 
12971: 13197,13006,12982
16468: 
5114: 16100
13272: 12980,6911
5751: 5514
7281: 
8219: 12970,13262,13153,17529,13371
12871: 
16776: 17596,7999,17571,16476
17177: 13635,13501,12944,13807,6661
16573: 
13434: 17251,13512
13533: 13774,16614,12898,13288,9355
13085: 2783
13764: 13609
13064: 13002,13353
17378: 10001,16127,13414,10209,12965,17364
7887: 16920,7535,17449,9267
13390: 16924,13643
13724: 13268
16742: 5157,12856
13486: 12951,13672,13299
13366: 12826,17361,12959,13736,12889
13373: 17052,1515,13561
13136: 4104
4689: 12815,4575,13536
13340: 6080
17376: 16045,7606
16709: 17557
13672: 13406,12951,13486
17517: 13525,12907,13611,13595,12861
10204: 13364,17508
13648: 13108,12827,13057,13179,13606
17466: 13307,6445
16245: 17548
16649: 17273,16326
16400: 16969,17326,15562
13149: 
12893: 13793
17019: 13433,12938,13137,13258,16932
12937: 9776,13757,13783,13052
14418: 
16977: 3231
13638: 13799,16418,13173,5960
17255: 12917,17136,13528
13113: 12877,13143,9016
12568: 
2698: 12940,16098,2797,17365,17589
13398: 17355,9872
12979: 12896,13043
16693: 12945,12824
17062: 17318,17506
16450: 16880,5295,16030
13222: 13250,13362,12966,5602
13090: 12959
13349: 
13024: 12836,8559
13158: 13254,15969,13322,7049
14613: 
15508: 16170
17163: 17406,17191
13303: 13461,13367,7144
16957: 17595,13548,13557,8101,17598,17451
4771: 7370,6196,17490,13165,13169
16579: 17324,16950,16037,17381
12831: 13066,16746,13721,13202,13589
17322: 17179,17481,17051
7848: 13549,13681,13204,13790
13015: 13758,12861,17540
16156: 16339,17516,15643,17511
13368: 13607,13615
13507: 
16302: 16013,15544,17237
13107: 12870,13718,13339
13111: 13418,13397,13342,13175
13108: 13648,13740,12984,17409,13241
13119: 13751,4646,17330
13045: 13171,6340,17566
13467: 13677,13468
17078: 16339
6331: 17135
13550: 
12884: 13612,13684,13105
17592: 16727,10633
13261: 13137,12847,13566
13755: 13378,13178
13452: 16971,16995,16818
13475: 13723
17072: 14818
12980: 13513,8308,6911,13272
13552: 
13146: 13514,17368,17247,13102
17211: 
17360: 16966
13397: 13111,5602,13415
4923: 15226
9891: 9016,13042,10208,13143
9456: 13210,13005,13454,13074,17058,13354
17446: 12960,13332,13141,13416
6071: 4654,12843,13046
13280: 
15815: 17410,17530,16780,17585
16798: 14608
16919: 12982,17034
13183: 16814,13416,13653,13263,12910
17467: 
8314: 8888
7046: 
16644: 12865,12857
8101: 16957,17203,17598,17451,17565
6701: 
13070: 13701,6061
5892: 13246,5779,17208,15742
4694: 4589
12978: 13624
9590: 17244,13334,13075,13412
5367: 5248,13730
5177: 
13481: 13081,13091,13525
17512: 8306,12822,8757,17234
9750: 17586,17547
13628: 12940,16098,13022,12870
15834: 17577
17579: 7016,12968,17597,13216,17522,12964,13748
17020: 
12905: 17135
16538: 17574
17292: 8806,15814,8692
16127: 17378,10001,13414,10414,13437,12854,16683
13531: 13734,13324,12930
16912: 17580,12896
13144: 7037,13309,13109,13145,13604
4441: 13239,13542
13723: 13460,13475,6919
13265: 13078
12864: 13162,13320,13193,13323,13716
13364: 10204
13086: 13270,6680,13497
6896: 12932,8191,12968,13562,13208
17146: 
13461: 13303,13317,13311
5941: 13220,16866,13432
6050: 17325,12944,5234
4575: 13536,4689,13361
16969: 16400
13395: 13582,13139,13271
17343: 16929
17410: 15815,17530,17245,17585
8889: 
12935: 17519,13488,17052,13388,13446
17068: 
13246: 5892
12859: 13243,13288,9355,13443
9776: 12937,13757,13783,9887,17542
12644: 
9872: 13398
16788: 15583,15831
4094: 2664,3534
16739: 17587,13244
17427: 
3679: 17440
13712: 17531,17576,13060
13517: 13056
13319: 10208,13143,13185,13192,13211
7162: 17562
13468: 17561,12819,13467
11559: 16954
2146: 
12949: 13067,13537,8436
13700: 13684,13105
13011: 13411,12987
13041: 13105,13482
12899: 13302,2783
13775: 12948,13211,13454,10208,12887
17226: 17154,6195,4773,13567,12975
15431: 17462,17453,16386
16270: 
17349: 17448,13099,13104,13719
3657: 
17057: 16910,17505
13691: 16384,4120,13741
12883: 17417
17414: 12852,16574
6351: 
13375: 13058,13129,13678,13093,7038
6569: 7638
17366: 5870
13602: 5720,13028,13032,13605
13044: 13336,13377
12898: 16949,13619,13288,13533
13594: 13711,13008,6191
13002: 13353,5978,13064
13255: 16659,13530,13017,16482
13117: 8881,13415,13418,13020
13505: 17561,13626
16987: 17199,8551
13104: 6190,13671,12833,13719,17349
6191: 16866,13594
13369: 16668,13534,13293,7494,12985,13490
16746: 12831,13721,13311,13766,13293
11779: 15114,17311,17023
12844: 13568,13095,17474,12904,13713
5960: 17011,13639,13173,13799,13638,13245
17094: 17437,16964,16825
13142: 12853,4328,16976,13034,12941
16030: 5295,15371,16450,16945
17440: 3679,15371
17244: 9590,13334
17476: 17469,17496
13165: 17490,13169,4771
13223: 12887,13042,13115,13210,13673
1243: 17532
1244: 17502
6680: 6796,13759,13497,13270,13086
15114: 11779
12968: 8191,17579,17597,13748,13562,12972,6896
12923: 13187,17559,13808,15449
9217: 
13606: 5955,13057,4774,13634,13648,12827
13115: 13430,13223,13673
6210: 16455,13353,5745
13514: 13146,17247,12934,7145,13178
16324: 
13249: 
16811: 
13741: 4573,13269,13691
16603: 416
6465: 17443
16936: 
17093: 
13428: 13523,13502,17575,7037
6228: 16526
2967: 16905,17281,2241,17132
17514: 17307
13713: 13508,13188,13568,12844,12860,13772
13578: 17329,13283
3841: 16765
5029: 17306,13063
12931: 13795,5234
13127: 13792,13049,12955,13539
3455: 
10094: 17252
12973: 12994,13252,17201,13399,13167,4658
13069: 5359,17201,5008,13400
13157: 13798,13520,13232,13515
13337: 
13558: 13094,17130,17531,16862
13174: 10801
15370: 17558,17373
15531: 17303,16258,13547,17419
13034: 17314,4328,13142,13147
13493: 12936,13652
12976: 8090,13170,13020,13681
12835: 12975,13660,4892,12845
12944: 6050,17325,13807,6661,17177
12967: 13738,12832
16445: 16443,17458
12940: 2698,16098,13628,13407,12870,13031
13302: 12899
17327: 13219,6826,17353
16659: 13255,15129,7434,16482
16734: 
13004: 13254,12840
16966: 17360
4328: 17314,13034,13142
16286: 
13215: 13155,13106
16780: 15815,17530,17272
5257: 17539
16976: 13142,12941
13341: 13273,13676,13560
4678: 16333,13233,5137
10406: 
17571: 7999,13209,17025,17596,16776
7748: 
17252: 10094,11523
17588: 1706
9466: 16943,13163,13796,13462,13658,13039
16932: 13258,13137,17019,13752
4892: 12845,12835
13813: 13457,13488,13388,4104
17173: 15658,17171
17148: 16059,17423
17428: 16828,2285
5835: 4774,4658,5008,13634,13298,13400
17436: 13511
13536: 12815,4575,4689,12865,13135
13132: 13056,13523
13786: 13464,12849
13181: 12829,12963,12842,13043
17409: 4654,12984,13108,13413,13241
17038: 7996,13291,13586,13438
17468: 
13592: 13160,13662,12914
13396: 12969,17011,13161,16668,7494
3213: 
17237: 16302,15544
1329: 
6919: 13460,13723
17077: 16536,13096
8306: 17512,12822,17234,17470
13209: 7999,17571,12867,13438,12956
4667: 
6205: 13565,17537
17139: 
16715: 2788,17593
17342: 13180
13088: 13037,17034
16495: 
17208: 16251,5892,15742
7869: 16934,17300,13447
17506: 17062,17318
13773: 16704
13386: 13647
16837: 17573,17346
15685: 486
13191: 13232,13704
13105: 13041,12884,13700
13598: 
13689: 17525,12946,13714,13810,16814
5254: 5017,12995
17311: 11779,13424,17569,17023
17537: 13588,6205,13177,8881
13727: 16679,16574,13641,13124,4227
13482: 13614,13145,13041,13702
15742: 5892,5779,17208
13515: 13157
12897: 13228,13506,13333
12963: 12896,17580,12829,13181,13096
12888: 13757
13130: 13653,12925,12910,13707,13166
16283: 
13281: 13321,6922
5379: 13760
13374: 13435,13596
12820: 13596,12953,13327,2797
17381: 17137,16579
13093: 13058,13483,13375
12877: 13113,13143
11162: 17473
12930: 13531,13279
17492: 15361,15658,16591
13799: 13638,5960,13245,13657,13203
17554: 2679,17549
13226: 17000,13501
13464: 13786,12849,13238
17420: 12997,17340
16410: 16855,17165,13421,13289
16708: 17407,15043
15117: 5473,5230,4197
14417: 17202,4526
8656: 5978,12834
17091: 17570,12993,7049
16663: 
13392: 13032,13182,13062,13794
9981: 17484,9213
12874: 13510,8197
17014: 
15562: 16828,16400,1517
16526: 6228
17293: 17358
16872: 2387
13006: 13597,13197,12971
13405: 13441
17438: 12880,13295,13059,17563,13575,13726
4774: 4658,5835,13634,13167,13057,13606
16814: 13183,13416,13810,13690,13689,13714
5720: 13602,12901,12919,13235
13237: 13221,13576,13370
16098: 2698,12940,13628,13327,2797
6810: 6809,17566
17222: 
12907: 17517,12861
16533: 17586
16418: 13638,13519,13465
13416: 16814,13183,13690,13141,17446,13653
9794: 13193,13626,13472,13153,13445
9210: 13082
16341: 17127
2664: 3534,4094,2974
14962: 
13600: 13761,13186,13548
13414: 17378,16127,12854,17319
16985: 17535
12981: 13603,17247,13704
13180: 17342,15449
4573: 13741
7388: 17575,12942,13321,17290,13604
17346: 16755,17283,14960,16837
16429: 
17473: 11162
16307: 13804
13767: 13253
16971: 16995,13452,17242,16818
9550: 17577
12830: 
9235: 13554,13658,12841,12938
4326: 
13380: 13627,12838,17026
7157: 13420,6555,13156,12974
16767: 16527
13248: 9315,12911
13296: 13071
12989: 17555,13805,13360
13263: 13184,13308,12910,13714,13183
13091: 12909,13481,13525
13076: 13694,13429,13227
16995: 16971,13452
1440: 17242
13059: 13458,12902,17563,13726,12972,17438
17500: 
13258: 16932,17019,12938,13422,17400
13463: 17400,10819
13642: 
4649: 17386
13267: 13668,17290
12853: 13142,13147,12941
13367: 13574,13303
12879: 12847,13797,13625,10116
12868: 7965,13483,13763,13058
13519: 13025,13383,16418,13465
13060: 17576,13712,13198
13671: 13104,6190,13202,13066,13389,12833
17339: 7295
13291: 7996,17038,13586
13376: 13061,13729,13352,15893
17285: 
14306: 
17389: 16605,17397
13137: 13261,17019,16932
13309: 13230,13144,13614,13597
6555: 13420,7157,12880,13682,12974
13518: 13572,13545
13317: 13461,12821
13769: 8559,13451,13054
15227: 17117,17288
15600: 5951,6661,17325
13615: 13495,13368,13607
17583: 15504
17245: 13609,16532,17410
17307: 17510,17514
10414: 17387,13645,13437,16683,16127
8806: 17292,15814
16929: 17343
13058: 13129,12868,13375,13093
5607: 
13412: 9590
13420: 7157,6555,13156,13749,12880
7158: 8090,13170,6912,12922
16258: 13547,15531,17003,17419
13733: 
16796: 
16635: 
17556: 13676,17568,13273
16825: 16964,17094
6320: 13556,13112,13231,13345,13378,13686
16945: 16430,16030
10802: 17508,13613,15688
16741: 
17060: 15274,17024,8883,13103
17295: 
12832: 12967,17261
17493: 13239
13020: 13418,13117,13170,12976
8799: 13126,13805,13101,9800,13087
13401: 
16623: 
13609: 17245,13764,17530
17550: 15550,9134
16614: 13533,13774,13480,9015
13661: 
17165: 16410,17314,13421
12988: 13732
6448: 
17561: 13468,13505,13731
13431: 12954,13586,13478
17272: 17453,16780,11040
17557: 16709
7847: 
15864: 11180,16465
16460: 4341,13061,4221
13269: 13304,13741
15043: 16708
1515: 16311,13373
13613: 10802
1517: 17424,15562
17582: 9800,13271,13079,12863,17559
4695: 6340
5509: 13800
7434: 15831,15129,16659
16523: 
7999: 17571,13209,12867,16776,16476
13362: 13381,13506,13222
12849: 13464,13786
17581: 3959,16749
17587: 16739
12939: 3223,17372
17301: 17176,9483,13114,16532
15782: 
15638: 17486,17032,16908,2285
13195: 13295,13562,13726,13442,13753
16647: 17421
17059: 13357,13541,17525,13714,13308
12966: 12952,13222,5602
12925: 13443,13130,13509,13120
13185: 13297,13192,17413,13319
13437: 12854,13599,13455,10414,16127
12840: 13004
13488: 17519,12935,1706,13388,13813
13581: 7384,13555,12921,13693,16675
4526: 14417
16487: 16585,5065
3761: 4679
13555: 13581,13524,16675,13605
17262: 17516
13487: 13023,13089,12970,13262,13474
13802: 5996,13051
2241: 17132,16905,2967
17388: 
16683: 17387,10414,10001,16127
13035: 13556,13112,12846,13393,13161,13639
13003: 
17203: 9134,12860,17598,8101,17565
17484: 9981,12873,13234
15893: 4341,13376
17543: 3449,12817
13585: 
3449: 5520,17543,12817
13792: 13127
4186: 13777,12851
13360: 13323,13101,12989
17162: 17479
13231: 13345,7145,13343,13207,13556,6320
16758: 16933,4022
13318: 13326,13534,13363,13277,13444
6303: 12828,13092,17302,13635,17591
17529: 13472,13731,13710,8219,13153
17456: 16643,17501
15275: 11625
17465: 16768
13092: 12828,6303,13701,17591,13259
13477: 13740,12984,13660,17154,4773
16605: 17389,16854
6922: 7500,13281,13040
13100: 5870
17207: 
4929: 
17267: 16781
13140: 4335
17259: 10305,16000
13189: 4904,5487,13675
17190: 
8180: 16906
13217: 13537
5602: 13415,13222,13250,12966,13397
6818: 6809
5870: 17366,13100
7370: 6196,4771,13314
17595: 16957,13548,12855,17451,15312
17457: 7257
16333: 4678,5137
17215: 17425
17453: 17272,15431,16386,11040
13061: 4341,16460,13376,4221,13172
7885: 17459
13548: 17595,16957,13557,13186,13236,13600
9213: 9981,12873
16922: 6309
13570: 17289,13196,17463
17578: 17536,7991
13326: 13033,13318,13363,7384,13028
17527: 
17306: 5029
17265: 17223
13288: 13619,12898,13533,12859,9355
4111: 13301,3552,13336,13172,13377
16326: 16649
13495: 13615,13607,4329
13790: 13148,7848,13204
16251: 17208
13494: 13750
17042: 16806
2504: 2109
13763: 8197,13623,13350,12868
17308: 3100
16488: 7282
6002: 5873,5752
17413: 8895,9322,13185,13297
15962: 13312
5359: 13069,3303,6080
16979: 13409,16793
17398: 
15626: 14813,17458
13663: 17411
13625: 13797,13133,13184,12847,12879
13084: 
12815: 13536,4689,13762,12865
13241: 13413,13108,12827,17409,4896
17491: 3858
15759: 
12904: 13079,12863,13162,13320,12844,17474
17362: 17338,8234
13810: 13706,13027,13690,13689,12946,16814
12983: 13083,13131,13513,12992
15658: 17173,15361,17171,17492,16591
13284: 13219
13382: 
13175: 13342,13111,13170
13520: 13610,13157,13798,13232
17329: 13205,17441,13578
13804: 17130,17489,16307
13484: 13053,13590
13212: 13526,13675,13098
17426: 
12936: 13493,13739,13176
17221: 15027,13489,16844
13424: 15874,17311
16749: 17581
13692: 12866,12950,13150
12984: 13740,13477,13108,4654,17409,13532
16646: 
7525: 17236
16835: 
17424: 1517
13292: 13765,13695
7056: 
6088: 16960
12876: 9355,13206,12916,12929
9355: 12876,13288,13533,12859
13277: 13363,7494,13245,13534,13318
13410: 
13655: 17129,13806,13788,13549,13681
16476: 17488,7999,16776
13295: 17438,12880,13195,13726
10269: 
9677: 8330,13782,13053,13590,12869
17526: 17300
13498: 13075,17127
12894: 4207,12994,13399
17577: 17145,9550,15834
13342: 13131,13111,12992,13175
16882: 
13312: 15962
12916: 13206,12876,12929,13703,13371
17105: 17143,16783
17563: 13794,7032,13575,13059,12902,17438
13160: 13592,12914
13134: 12878,13299
15545: 
15874: 13424,17471
4450: 2788
17499: 16397,16964
16362: 
17569: 17311,17023,16887
5161: 
17423: 17148
4773: 17226,17154,12975,13660,13477
16615: 17320
8436: 17394,17058,12949,13354
17046: 
5869: 17425,13000
13109: 13145,17290,13604,13144
13561: 13373
13173: 13112,13686,13593,5960,13639,13638
13095: 13568,12844,17474,17297,9476,16660
13524: 16675,7268,13555,13408,13605,13333
17338: 8234,17362
6293: 6533
5157: 16742,13225
17459: 17137,7885
13055: 
15752: 13473,12909
12974: 13083,7157,6555,13156,13131
17028: 
1706: 17519,13488,17588
17489: 13199,13522,13499,13804
13247: 
12914: 13160,13592,13616
5267: 
17538: 
16862: 17531,17576,13558,13403
7038: 17441,13375,13279
5705: 5951,17515,17027
13083: 12974,12983,13682,13110,13513
16419: 16585,5065,5771,16824
8692: 17292
10801: 10601,13174
13742: 12842,13787
13333: 13506,13605,13524,12897
13653: 13130,13183,13416,12910
13801: 13686,13593,13378,13383
13339: 13739,13107
9577: 17031
12952: 13335,12966,13381,13156
13377: 13729,4111,13044,13336
13052: 13783,12937,13541
12838: 17026,13380,15314
12917: 17255
12817: 13652,3449,17543
13133: 13797,13625,13184,13308,12854,13599
13450: 17460
12818: 13529,13715
17033: 17562
17507: 3563,16457
16100: 5114
13402: 12990,17371
13454: 13775,12948,12887,13074,13210,9456
7520: 
17565: 8101,17203,17451
13471: 13194,13527
17496: 17594,17476,17469
13473: 12909,15752
17586: 9750,16533
13235: 13789,13749,5720,13381
15768: 17518,7429
16295: 16660,9134
13393: 12846,7144,13035,12969,13161
4356: 13525,13595
16756: 13544,13521,17006
13738: 12967,13268
13500: 17345,13026,17495,13229,13141,13332
12886: 13668
16508: 
12822: 17512,8306,8757,12924,7496,17470
11625: 15275,16887
10927: 10918,15315,13325,13546
13057: 3862,13167,13179,4774,13648,13606
13632: 13526,12945,5833
15617: 
11211: 17286
17368: 13656,13138,13146
17081: 
16457: 17507,15324
6080: 13340,13400,5359,13779
13163: 16943,9466,13050,13462,13089
12962: 13617,12947
17516: 17262,16156
16730: 
16908: 17032,15638,16777
13744: 
16950: 17324,16579,16037,17178
17253: 
17223: 17359,17265
5248: 13278,5367
15129: 15831,7434,16659
13355: 13048,13077,13554,13325,15315
17387: 9118,10414,16683
17303: 8364,17385,15531,17419
13456: 12977,12957,16949,13619
12942: 13502,17575,7388,13321,13696
15969: 7289,13322,13158
17552: 707,15982,17189
12863: 13079,12904,17582,13187,17559,17474
12824: 12945,16693,12933
13423: 
12918: 
12814: 13553
13421: 13276,17314,16410,17165,13289
3858: 17572,17491
2470: 1884
16928: 13350
17559: 13187,12923,17582,13582,12863
9315: 12911,13248,7746
6912: 7158
13276: 13421,13147,13289,13705
17441: 7038,13279,17329
9786: 12929,13811,13305,13462
16800: 
13607: 13368,13615,13495,4329
16855: 16410,12991
13579: 13491
16248: 12892
13553: 13275,12814
6826: 13219,17327,17353
16357: 7367,13128
13510: 12874
6809: 6818,13171,6810
13660: 12975,12835,4773,13477
6061: 13070
3979: 17396,16883
13645: 9118,10414,13783,13455
7384: 13028,13581,13363,12921,13326
13227: 13076
13438: 17038,12956,13209
13681: 7848,13549,8090,12976,13655,12922
5065: 16585,16419,17337,16824,16487
13118: 13370,13640,13037
8330: 13782,9677,13485,13496,12869
13636: 
13635: 17177,13275,13501,6661,17302,6303
12875: 13770
16660: 16295,13568,13095,17297
13321: 13281,7388,12942
13074: 17394,17058,13573,12948,13454,9456
13051: 5996,13802
7032: 17563,13794,13575
5520: 3449
17097: 10918,16927,16208
12821: 13317,13651,13721,13589
12912: 12995,4550,5487,12908
17160: 3538,2468
3663: 
12948: 13775,13211,13454,13074,13573
13684: 13700,13346,12884
13665: 
13491: 13579,13680,13013
13688: 
17419: 17003,15531,17303,16258
13266: 
15664: 15274,17024,16045
6688: 
16844: 17229,15027,17221
13062: 12825,13747,13392,13182,13351
17053: 
13283: 13439,13578
13200: 13793
13233: 5137,4678,13330
12839: 13759
12900: 13417
17361: 12826,13366,12889,17442
6118: 
17233: 
17558: 17373,15370
13242: 13213
4646: 17330,13119
8197: 13763,13129,13350,12874
13719: 13469,13387,12833,13104,17349,13010
2462: 
13207: 13343,13574,13231,12846,13556
7500: 6922,13078,12911
15890: 16658
13167: 3862,13057,12973,13252,4774,4658
17076: 13614,13019,13394,17002
16037: 16579,16950
13563: 13406,13427
3563: 17507
17326: 16400
17096: 
17061: 17574
13668: 13267,12886
17458: 15626,16445
14891: 17422,16203
16984: 
9476: 15449,17297,13187,13095,17474
13299: 13486,13134,10301
15814: 8806,17292
17348: 17100,3010,17171,17553
13535: 
15810: 17451,15312
17486: 15638,707,17032
12903: 6796
17186: 16624,16228
1884: 17052,2470,17519
12969: 13396,13393,13766,13097,13161,16668
15549: 
17122: 
13666: 12881,13538
13328: 
7996: 13291,17038
13124: 13641,13727,4120
17024: 15274,15664,17060,16045,13151,8883
1893: 
2171: 15724
1895: 16777,17580,13096
16306: 
12901: 5720,13032,13789
16943: 9466,13163,13761,13089,13039
17520: 
17365: 2797,15314,2698,17589
12889: 13736,17361,13366,13644
13543: 
5939: 13216
13357: 13541,17059,13455,13308,13599
16643: 17456,17501,17104
12951: 13486,13406,13672
17505: 17057,16784
17502: 1244
13568: 13095,12844,13713,12860,16660
12845: 4892,12835
13557: 16957,13548,13236,13188,17598,13772
13624: 13404,12978
4683: 
17201: 13399,12973,13069,4658,5008
7289: 15969,13322,16921
6347: 17483
5374: 5378
5727: 
13026: 17345,13500,13673,13005,13027,13229
10191: 
12887: 13223,13042,13775,13454,13210
16954: 11559,17005
13693: 12921,13203,13617,13581,16675
13501: 13635,17177,13275,13807,13226
13385: 
12955: 13049,13705,13127
7606: 17376
12999: 13017
12919: 13506,13605,5720
13166: 13707,12847,13130,13120,13566
17074: 17481
13047: 8781
17570: 17091,7296,8112
16920: 7887,7535,17449
13345: 13231,7145,13178,13378,6320
17281: 16905,2967
17406: 10087,17163,17191
17134: 17350,17248,16704
13751: 13119
17553: 3010,17348
13796: 12841,13305,13462,9466,13658
16645: 17560
17321: 16257,13698,13457,4335,13743
17451: 15810,17595,16957,8101,17565
14956: 
7510: 
17386: 4649
16777: 1895,17580,16908
17032: 16908,17486,15638
13301: 4111,3223,3552,13718,13172
12829: 16536,13181,13096,12963
16765: 3841
17530: 15815,17410,16780,13609
16993: 13699
17198: 
6195: 17226,17154,13567,13252,3862
3100: 17308
4904: 4550,13189
13029: 5975,13715,6340
16565: 8308,7496,17470,6911
13513: 12980,13083,12983,13110
17401: 
17258: 
17475: 
17536: 17578,7991,17317
7991: 17317,17578,17536
16996: 
13445: 13716,13474,9794,12970,13153
17524: 
17127: 16341,13071,17251,12906,13498
15856: 
7049: 13158,12993,17091
9200: 8884
13554: 9235,13658,12938,13077,13355,13422
13253: 13767,17568,13687
16822: 13238,13621,13512,16268
15748: 17594
13458: 13059,12902,13351,13080,13748,12972
1979: 17316
13521: 16756
13361: 13225,4575,12927
16946: 
16108: 9880
17474: 13095,12844,12863,12904,13187,9476
5619: 
17542: 10812,9776
13591: 16773
16532: 9483,17301,17245
15314: 2797,12838,17365
17377: 16095
17234: 17512,8306
8539: 
16095: 17377
4325: 13049
13527: 13471
8118: 17488,13114,17176
17358: 17293
16978: 16353
13630: 13694,12826
5873: 6002
17490: 13165,4771
16237: 
16203: 14891
13677: 13282,13467
17562: 17033,7162
16773: 12895,13650,13591
17108: 17005
13538: 13666
17397: 17389
13706: 13810,13354,12946
8223: 
17212: 
12858: 
12920: 13152
13551: 16793
17535: 16109,16985
13669: 13758
3862: 13167,13057,13179,13252,17154,6195
13417: 12900
13637: 13358
12947: 13617,12962,16675,7268
16668: 13369,13293,13766,13396,12969,7494
14038: 16430
16388: 
13726: 13562,12972,13059,17438,13295,13195
12950: 13150,13692
17005: 17108,16954
13586: 13291,13431,17038
13708: 
5771: 15643,17511,16419,16824
17380: 
17549: 17554,2676
13154: 13334,16268,13791,13201
17548: 16245
10001: 17378,16127,16683,12965
12998: 13352,13729
15823: 17149
13800: 5509
13152: 12920
3303: 5359
13286: 17199,13649
16503: 
2858: 
17568: 13253,17556,13273
5378: 5374
13544: 16756,13391
16631: 
17572: 3858
2788: 16715,4450
5423: 5779
17289: 13570,13196,16013,13012
13659: 13016
17567: 13476
8364: 17303,17385,17350
16768: 17465
5975: 13029,13715
16257: 17321,4104,13457
8883: 13356,13151,17024,17060,13103
16624: 17186
4654: 17409,6071,13532,12843,12984,13413
13143: 13319,10208,12877,13113,9891
3765: 2676,16535
4567: 4803
6796: 12903,6680,13565,13497
12956: 13438,13209,12867
12841: 13796,13305,12882,9235,13658
4221: 17372,13172,16460,13061
13066: 12831,6190,13671,13490
16866: 6191,13440,5941,13220,13432
16759: 
17210: 
13583: 13469,13010,12964
3552: 4111,13301,13718,13503,13336
16914: 
17531: 17576,16862,13712,13558,17130
17471: 16970,15874
13135: 12928,13536,12865
13539: 13127
17425: 5869,13000,17215,13674
13162: 13320,12864,12904,13508
16482: 9043,16659,13255,17155
17137: 17459,17381
13617: 12947,12962,13465,13693,13203
17433: 14889,17528
16311: 1515
13331: 13329,13734
13749: 13789,13235,13381,13420
6309: 16922
13325: 13422,13546,13355,10927
17448: 17349,13010,13099,12825,6544,13080
16828: 15562,17428
4022: 16758,16933
13138: 17368
13078: 13265,7500
17481: 17179,17322,17074
12958: 
7535: 7887,16920,9267
17260: 
16818: 16971,13452
16675: 13524,7268,13693,12947,13581,13555
13012: 16013,15544,17289,13196
13679: 17396
13311: 13721,13766,13097,13461,16746
13030: 
13053: 13782,9677,13484
3796: 
17276: 7895,7185
10087: 17406,13722,16124,13577
2109: 2600,2504
13225: 13361,5157
17027: 17591,6426,5951,17302,5705
9427: 9417
13465: 13519,16418,13617
13330: 13233
17154: 17226,6195,4773,3862,13179,13740,13477
13348: 
13290: 17136
17422: 14891
13153: 8219,12970,17529,13472,9794,13445
13658: 9235,13554,12841,13796,9466,13077
13028: 7384,13326,13033,13602
6196: 7370,4771,13314,13389
13164: 13310,13218
17596: 16776,17025,17571
17597: 8191,7016,12968,17579
17598: 17203,12860,13772,16957,13557,8101