9266: 9602,9523,9877,9280,9348,9718
9886: 9832,9694,9702,9312,9413,9426
9339: 3093,9553,9440,9337,980,181
4658: 4757,4858
9378: 9456,9277,8984,9640,9292,9545
5: 
2389: 3741,3743,2761
3727: 3226,9520,3928,3526,9713
8579: 8222,7743,7314,8296,8770,8995
3874: 3774,4074,3771,3772,4177
3176: 3073,9662,3372,3072,2777,2983
8475: 
8460: 7679
10012: 10031,9714,9880,10009,7145,7146
7073: 6983
9562: 9249,9429,5338,5421,5123,6118
3451: 3444,9283,3255,3942
9482: 10013,9408,9352,9574
18: 
10007: 8976
9833: 9953,9783
10011: 3444,3940,10036,9932,9891,3942
22: 
2280: 2189,9451,2098,2188
9092: 9091,8999
9962: 9946,9879,9663,1611,10026,683
3489: 2902,2523
5215: 5214,5417,4917,5113,4929,5121,5317
5688: 5490,5882,6658
4218: 4108,4427,3907,9269,4320,9392
30: 
4104: 4514,4307,4306,4314,4004,4521
6358: 7532,6915,7360,6823,6163,6639
33: 133,9851
34: 
7009: 8031,7195,7794,9289,9705
9294: 9454,9480,9503,9523,10025,9703
9663: 9879,9918,9962,9758,1611,2321
4306: 4004,4301,4104,4514
8694: 9449,8631,8632,8496,9596,8636
40: 
6085: 6375,5789,6084,6278
9533: 9410,9311,5755,5159,9394
9362: 10042,9529,9377,6349
7319: 7402,7141,7050,7670,7142,7581
9265: 9306,9968,9909,5355,6338,9305
9317: 8995,9297,9556,8296,8710,9982
8878: 8499,9079,9238,8205,9120
6884: 7163,6886
7345: 7080
2600: 2888,3079,2411,2047,2136,2693
4010: 3712,3810,3612,4323,4331,4115
3665: 3464,3765,2391,4165,4068,4164
6347: 6349,5959,5761,6155
9645: 9335,9709,9717,9813,2926,3119
8540: 8338,8479
56: 
57: 
6196: 7050,6100,7670,6387,6003,6483
2363: 
4030: 9876,3635,9922,3820,4123,9955
9945: 116,9826
8632: 8358,9885,9449,8694,8636,8210
9914: 9847,9685,9341,10016,9906,9896
64: 275
9943: 9650,9647,9920,9435,9638,9529
4893: 
8150: 8225,7992,7579,7909,7911
8661: 8593
9855: 6709,6517
7564: 7565,7125,7389,9846,8358,7478
9829: 9760,9707,9769,9736,9655,9798
7569: 7130,6474,6576,7570,7737
73: 336,283
9709: 9335,9717,9645,9246,9761,9700
8175: 9683
4677: 4979,4876,4675
4979: 4677,4876,5177,4880,6062
3450: 2578,2858,9682
3789: 
6658: 6847,6371,5688,5887,6564
81: 
9398: 9244,9810,9659,9463,9325,9476
9765: 1838,9677
2610: 2236,2512,1881
9629: 10005,9600,9297,9556,9894,9960
6244: 5663,9490,6242,6339,6335,6337
3380: 3678,3185,502,3578
7207: 8356,7558,7470,7383,7292,7026
6403: 6969,6507,7152
7355: 
9691: 8984,9800,9787,9889,9854,9292
9922: 4030,9876,9955,9897,9814,9921
93: 133,9851
9617: 9795,8383,10029,9938,9448,9334
7375: 7292,7289,7380,8186,7460
9880: 9977,7434,10031,10012,9517,10009
3897: 3898,3998
9787: 9800,9691,9854,9438,9634,9892
3321: 2836,3517,9679,9704,3818,3821
100: 2710,9259,2333,3486
9738: 9835,9754,7563,7389,9846
7979: 8058,8061,7899,7818,8365,9081
4566: 4367,4565,4266,4269,4569,4470
5490: 5688,5390
6100: 6196,7670,6003,9631,6389
3185: 2896,2240,502,9502,3578,3380
9565: 9416,9272,9329,9487,9806,9515
9918: 9879,9414,9663,9528,9295,9758
9788: 9321,9940,10002
4393: 4293,4292
5062: 5755,4660,4858,5163
7902: 8365,8766,7821,7901,7903,8292
5400: 5300,5302
6576: 7130,7569,6480,6767,6671,7570
115: 9826,116
116: 9945,115
8189: 8192
118: 307,309
4565: 4367,4566,4463,4462,4665,4569
9724: 9601,9860,9309,9696,9764,9801
121: 127
9609: 4141,9572,9579,3850,3262,9555,3656
4427: 4108,4218,4314,4521,4322,9392
9405: 1019,9551,1510,9612
9878: 9972,9500,9925,9255,9576
4485: 4486
127: 121
8301: 8304,9857,7992,8309,8376,8451
9964: 9776,9873,9872,5761,6537,6055
6437: 6537,6055,6249
131: 
9899: 9774,3849,9665,9874,3552
133: 93,9851,33
4463: 4367,4364,4565,4263,4458,4462
3211: 9357,3210,3506,3903,3803
5211: 6797,5009,5413,5214,9384
4343: 4045,4139,3856,9442,3953,9256
9467: 9477,9290,7811,9478,7298,7560
9974: 9869,9487,9837
9868: 4941
141: 
7181: 
9572: 4141,9609,9579,9986,9630,9327
5564: 5961,5765,9455,5466,9578,5664
6461: 5882,6077,6460,6266,5978,6371
146: 
3540: 3345
2552: 2459,2643,9780,2362,9895
149: 
150: 
3121: 2928,3119,9717,2540,3805,3027
9407: 7888,9019,9661,8126,9438,9892
5578: 5870,5774,5478,5281,5480,5676
4660: 4661,4865,4665,5062,5163
155: 9263,251,9446
156: 157
157: 156
9644: 9341,9401,9896,9911
159: 
9246: 9342,9443,9296,9335,9709,9761
9985: 10017,9871,9808,9632,10018,9755
9957: 10041,9990,3928,9713,3731,10038
163: 
7850: 7936
6003: 6387,9274,9631,6196,6100
4529: 4525,4322,9633,4937,9670
2858: 3646,9682,3450,3838
8192: 8189
9983: 8683,8861,9017
7934: 7935,8015
9485: 9585,9697,9924,9333,9759,9796
9324: 9464,9473,9527,9428,9566,9431
6007: 5705,5904,5804,9684,5813,5910
8521: 9340,10030
3607: 3506,9700,2540,3412,3907
176: 
9413: 9484,9376,9312,9733,9886,9426
9843: 9586,9956,9856,9934,9770,9281
9523: 9602,9266,9348,9454,9294,9703
9736: 9769,9823,9821,9270,9760,9829
181: 9440,9339
5084: 5086,5186,5581,4986,5678
3504: 2822,3701,3210,3903
5041: 
185: 
9581: 9881,9492,9653,8044
5789: 5887,6084,6085
9259: 2710,100,9430,9366,9553
9895: 9882,9840,2552,9780
8264: 
9367: 9410,9311,9539,9578,9490
8799: 8679
9299: 6093,9639,9636,9274,9253
9893: 9437,9336,9692,9786
9433: 502,9502,9313,9330,9506
8380: 8455
9450: 9545,9828,8984,9800,9976,9739
5201: 5202,5509,5200,5304
7142: 6389,8236,7670,7319,7581,7668
9232: 9987
9650: 9647,9943,9920,9805,9773
8450: 9340,9519,9789,10030,9939,9285
9669: 2021,1747,9737,9874,9361,9747
3731: 4332,3722,3928,9957,10038,3733
4397: 4498
206: 309
5451: 5250
8812: 9069,8868
2778: 2881,2974,2685,2585,2201,2584
9870: 9994,9838,9693,9947
9815: 9771,10041,9990
9586: 9956,9843,9674,948,9281,1180
6071: 6448,6823,6541,5873,5973,6163
10000: 9422,9994,9838,9689,9797,9462
7080: 7520,7345
8005: 7761
217: 1132,9273,9326,366,368,9907
9941: 10035,9992,9901,9658,9873,9792
8835: 8779,8838
9920: 9650,9943,10042,9529,9839,9773
9569: 9734,4336,9262
5167: 5064,5361,4969,4968,5754,5070
7901: 7821,7737,7735,7818,8365,7902
4736: 4837,4939
7292: 7026,7289,7375,7380,7207,7383
9656: 9728,9769,9781,9798
9681: 8426,9739,9828,9844
7494: 7988,8513,7913,7318,7996,8222
6375: 6280,6085,6278,6848
6617: 
9716: 9995,9653,9864,9381,8426
9470: 9316,9557,1892,2536,2253,1225
233: 9345,700,9464,9288,834
5064: 5361,5167,5163,4865,4867,4968
9677: 1666,1838,9765,1412
5329: 5727,5725
237: 
8026: 7945
7130: 7569,6474,6576,6284,6480
240: 344,291
9965: 2666,9542,2585,2201,9671,10023
9667: 10019,9561,9884,9603,9301,9848
243: 
9593: 7123,9915,9588,9379,9252,9622
245: 
2852: 
247: 
9570: 3482,9900,9370,9330,9506
9594: 9340,9519,9750,9293
7145: 6871,10009,10012,7146,7413,8386
251: 9263,155,9446,9803,9461,9496
5150: 4852,4950,5051,9350,9604
9575: 9511,9384,5207,6797,9601
9830: 9276,9674,9719,9270,9956
2326: 2236,2512,2699,2511,2416,2509
9673: 9794,9863,9811,9672
5251: 5352
7560: 7298,7119,7117,9467,7811,8356
10035: 9941,9992,9867,9901,9305,9471
7899: 7649,7733,7735,7818,7979
4323: 9269,9521,4320,3810,4010,4331
3755: 3262,3559,3656,9582,9591,4139
10006: 9817,9975,9776,9792
9822: 9675,9510,3073,9662,10010,10001
3778: 3678,3777
9917: 9334,9353,9938,9988
2391: 3464,3665,2967,2968,4165,3166
8304: 9857,8301,10030,8451,9340,9750
9257: 9770,9612,1261,9281,9551,1512
7721: 7555,8333,7888,8126,7885,7719
5856: 5961,5765,5663,6047,6349,5959
5710: 7060,6784,10020,6204,6967
3526: 3928,3818,9790,3727,9704
274: 
275: 64
2476: 2196,2571
9418: 9912,9424,9621
278: 387
8292: 8064,8142,7903,8766,7902,8705
7836: 6964,9623,6583,8236,9260
4405: 4301,4504,4514,4616,4611,4606
2585: 2666,9965,2685,2111,2778,2201
283: 73,336
7777: 7176
9546: 9567,9560,9564,9610,9827,9749
9909: 9404,9755,9549,5355,9968,9265
4108: 4218,4427,3907,3506,4314,3803
9481: 9250,2818,2538,9279,9254,2170
10037: 9781,9655,9798,9803,9496
4196: 
291: 344,240
3786: 3787
3907: 4108,4218,3506,3607,3412,4320
3983: 4083,3982
9979: 9666,6011,9401,9668,9911,9726
5965: 6631,6629,6348,5574,5177,5672
8417: 8346,8419,8555
9473: 9464,9324,9468,9439,9527
299: 411
8675: 8676,8674
9686: 9456,9618,9984
8976: 8982,10007
10029: 9938,9740,9795,9617
3372: 3176,9662,2698,2983,2699,2987,2609
9755: 9404,9909,9985,9632,10018,9549
6138: 
307: 118,309
9772: 9620,9332,9424
309: 206,118,307
6339: 6242,5256,5051,9539,9490,6244
9585: 9913,9697,9485,9333,2649,9319
9542: 2666,9965,9361,9630,9327,10023
6934: 6932,6930,6927,6749,7119,7117
9500: 9972,9878,9399,9819,9255,9382
9733: 9951,9312,9928,10024,9484,9413
316: 
9888: 9949,9931,3646,9682,3839
9291: 9363,9980,9812,9264,9530,9635
4068: 4168,4266,4164,3665,4169
3860: 4057,3166,3856,3953,4255
10025: 9711,9703,9678,9480,9294
7929: 7340,7248,8170
3572: 9261,9476,3470,3471,3674
9428: 1881,9527,1622,9324,2057,9611,9566
8609: 
6781: 6969
8779: 8891,9005,8835
9714: 10031,9753,10012,6586,9768,7146
9597: 9375,9582,9396,3850,9425,3656
9580: 9323,9393,9369,9460,10040,9626
9873: 9964,9776,9792,9872,9658,9941
9599: 9498,9513,9646,9799,9887,9522
9803: 9537,9446,10037,9781,251
334: 9850,9732,387,446
9327: 1756,10023,9630,9542,9572,9579
336: 73,283
3998: 3897,3898,3701
5413: 5214,5211,9384,9475,6508
3856: 4343,4045,3460,3953,3860,3166
4826: 4811,4929,5138,4716,9280,9602
2699: 2326,2512,2698,2983,2509,3372,2609
4504: 4405,4501,4605,4606
343: 397
344: 291,240
7550: 7723,7641,8032,7555,9436
346: 519,650,647
9926: 9767,10043,9854,9919,9930,9889
9826: 115,9945
4298: 4399,4501
9912: 9418,9744,9621
7733: 7649,7899,8498,8056,8058
10024: 9951,9733,9928,9472,9729
3345: 3540
9316: 9470,9557,10002,9940,2072,1892
10003: 10039,9762,8373,9982,9752,9571
9697: 9913,9585,9485,9679,9796,9304
2818: 9481,2538,2721,9493,2170
358: 
359: 9371,1025,874,1864,1270,740
9891: 10036,10011
4486: 4485
2906: 2336
3200: 9298,9746,3297,2251
2802: 3385,980,1295,3482,9900
9987: 9232
366: 368,1132,217,750,1211
6849: 6376,7300,7033,9835
368: 366,10040,9626,9907,217,750
3850: 9425,4141,9609,9597,3656
7675: 8597,7847,9952,7505,9466,9735
2710: 2523,100,9259
372: 1124
9701: 9648,9861,9849
9671: 2201,9742,9965,9970,10023,9862
9748: 1019,9972,9819
376: 492
9499: 6832,9465,9354,9550,9402
9584: 9497,9660,9368,8811,9444,9563
5249: 5250
9476: 9261,3572,9244,9398,3470,9325
5204: 5202,9696,5000,5104,9860
382: 561,499
5959: 6347,6349,5761,5856,6047
384: 839
9271: 9875,9344,9616,8663,9628,9904
9984: 9844,9545,9828,9456,9686
387: 278,334
9608: 9619,9364,9325,9463,2580,3670
9391: 9568,9349,9381,7965,9625,9641
390: 449
9454: 9294,9503,5138,9602,9523,5031
6163: 5973,6072,6071,6823,6358,6639
9379: 6564,6084,6278,9593,7123,9588
394: 
9616: 8081,8663,8526,9623,9628,9271
2826: 3025,2649,2553,9319,1820,9720,2926
397: 343
5761: 6347,5959,9964,6155,6537
2364: 1557,9882
6696: 6886,6695
9444: 8867,9563,9584,9660,9019,9661
8455: 8380
403: 
9311: 9410,9367,9533,9539,5159,4950
9242: 9125,8885,9038,9239,9567,9615
9540: 9406,9512,9435,9543,9647,9967
3485: 3486,2333,3683,3386
3234: 2944
5044: 4641,9408,4849,9302
9752: 8373,8225,7992,10003,9762,9857
411: 299
9488: 9365,9264,9495,9388,9514
413: 
3953: 4155,4255,9256,4343,3856,3860
9397: 2822,9409,9320,9342,9357,3210
416: 477,808
9081: 8365,8766,7979,8061,9037,8703
9640: 9237,8701,9292,9420,9277,9378
9900: 9570,9370,9385,9807,2802
3444: 3940,3550,10011,3451,3942
9235: 8982,8928
4094: 
8868: 9024,9069,8812
424: 1873,9809,1529
5641: 
9247: 9372,1525,1867,9528,1198,9295
2538: 9250,9481,2818,2721,1991
3683: 3386,3485,3783
2366: 
7811: 9467,7560,8356,7558,7973,8565
7402: 6768,7319,7141,7318,7581,7743
8481: 
8262: 8033,9426,9836,9376,8042,7719
3531: 9516,3224
9539: 9367,9311,4950,5051,6339,9490
9309: 9601,9724,9511,9801,9469,9908
9551: 1019,9405,872,9612,9257,1512
8885: 9242,9125,9038,9126,8990,9039
8513: 7988,7494,8222,8296,8372,8710
9797: 9489,9331,9462,10000,9799,9689
9693: 9947,9834,9870
442: 568,634
6418: 
10008: 9882,9840,9745
5801: 5904,9779
446: 447,334,9850
447: 446
9942: 9531,9457,9963,9651
449: 390
3787: 3786
9448: 9356,7911,9617,8383,9334
7958: 8483
9371: 359,1025,9421,9427,9642,740
454: 456
3301: 3400,3497,2815,9268,3204,1716
456: 454
9988: 9938,9917
9120: 9237,8701,9919,8205,8878
7609: 
9938: 10029,9988,9617,9334,9917
9365: 9488,9388,9557,1225,1071
5129: 5424,6022
9300: 9315,9431,9288,9385,9526,9370
8991: 8703,8989,8990,8705,8707,9130
7737: 7570,7821,7901,7569,7735
466: 807
467: 666,475,535
6419: 6425
9432: 9475,9278,9685,9341
8987: 9037,9194,9219,8061,8363,8879
9670: 9959,9751,4529,9459,9633
472: 473,537
473: 472
9995: 9916,9716,9653,9864,9881
475: 467,666,535
9171: 9173
477: 416,808
8703: 8991,8989,8766,9081,8705,9037
9414: 9879,9918,1197,1272,9528,1118
480: 
9496: 9461,9642,10037,9655,9421,251
9466: 9525,7505,9559,9457,7675,9735
9840: 9895,9882,10008,9937,9780
9711: 10025,9703
9717: 9709,9645,3121,3119,9700,2540
6284: 6662,6665,7130,6474
8770: 8064,8142,8579,7314,9127,8995
9550: 9354,9458,6927,6916,6832,9499
4287: 4387
4498: 4397,4399
7354: 7265,7778
492: 687,376
5345: 
9037: 9194,8987,8061,9081,8703,8989
3222: 2743,9304,2836,3713,3615,3819
7952: 7942
2410: 2225,2411,2311,2407,2224,2595
5942: 5746,9910
499: 755,382
9524: 9734,9282,9459,9959
501: 762,1052,978
502: 9433,3185,3284,3380,3480
9359: 9544,9712,9505,9386,7839,8596
8737: 8338,8479
8627: 9112
9785: 9648,9400,6984,9531
6585: 6391,9517,6871,10009,6583,6964
9427: 9371,672,9642,9372,740,884
7259: 
6784: 5710,7060,10020,6011,6009,9518
9632: 9808,9604,9985,9350,9404,9755
512: 630
513: 
514: 
9531: 9559,9457,9400,9785,9942
9603: 9773,9301,9839,9884,9667
6055: 6537,6437,9964,9776,9817,6249
518: 
519: 346,650
9652: 5750,6041,9680
521: 584
9436: 7555,8333,9534,7550,8032,9346,9390
2407: 2410,2403,2224,1855,2595,2689
9823: 9769,9736,9821,9973,9728
4074: 3874,3771,4073,4069,4072,4177
9286: 9862,9845,9997,9510,2770,9532
7026: 7292,7289,6932,7117,8356,7207
9621: 9424,3837,9744,9756,9912,9418
529: 
3482: 9570,3385,2802,9506
9474: 9948
9871: 9985,10017,10018,9820
9310: 7532,6915,9508,9643,9354,9458
2836: 3321,3517,9679,9304,3222,3819
535: 467,475
3903: 4004,3803,3210,3211,3504
537: 472
9545: 9450,9828,8984,9456,9378,9984
9393: 9323,9580,9263,9460,892
9273: 1132,217,9589,9326,9809
7563: 6662,6665,7389,7033,9738
9703: 9711,10025,9523,9348,9294
9283: 9576,9251,3451,3255,9415,2024
544: 
9507: 9387,9548,9672,9558,9802
3205: 3204,3207,1716,1238,2170
5826: 6226,5725,5727
2362: 2459,2552,9780,9606,9905,9389
9464: 9473,9324,233,9431,9288
3431: 
8163: 8599,8006
9293: 9750,9692,9786,9594
10014: 9167
7179: 7176
9425: 9374,3850,3458,9332,4141,9597,9396
9479: 9595,9605,9532,9411,9845,9541
5543: 
9209: 
9267: 10021,9961,9389,9606
4590: 
561: 382,758,760
9756: 3947,9932,9744,3552,3837,9621
563: 760,973
4475: 4675,4271,4771
6653: 7019,6931,6077,7646,6464
2578: 3450,2022
9396: 9375,9597,9620,9332,9425,9834
568: 442
7195: 7009,7460,7198,7010,7014
2468: 2189,2658
9404: 9909,9755,9632,9350,5256,5355
4929: 4811,4826,5138,4917,5215,5121,5317
9275: 9547,9598
8989: 8703,8991,8990,9037,9194,9038
7198: 6832,7010,7110,7460,7195
10034: 9936,9643,9695,9690,9402,9944
9844: 9984,9828,9681
8550: 8679
9459: 9282,9633,9483,9524,9959,9670
8707: 9127,9600,9130,8705,8142,8991
8811: 7973,7558,7470,9563,9584,9497
9659: 10033,9463,9675,2770,9398,9810
7298: 7560,7119,6931,9478,6464,9467
584: 521
7014: 7794,9989,7542,9993,7010,7195
9977: 9627,9636,7434,9880,10031,9779
9898: 10016,9906,5910,6204
588: 645
9773: 9603,9301,9650,9920,9839,6731
5332: 5931
9657: 9791,9699,9853,9698,9883
9618: 9277,9613,9610,9686
9767: 10043,9926,9854,9438,9660,9661
9672: 9507,9548,9863,9673,9802
9904: 9419,9628,9875,9271,9284,9649
596: 599,664,733,731
7050: 6196,7670,6483,6672,7319,7141
9308: 9435,9638,9543,6629,6348,9607
599: 596,664,666
4837: 4736
9281: 948,1261,1180,9586,9843,9770,9257
9676: 9991,9439,9706,1706,10026,1793
9298: 3200,9746,9380,9536,9577
4969: 5475,4871,4968,5167,5274,5070
5755: 5062,5361,5163,9533,9394
9377: 5964,9607,9638,9529,9362
4710: 4917,5010,4809,4719,4811
2481: 2387,2198
9955: 4330,4123,4030,9922,9935,9814
9114: 9214,9187
9740: 9875,9344,9395,9795,10029
4611: 4606,4405,4616,4725,4719
9251: 9255,9576,9283,9637,9415
614: 886
9718: 9929,9348,9877,9721,9751,9266
616: 750,1706,9369,9626
9579: 9572,9609,1756,9327,9555,9351
9287: 9313,9526,9445,9315,9403,9322
9653: 9995,9716,8688,8426,9581,9881
8688: 8426,9653,8821
9422: 10000,9591,9442,10032,9994,9462
5887: 6564,6084,5789,6658
9386: 9544,9712,9359,9778
9288: 9385,9464,233,9431,9300
6586: 6682,9768,7150,9714,7146,7325
9867: 10035,9992,9343,9471
9861: 9726,9849,9784,9701
9127: 8707,9600,8770,8142,8995,9297
8596: 8081,8663,7673,7839,9359,9505
630: 1367,910,978,512
5697: 5598
7641: 7723,7550,8032,7380,7383,8867
9358: 9380,2165,9493,9577,2721
634: 442
3578: 3471,3776,3185,2896,3380,3777
6813: 
5466: 5754,9455,5070,5269,5564,5664
8801: 8619,8805,8683
9297: 8995,9317,9556,9127,9600,9629
6823: 6071,7360,6448,6731,6163,6358
641: 
9636: 9627,9977,7434,9299,9639,9253
9696: 5202,5509,5204,9724,9860,9764
9429: 9249,9562,9360,5338,9480,9503
645: 588
2928: 2744,3121,3119,3025,2742,3027
647: 650,346
3072: 3176,2777,2974,2983,3079,2584
9967: 9805,6541,9406,9540,9647,6350
650: 647,346,519
4269: 4168,4266,4566,4470,4771
2777: 3073,3176,3072,9742,2584,9997
9948: 9474
4331: 4336,4115,4010,9521,4323
9816: 9790,9759,9731,10021,3226
7936: 7850,7770
9333: 9924,9491,9624,9319,9585,9485
4073: 3670,3367,4074,3771,4072
9509: 9449,8631,9477,9453,9303,8565
2658: 2468,9841
661: 
6537: 6155,6437,6055,5761,9964
9526: 9287,9313,9330,9315,9300,9370
664: 596,599,666,733
9559: 9531,9457,9400,9518,9525,9466
666: 467,475,599,664
9370: 9900,9570,9300,9385,9526,9330
3792: 
5849: 5848,5551
4164: 4068,4266,4165,3665,4367,4364
8565: 7973,9477,7811,9509,8631
672: 9461,9642,9427,884,892
7913: 7988,7494,8076,7996,9419,8075,9284
8029: 7870,7787
7909: 8075,7579,7988,8372,8225,8150
9989: 7014,7542,9347,9993,9763,9314
9502: 9433,9403,9313,3185,2240
8031: 7009,9289
2733: 1820,9624,2738,1473,1556
9285: 9939,8450,9519
2387: 2481,2576
8526: 6964,9623,6871,8386,9616,8081
683: 10026,1793,2231,9962,1611
3712: 4010,3715,3713,3615,3612,4115
8006: 7761,8163
3491: 
687: 492,755
9491: 9924,9333,9859,2554,9624,2738
7521: 
3262: 3559,9555,3755,3656,9609
3073: 3176,9662,2777,9997,9510,9822
9770: 9612,9257,10004,9934,9843,9281
4139: 4343,4045,3559,3755,9591,9442
8590: 
9771: 9516,9990,9815
9786: 9692,9293,9893
2554: 2551,9554,1075,2738,9491,9859
698: 
7742: 7311,7739,7903,6768,8064,7314
700: 9345,233,9416,9272,9468
9651: 9942,9963,9831
9695: 10034,9936,9690,9710
9925: 9972,9878
6631: 5965,6348,5177,6062,5870,6724
8242: 8391,8318,8667
9244: 9398,3470,9810,3373,2678,9476
707: 
9952: 8597,7675,9735,10022,9544,9778
709: 1068
2580: 2866,2968,2873,9619,9608,2776
5086: 5186,5084,4986
9513: 9498,9599,9646,9723,9258,9538
8365: 8766,7902,9081,7818,7901,7979
3400: 3497,3301,3204,3795
7325: 7146,7413,7757,6586,7150,7847
2866: 2580,2968,2390,9595,9605,9619
6028: 5727,5331
718: 1075,927,9245,2643,2551
9440: 9698,9969,9337,9804,1295,181,9339
9889: 9691,9926,9854,9919,8701,9292
9340: 8521,8450,9519,9594,8304,10030,9750
722: 
723: 792
3783: 3683
8081: 9616,8663,8596,8386,7673,8526
9173: 9171
6348: 6631,6629,5965,6724,9308,9543
2293: 2015,2199,2198
2953: 2662
9350: 5051,5150,9604,9632,9404,5256
731: 596,733
3517: 3321,2836,3820,3821,4123,3819
733: 596,664,731
10022: 9963,9735,9831,9952,9778
3098: 
9272: 9565,9416,9991,9515,9468,700
2800: 9322,3184,2895,9445,2893,3279
9430: 2523,9259,9366,9248
7455: 7791
740: 9372,1525,9371,359,9427,1270
9219: 9194,8987,8879,9504,9239,9560
6724: 5870,5774,6631,6348,9543,9512
743: 744
744: 746,743
2691: 2685,2492,2595,2586,2311,2881
746: 890,744
6405: 6507,7858,7152,9373
9622: 9852,9453,9252,9593,9915,9290
7279: 7791,7942
750: 1698,616,366,368,9626
7413: 7146,7325,7757,8386,7673,7145
7360: 6823,6731,9301,9561,6358,6915
8309: 9356,7911,7992,8301,8376
754: 1286,1367,1449
755: 687,499
9356: 9448,8309,9334,9353,8376,9592
9347: 9763,9314,10015,9989
758: 973,561,760
6072: 5975,5973,6163,6265,6639,6266
760: 563,561,758,973
9217: 9307,8879,9504,9238,9237
762: 1052,902,501
9992: 9941,10035,9867,9792
9743: 9812,9980
9783: 9314,10015,9687,9833,9953
8179: 
5023: 5121,5338,5031,5417,5917,5421
9664: 10005,9824,9960,9318
2390: 2866,2968,2772,9605,2967
6665: 6662,7563,7389,6284,7125,6474
6385: 6481,6098,5995
9390: 9346,9484,9486,9534,9928,9436
9304: 2743,3222,9913,9697,9679,2836
9806: 9869,9487,1211,1698,9515,9565
7289: 7292,7026,7375,6932,7110,7460
4823: 4725,4626,4716,4937,9280
6931: 7019,6653,6749,6464,7298,7119
7818: 7899,7735,7901,7979,8365
9417: 5508,9801,9469,9684,9494
8984: 9800,9691,9292,9545,9450,9378
781: 
5113: 4917,5010,5007,5009,5215,5214
9655: 10037,9798,9707,9829,9421,9496
9781: 10037,9798,9656,9537,9803
9412: 10013,9258,9573,9352
7141: 6768,7402,7319,6672,7050,7311
2893: 2057,9611,2895,2609,2800
8395: 
9795: 9649,9617,8383,9875,9740,10029
5495: 5395
9936: 10034,9643,9695,9710,10019,9508
792: 793,723
793: 792
794: 2305,2212,9382,9637,1676,2030
7617: 9472,9729,7794,7542,9687,9705
9306: 9968,9265,9305,9614,9471
7668: 7581,8076,7996,7142,8236,9260
7019: 6653,6931,6645,6460,6749
10021: 9267,9961,9816,9731
7419: 9998,7062
801: 9276,1027,9674,874,1263
9383: 9589,9326,9598,9793
8273: 8485,9102
5574: 5965,5475,4978,5177,5274,5672
2536: 2165,9958,1892,9470,2253
9913: 9585,9697,2649,2744,2743,9304
807: 466
808: 477,416
6389: 6583,7142,8236,6100,7670
9363: 9291,9980,9245,9552,9635
6350: 5873,5680,9406,5775,9967,6541
4626: 4725,4823,4616,4307,4525,4937
9284: 8075,7579,9419,9904,7913,9649
5352: 5251
9553: 9339,2333,9337,9366,9259
4263: 4458,4347,4255,4057,4364,4463
8376: 9592,9336,8451,9356,8309,8301
3810: 3412,3805,3612,4010,4323,4320
6832: 7198,9499,9550,6930,7110
2902: 3489,2151,2523
6316: 6022
8695: 8199,9236
9725: 6249,9817,9975,7086
3255: 3947,3942,3451,9283,2024
8970: 8419,8555
5587: 5978,5876,5585
8972: 8921
8372: 8373,8710,7988,8513,7909,8225
3204: 3205,3207,1716,3400,3301,1732
9972: 9878,9500,9925,9748,9819
6093: 9299,5995,6098,9274
9336: 8376,9592,8451,9437,9893,9692
9820: 10018,9871
834: 9807,233,9969,9883
2698: 2983,2509,2699,3372
9400: 6984,6009,9518,9785,9559,9531
7300: 6848,6849,6376,7123,9915,9835
9625: 9634,8046,7965,9391,9976,9641
839: 384
840: 1216
9389: 9267,9961,2459,2362,9606,9554
9897: 9825,9814,9921,10028,9922,9890
8058: 7979,8061,8363,8056,7733,9079
9305: 9901,6338,9306,9265,9471,10035
9501: 9558,9318,9126,9085,9387
6508: 9475,5413,5417,5917
8205: 9919,9930,8429,8878,8499,9120
848: 996
5873: 5680,6350,6541,6071,5776,5973
7858: 6405,9373,9434
9810: 9244,9398,9675,3373,10010,9659
7646: 9355,6464,6077,6847,6371,6653
3559: 3262,3755,9535,4045,4139,2870
5256: 6242,6339,5355,5051,9350,9404
7248: 7929
6531: 6906
9947: 9693,9834,9375,9870,9994,10032
858: 1006
10030: 8304,9857,9762,9789,8521,9340,8450
6118: 6416,5123,9249,9562
861: 864
4057: 3860,4165,4255,4263,4364
9387: 9507,9548,9125,9126,9558,9501
864: 861
8962: 
9528: 9295,9372,9247,1272,9918,9414
9375: 9582,9597,9396,9947,9834,10032
9282: 9459,9483,9521,9734,9524
10041: 9990,9957,9815,10038
9442: 9422,9591,4343,4139,9462,9256
9049: 
872: 1019,1340,9551,2037,1512,1178
6906: 6531
874: 1351,1263,1864,801,1027,359,1025
9270: 9719,9736,9821,9276,9830,9760
5338: 5023,5031,9503,5421,9429,9562
4870: 4470,4773,4771,4867,4871,4968
9019: 7888,9661,9407,7723,8867,9444
4330: 4123,9955,3819,3715,9935,4232
7518: 
4123: 4330,9955,3819,3517,3820,4030
7555: 7721,8333,9436,7723,7550,7888
9591: 9422,9442,10032,9582,3755,4139
884: 1197,892,1272,9427,672,9372
9059: 
886: 614,965
2416: 2511,1611,2321,2231,2326,2236
888: 
4470: 4771,4870,4566,4269,4569,4867
890: 746
9707: 9760,9829,1027,9655,1025,9421
892: 884,1197,672,9323,9393
6716: 6622
3615: 3712,3715,3713,3222,3819
9504: 9307,9217,8879,9219,9564,9560
5775: 5678,5970,9406,5680,6350
9558: 9501,9507,9387
9999: 10027,9866
6387: 6003,6481,6098,6483,6196
9831: 9963,10022,9651
9419: 9260,9628,9904,8076,7913,9284
902: 1124,762
5970: 5678,5775,5774,5676,9406,9512
8631: 9449,9509,8694,8565,9497,9596
10027: 9999,9887,9866,9646
6204: 5910,7252,6967,9898,5710
9335: 9709,9645,9722,9813,9246,9296
9471: 9343,9614,9306,9305,10035,9867
9472: 7617,9729,9687,9953,10024
910: 1367,630,1449
9835: 9738,9754,9915,6849,7300,9852
9091: 9092
9856: 9956,9843,9934
9808: 9302,9604,9632,9574,9985,10017
9604: 9302,9808,9632,5150,9350
6266: 6461,6460,5975,6072,5978,6265
5180: 4880,5478,5281
7743: 8579,8222,7314,6768,7402,7318
9126: 9125,8885,9039,9085,9387,9501
4719: 4725,4716,4611,4710,4811
9567: 9239,9560,9546,9242,9749,9615
4616: 4514,4307,4405,4611,4725,4626
923: 
7470: 7558,7207,7383,8811,9563
9351: 9535,9541,9579,1756,9411,9555
10040: 368,9626,9907,9460,9782,9580
927: 1075,1473,718,9245,1228,9635
6098: 6385,6481,6093,6387,9274
5192: 
9796: 9679,9704,9790,9759,9697,9485
9789: 10039,9762,10030,9727,9939,8450
9530: 1228,1148,9635,9291,9264,9495
9764: 5508,9801,5509,9696,9724,5613
5931: 5332,5633
9950: 9837,9775,9329,9699
9187: 9114,9214
9611: 2057,9445,2893,9566,9428
9477: 9290,9467,9453,8565,9509
9921: 9897,9876,9922,9766,9890
2526: 2153,1542,1709,2244
941: 
3027: 3805,3612,2928,3121,2742,3713
943: 1097
944: 
5995: 6093,6385
4858: 4855,4955,4757,4658,5062
7383: 7207,7470,7292,7380,7641,8867,9563
948: 9281,1180,9586
9981: 9832,9702,9587
3838: 3835,3646,2858
9439: 9991,9676,1793,2234,9527,9473,9468
9715: 9279,9903,9722,9902,9250,9296
4155: 3953,4255,9256,9489,4146,4347
7150: 6586,6682,7505,7417,7325,7847
5633: 5931
8499: 8878,9079,8429,8211,8056,8205
6323: 6219,6226
7992: 8225,8150,9752,8309,9857,8301
959: 965,1042
6460: 6461,6077,6266,6265,6645,7019
5807: 5813
9923: 1529,9933,9547,9589,9598,9809
4271: 4069,4169,4072,4168,4475
9269: 9521,4323,4320,4218,9392,9483
965: 959,886
3470: 9244,2896,2678,3572,9476,3471
7649: 7899,7733,7478,7565,8498
9902: 1553,1987,9250,2079,9715,9903
9812: 9514,9743,9291,9980,9264
5678: 5775,5970,5676,5581,5084
3674: 3471,3776,3572,3774,3772
972: 
973: 758,563,760
9249: 9429,9562,9360,9583,6118
9800: 8984,9691,9787,9634,9976,9450
7787: 7865,8029
8867: 9444,9563,7383,7723,7641,9019
978: 1367,630,1052,501,1286
3224: 3628,9520,3421,3531
980: 3385,2802,1295,9339,3386
9876: 4030,3635,9922,9766,9927,9921
7558: 8356,7207,7470,7811,7973,8811
5683: 5287,5585,5680,5776,5876
9720: 9708,9813,2926,1820,2826
8705: 8766,8142,8292,8703,8991,8707
9366: 9248,9337,9590,9553,9259,9430
9930: 9919,8205,9971,8429,10043,9926
5031: 5121,5023,5338,5138,9454,9503
8470: 
10009: 6871,7145,9880,10012,9517,6585
8807: 8917
8950: 8841,9046,8949
9451: 2280,2189,9954,2098
9046: 8950,8949
4266: 4168,4068,4164,4269,4367,4566
996: 848,1069
9381: 9391,9641,9716,9864
4783: 5281
5355: 6242,5256,9404,9909,9265,6338
5536: 5933
9630: 9361,9986,9747,9542,9572,9327
7855: 
9536: 2251,2815,9268,9298,9577
9320: 1238,9254,9342,9443,9409,9397
5000: 5202,5204
1006: 1078,858
1007: 
10016: 9494,9898,9906,9847,9914
7719: 8042,7885,9376,7721,8333,8262
8891: 9005,8779
5093: 5194
7570: 7821,7737,7569,6576,6671,7739
1013: 1251,9741
1014: 
4232: 9262,9935,3715,4330,4115
6583: 6389,8236,6391,6585,6964,7836
9039: 9894,9085,8990,9130,8885,9126
9872: 6337,6047,9658,9964,9873
1019: 9405,872,1340,9551,9748,9819
9344: 9875,9271,9740,8663,9505,9395
9349: 9568,9391,9423,9688,9864
9811: 9863,9749,9827,9858,9673,9794
3373: 10010,3279,2148,3184,9244,9810,2678
9602: 9266,9523,9280,4826,5138,9454
1025: 9371,359,9421,1027,9707,874
8199: 8695,8044
1027: 801,9276,9760,9707,874,1025
2987: 2895,2609,9662,3372,10001
8271: 
7885: 8042,7719,7965,7721,8126,8046
3803: 4314,4004,3903,3211,3506,4108
8261: 8119
2888: 2983,2509,3079,2600,2136
3385: 980,2802,3482,3386
7060: 5710,6784,6967,9518,9525,7417
3805: 3412,3810,3612,3027,3121,2540
10018: 9549,9820,9985,9871,9755
5841: 
2944: 3137,3234
7417: 9525,7505,6967,7060,6682,7150
10038: 9966,3733,10041,9957,3731
1042: 959
9323: 9393,9580,9369,1197,892,1118
1044: 1616,1617,1446,9933
4347: 4263,4458,4450,4155,4255,4146
5585: 5683,5389,5587,5876
3839: 9888,3646
2649: 3025,2826,2553,9319,9913,9585,2744
9334: 9353,9917,9617,9938,9356,9448
9862: 9286,9845,9997,9671,9742,9970
3680: 3284
1052: 762,501,1286,978
9978: 9766,9927,9966
9731: 9816,9759,10021,9961,9924,9859
9721: 9959,9751,9929,9718
5776: 5975,5973,5873,5680,5683,5876
9775: 9950,9416,9329,9345,9791,9699
7942: 7952,7279
9634: 9892,8046,9625,9800,9787,9976
6930: 6934,6932,7110,6927,6832
4978: 4876,5475,5574
9214: 9114,9187,9074
9279: 9715,9250,9481,9254,9443,9296
9641: 9976,9739,9625,9391,9381
5177: 4979,6062,6631,5965,5574
5598: 5697
1067: 1805,1894
1068: 709,1145
1069: 996
7888: 9019,9407,8126,7723,7721,7555
1071: 1553,9365,1987,1225
6847: 6371,6658,6564,7646,9355,9588
9742: 2201,9671,2584,2777,9862,9997
9890: 9897,9921,10028
1075: 927,1473,718,2554,2551,2738
1076: 1477
4336: 4331,4115,9262,9569
1078: 1006,1152
9649: 9795,8383,9904,9875,9284
4852: 5159,4950,5150,4855,4849
9292: 8701,9640,8984,9691,9889,9378
2341: 1978,1542
9963: 9735,10022,9831,9457,9942,9651
2940: 3037
7932: 7770
9571: 10005,9824,9556,9982,10039,10003
7775: 7428
8170: 7765,7340,7929
1089: 
5274: 5070,5672,5269,5475,4969,5574
9607: 9377,5572,6629,9308,9638
1092: 1170,1169
5421: 6018,5917,5123,5023,5338,9562
9583: 9452,9249,9360,6421
9683: 8175,9842
9746: 3200,9298,9757,9380,9958
1097: 943
9322: 2800,9403,2148,3184,9445,9287
2288: 
7903: 7742,7739,7821,7902,8064,8292
2742: 2743,2744,2928,3027,3713
9512: 9406,9540,5774,6724,9543,5970
4569: 4865,4665,4867,4566,4565,4470
9452: 9583,9678,9360
9341: 9644,9432,9914,9685,9896
4665: 4865,4569,4462,4565,4661,4660
4939: 4736
9751: 9959,9721,9670,9877,9718
9939: 9727,9285,9789,8450
4072: 4069,4271,4169,4073,3367,4074
9780: 2552,2362,9895,9840,9937,9905
3776: 3471,3578,3674,3777
9314: 10015,9783,9347,9989,7542,9687
2689: 2595,2030,2586,2403,2033,2407
9927: 9766,9978,9966,3733,9876,3635
4703: 5007,4809,5010
5664: 5964,5466,5269,5572,5564
1118: 9946,1197,9323,9369,9879,9414
9514: 9812,9321,9488,9264,9388
9237: 8701,9120,9640,9307,9217,9420
6249: 9725,6437,6055,9817,7086
9760: 9707,9829,9270,9736,9276,1027
9624: 1820,2733,2738,9491,9333,9319
1124: 902,372
9610: 9613,9564,9618,9546,9827
9791: 9657,9699,9775,9345,9883
2967: 3460,2772,2968,2390,3166,2391
5348: 5551
9125: 9242,8885,9126,9615,9387,9548
9441: 9853,9804,9590
3279: 3373,10010,10001,2895,2800,3184
1132: 9273,217,366,1211
2584: 2201,9742,2778,2974,3072,2777
2873: 2580,2968
2403: 1592,2033,2036,1855,2689,2407
1136: 1297,1375
6280: 6375,5792,6848,6376,5891
9345: 700,233,9416,9775,9791
8373: 8372,8710,9982,9752,8225,10003
7127: 7735
9402: 9354,10034,9643,9944,9465,9499
9289: 9486,9534,9705,7009,8031,8186
9887: 9799,9689,9866,10027,9599,9646
2752: 9654,9841,2655,2848
1145: 1068
3612: 3810,3805,3027,3712,4010,3713
3210: 9357,3211,2822,9397,3504,3903
1148: 1228,9530,9495,1901,1556,1727
9759: 9790,9816,9731,9924,9485,9796
9777: 4839
7532: 6358,6915,9310,6639,7095,9458
1152: 1477,1078
9956: 9586,9856,9843,9674,9830
9447: 9434,9998,9373
9991: 9515,9439,9676,9706,9272,9468
9690: 10034,9695,9763,9944
9958: 2536,9380,9757,1892,9818,9746
4491: 
9532: 9479,9595,9286,9845,2770,10033
6265: 6645,6639,7095,6072,6460,6266
4650: 4757,4548,9538,4642,4955
4871: 5475,4969,4968,4773,4870,4876
9678: 10025,9480,9360,9452
9589: 9383,9326,9598,9809,9923,9273
9355: 9252,7646,9478,6464,6847,9588
8838: 8835,8841
9456: 9277,9378,9545,9984,9686
8990: 8991,8989,9130,8885,9038,9039
1169: 1251,9741,1170,1092
1170: 1092,1169
2983: 2698,2888,2509,3079,2699,3176,3372,3072
9326: 9383,9589,9793,9907,9273,217
9369: 9323,9580,9626,9946,1118,616
9805: 9967,6541,9650,9647,6448,6731
4192: 4293,4292
7062: 7156,7419,9998
9167: 10014,9166
1178: 2037,1594,872,1340,1506,1592
9457: 9559,9531,9466,9942,9963,9735
1180: 948,1261,9281,1428,9586,1263
5302: 5300,5400,5403,5304
9357: 3210,3211,9761,9342,9397
9704: 9679,9796,9790,3526,3818,3321
4773: 4771,4870,4675,4871,4876
2321: 2511,1611,2416,9663,1782,9758
9330: 9313,9526,9570,9370,9433,9506
8333: 7721,7555,9436,9346,7719
6084: 5887,6564,6278,9379,5789,6085
3330: 
2586: 2595,2030,2689,2212,2691,2492
9975: 10006,9817,9725
6105: 5408,5813
2662: 2758,2953
5852: 5455
6896: 6516
2655: 2752
1197: 884,892,1272,9323,9414,1118
1198: 2044,9295,1867,9247,2135
5250: 5451,5249,5452
8032: 7550,7641,7380,8186,9534,9436
3628: 3226,9520,3224,3421
6226: 5826,5725,6323
3079: 2983,2888,2600,2974,2693,3072
9980: 9363,9291,9812,9743
8766: 8365,7902,9081,8705,8292,8703
6886: 6696,6884,7163
6900: 
9263: 9460,155,251,9461,9393
9475: 6508,9432,5413,9278,9384
4789: 4891
1211: 9869,9806,366,1132,1698
9865: 2909,1630,9757,9818
4655: 4661,4448,4559,4757,4548
9017: 8861,9983
2669: 
1216: 840
9875: 9271,9344,9740,9904,9649,9795
8451: 8376,9336,8304,8301,9750,9692
10031: 9753,9714,10012,9779,9977,9880
9919: 9930,8205,9926,9889,8701,9120
9966: 10038,3733,9978,9927
9839: 10042,9920,9603,9773
9828: 9545,9450,9739,9681,9984,9844
8821: 8044,8688
1225: 1987,2253,9470,9557,9365,1071
7086: 6249,9725
7152: 9998,9373,6403,6405
1228: 1148,9530,9635,927,1473,1556
9303: 9852,9453,9754,9449,9509,9885
3771: 3874,4074,3772,9364,3670,4073
9462: 9489,9797,9422,10000,9442,9256
7542: 7014,7794,9989,9687,9314,7617
2870: 3460,3559,9535,2772,4045
9511: 9575,9278,9384,9601,9309,9908
5910: 6204,7252,9898,5804,6007
8186: 7375,7380,9289,9534,8032
8710: 8373,8372,9982,8296,8513,9317
1238: 9254,9320,2170,3205,3207,9409
9313: 9287,9526,9330,9403,9502,9433
1240: 
4521: 4525,4322,4314,4427,4104,4307
9005: 8891,8779
3486: 3485,2333,100
9254: 1238,9320,2170,9481,9279,9443
9556: 9317,9297,9982,10005,9629,9571
1246: 1494
9932: 10036,9744,10011,3942,9756
3678: 3380,3777,3778
10023: 1756,9970,9327,9965,9542,9671
9901: 6338,6335,9305,9658,9941,10035
1251: 1169,9741,1013
3646: 2858,9888,3838,3839
6622: 6902,6716
9438: 9767,9854,9661,9407,9892,9787
8225: 7992,8150,7909,8373,8372,9752
8274: 8343,9236,9070
8917: 8807,8805
4997: 
4605: 4603,4501,4504,4606,4809
7478: 8358,7565,7564,8498,8210,7649
1261: 9281,1180,1428,9257,1861,1512
9420: 9277,9237,9640,9307,9613
1263: 874,1351,1864,801,1180,1428
8126: 7888,9407,7721,7885,9892,8046
9307: 9217,9504,9237,9420,9613,9564
4839: 9777,4941
7002: 7184
3184: 2800,9322,2148,3373,3279
5774: 5870,5578,6724,5676,9512,5970
1270: 1436,1864,359,1525,740
6645: 6265,7095,6460,6916,7019
1272: 884,1197,9372,9528,9414
9643: 10034,9936,9508,9310,9354,9402
9548: 9507,9387,9672,9125,9863,9615
9846: 8358,9885,9738,9754,7389,7564
9600: 9127,8707,9130,9297,9894,9629
10039: 10003,9762,9789,9824,9571,9727
3641: 3545,3448,3151
3533: 3434
4255: 3953,4155,3860,4057,4263,4347
5917: 6018,5421,5417,5023,6508
8619: 8861,8801,8683
4364: 4367,4463,4057,4165,4263,4164
9874: 9665,9669,9737,9899,9774,9747
4694: 
1286: 754,1052,1367,978
2808: 2336,2524
7996: 7581,8076,7668,7318,7494,7913
9395: 9712,9505,9344,9740
7119: 7298,7560,7117,6749,6931,6934
9537: 9446,9803,9338,9781
9601: 9724,9860,9309,9575,9511
4891: 4789
9343: 9614,9471,9867
1295: 980,2802,9807,9969,9440
4284: 4285
1297: 1136
9360: 9249,9429,9480,9678,9583,9452
9935: 9328,9262,4232,4330,9955,9814
2881: 2778,2974,2693,2311,2685,2691
9505: 9712,9359,8663,8596,9344,9395
8921: 9024,8972
9321: 9788,9514,10002,9388
6507: 6405,6403
2974: 2881,2778,2693,3079,2584,3072
2758: 2662
10001: 10010,3279,9662,2987,2895,9822
9857: 8304,8301,10030,9752,7992,9762
9566: 9611,9445,9428,9324,9315,9431
2609: 2987,2895,2512,2699,3372,2057,2893
4603: 4605,4399,4501
1312: 1729
9713: 3928,9520,3727,9516,9990,9957
1314: 
9408: 5044,4641,9352,9482,9302,9574
4292: 4192,4393
8383: 9649,9795,9617,7579,7911,9448
9712: 9359,9505,9386,9395
3819: 4330,4123,3222,2836,3517,3715,3615
4968: 4969,4871,4867,4870,5064,5167
9410: 9367,9533,9311,9455,9394,9578
4855: 4858,4955,4849,5159,4852
7670: 7050,6196,6100,7142,6389,7319
9525: 7505,7417,9466,7060,9518,9559
5389: 5390,5585
3367: 3670,4073,3464,2776,4169,4072
1327: 
9130: 8707,9600,8991,8990,9039,9894
5361: 5064,5167,5163,5755,5754,9394
10004: 9770,9612,9934,1510
4559: 4458,4450,4462,4448,4661,4655
7935: 8015,7934
3166: 3860,4165,3856,2967,3460,2391
7353: 
2842: 
2492: 2685,2691,2111,2212,2586,2021,1747,2395
9996: 9858,9794
2540: 3607,9700,9717,3121,3412,3805
9729: 7617,9472,9486,9705,9928,10024
1340: 1019,872,1178,1506,9399,9819
4399: 4298,4501,4498,4603
6448: 6071,6823,6731,9805,6541
9519: 9340,8450,9594,9285
10033: 9659,9463,2770,9595,9532,9619
9588: 9593,6847,6564,9379,9252,9355
5304: 5613,5403,5201,5509,5302
9424: 3837,9621,9418,9772
9468: 9473,9991,9439,9272,700
6022: 6316,5129
4687: 
1351: 874,1263,1864
6964: 8526,7836,9623,6585,6871,6583
4081: 
9295: 9528,2044,1198,9247,9918,1527,9758
9276: 801,1027,9674,9830,9270,9760
4642: 9538,9573,4650,4641,4955
9024: 9069,8868,8921
3774: 3874,3772,3674
9864: 9916,9995,9716,9688,9349,9381
3701: 2822,3502,3898,3998,3504
6902: 6622
8391: 8242
9685: 9847,9914,9908,9278,9432,9341
9842: 9683
9338: 9537,9446
6278: 6084,9379,6375,6085,7123,6848
1367: 630,910,978,1286,754,1449
3506: 3607,3211,3803,4108,3907
10005: 9629,9824,9664,9571,9556,9960
9737: 2021,9669,2305,9665,9415,9874
5281: 4783,5180,5478,5578
6695: 6598,6696
8479: 8338,8737,8540
5390: 5389,5490
1375: 1461,1136
3818: 3928,3526,9704,3321,3821,3722
2286: 2194
9596: 8496,9971,8631,8694,9497,9368
9881: 9581,9492,9995,9653
6662: 6665,7563,7033,6284
5121: 5023,5317,5031,4929,5138,5215,5417
9437: 9893,9353,9592,9336
5123: 6018,5421,9562,6118
1384: 1549
7965: 8042,7885,8046,9625,9568,9391
6009: 9400,6984,9518,9666,6011,6784
1387: 9940,1984,2072
3722: 4332,3821,3731,3928,3818
5813: 9684,6105,5904,6007,5807
9478: 9252,9355,6464,7298,9290,9467
5649: 
1392: 1995,1729
9561: 10019,9667,9508,9301,7360,6915
9274: 6003,6093,9299,6098,9253
3458: 9774,9986,9374,9425,4141
7679: 8460,7680
5010: 4917,4710,5113,4809,4703,5007
10028: 9825,9897,9890
3025: 2826,2649,2926,2744,2928,3119
9302: 9808,9604,9574,5044,9408
9521: 9269,4323,4331,9282,9483
3545: 3641,3448
5663: 9490,6244,5856,5765,6337,6047
3715: 3712,3615,4330,3819,4115,4232
9385: 9288,9807,9300,9900,9370
6682: 6586,9768,7150,7252,6967,7417
8343: 9236,8274
9949: 9931,9888,9682
9070: 9236,8274
5104: 5207,5204,9860
4131: 
1412: 1841,1666,9677,1838
9277: 9420,9456,9378,9618,9640,9613
1414: 
6376: 6848,6849,7300,6280,5891
5225: 
3137: 2944
9883: 9698,9969,9791,9657,834
1419: 
1420: 
1421: 2119
8658: 
9809: 9589,1529,9923,9273,424
9415: 9665,9251,9283,2305,9637,9737
9079: 8878,8499,9238,8056,8058,8363
9646: 9513,9599,10027,9887,9723
9535: 9541,2772,9351,3559,9555,2870
1428: 1261,1180,1263,1864,1861,1951
4141: 9572,9609,3458,9986,3850,9425
9779: 10031,9753,5801,5904,9627,9977
9329: 9565,9416,9487,9837,9950,9775
9694: 9832,9886,9312
7865: 7787
8905: 8904
9460: 9263,9782,9393,9580,10040
1436: 2133,1951,1270,1867,1864,1525
4045: 4343,4139,3856,3559,2870,3460
2371: 2274
3386: 3683,3385,980,3485
7146: 7413,7325,9714,10012,6586,7145
2595: 2689,2586,2311,2410,2407,2691
7988: 8513,7494,7913,8075,7909,8372
9836: 8033,9426,8262,9702,9423,9587
9319: 2826,2649,2553,1820,9624,9333,9585
9734: 9524,9569,9282
1446: 1617,1044
7673: 7413,7757,8386,7839,8081,8596
9301: 9603,9773,7360,6731,9667,9561
1449: 754,1367,910,1619
6804: 6805,6520
4146: 9489,9331,4155,4347,4450
9869: 9487,9806,1211,9974
9497: 9584,9368,7973,8811,8631,9596
9769: 9823,9736,9656,9728,9829,9798
5163: 5064,5361,4660,4865,5755,5062
4716: 4725,4719,4823,9280,4811,4826
9708: 9720,9813,9903,9722
8679: 8550,8799
5920: 6421,6326,6420
6629: 5965,6348,5672,5572,9607,9308
1461: 1375
9469: 9801,9417,9309,9847,9908,9494
5736: 5637
9236: 8343,8274,8695,9070
9508: 10019,9561,6915,9310,9936,9643
9658: 6337,9872,9901,6335,9941,9873
9666: 9979,6011,9726,9849,6984,6009
9763: 9993,9944,9690,9347,9989
4314: 4004,3803,4108,4427,4104,4521
2523: 2710,9430,3489,2902
9860: 9601,9724,5207,5104,5204,9696
8498: 8211,8210,8056,7478,7649,7733
1473: 1075,927,1228,1556,2733,2738
9325: 9608,9364,9463,9398,9261,9476
9489: 9797,9331,9462,4155,9256,4146
9077: 8928,9119
1477: 1152,1076
9547: 9275,9598,9933,9923
2693: 2881,2974,2411,2311,3079,2600
7870: 8029,8265
7434: 9977,9636,9880,9253,9631,9517
7265: 7354
1483: 
9606: 9905,2362,9267,9389
3777: 3678,3776,3578,3778
4876: 4979,4677,4978,4773,5475,4871
1487: 9730,1738,1739
8076: 7668,7996,9260,9419,7913
8356: 7558,7207,7560,7117,7811,7026
7839: 8597,7757,7673,8596,9544,9359
3835: 3838
7033: 6849,6662,7563
3713: 3712,3615,2742,3222,3612,3027
1494: 1246
9074: 9214
9858: 9827,9811,9996,9794
1497: 1931,2483
9268: 2815,9536,9493,9577,3301,1716
7581: 7668,7996,7142,7402,7319,7318
5408: 6105,5613,5403,5508
9392: 4322,4218,4427,9269,9633,9483
2511: 2321,2416,1782,2136,2509,2326
9784: 6416,9668,9861,9726
1504: 1849,1583,1759
9544: 9359,9386,8597,9952,7839,9778
1506: 9399,1676,1340,1178,1592,2033
3448: 3545,3641,3251
9802: 9507,9672
9754: 9835,9738,9852,9303,9846,9885
1510: 9612,10004,9405
2761: 3153,3743,2389
1512: 2037,1861,9257,1261,872,9551
2968: 2580,2866,2873,2390,2967,3464,2391
3294: 3295
3471: 3776,3578,3674,3470,2896,3572
6916: 6927,6645,7095,9458,9550
9516: 3531,9771,9520,9713,9990
8015: 7935,7934
9682: 2858,3450,9949,9888
9990: 10041,9957,9516,9771,9713,9815
5159: 4852,4950,4855,9533,9311
7794: 7014,7542,7009,7617,9705
6481: 6385,6480,6098,6387,6483,6767
9372: 1525,9247,740,9427,884,1272,9528
1525: 9372,9247,740,1436,1270,1867
9435: 9308,9638,9543,9540,9647,9943
1527: 2047,1782,9758,2044,9295,2225
9376: 9346,9484,9413,9426,8262,7719
1529: 9933,9923,9809,1616,424,1873
10010: 3373,3279,10001,9675,9822,9810
9483: 9282,9459,9633,9269,9521,9392
1532: 1619
5403: 5613,5304,5302,5408
9674: 801,9276,9830,9586,9956
4177: 4278,3874,4074
9577: 9493,9298,9380,9358,9536,9268
9910: 5942
5978: 5587,5876,5975,5882,6461,6266
9515: 9991,9706,1698,9806,9565,9272
8879: 9217,9504,9238,8363,8987,9219
9461: 672,9642,9496,9263,251
1542: 2153,2526,2341
7505: 9525,7417,9466,7150,7675,7847
9258: 9538,9573,9723,9513,9412
9102: 8273
9970: 1756,9411,10023,9671,9862,9845
7735: 7899,7818,7127,7737,7901
9739: 9976,9641,9450,9828,9681
1549: 1721,1384
9374: 9425,3458,3849,9332
9968: 9306,9265,9549,9909
3947: 3255,9756,2024,3552
1553: 1071,9902,1901,9903
9735: 9963,10022,9466,9457,7675,9952
4525: 4521,4322,4529,4307,4626,4937
1556: 1727,1228,1148,1473,2733
1557: 1995,9745,2364
9732: 334,9850
7973: 8565,8811,7811,7558,9497
3765: 3665
8787: 
6969: 6403,6781
3837: 9424,3552,9621,9756,3849
9421: 9371,1025,9707,9655,9642,9496
9859: 9924,9491,2554,9554,9961,9731
8296: 8579,8222,8513,8995,9317,8710
4069: 4271,4072,4074
9689: 9799,9887,9866,9838,10000,9797
9229: 9185
8995: 9317,9297,8770,8579,8296,9127
1571: 1572,9730
1572: 1571,1740
7249: 
10032: 9422,9591,9947,9375,9582,9994
5882: 6461,5978,5688,6371
8471: 
9851: 93,133,33
9916: 9995,9864,9688
3550: 3444,3940
5508: 9764,9801,9417,5613,5408
9884: 9603,9848,9667
9924: 9491,9333,9859,9759,9731,9485
1583: 1504,1849,1759
6927: 6749,6916,9550,6934,6930
5551: 5348,5849,5848
9253: 9631,9299,9636,7434,9274
4448: 4444,4559,4450,4548,4655
9745: 1995,1557,9882,10008
6242: 6339,5256,5355,6244,6338,6335
7765: 8170
5455: 6140,5852
1592: 2403,2033,2036,1594,1178,1506
9705: 9289,9486,7794,7009,7617,9729
1594: 2037,1950,1178,1592,2036
5317: 5121,4929,5215
9892: 9634,8046,9407,8126,9438,9787
9480: 9294,9503,10025,9678,9429,9360
9564: 9613,9610,9307,9504,9560,9546
5194: 5093,5295
9490: 5663,6244,9367,9539,6339
9166: 9167
9971: 8496,9596,8429,9368,10043,9930
8614: 8677
8419: 8970,8485,8417,8346,8555
8794: 
9458: 9354,9550,7532,9310,7095,6916
9342: 9443,9246,9320,9397,9357,9761
2311: 2411,2410,2595,2691,2881,2693
4087: 
9431: 9315,9300,9464,9324,9566,9288
1611: 2321,2416,9663,9962,2231,683
5581: 5676,4986,5678,5084
6077: 6461,6460,6371,6653,7646
9157: 8978
6371: 6847,6658,5882,6461,6077,7646
1616: 1044,1529,9933,1873
1617: 1446,1044
7184: 7002
1619: 1532,1449
2776: 3464,2580,3670,3367
9486: 9289,9534,9705,9729,9928,9390
1622: 1881,9527,9428,2231,2234,2236
4950: 5159,4852,5051,5150,9311,9539
5964: 9377,5664,5572,5961
5572: 5672,5269,6629,5964,9607,5664
5269: 5274,5070,5672,5572,5466,5664
9145: 
3934: 
8636: 8496,8694,8632,8211,8210
1630: 2909,9757,9865
9662: 3073,3176,3372,2987,9822,10001
8677: 8614,8676
8861: 8619,8683,9983,9017
9484: 9346,9376,9390,9413,9733,9928
5051: 4950,5150,9350,9539,6339,5256
3460: 2870,2967,2772,4045,3856,3166
3464: 3665,2776,2391,2968,3367
4941: 9868,4839
9929: 9348,9718,9721
9348: 9929,9718,9266,9523,9703
5848: 5849,5551,6041
4514: 4104,4616,4307,4306,4301,4405
5202: 5201,5509,5204,9696,5000
2512: 2610,2326,2236,2699,1881,2609,2057
9723: 9513,9646,9258
8075: 9284,7579,7909,7988,7913
9749: 9863,9811,9615,9567,9546,9827
9848: 9710,9884,10019,9667
8346: 8417,8485,8419
8392: 
9894: 9039,9085,9960,9600,9130,9629
10015: 9314,9783,9347
5328: 5426,6219
9494: 10016,9417,9469,9847,9684
7761: 8006,8005
7110: 6932,6930,7198,6832,7460,7289
10042: 9529,9362,9920,9839
8597: 7675,7847,9952,7839,7757,9544
9863: 9811,9749,9615,9548,9672,9673
4332: 3820,3821,3731,3722,3733,3635
3295: 3294
4462: 4559,4458,4463,4565,4661,4665
4004: 4314,3903,3803,4306,4104
7680: 7679
9318: 9501,9085,9960,9664
1666: 9677,1412
9612: 9770,9257,10004,1510,9405,9551
9824: 10005,9664,9571,10039,9727
9998: 7152,9373,7419,9447,7062
7380: 7292,7375,8186,7383,7641,8032
9680: 6041,9652
6932: 6934,6930,7110,7117,7026,7289
9520: 3628,3727,3224,9516,9713
6671: 6672,6767,6576,7570,7311,7739
9700: 3607,2540,9709,9717,9761
1676: 1506,9399,2033,794,9382,2030
9518: 9400,6009,7060,6784,9525,9559
9750: 9692,9293,8304,8451,9340,9594
7163: 6884,6886,6978
6011: 9666,9979,10020,9911,6784,6009
5961: 5564,5856,5765,5964,6349
9549: 10018,9909,9755,9968
9510: 9675,9822,2770,3073,9286,9997
10043: 9767,9926,9660,9368,9971,9930
7428: 7775
8020: 
2483: 1497
5300: 5400,5302,5200
9776: 9964,9873,9792,6055,10006,9817
9976: 9641,9739,9634,9625,9800,9450
9798: 10037,9781,9655,9769,9656,9829
9792: 9776,9873,9941,9992,10006
3151: 3641
8978: 9157
6391: 6585,6583
4849: 4855,4955,5044,4852
6672: 6483,6767,6671,7050,7311,7141
1698: 9706,750,9806,1211,9515
7311: 7742,7739,6672,6671,6768,7141
9931: 9949,9888
9434: 6307,9447,7858,9373
9896: 10020,9911,9914,9644,9341,9906
9409: 2822,3502,9397,3207,1238,9320
7723: 7550,7641,8867,7555,7888,9019
9353: 9334,9917,9356,9592,9437
1706: 9706,616,9946,10026,9676
6516: 6896
9517: 9631,6585,7434,9880,10009
1709: 2244,2153,2526
9993: 9763,9944,7010,9465,7014,9989
8599: 8163
10020: 9896,9911,9906,6011,5710,6784
2551: 2554,9554,2459,2643,1075,718
2848: 2752
10026: 1793,683,9946,9962,1706,9676
1716: 3205,3204,9268,9493,3301
9623: 8526,6964,7836,9616,9260,9628
3743: 3741,2389,2761
9399: 1506,1676,9819,1340,9500,9382
9730: 1571,1487
1721: 1549,1805
9907: 10040,368,9782,9793,9326,217
9465: 7010,9499,9402,9993,9944
8593: 8661
9994: 9870,9838,9947,9422,10000,10032
9827: 9858,9610,9546,9811,9749
1727: 1901,1556,1148
9252: 9355,9478,9593,9588,9290,9622
1729: 1312,1392
6307: 9434,6598
4165: 4057,3166,3665,2391,4364,4164
1732: 3898,3204,3207,3502
9906: 10016,9898,9914,9896,10020
9573: 9258,9538,4642,9412,4641,9352
9238: 8878,9079,8363,9217,8879
9741: 1251,1169,1013
6338: 9901,6335,9305,6242,5355,9265
1738: 1739,1487
1739: 1738,1487,1740
1740: 1572,1739
9801: 9764,5508,9417,9469,9724,9309
8119: 8261,7880
9085: 9039,9894,9960,9126,9318,9501
9866: 9887,9689,9838,10027,9999
4115: 4331,4336,3712,4010,3715,4232
9248: 9366,9590,9430
1747: 2021,9669,2492,2111,9361,2666
9961: 9267,10021,9389,9554,9859,9731
9590: 9337,9804,9441,9366,9248
3093: 9339
6967: 6204,7252,5710,7060,6682,7417
9818: 2072,1892,9757,9865,9958
9813: 9720,9708,2926,9722,9335,9645
9814: 9825,9897,9955,9922,9328,9935
3297: 3200
1756: 9411,9970,9327,10023,9579,9351
9825: 9897,9814,10028,9328
6047: 6337,9872,5663,5856,5959
1759: 1504,1583
9627: 9977,9636,9639,9779
8485: 8273,8346,8419
6335: 9901,6338,6242,6244,6337,9658
7945: 8026
9821: 9823,9736,9719,9270
9245: 9552,9363,9635,927,718
9799: 9887,9689,9797,9331,9599,9522
7191: 
9495: 9488,9264,1148,9530,1901
6425: 6419
9331: 9489,9797,9799,9522,4146
5186: 5086,5084,5287
5870: 5578,5774,6724,5478,6062,6631
9011: 
4169: 4271,4072,3367,4168,4068
2576: 2387
9529: 10042,9362,9377,9638,9943,9920
7252: 5910,6204,6967,5804,6682,9768
8358: 9846,9885,7478,8632,7564,8210
6541: 9805,9967,5873,6350,6071,6448
9944: 9993,9763,10034,9690,9402,9465
4675: 4475,4773,4677
1782: 2047,1527,2136,9758,2511,2321
5727: 5331,6028,5329,5826
2509: 2698,2983,2888,2136,2511,2326,2699
9940: 1387,9788,2072,9316,10002
8663: 9616,8081,8596,9505,9271,9344
2305: 2212,794,9637,9415,2021,9737
9790: 9816,9759,3226,9704,9796,3526
6517: 6709,9855
2815: 9536,9268,3497,3301
9576: 9255,9251,9283,9878
3821: 3820,4332,3722,3818,3321,3517
1793: 10026,2231,683,2234,9439,9676
9794: 9673,9858,9811,9996
9119: 9077
3497: 3400,3301,2815
3940: 3444,3550,10011
8674: 8675
9628: 9260,9419,9904,9623,9616,9271
9615: 9863,9749,9567,9242,9125,9548
9332: 9620,9772,9374,9425,9396
8616: 
7437: 
9592: 8376,9336,9356,9353,9437
1805: 1067,1721
9635: 1228,9530,9363,9291,9245,927
9692: 9750,9293,9786,9336,8451,9893
6464: 7646,9355,9478,6653,6931,7298
8363: 8058,8061,9079,9238,8879,8987
9290: 9477,9467,9252,9478,9453,9622
8142: 8770,8064,8292,8705,9127,8707
5680: 5873,6350,5775,5287,5683,5776
9946: 1118,9962,9369,9879,1706,10026
4278: 4177
2895: 2987,2609,2893,3279,10001,2800
2336: 2808,2906,2244,1973,2524
9620: 9332,9772,9834,9396
5699: 
8844: 
1820: 9624,2733,9720,2826,9319
9619: 9608,9595,10033,9463,2580,2866
9449: 9509,8631,8694,9303,9885,8632
9642: 672,9461,9496,9371,9421,9427
5975: 5776,5973,6072,5978,5876,6266
9953: 9833,9783,9687,9472
8904: 8905
9543: 9308,9435,6348,6724,9512,9540
7757: 7413,7325,7673,8597,7847,7839
5804: 5904,6007,5910,7252,9753,9768
9443: 9342,9246,9296,9279,9254,9320
9684: 5813,9417,9494,6007
9647: 9650,9943,9435,9540,9805,9967
1833: 1921
9296: 9443,9246,9715,9279,9722,9335
2685: 2691,2492,2111,2881,2778,2585
5904: 5705,5804,6007,5813,5801,9753,9779
9560: 9239,9567,9546,9504,9219,9564
1838: 9765,9677,1412,1841
6768: 7402,7141,7311,7742,7743,7314
2678: 2896,2240,3373,2148,9244,3470
1841: 1412,1838,2199
9768: 6586,6682,5804,7252,9753,9714
9255: 9576,9251,9878,9500,9382,9637
3502: 2822,3701,9409,3207,1732,3898
5009: 6797,5211,5007,5113,5214
3145: 3340
9819: 9399,9748,1019,1340,9972,9500
6155: 6537,6347,5761
1849: 1504,1583,2119
9554: 2554,2551,2459,9961,9389,9859
9817: 10006,9975,9776,6055,6249,9725
7778: 7354
8318: 8242,8667
9552: 9245,9363
1855: 2224,2135,2133,2403,2036,2407
2772: 9535,9541,9605,2870,2967,3460,2390
3552: 3837,3947,9756,9899,3849
5725: 5826,6226,5329
6480: 6481,7130,6576,6767
3037: 2940
1861: 2037,1950,1512,1261,1428,1951
5637: 5736
9854: 9767,9926,9438,9691,9787,9889
1864: 874,1351,1263,1428,359,1436,1951,1270
9719: 9270,9821,9830
9726: 9861,9849,9668,9784,9666,9979
1867: 2133,1436,1525,9247,2135,1198
3849: 9899,3552,3837,9374
5070: 5274,5269,5167,4969,5754,5466
9563: 8867,9444,7470,7383,8811,9584
8042: 7885,7719,7965,8033,8262,9568
9574: 9302,9808,9482,9408,10017
1873: 424,1529,1616
5007: 4703,5010,5113,5009
9850: 334,9732,446
8033: 8262,9836,8042,9423,9568
9631: 9253,9517,7434,6003,6100
5331: 5727,6028,5230
9847: 9914,9685,9908,9469,10016,9494
9778: 9952,10022,9544,9386
1881: 9428,1622,2610,2236,2512,2057
9908: 9847,9685,9309,9278,9511,9469
8555: 8417,8970,8419
7565: 7564,7125,7478,7649
9239: 9567,9560,9194,9219,9242,9038
6915: 6358,7532,9310,7360,9561,9508
10013: 9412,9482,9352
7081: 7342
9578: 9455,9410,9367,5564,5765
2643: 2459,2552,718,2551
9264: 9488,9495,9812,9514,9291,9530
1892: 2072,9818,9470,9316,2536,9958
2926: 9720,9813,3025,2826,9645,3119
1894: 1984,1067
9747: 9361,9986,9630,9874,9669,9774
9614: 9343,9471,9306
5295: 5395,5194
9261: 3572,9476,9364,9325,3772
2806: 2151
4641: 5044,9408,9352,4642,9573
1901: 1727,9495,1148,1553
9744: 10036,9932,9756,9912,9621
10036: 9932,9744,9891,10011
9394: 5754,9455,5755,5361,9410,9533
3119: 2928,3121,2926,3025,9717,9645
3820: 4332,3821,3517,4123,4030,3635
5876: 5587,5978,5585,5683,5776,5975
9503: 9454,9480,9294,5338,5031,9429
1909: 
9660: 9584,9368,9444,9661,9767,10043
5497: 
9882: 9895,9840,10008,9745,2364
5480: 5676,5578
9637: 2305,794,9382,9255,9251,9415
2459: 2643,2552,2362,2551,9554,9389
8265: 7870
1917: 
9352: 4641,9408,9412,10013,9573,9482
6984: 9400,6009,9666,9849,9648,9785
6326: 6421,5920
1921: 1833
9954: 2098,9451
8044: 8821,9581,8199
9346: 9484,9376,9390,8333,9436
9928: 9733,10024,9729,9486,9484,9390
9911: 9896,10020,9644,9401,9979,6011
9969: 9698,9440,9883,9807,834,1295
4809: 4606,4605,4703,5010,4710
5792: 6280,5891
6978: 7163
1931: 1497
9849: 9861,9726,9666,6984,9648,9701
9654: 2752,9841
4320: 9269,4323,3412,3810,4218,3907
2822: 3701,3502,9409,9397,3210,3504
4917: 5010,4710,5113,4811,4929,5215
9982: 8373,8710,9317,9556,9571,10003
9853: 9441,9657,9698,9804
5200: 5201,5300
3635: 4030,9876,3820,4332,3733,9927
4606: 4611,4809,4405,4504,4605
4450: 4559,4458,4347,4448,4146
5452: 5250
7340: 7929,8170
9112: 8627
4083: 3982,3983
5475: 4969,4871,4978,4876,5274,5574
9038: 9242,8885,9194,8989,8990,9239
2744: 2928,3025,2649,9913,2743,2742
1950: 2037,1861,1594,2133,1951,2036
1951: 2133,1436,1428,1864,1861,1950
5746: 5942
8676: 8675,8677
9845: 9862,9286,9411,9970,9479,9532
9722: 9715,9903,9708,9813,9296,9335
9312: 9951,9733,9413,9694,9886
4955: 4858,4855,4849,4642,4650,4757
3226: 3628,3727,9790,9816
6483: 6672,6767,6481,6387,7050,6196
3990: 3991
6062: 4880,5478,4979,5177,6631,5870
7314: 8579,7743,7742,6768,8770,8064
3480: 502
8222: 8579,7743,8296,7318,8513,7494
9534: 9289,9486,8186,8032,9390,9436
4307: 4104,4514,4616,4521,4525,4626
8236: 6583,7142,6389,7836,7668,9260
5705: 5904,6007
3772: 3774,3874,3771,9261,3674
8620: 
5424: 5129
8683: 8805,9983,8801,8861,8619
1973: 2524,2244,2336
9679: 9704,9796,9697,9304,3321,2836
5395: 5295,5495
2524: 1973,2336,2808
5426: 5328,6219
1978: 2341,2909
3795: 3400
4168: 4068,4266,4269,4271,4169
7579: 8075,9284,7909,8383,8150,7911
6709: 6517,9855
9626: 10040,368,9580,9369,750,616
1984: 1894,1387
4937: 9877,4525,4529,4626,4823
9675: 9510,9822,2770,10010,9659,9810
1987: 1991,2253,1225,1071,9902
9492: 9581,9881
4458: 4559,4263,4347,4450,4462,4463
8046: 9634,9892,9625,8126,7885,7965
1991: 1987,2253,2165,2538,2721
9401: 9668,9644,9911,9979
9260: 9419,9628,8236,7836,9623,8076,7668
9885: 9846,8358,8632,9303,9754,9449
1995: 9745,1392,1557
1996: 2272,2271
9388: 9488,9365,9321,9514,9557,10002
4661: 4660,4655,4559,4462,4665
3733: 10038,9966,4332,3731,3635,9927
9605: 9479,9595,9541,2772,2866,2390
2896: 3185,2240,2678,3470,3471,3578
2002: 2090
8667: 8242,8318
9426: 8262,9836,9376,9413,9886,9702
7095: 6265,6645,6639,7532,9458,6916
6848: 6376,7300,6278,6280,6375,7123
5973: 5776,5975,6072,6163,5873,6071
3656: 3262,3755,3850,9609,9582,9597
4501: 4298,4399,4504,4603,4605
9453: 9852,9622,9303,9477,9290,9509
9487: 9869,9806,9974,9565,9329,9837
9837: 9950,9487,9974,9329
8056: 8498,8211,7733,8499,9079,8058
9280: 9877,4716,4823,4826,9602,9266
2015: 2199,2293,2198
8483: 7958
4134: 
5613: 5403,5304,5509,9764,5508,5408
9328: 9262,9935,9825,9814
4301: 4405,4306,4514
2021: 1747,9669,2395,9737,2305,2212,2492
2022: 2578
6416: 6118,9784,6421
2024: 9665,9283,3255,3947
9753: 10031,9714,9779,5904,5804,9768
2666: 9965,9542,2585,1747,2111,9361
10017: 9985,9871,9808,9574
3434: 3533
9498: 9513,9599,9522,4444,9538
2030: 2689,2586,1676,2033,2212,794
9354: 9458,9550,9402,9310,9643,9499
2571: 2196,2476
2033: 2403,1592,1506,1676,2030,2689
7520: 7080
8701: 9237,9120,9640,9292,9919,9889
2036: 2403,1592,1594,1950,2133,1855
2037: 1861,1594,1950,1512,1178,872
4548: 4650,4757,4448,4444,4655
9766: 9978,9927,9876,9921
8426: 8688,9681,9716,9653
3928: 3526,3818,9713,3727,9957,3731,3722
9905: 9606,9937,9780,2362
2770: 9675,9510,9286,9532,9659,10033
2044: 1198,9295,2224,2135,2225,1527
9595: 9479,9605,9532,10033,2866,9619
6420: 5920
2047: 1782,1527,2136,2225,2411,2600
7010: 7198,9465,9993,7014,7195
9568: 9391,9349,8033,8042,7965,9423
2738: 9624,2733,1075,1473,2554,9491
9582: 9375,9597,3755,3656,9591,10032
5138: 4929,4826,9602,5121,5031,9454
10019: 9667,9561,9508,9848,9710,9936
5287: 5683,5186,5680
9687: 7542,9314,9783,9953,7617,9472
8210: 8498,8211,8358,7478,8632,8636
2057: 9611,2893,2512,1881,9428,2609
6639: 6265,7095,6072,6163,6358,7532
6871: 10009,7145,6585,8386,8526,6964
8338: 8479,8737,8540
9973: 9823,9728
9804: 9337,9590,9853,9441,9698,9440
9698: 9969,9440,9883,9657,9853,9804
9793: 9782,9383,9326,9907
7682: 
5891: 6280,5792,6376
7739: 7311,7742,7903,6671,7570,7821
7780: 
7880: 8119
8982: 8976,9235
8949: 8950,9046
2072: 1892,9818,1387,9940,9316
3982: 4083,3983
9807: 9385,834,9969,9900,1295
9194: 9037,8987,9219,8989,9239,9038
7821: 7570,7737,7901,7739,7903,7902
8496: 9971,9596,8636,8429,8694,8211
4986: 5581,5086,5084
2079: 9250,9902
9613: 9564,9610,9307,9420,9277,9618
8928: 9077,9235
9380: 9358,2165,9958,9298,9746,9577
9762: 10039,10003,9789,9752,9857,10030
2743: 9304,2742,3222,9913,2744
9406: 9512,9540,5775,5970,9967,6350
6749: 6927,7019,6931,6934,7119
7125: 7565,7564,6665,7389,6474
6140: 5455
9782: 9793,9460,10040,9907
2090: 2002,2272
6805: 6804
9903: 9715,9722,9902,1553,9708
4771: 4470,4773,4870,4269,4475
8805: 8683,8801,8917
7460: 7195,7198,7110,7289,7375
2096: 2188
9455: 5754,5466,9394,9578,9410,5564
2098: 9954,2188,2280,9451
3207: 3205,3204,1238,1732,3502,9409
9382: 794,9637,9500,9399,1676,9255
3340: 3145
9557: 9470,9316,10002,9365,9388,1225
9256: 3953,4155,9442,4343,9489,9462
2411: 2225,2311,2410,2047,2693,2600
7318: 7402,7581,7996,8222,7743,7494
2721: 2818,2538,9358,2165,1991
5765: 5564,5856,5961,9578,5663
9834: 9693,9947,9620,9375,9396
9758: 1782,1527,9295,9918,9663,2321
5750: 6041,9652
2111: 2685,2492,1747,2666,2585
9368: 9584,9497,9660,9971,9596,10043
9761: 9357,9342,9246,9709,9700
9069: 9024,8868,8812,8981
4867: 4865,4569,4470,4870,5064,4968
9933: 1529,9923,9547,1616,1044
8429: 8496,9971,8211,9930,8205,8499
9879: 9918,9414,9663,9946,1118,9962
2119: 1849,1421
6041: 5750,9652,9680,5848
9538: 9258,4642,9573,9498,9513,4650
7123: 9593,9915,6278,9379,6848,7300
10002: 9316,9557,9940,9321,9788,9388
9522: 4444,9799,9331,9498,9599
4880: 5180,5478,6062,4979
6349: 6347,5959,5856,5961,9362
9937: 9840,9780,9905
4285: 4284
7439: 
3741: 3743,2389
9960: 9894,9085,10005,9629,9664,9318
6337: 9872,6047,9658,5663,6244,6335
2133: 1436,1951,1867,1950,2036,1855,2135
7342: 7081
2135: 2224,1855,2133,1867,2044,1198
2136: 2047,1782,2511,2888,2509,2600
7117: 7560,7119,6934,6932,7026,8356
5672: 5274,5269,5572,6629,5965,5574
9728: 9656,9973,9769,9823
3421: 3628,3224
9411: 1756,9970,9845,9541,9351,9479
8981: 9069
9668: 9401,9784,9979,9726
5676: 5480,5581,5578,5774,5678,5970
2553: 2826,2649,9319
6767: 6483,6672,6671,6481,6480,6576
4725: 4719,4626,4716,4823,4616,4611
2148: 9403,9322,3184,3373,2240,2678
7911: 9448,8309,7579,8383,8150
5509: 5202,5201,9696,5613,5304,9764
2151: 2806,2902
9934: 9856,9843,9770,10004
2153: 2526,1542,1709
9445: 9611,9566,9315,2800,9322,9287
6219: 6323,5328,5426
2395: 2021,2212,2492
9665: 9415,2024,9874,9737,9899
9373: 9998,7152,6405,7858,9434,9447
4757: 4650,4548,4658,4655,4858,4955
8061: 7979,8058,8363,9081,9037,8987
9702: 9832,9886,9426,9836,9981,9587
7847: 8597,7675,7150,7505,7325,7757
5933: 5536
9555: 3262,9609,9579,9535,9351
2165: 2536,9380,9358,1991,2253,2721
9541: 9535,2772,9351,9411,9479,9605
4293: 4192,4393
9337: 9804,9590,9440,9366,9339,9553
9506: 3284,9330,3482,9570,9433
2170: 1238,9254,9481,2818,3205
2909: 1630,9865,1978
7791: 7279,7455
6731: 7360,6448,6823,9805,9773,9301
9688: 9423,9349,9916,9864
6421: 6326,5920,9583,6416
3284: 9506,502,3680
9384: 9575,9278,9511,5211,5413,9475
4387: 4287
4865: 4665,4569,4867,4660,5064,5163
5230: 5331
5640: 
4811: 4929,4826,4719,4716,4917,4710
8841: 8950,8838
9706: 1698,1706,9991,9515,9676
9832: 9694,9886,9702,9981
9841: 2752,9654,2658
9951: 9312,9733,10024
2188: 2096,2098,2280
2189: 2280,9451,2468
4322: 4521,4525,4529,9392,4427,9633
9727: 9939,9824,10039,9789
9638: 9308,9435,9377,9607,9529,9943
7770: 7932,7936
2194: 2286
9639: 9299,9627,9636
2196: 2476,2571
6983: 7073
2198: 2015,2293,2481
2199: 2015,1841,2293
9838: 9870,9994,10000,9689,9866
2201: 9671,9742,2584,2778,9965,2585
2844: 
6912: 
9757: 1630,9865,9818,9746,9958
9710: 9848,10019,9936,9695
9493: 9577,9358,9268,2818,1716
3643: 
8999: 9092
6797: 5009,5211,5207,9575
3991: 3990
9959: 9721,9751,9670,9459,9524
2212: 2305,794,2030,2586,2021,2395,2492
9598: 9383,9589,9275,9547,9923
3898: 3897,1732,3701,3502,3998
6520: 6804
6018: 5917,5421,5123
2333: 9553,100,3486,3485
3412: 3810,3805,3607,2540,3907,4320
4444: 4448,9522,9498,4548
3942: 3255,3444,10011,3451,9932
9315: 9431,9300,9445,9566,9287,9526
9463: 9659,10033,9398,9619,9608,9325
8064: 8770,8142,8292,7742,7903,7314
2224: 1855,2135,2044,2225,2410,2407
2225: 2411,2410,2224,2044,2047,1527
4580: 
9185: 9229
9423: 9587,9688,8033,9836,9568,9349
5207: 5104,6797,9860,9575
9364: 9608,9325,9261,3670,3771
2231: 1793,683,2234,1611,2416,2236,1622
5214: 5215,5413,5113,5009,5211
3670: 4073,3367,9608,9364,2776,3771
2234: 1793,2231,9439,9527,1622
8211: 8498,8210,8056,8496,8636,8429,8499
2236: 2610,2326,2512,2416,2231,1881,1622
9986: 9630,9747,9774,3458,4141,9572
5754: 9455,5466,9394,5361,5167,5070
9403: 9322,2148,9287,9313,2240,9502
2240: 3185,2896,2678,9403,2148,9502
9852: 9453,9622,9303,9915,9835,9754
7156: 7062
4697: 
2244: 1709,2526,1973,2336
5478: 5180,4880,6062,5281,5870,5578
4367: 4364,4566,4463,4565,4266,4164
9587: 9423,9702,9836,9981
6564: 5887,6084,9379,6847,6658,9588
6598: 6307,6695
9915: 9593,7123,7300,9852,9622,9835
2251: 9536,3200
5417: 5215,5121,5023,6508,5917
2253: 1987,1991,1225,9470,2536,2165
7176: 7179,7777
7937: 
6474: 7130,7569,6665,6284,7125
9416: 9565,9272,9329,9775,9345,700
9997: 9862,9286,9742,3073,2777,9510
9361: 9630,9747,1747,9669,2666,9542
9774: 9899,3458,9874,9986,9747
9278: 9511,9384,9475,9432,9685,9908
9262: 9328,9935,4232,4336,9569
7389: 6665,7563,9738,9846,7564,7125
9527: 9428,1622,2234,9439,9473,9324
9633: 9459,9483,4322,4529,9392,9670
9250: 9481,2538,2079,9902,9715,9279
8386: 7413,7673,6871,7145,8526,8081
9877: 4937,9280,9751,9266,9718
9661: 9019,9407,9444,9660,9767,9438
3153: 2761,3251
2271: 2272,1996
2272: 1996,2090,2271
9648: 9785,9701,9849,6984
2274: 2371
9446: 9537,9803,9338,155,251
3251: 3448,3153
9699: 9791,9657,9950,9775
4280: 