9266: 9348,9877,9602,9523,9280,9718,9454
9886: 9702,9832,9836,9694,9426,9312,9413
9339: 9337,9440,9553
9882: 10008,9895,9840,9745,9245
9378: 9456,9292,9277,9640,9545,9420
5: 
5727: 
2743: 
4811: 
3874: 
5975: 
8475: 
9376: 9484,9346,9413,9426
10012: 10031,10009,9880,9714
9954: 9451,9730
9562: 9249,9503,9429,9784
1556: 
9482: 9574,9408,9352,10013
10017: 9871,9985,9808,9574
10007: 
9833: 9783,9953
10011: 10036,9932,9891,9576,9925,9878
9394: 9410,9455,9533
2280: 
9092: 
9962: 9879,10026,9946,9663
7010: 
5215: 
9354: 9550,9458,9499,9643,9310,9402
4218: 
30: 
4867: 
6358: 
9848: 9710,10019,9884,9667
34: 
7009: 
9294: 9503,9454,9523,9480,10025,9703
9663: 9758,9918,9414,9879,9962
9392: 9633,9269,9483
8694: 
40: 
6085: 
9533: 9394,9410,9311,4164
9362: 9529,9377,10042,9476,9244,9398
9782: 9793,9907,10040,9460,9446,9338
9265: 9306,9305,9909,9968,9549
9317: 9297,9556,9571,9982
8878: 
6884: 
7345: 
2600: 
9633: 9392,9483,9459,9670,9280
9280: 9266,9602,9877,9633,9670
6347: 
9645: 9717,9709,9335,9813
4168: 
56: 
7033: 
4322: 
9469: 9309,9417,9494,9801,9908,9847
6767: 
9945: 9826
9779: 9977,10031,9753,9627,9880
9914: 9906,10016,9685,9847,9896,9341
9851: 
9943: 9805,9647,9529,9638,9435,9650,9920
4893: 
8150: 
5475: 
9855: 
7564: 
9829: 9798,9707,9655,9760,9736,9769
9434: 9447,9373,9651,9711
73: 
9709: 9761,9700,9717,9246,9645,9335
2135: 
5509: 9860
4979: 
9325: 9398,9364,9261,9476,9463,9608
9854: 9691,9889,9787,9767,9926,9438,9800
6658: 
7870: 
9398: 9476,9325,9463,9244,9810,9659,9362
9765: 9677
9699: 9950,9775,9791,9345,9657,9883,9329
9629: 9600,9297,9556,9894,9960,10005
6244: 9404,9909
9510: 9286,9532,9997,9675,9862,9822,9662
9814: 9955,9922,9935,9328,9825,9897
5640: 
7355: 
9691: 9854,9889,9787,9800,9292,9545,9450
9922: 9955,9814,9825,9876,9897,9921
93: 
9617: 9448,9334,9938,9795,10029
7318: 
9880: 10009,9977,10031,10012,9517,9779
9698: 9804,9969,9440,9853,9883,9657
9787: 9800,9892,9691,9854,9438,9634
3321: 
2523: 
9738: 9885,9754,9846,9835
7979: 
9907: 9793,9782,10040,9326,9383,9273
9754: 9738,9885,9303,9835,9852,9846
9819: 9972,9878,9748,9500,9399
6517: 
9565: 9416,9272,9515,9487,9329,9806,9775
9918: 9528,9414,9758,9663,9295,9879
9788: 9940,10002,9321
4393: 
9426: 9312,9413,9376,9836,9886,9702
9722: 9708,9813,9715,9296,9335,9903,9720
5400: 
3982: 
9761: 9709,9700,9246,9342,9357
9852: 9835,9915,9303,9622,9453,9754
8189: 
9858: 9827,9811,9794,9996
1861: 
9724: 9696,9860,9601,9309,9764,9801
10010: 9810,9244,10001,9822,9675,9659,9322
9609: 9579,9572,9555,9327
8119: 
9405: 9612,9551,9748,9257,9682
9878: 9819,9972,9500,9255,9925,9576,10011
4485: 
127: 
1494: 
9964: 9873,9872,9776
6437: 
9838: 9994,9870,9689,10000,9866
9899: 9774,9874,9665,9374,9425
9982: 10003,9752,9571,9317,9556
4463: 
2333: 9430
1729: 
9245: 9635,9363,9552,9895,9882
9467: 9478,9290,9477
9974: 9869,9837,9487,9933
9868: 4941
141: 
7181: 
9572: 9327,9630,9579,9986,9609
5564: 
1793: 
3119: 
3540: 
9431: 9288,9464,9324,9566,9300,9315
149: 
5870: 9433
3121: 
9407: 9444,9438,9661,9892
5578: 
9401: 9911,9979,9668,9644,9726
155: 
156: 
9708: 9722,9903,9813,9715,9720
9644: 9911,9341,9896,9401,10020
9382: 9399,9500,9255,9637
9246: 9335,9296,9761,9709,9443,9342
9985: 9820,9871,10017,10018,9755,9632,9808
9957: 10041,9990,9713,10038
163: 
10002: 9321,9316,9557,9788,9940,9388,9818
9606: 9267,9389,9905,9780,9961
5920: 
2858: 
8192: 
9983: 
7934: 
9485: 9759,9796,9697,9585,9333,9924
9324: 9473,9527,9428,9566,9464,9431
9319: 9333,9585,9624,9913,9720
9446: 9338,9537,9803,9263,9460,9782
3607: 
2194: 
9413: 9312,9426,9376,9484,9733,9886
9843: 9934,9856,9281,9586,9770,9956
9523: 9454,9602,9294,9266,9348,9703
9736: 9829,9760,9769,9823,9270,9821
9648: 9849,9701,9666,9785,9400,9518
5084: 
3504: 
5041: 
9253: 9631,9274,9299,9636,9517
9581: 9492,9881,9653,9844
2236: 
9259: 9430,9553,9366
9895: 9780,9840,9882,9245,9635
8264: 
9367: 9311,9539,9490,9578,9410
9258: 9538,9498,9573,9513,9412,9723
9299: 9274,9639,9253,9636
9893: 9692,9786,9336,9437,9592
9433: 9506,9330,9313,9502,2148,5870
1950: 
9450: 9545,9976,9828,9739,9800,9691
9741: 
1512: 
9700: 9717,9761,9709
9650: 9773,9920,9943,9805,9647,9839
4941: 9868
9669: 9747,9874,9737,9361,9774
3731: 
9976: 9450,9739,9800,9634,9641,9625
2148: 9433,9506
9662: 9822,10001,9997,9510,9611,9428
1594: 
2778: 
9870: 9838,9994,9947,9693
9815: 9771,10041,9990
9586: 9281,9956,9856,9674,9843
6071: 
10000: 9689,9797,9422,9462,9994,9838
7080: 
9849: 9701,9648,9861,9726,9666,9979
217: 
9941: 9658,9901,10035,9792,9873,9992
9908: 9847,9685,9278,9469,9309,9511
9920: 9773,9650,9839,10042,9529,9943
9569: 9328,9262,9734
9544: 9386,9359,9952,9778,10022,7847
7901: 
9529: 9362,9377,9638,9943,9920,10042
7292: 
9656: 9769,9728,9798,9781
9681: 9844,9984,9739,9828,9653
7494: 
6375: 9475
8904: 
9716: 9381,9653,9864,9995,9916,9881
9470: 9316,9557,9902,9365,9358
9515: 9272,9565,9806,9991,9706
5064: 
9677: 9765
9769: 9728,9823,9656,9736,9798,9829
237: 
9261: 9364,9325,9476,3771,9603
9248: 9590,9441,9430,9366,9536,9298,9268
9970: 9671,9862,9845,10023,9411,9351,9579
9965: 10023,9671,9742,9542,9361
9667: 9603,9301,9561,9884,10019,9848
9461: 9263,9393,9496,9642,9803,10037
9593: 9379,9622,9588,9252,9915
245: 
9373: 9434,9447,9998,9452,9678,9711
9723: 9646,9412,9258,9513
9570: 9370,9526,9330,9506,9900
9594: 9519,9340,9750,9293
9637: 9251,9255,9382,9415,9283
2305: 
9971: 10043,9930,9596,9368
9575: 9511,9601,9384,9860
9830: 9956,9674,9276,9270,9719
9445: 9322,9611,9315,9287,9566,10001
9673: 9811,9863,9672,9794
9612: 9551,9257,9405,10004,9770
9516: 9520,9713,9990,9771
10035: 9901,9941,9992,9867,9305,9471
7899: 
9406: 9512,9967,9540,5587
9824: 9727,10039,10005,9571,9664
10006: 9776,9792,9817,9975,9992
9822: 9662,10001,10010,9810,9675,9510,9611
3778: 
9917: 9988,9938,9334,9353
2391: 
9832: 9886,9702,9694,9981
9257: 9551,9612,9281,9770,9405
7721: 
5856: 
9582: 9375,10032,9591,9396,9597
8020: 
274: 
275: 
2476: 
9418: 9424,9621,9912,9772
9486: 9534,9289,9390,9928,9705,9729
8046: 
7836: 
9592: 9353,9356,9437,9336,9334,9893
2585: 
1630: 
9969: 9698,9440,9883,9853,9807,9900
9546: 9560,9567,9564,9610,9827,9749
9909: 9968,9549,9755,9404,9265,6244
9793: 9907,9782,9383,9326,9338
9481: 9279,9254,9250,2822
10037: 9781,9798,9655,9496,9803,9461
9494: 9417,9469,9684,9847,10016
291: 
3786: 
3907: 
3983: 
9979: 9726,9668,9911,9401,9666,10020,9849
5965: 
7117: 
9473: 9324,9527,9439,9468,9464,9676
299: 
1892: 
9686: 9618,9277,9456,9984
9801: 9309,9469,9417,9724,9764
10029: 9795,9740,9617,9938,9395,9988
3372: 
9755: 10018,9549,9632,9909,9404,9985
8296: 
9682: 9949,9888,9925,9972,9748,9405
9772: 9424,9620,9332,9418,9374,9621
309: 
9836: 9886,9702,9587,9426,9423,9981
9585: 9333,9319,9913,9697,9485
9542: 9327,9630,9361,9965,10023
5754: 
9500: 9399,9382,9255,9878,9819,9972
9733: 10024,9951,9413,9312,9484,9928
316: 
9888: 9931,9949,9682,9925,9891
9291: 9530,9363,9635,9264,9812,9980
4068: 
3860: 
10025: 9711,9703,9480,9678,9294
9916: 9995,9864,9716,9688
6155: 
9428: 9527,9611,9324,9566,9662
8609: 
9503: 9294,9562,9429,9480,9454
9411: 9351,9541,9605,9845,9479,9970,9535
9714: 9768,9753,10031,10012
9597: 9396,9425,9582,9375
9580: 9460,9393,9323,9369,10040,9626
9873: 9964,9792,9776,9872,9658,9941
9599: 9522,9513,9799,9887,9646,9498
9803: 9537,10037,9446,9781,9496,9461,9263
334: 
9327: 9630,9542,9572,9579,10023,9609
336: 
3998: 
5413: 
9753: 9768,9714,10031,9779,9684
4826: 
2699: 
3294: 
2024: 
344: 
8426: 
7340: 
9926: 9919,10043,9930,9767,9854,9889
9826: 9945
3207: 
9912: 9621,9744,9418,9756
6731: 
10024: 9733,9951,9472,9928,9729
3345: 
9316: 9470,9557,10002,9940,9818,9388
10003: 9982,9752,9762,9571,10039
9697: 9679,9796,9304,9485,9913,9585
6420: 
7581: 
359: 
9891: 10011,10036,9932,9925,9888,9931
4486: 
2906: 
9757: 9746,9958,9818,9865,9657,4287,9950
9911: 9644,9401,9979,10020,9896
9987: 
9821: 9270,9719,9736,9823
6849: 
9689: 10000,9797,9799,9887,9838,9866
3850: 
9628: 9623,9616,9271,9260,9419,9904
6140: 
1666: 
9701: 9849,9648,9861,9785,9400,9583
9671: 9862,9970,9742,10023,9965,9845
9748: 9819,9972,9405,9682
376: 
9499: 9465,9402,9354,9550
9584: 9563,9444,9660,9497,9368,9449,7973,9509
9329: 9487,9837,9416,9565,9950,9775,9699
9476: 9398,9261,9325,9244,9362,10042,3771
9929: 9718,9721,9348
9463: 9398,9325,9608,9619,10033,9659
9813: 9720,9722,9708,9335,9645
384: 
9271: 9616,9628,9344,9904,9875
9984: 9844,9681,9828,9456,9686,9545
387: 
9608: 9619,9364,9463,9325
9391: 9349,9625,9381,9641,9568,9864
8879: 
9454: 9602,9523,9294,9503,9266
1867: 
9379: 9593,9588
394: 
9616: 9623,9271,9628,9631
9668: 9784,9726,9979,9401
397: 
7723: 
2364: 
6696: 
9444: 9407,9563,9584,9660,9661,7973
9194: 
9145: 
9311: 9367,9539,9578,9410,9533
9242: 9615
9540: 9435,9543,9512,9967,9647,9406
3485: 
9331: 9489,9462,9522,9797,9799
9638: 9435,9607,9377,9308,9529,9943
9752: 9762,10003,9982,9857
411: 
9488: 9514,9264,9365,9388,9495,9530,9557
7123: 
3953: 
9397: 9357,9342,9320,9409
4771: 
9081: 
9640: 9292,9378,9277,9420
9900: 9807,9385,9370,9570,9969
9679: 9697,9304,9796,9704,3612
9038: 
9847: 9908,9685,9914,10016,9469,9494
8868: 
424: 
7821: 
9247: 9295,9528,9372,9427
2538: 9493
9968: 9909,9549,9306,9265
2271: 
7811: 
9255: 9251,9637,9382,9500,9878,9576
9877: 9266,9348,9718,9751,9670,9280,9602
10026: 9962,9946,9676,9369,9439
3820: 
9539: 9490,9367,9311
9309: 9601,9469,9801,9724,9908,9511
9551: 9612,9257,9405
8885: 
8513: 
9797: 10000,9689,9799,9331,9462,9489
9693: 9947,9834,9870
442: 
6520: 
10008: 9882,9745,9840,9937,9948
5801: 
3743: 
9784: 9668,9726,9861,9249,9583,9562
9942: 9651,9963,9531,9457,9447,9998
449: 
6018: 
9448: 9617,9334,9356,9938
7958: 
9371: 9642,9427,9421,9372,9496
9973: 9823,9728
5792: 
456: 
9988: 9917,9938,9395,10029,9712
9666: 9979,9726,9648,9849,10020
7609: 
9938: 9334,9617,9917,9988,10029,9448
9365: 9495,9388,9488,9557,9470
5129: 
9300: 9385,9288,9431,9370,9526,9315
8991: 
7737: 
466: 
9665: 9874,9737,9899,9415,9283,9374
9166: 
9432: 9341,9278,9685,9475
9615: 9567,9548,9749,9863,9242
9670: 9877,9751,9959,9459,9633,9280
6335: 
9850: 9732
9995: 9916,9881,9716,9653,9864
475: 
9171: 
9809: 9923,9933,9589,9273,9869
2133: 
9414: 9918,9663,9879,9528,9427,9393,9323
480: 
9496: 9421,9655,10037,9803,9642,9461,9371
9466: 9525,9559,9457,9735
9840: 9895,9780,9937,9882,10008
9711: 9703,10025,9678,9373,9434
9717: 9700,9709,9645
1622: 
8770: 
9550: 9458,9354,9499
4287: 9757,9865,9950
4498: 
9079: 
492: 
8599: 
9037: 
1529: 
3940: 
5395: 
5942: 
1709: 
9524: 9459,9282,9734,9959
9739: 9828,9450,9976,9681,9641
5876: 
9359: 9505,9544,9386,9712,9395
8737: 
8627: 
9785: 9531,9400,9648,9701,9998,9583,9452
6585: 
9427: 9371,9642,9372,9528,9414,9247,9295
7259: 
4134: 
9632: 9350,9604,9404,9755,9808,9985
7880: 
513: 
1849: 
9531: 9400,9785,9457,9559,9942,9998
9603: 9301,9667,9884,9773,9839,3771,9261
2822: 9481
9416: 9272,9565,9329,9775,9345
9684: 9417,9494,9753
9652: 9680
6041: 
9436: 9390,9534,9346
2407: 
9823: 9973,9728,9769,9736,9821
9318: 9558,9501,9960,9664,9894
9286: 9510,9532,9479,9845,9862,9997
9564: 9504,9560,9613,9307,9610,9546
9621: 9418,9756,9744,9912,9424,9772
9903: 9902,9715,9708,9722,9250
6916: 
9474: 9948,9745
9871: 9820,10017,9985,10018
9310: 9508,9458,9643,9354
1419: 
535: 
3903: 
537: 
9545: 9456,9450,9828,9378,9292,9984,9691
9393: 9580,9460,9263,9323,9461,9414
9273: 9326,9589,9809,9907
7563: 
9703: 9711,10025,9348,9523,9294
9283: 9415,9576,9251,9665,9637,9737
9278: 9685,9908,9432,9341,9511,9475,9384
9507: 9558,9387,9548,9802,9672
3205: 
5455: 
5572: 
9464: 9288,9431,9473,9324,9468
8995: 
9905: 9780,9937,9606,9267
9293: 9750,9594,9692,9786
10014: 
9518: 9559,9525,9400,9648
9425: 9396,9597,9332,9374,9899
9479: 9595,9532,9605,9286,9845,9411,9541
4146: 
9825: 9922,9814,10028,9897,9328
9267: 9389,9606,9961,10021,9905
4590: 
561: 
9756: 9744,9621,9932,10036,9912
9614: 9471,9306,9343
9883: 9853,9657,9969,9698,9345,9791,9807,9699
4448: 
9879: 9962,9946,9663,9414,9918,9323
9396: 9425,9597,9332,9620,9375,9582,9834
1446: 
7195: 
2468: 
9404: 9350,9632,9755,9909,6244
2721: 
9275: 9598,9547,9923
7973: 9449,9563,9584,9444,9509
10015: 9347,9314,9783,9725,9975,9687
10034: 9695,9936,9944,9402,9465,9643,9690
9844: 9984,9681,9828,9581,9653
4004: 
9459: 9483,9633,9524,9282,9670,9959
9687: 9953,9783,9314,9472,10015
9563: 9444,9584,7973,9477,9509
9659: 10033,9675,9810,9463,9398,9532,10010,9244
9953: 9687,9783,9833,9472
1873: 
7014: 
9977: 10031,9779,9880,9636,9627
9898: 10016,9906,9768
588: 
9773: 9920,9650,9805,9839,9603,9301
5332: 
9657: 9853,9883,9698,9791,9699,9746,9757,9950
9618: 9613,9420,9610,9277,9686
9767: 9660,9661,9926,10043,9854,9438
9672: 9863,9507,9548,9673,9802
9904: 9649,9875,9419,9284,9628,9271
596: 
7761: 
9308: 9543,9435,9607,9638
8318: 
4837: 
9281: 9586,9257,9770,9843
9676: 9468,9991,9439,9706,10026,9473
9298: 9536,9577,9380,9746,9248,9958,9441
6671: 
5755: 
9377: 9607,9638,9529,9362,9244
4710: 
9409: 9320,9397,9254,4605
9955: 9922,9814,9935,9876
9750: 9293,9594,9340,9692
9740: 9344,9395,9875,9795,10029,9505
1571: 
9251: 9637,9255,9415,9283,9576
614: 
9718: 9877,9348,9751,9721,9929,9266
616: 
9579: 9572,9327,9609,9555,9351,9535,9970,10023
9287: 9322,9313,9502,9403,9315,9445,9526
9653: 9881,9716,9581,9995,9844,9681
9605: 9595,9479,9411,9541
9422: 9442,9462,9591,10000,10032,9994
2685: 
9386: 9544,9359,9712,9778,9952
9288: 9431,9464,9300,9385
3835: 
9867: 9992,10035,9471,9343
9861: 9726,9784,9849,9701,9583,9249
3795: 
8596: 
630: 
3502: 
7641: 
9358: 9577,9493,9380,9470,9902
634: 
2666: 
3037: 
5466: 
2231: 
9297: 9600,9629,9317,9556
6823: 
9388: 9365,9557,9488,9514,9321,10002,9316
9636: 9627,9639,9299,9253,9977
9696: 9724,9860,9764
9429: 9480,9360,9249,9562,9503
645: 
2928: 
7770: 
5051: 
9967: 9805,9647,9540,9406
9894: 9629,9600,9960,9318,9501
9342: 9357,9320,9397,9761,9246,9443
2761: 
9948: 9474,9745,10008
4331: 
9816: 9924,9731,9759,9790,10021,9520
7936: 
9333: 9319,9585,9491,9624,9485,9924
4073: 
9509: 9453,9477,9303,9449,9563,7973,9584
2658: 
5426: 
6537: 
9526: 9370,9570,9330,9313,9315,9300,9287
664: 
9559: 9525,9466,9457,9518,9400,9531
9372: 9247,9528,9427,9371
9370: 9526,9570,9300,9385,9330,9900
4757: 
9623: 9616,9628,9260,9631,9274
4164: 9533
9818: 9958,9757,9865,9940,9316,9380,10002
9260: 9628,9623,9419
9758: 9663,9918,9295
1583: 
7439: 
9989: 9993,9347,9763,9314,9705,9289
9502: 9403,9313,9287,9433
9642: 9371,9427,9421,9496,9461,9528
2733: 
9285: 9340,9519,9939,10030,9789
9506: 9330,9433,9570,2148
9480: 9429,9360,9678,10025,9294,9503
683: 
3712: 
9924: 9816,9731,9859,9491,9759,9485,9333
3491: 
687: 
9491: 9624,9333,9924,9859,9554
9560: 9546,9504,9564,9567
9661: 9660,9444,9407,9438,9767
9256: 9489,9462,9442
9770: 10004,9612,9257,9281,9843,9934
4139: 9555
9384: 9475,9511,9575,9278
9771: 10041,9990,9815,9516,9713
9786: 9692,9893,9293
2554: 
698: 
7742: 
700: 
9651: 9942,9831,9963,9447,9434
9695: 10034,9936,9944,9690,9710
9925: 9972,9878,9682,9888,10011,9891
9290: 9477,9467,9478,9622,9252,9453
2196: 
9244: 9810,9398,9476,10010,9362,9377,9659
707: 
9952: 10022,9778,9735,9386,9544,7417
709: 
2580: 
9869: 9806,9487,9974,9809,9933
9513: 9258,9498,9522,9599,9723,9646,9538
9315: 9313,9287,9445,9526,9300,9566,9431
10013: 9352,9412,9482,9573
2772: 
2866: 
2509: 
9576: 9283,9251,9255,9878,10011,9932
9440: 9337,9339,9969,9698,9804
9889: 9691,9854,9919,9926,9292
9340: 9285,9519,9594,9750,10030
722: 
723: 
3783: 
8081: 
9173: 
6348: 
2293: 
2953: 
9350: 9404,9604,9632
731: 
3517: 
9896: 9906,9914,10020,9644,9341,9911
10022: 9952,9778,9735,9831,9963,9544
3098: 
9272: 9416,9515,9565,9991,9468,9706
9735: 10022,9952,9466,9457,9963
9430: 9259,9366,9248,9590,9536,9268,2333
9863: 9749,9672,9615,9548,9673,9811
9337: 9339,9553,9440,9366,9590,9804
9219: 
6724: 
5328: 
9435: 9540,9543,9308,9638,9647,9943
7191: 
5478: 
6405: 
9622: 9453,9252,9290,9593,9915,9852
10019: 9848,9710,9884,9667,9561,9936,9508
2002: 
9465: 9499,9402,9993,9944,10034
7360: 
8309: 
9804: 9698,9440,9337,9590,9441,9853
9906: 9914,10016,9898,9896,10020
9356: 9353,9334,9592,9448,9336
9347: 9314,9989,9763,10015,9725
1553: 
9399: 9500,9382,9819
760: 
1820: 
9574: 9408,9302,9482,9808,10017
9992: 9867,10035,9941,9792,10006
9743: 9812,9980,9514,9321
9783: 9953,9687,9833,9314,10015,9975
9910: 
9706: 9991,9676,9515,9272,9626
9664: 10005,9960,9318,9824
4697: 
6665: 
6385: 
9390: 9436,9534,9346,9484,9486,9928
9304: 9679,9697,9913,3025
9806: 9869,9487,9565,9515
9348: 9266,9877,9718,9523,9929,9703
4823: 
2198: 
7818: 
9417: 9494,9469,9801,9684
9959: 9721,9751,9670,9459,9524
6804: 
9423: 9568,9349,9688,9587,9836
9655: 10037,9798,9496,9421,9707,9829
9781: 9798,10037,9803,9537,9656
9412: 9573,9258,9352,10013,9723
9639: 9299,9636,9627
9859: 9731,9961,9554,9924,9491,9389
8395: 
9795: 10029,9649,9875,9740,9617
9817: 9725,9975,10006,9776,9792
9936: 10034,9695,9710,9643,9508,10019
792: 
9705: 9729,9486,9289,9314,9989,9534
8346: 
7617: 
9306: 9265,9305,9471,9614,9968
9620: 9375,9332,9396,9772,9834
6376: 
10021: 9267,9961,9731,9816,9520
8485: 
801: 
9383: 9589,9326,9793,9598,9907
8273: 
5574: 
2536: 
9913: 9585,9319,9304,9697
9268: 9493,9577,9536,9430,9248
4293: 
6389: 
9363: 9245,9635,9291,9552,9980,9812
9674: 9956,9830,9276,9586
4626: 
9284: 9419,9649,9904
9730: 9954,9451
9553: 9366,9259,9337,9339
7265: 
8376: 
3810: 
9937: 9840,9780,9905,10008
1617: 
9798: 9781,10037,9655,9829,9769,9656
8695: 
9725: 9817,9975,10015,9347
3255: 
8970: 
5587: 9406
8972: 
8372: 
9487: 9329,9837,9565,9806,9869,9974
9972: 9819,9878,9748,9925,9500,9682
6093: 
9336: 9437,9592,9893,9692,9356
9820: 9871,9985,10018
834: 9385
7146: 
9400: 9531,9518,9559,9785,9648,9701
7300: 
9625: 9641,9568,9391,9634,9976
2968: 
840: 
9389: 9267,9606,9554,9961,9859
9897: 10028,9890,9825,9922,9921,9814
2806: 
9305: 9471,9306,9265,9901,10035
9501: 9387,9558,9318,9894,9600
6508: 
8205: 
848: 
5408: 
1497: 
9810: 10010,9244,9398,9659,9822,9675,9322
7646: 
3559: 
5256: 
7248: 
6531: 
9947: 9693,9834,9870,9994,9375,10032
7847: 9544
10030: 9789,9857,9762,9340,9285
6118: 
861: 
4057: 
9387: 9501,9548,9558,9507
864: 
8962: 
9528: 9295,9247,9372,9918,9414,9427,9642
9375: 9582,10032,9620,9396,9834,9947,9597
9282: 9524,9483,9459,9521,9734
10041: 9771,9990,9957,9815,10038
9442: 9422,9462,9256,9591
9049: 
7865: 
6349: 
874: 
9270: 9276,9830,9821,9719,9760,9736
9747: 9669,9874,9774,9986,9630,9361
9940: 9788,10002,9316,9818,9865
9019: 
4330: 
9719: 9821,9270,9830,9276
1727: 
7555: 
9591: 9582,10032,9422,9442
9520: 9516,9713,10021,9816
9262: 9569,9328,9935,9734,9521
886: 
9710: 9848,10019,9936,9695
888: 
9647: 9805,9967,9435,9540,9943,9650
9732: 9850
9707: 9760,9829,9655,9421
9837: 9487,9329,9950,9974
9598: 9547,9275,9923,9383,9589
3615: 
9504: 9564,9560,9307
5775: 
9558: 9507,9387,9318,9501,9802
9999: 10027,9866
9841: 9654
9831: 9651,9963,10022,9778
9419: 9284,9260,9628,9904
9688: 9864,9349,9423,9916,9587
5970: 
8631: 
10027: 9866,9999,9887,9646
6204: 
9335: 9246,9296,9709,9645,9813,9722
9471: 9305,9306,9614,9343,9867,10035
9472: 9729,10024,9687,9953
910: 
9835: 9852,9915,9754,9738
9993: 9989,9465,9944,9763,9289
9856: 9843,9934,9586,9956
9808: 9302,9574,9604,10017,9632,9985
9604: 9350,9632,9302,9808
9538: 9258,9573,9498,9513
9264: 9488,9514,9291,9530,9812,9495
4937: 
9126: 
4719: 
9567: 9615,9546,9749,9560
4616: 
9827: 9610,9546,9749,9858,9811
1619: 
9351: 9411,9535,9541,9555,9970,9579,9845
10040: 9460,9580,9626,9782,9907
927: 
9403: 9502,9322,9287,9313
3777: 
9796: 9679,9697,9485,9759,9790,9704
9789: 9939,9727,10039,10030,9762,9285
9530: 9495,9635,9291,9488,9264,9554
9764: 9724,9696,9801
5931: 
9950: 9699,9775,9837,9329,9657,4287,9757
2189: 
9611: 9445,9428,9566,10001,9662,9822
9477: 9290,9467,9453,9509,9563
9921: 9890,9897,9922,9876,9766
2526: 
3991: 
3027: 
943: 
944: 
5995: 
4858: 
7383: 
3251: 
9981: 9832,9702,9587,9836
9368: 9497,9596,9660,9584,10043,9971
9439: 9527,9468,9473,9676,9991,10026
9715: 9902,9903,9708,9722,9296,9250,9279
4155: 
9552: 9363,9245,9980
5633: 
8499: 
6323: 
7992: 
959: 
6460: 
9250: 9279,9481,9715,9902,9903
9923: 9809,9933,9589,9598,9547,9275
4271: 
9269: 9392,9521,9483
965: 
9794: 9811,9673,9858,9996
8044: 
9902: 9903,9715,9250,9470,9358
9812: 9743,9980,9264,9291,9514,9363
9745: 10008,9882,9948,9474
3674: 
972: 
973: 
9249: 9562,9583,9360,9429,9784,9861
9800: 9787,9892,9634,9691,9976,9450,9854
9364: 9608,9261,9325
8867: 
978: 
9374: 9332,9425,9772,9424,9899,9665
9568: 9423,9625,9391,9349
9876: 9927,9766,9955,9922,9921
9483: 9459,9633,9392,9282,9269,9521
9421: 9496,9371,9642,9655,9707
9720: 9813,9708,9319,9624,9722
9790: 9704,9759,9796,9816
9366: 9553,9259,9430,9590,9248,9337
9930: 9971,10043,9926,9919
9332: 9374,9396,9425,9620,9772,9424
9845: 9286,9479,9970,9862,9411,9671,9532,9351
10009: 9880,10012,9517
8807: 
4950: 
9451: 9954,9730
9573: 9538,9258,9412,9352,10013
7765: 
9578: 9455,9410,9311,9367,9490,9872
9381: 9349,9391,9716,9641,9864
9460: 9580,9393,9263,10040,9782,9446
6749: 
9495: 9365,9530,9488,9264
9630: 9327,9542,9572,9361,9986,9747
9547: 9598,9275,9933,9923
9536: 9298,9577,9268,9430,9248,9380,9493
9320: 9409,9342,9397,9254,9279,9443
9728: 9769,9973,9823,9656
1006: 
9557: 9470,9316,9388,9321,10002,9365,9488
10016: 9898,9914,9906,9847,9494
7719: 
9792: 9776,9873,10006,9658,9941,9992,9817
9749: 9863,9615,9567,9827,9546,9811
7570: 
7988: 
9762: 9752,10003,9857,10039,9789,10030
4232: 
6583: 
9039: 
9872: 9964,9873,9658,9490,9578
1019: 
9344: 9395,9271,9740,9875,9505
9349: 9391,9381,9568,9423,9864,9688
9811: 9673,9794,9858,9827,9749,9863
9727: 9939,9789,10039,9824
9602: 9454,9523,9266,9280,9877
8658: 
9484: 9376,9346,9390,9928,9413,9733
5403: 
2987: 
9997: 9742,9862,9510,9286,9662
7885: 
9766: 9978,9927,9876,9921
8261: 
5207: 
9631: 9253,9274,9517,9623,9616
9860: 9724,9696,9575,9601,5509
9301: 9561,9603,9667,9773,9839
10018: 9755,9549,9985,9820,9871
5841: 
5202: 
7417: 9952
10038: 9966,9957,10041
1525: 
9323: 9369,9393,9580,9946,9879,9414
1044: 
4347: 
5585: 
3839: 
2649: 
9334: 9448,9617,9356,9353,9938,9917,9592
9862: 9671,9970,9742,9997,9286,9845,9510
9489: 9256,9331,9462,9797
1052: 
9978: 9766,9927,9966
9731: 9859,9961,9924,9816,10021,9759
9721: 9751,9718,9929,9959
8496: 
9775: 9699,9950,9345,9791,9329,9416,9565
9635: 9245,9530,9363,9291,9895
9634: 9892,9800,9787,9976,9641,9625
6930: 
9361: 9542,9630,9669,9747,9965
9214: 
9279: 9481,9250,9254,9320,9443,9715,9296
9641: 9625,9391,9381,9634,9976,9739
2336: 
4083: 
1067: 
9346: 9484,9376,9390,9436
1069: 
9734: 9524,9282,9569,9521,9262
9535: 9555,9351,9541,9411,9579
9543: 9435,9308,9540,9512
9742: 9997,9862,9671,9965
9890: 9897,10028,9921
9680: 9652
9994: 9838,9870,9947,10000,10032,9422
9352: 9412,9573,10013,9482,9408
1078: 
9649: 9875,9904,9284,9795
9961: 9731,9859,9267,9389,9554,10021,9606
9292: 9378,9640,9545,9691,9889
5070: 
9963: 9942,9651,9831,10022,9457,9735
9626: 9369,10040,9580,9706
4169: 
9571: 9317,9556,9982,10003,10005,9824,10039
7775: 
4525: 
1089: 
9011: 
9607: 9377,9308,9638
9986: 9572,9630,9747,9774
5421: 
9583: 9360,9452,9249,9861,9784,9701,9785
9683: 9842
9746: 9757,9958,9380,9298,9441,9853,9657
9660: 9661,9584,9444,9767,9368,10043
9322: 9287,9445,9403,10001,10010,9810
1805: 
9990: 10041,9771,9957,9516,9713,9815
9554: 9389,9961,9859,9491,9530
9512: 9406,9540,9543
4569: 
9452: 9583,9360,9678,9785,9373,9998
9341: 9432,9644,9278,9685,9896,9914
1909: 
8392: 
9751: 9721,9877,9718,9670,9959
9939: 9789,9727,9285
7505: 
9780: 9895,9840,9937,9905,9606
9866: 10027,9999,9838,9689,9887
9314: 9347,9687,9783,9989,10015,9705
2689: 
9927: 9876,9766,9966,9978
2744: 
5664: 
9522: 9599,9513,9331,9799,9498
9514: 9488,9264,9388,9321,9812,9743
9237: 
6249: 
9760: 9707,9829,9736,9276,9270
9624: 9491,9333,9319,9720
9492: 9581,9881
9610: 9613,9618,9564,9546,9827
9791: 9699,9775,9345,9883,9657,9807
5331: 
9928: 9484,9486,9390,9729,10024,9733
9125: 
9441: 9590,9248,9804,9853,9298,9746
3279: 
9931: 9888,9949,9891
9915: 9835,9852,9622,9593
7176: 
2403: 
9675: 10033,9659,9822,9810,9510,10010,9532
6280: 
9345: 9775,9791,9416,9883,9699
9490: 9539,9367,9578,9872,9658
9497: 9596,9368,9584,9449,9885
9402: 9465,9499,10034,9354,9643,9944
9289: 9486,9534,9705,9993,9989
9887: 9799,9689,9599,10027,9866,9646
9692: 9893,9786,9293,9336,9750
9702: 9886,9832,9836,9587,9981,9426
3612: 9679
3210: 
6483: 
9759: 9485,9796,9790,9816,9924,9731
9777: 
9541: 9411,9351,9535,9605,9479
1152: 
9956: 9674,9830,9586,9856,9843
9447: 9434,9373,9998,9942,9651
9991: 9706,9676,9468,9515,9272,9439
9690: 9763,9695,9944,10034
9958: 9818,9757,9746,9380,9865,9298
9619: 9608,9463,10033,9595
9532: 9479,9595,9286,9510,10033,9845,9659,9675
9252: 9355,9588,9622,9478,9290,9593
4650: 
3284: 
9678: 9480,9452,9360,9711,10025,9373
9589: 9383,9273,9326,9809,9923,9598
9355: 9252,9588,9478
5882: 
9456: 9545,9378,9277,9828,9984,9686
8990: 
9744: 9756,9621,9932,10036,9912
9946: 9879,9962,10026,9369,9323
9453: 9622,9477,9290,9509,9303,9852
9326: 9273,9589,9383,9793,9907
9369: 9323,9626,9580,9946,10026
9805: 9647,9967,9943,9773,9650
5138: 
9884: 9603,9667,9848,10019
9449: 9303,9509,9885,9497,9584,7973
1178: 
9457: 9559,9466,9531,9735,9963,9942
8211: 
5302: 
9357: 9342,9397,9761
9704: 9790,9796,9679
4773: 9455
2321: 
9330: 9506,9570,9433,9526,9313,9370
8333: 
9296: 9443,9246,9335,9722,9715,9279
2551: 
3643: 
9975: 9817,9725,10006,10015,9783
9774: 9899,9874,9747,9986,9669,3458
2662: 
9443: 9296,9246,9342,9320,9279,9254
6978: 
8555: 
9768: 9714,9753,9898,10031
9951: 9733,10024,9312
5250: 
2244: 
9328: 9569,9262,9814,9935,9825
4450: 
9380: 9298,9577,9358,9746,9958,9536,9818
9980: 9743,9812,9363,9291,9552
8766: 
9498: 9258,9538,9513,9522,9599
9654: 9841
9263: 9461,9460,9393,9446,9803
9475: 9384,9511,9278,9432,6375
9998: 9373,9447,9785,9531,9942,9452
2459: 
9865: 9818,9757,9940,9958,4287
9799: 9689,9797,9887,9599,9522,9331
9017: 
2669: 
1216: 
9875: 9649,9904,9271,9344,9795,9740
8451: 
10031: 9977,9779,9880,10012,9753,9714,9768
9919: 9926,9930,9889
9966: 9927,9978,10038
9839: 10042,9920,9773,9650,9603,9301
9828: 9739,9450,9545,9456,9984,9681,9844
6480: 
1225: 
7086: 
7152: 
1996: 
9303: 9449,9509,9453,9852,9754,9885
3771: 9603,9476,9261
9462: 9331,9256,9489,9442,9422,9797,10000
7434: 
9312: 9426,9413,9733,9951,9886,9694
9511: 9601,9475,9384,9575,9278,9908,9309
9555: 9535,9351,9579,9609,4139
8186: 
8710: 
2165: 
9313: 9315,9287,9502,9330,9433,9526,9403
1240: 
4521: 
9005: 
3486: 
9254: 9279,9481,9409,9320,9443
9556: 9629,9317,9297,9571,10005,9982
1246: 
9932: 10036,10011,9744,9756,9891,9576
6639: 
10023: 9965,9671,9970,9542,9327,9579
9901: 10035,9658,9941,9305
1251: 
3646: 
9458: 9550,9354,9310
9438: 9407,9892,9661,9787,9854,9767
8225: 
10036: 9932,10011,9744,9891,9756
8917: 
9933: 9809,9923,9547,9869,9974
4605: 9409
7478: 
7780: 
9420: 9613,9618,9307,9640,9277,9378
3928: 
8126: 
9307: 9613,9420,9564,9504
9415: 9283,9251,9637,9737,9665
7002: 
3184: 
9455: 9578,9410,9394,4773
9534: 9436,9390,9486,9289,9705
9853: 9657,9883,9698,9969,9804,9441,9746
9493: 9358,9577,9268,9536,2538
9643: 9508,9310,9354,9402,9936,10034
9548: 9387,9615,9507,9863,9672
9846: 9885,9738,9754
9600: 9297,9629,9894,9501
10039: 9789,9727,9762,10003,9824,9571
3641: 
3533: 
4255: 
5917: 
7565: 
3471: 
9874: 9665,9737,9669,9747,9774,9899
9834: 9693,9947,9375,9620,9396
1286: 
10043: 9971,9930,9926,9368,9660,9767
7996: 
9395: 9344,9505,9712,9740,10029,9988,9359
7119: 
9537: 9803,9446,9338,9781
9601: 9511,9309,9575,9860,9724
4891: 
9343: 9471,9614,9867
9892: 9800,9787,9634,9438,9407
9595: 9479,9532,9605,9619,10033
7252: 
9360: 9583,9452,9249,9429,9480,9678
9935: 9955,9814,9328,9262
9613: 9618,9420,9307,9564,9610,9277
9505: 9359,9395,9712,9344,9740
8921: 
9321: 9514,9557,9388,10002,9788,9743
6507: 
2974: 
3295: 
10001: 9822,9662,10010,9322,9445,9611
9857: 9762,9752,10030
9566: 9611,9428,9324,9431,9445,9315
2609: 
4603: 
9353: 9356,9437,9592,9334,9917
9713: 9520,9516,9957,9990,9771
9694: 9886,9832,9312
9408: 9574,9302,9482,9352
2678: 
8383: 
9712: 9395,9505,9359,9386,9988
9508: 9561,9310,9643,9936,10019
4968: 
9410: 9455,9394,9578,9533,9311,9367
4855: 
8033: 
9525: 9466,9559,9518
5389: 
10042: 9839,9920,9362,9529,9476
5676: 
9802: 9507,9558,9672
8222: 
10004: 9770,9612,9934
9590: 9441,9248,9366,9337,9804,9430
4606: 
3166: 
7353: 
9778: 10022,9952,9386,9831,9544
2492: 
9996: 9794,9858
2540: 
9729: 9472,9705,9928,9486,10024
1340: 
2153: 
10032: 9375,9582,9591,9422,9994,9947
9519: 9594,9340,9285
10033: 9675,9659,9619,9463,9532,9595
9588: 9252,9355,9593,9379
8614: 
9424: 9418,9772,9621,9374,9332
9468: 9439,9473,9676,9991,9272,9464
6022: 
5508: 
9527: 9439,9428,9473,9324
9807: 9900,9385,9969,9883,9791
9517: 9253,9631,10009,9880
9295: 9247,9528,9758,9918,9427
9276: 9270,9830,9674,9760,9719
9627: 9636,9639,9977,9779
9934: 9843,9856,9770,10004
1616: 
9864: 9688,9381,9716,9349,9916,9995,9391
3701: 
6967: 
8391: 
9685: 9908,9847,9914,9278,9341,9432
9842: 9683
9338: 9446,9537,9782,9793
5214: 
9763: 9690,9347,9989,9944,9993
3506: 
10005: 9664,9960,9629,9556,9571,9824
9737: 9874,9665,9669,9415,9283
9776: 9792,10006,9873,9964,9817
6695: 
9885: 9738,9754,9846,9303,9449,9497
9960: 9664,10005,9894,9629,9318
6011: 
3818: 
9658: 9941,9792,9901,9873,9872,9490
9596: 9497,9368,9971
9881: 9653,9492,9581,9995,9716
9577: 9358,9493,9268,9536,9298,9380
1592: 
9437: 9336,9353,9592,9893
9726: 9861,9668,9784,9979,9666,9849,9401
3947: 
7965: 
6009: 
1387: 
3722: 
8498: 
9478: 9467,9290,9355,9252
1740: 
9646: 9723,9513,9599,10027,9887
9561: 9508,9301,9667,10019
9274: 9299,9253,9631,9623
3458: 9774
9549: 10018,9755,9909,9968,9265
5010: 
10028: 9897,9890,9825
3025: 9304
9302: 9574,9408,9808,9604
9521: 9269,9282,9483,9734,9262
3545: 
5613: 
3715: 
9385: 9300,9288,9370,9900,9807,834
6682: 
8343: 
9949: 9682,9888,9931
9944: 10034,9695,9690,9993,9465,9763,9402
10020: 9896,9906,9644,9911,9979,9666
4131: 
9587: 9836,9702,9981,9423,9688
9277: 9378,9456,9640,9420,9618,9686,9613