9266: 9877,9718,9454,9602,9523,9348
9886: 9702,9832,9312,9413,9426,9694
9339: 9337,9440,3777,9553,3778,4893
9882: 9745,9840,9474,9895,9245
9378: 9292,9545,9640,9420,9277,9456
5: 
6507: 7152
2743: 3321,9704,3615,3712
4811: 9454,9602,4826,4719,4937
3874: 3471,5395,5084,4485,5870,9506,5478
5975: 5876,9805,9588,9967,9379,9355
8475: 
9376: 9484,9413,9426,9346,7719,8033
10012: 6967,9714,10031,9880,7146,10009
9954: 3491,9474,9948,9730,9451,3295
9562: 5138,5917,5215,9784,9429,9249
1556: 9491,1225,2733,9554,9859
9482: 9352,9408,9574
10017: 9808,9574,9871,9985
10007: 8970
9833: 9953,9783,9687
10011: 9878,9925,9891,10036,9932,9576
9394: 4073,2968,4271,4771,9533,9410,4773,9455
2280: 2189
9092: 
9962: 2699,9663,10026,9946,9879,1622
7010: 9465,7014,9499,9993,9289,9534
5215: 4603,3210,9668,9562,5917,9784
9354: 9402,9458,9310,9465,9499,9550
4218: 4521,4525,3607,3121,9269,3027
30: 
4867: 9533,4347,4569,5755,5064,9311
6358: 9458,6071,9310,9508,7360,5882
9848: 9710,5466,5475,5572,9884,10019
34: 
7009: 7292,7641,6749,7014,6930,9436
9294: 9703,10025,9523,9454,9503,9480
9663: 2699,2321,9962,9918,9758,9879
9392: 9633,4525,9483,9269,4322,4626
8694: 8631,6385,8496,9971,9930,8498
40: 
6085: 9406,5585,6280,7123,5775,9860
9533: 4867,4347,9394,4771,9410,9311
9362: 9244,9377,9398,9476,10042,9529
9782: 9460,10040,9446,9338,9907,217
9265: 9305,5856,9909,9549,9968,9306
9317: 9982,9556,8770,8991,8990,9297
9588: 5876,5975,9593,9379,9252,9355
6884: 
7345: 7080
2600: 2685,9758,2585,9669,2321
9633: 9670,9459,9280,9392,9483,4322
9280: 9633,9670,4937,4322,9602,9877
6347: 9964,5070,6349,5466,6155,9776
9645: 9813,2649,3119,9717,9709,9335
9295: 9528,9918,9758,9427,9247
56: 
1740: 
4322: 4004,4937,4626,9633,9280,9392
9469: 9494,9417,9309,9801,9847,9908
5010: 3903,6508,4498,4603,9668,9401
9945: 9826
9779: 9753,10031,5408,9627,9977,9880
9914: 9896,9341,9685,9847,10016,9906
9851: 
9943: 9920,9650,9529,9638,9647,9435
4893: 3778,4891,9339,9553,4697,5578
8150: 8225,7992,9448,9356,9336,8309
5475: 5572,5574,5754,5070,5466,9848
9855: 
9566: 9428,9324,9611,9431,9445,9315
9829: 9769,9655,9798,9760,9736,9707
9434: 9711,9373,9447
73: 336
9709: 9700,9717,9761,9335,9246,9645
2135: 2133,9382,9399,1525,1867
9519: 9285,9340,9594
4979: 10010,10001,9810,9322,2678,9607
9325: 10033,9398,9463,9364,9261,9476
9854: 9926,9889,9800,9787,9767,9691
9508: 9561,9301,7360,9643,6358,9310
7870: 
9398: 10033,9325,9659,9244,9362,9476
9765: 9677
9699: 9883,9791,9950,9775,9329,9345,9657
9629: 9960,10005,9297,9556,9894,9600
9415: 2305,9637,9283,9251,2492,9737
9510: 10010,9862,9997,9822,9675,9286
9814: 9328,9825,9955,9922,9897,9935
5640: 
7355: 
9691: 9292,9545,9800,9889,9854,9450
9922: 9921,9897,9766,9955,9876,9814
9853: 9441,9804,9698,9657,9746,9883
9617: 9795,7494,10029,9938,9448,7988
7318: 7581,7821,8766,7899,9284,7818
9880: 9977,9517,10031,9779,10012,10009
9698: 9853,9804,9883,9807,9969,9440
9787: 9800,9892,9634,9767,9438,9854
3321: 9790,3722,9704,2743,3731,3715
2523: 9547,9923,9275,9743,9788,9321
9738: 9835,9754,9846,9764,5400,6849
7979: 7818,7565,9504,8879,9081
9907: 9793,9326,9338,9782,9273,217
9754: 9835,9738,9846,9852,9303,9885
9819: 2403,1950,9748,9972,9399,9500
9857: 7992,8309,8451,9762,9752,9340,10030
9565: 9775,9329,9487,9515,9806,9416
9918: 9528,9758,9295,9414,9663,9879
9788: 9940,3786,9547,2523,10002,9321
5613: 5408,9417,9753
9426: 9376,9413,8033,9836,9702,9886
9722: 9708,9720,9813,9296,9715,9335
5400: 5408,6849,9627,9738,9846,5403
3982: 4486,5578,9259,4083,4498,5207
9761: 9700,9709,9246,9342,3907,9357
9852: 9622,9453,9915,9835,9754,9303
8189: 8192
9858: 9827,9811,9996,9794
1861: 9888,9949,9551,9682,9405
9724: 9860,9764,9696,9601,9309,9801
10010: 4979,10001,9810,9510,9822,9675
9609: 9572,9327,4139,9555,9579
9729: 9486,9928,9705,9472,7617,10024
9405: 9748,9682,2689,9257,9612,9551,1861
9878: 9255,9972,9925,10011,9500,9576
4485: 3471,5395,5084,3983,3874,3778,9475,9384
127: 
7119: 8867,7383,9019,7811,6916,9563
9964: 6347,5070,5564,9873,9872,9776
9713: 3731,9957,9990,9516,9520,3722
9838: 9994,10000,9870,9866,9689
9899: 9874,9665,9374,9425,9774
9982: 9317,9556,8770,9571,8710,10003
4463: 4569,4155,4146,4164,4255,4347
2333: 9366,9259,9430,3701,4083,3207
1729: 
9245: 9895,9635,9882,9363,9552
9467: 7811,9477,6639,9478,9290,6460
9974: 9806,9933,9869,3486,3786,9487
9868: 4941
141: 
7181: 
9572: 9609,9327,9986,3850,9630
5564: 9455,5754,9578,9872,9964,5070
1793: 616,217,10040,683,9626,9869
3119: 3607,1727,9913,2649,9645,9717
3540: 3345
9431: 9288,9464,9300,9566,9324,9315
8498: 7478,6093,9930,8694,8496,9919
5870: 9433,9506,3674,3874,6348,5478
3121: 3607,1727,2928,2540,4218,3027
9407: 9438,9661,8867,7723,9019,9892
5578: 4486,4697,5202,3982,9259,9553,4893
9401: 9979,9911,5010,6508,9668,9726
155: 
156: 
9708: 9722,9720,1553,9903,9902,9715
9644: 4486,5202,6508,5207,9896,9341,9911
9382: 2135,9399,9500,9255,9637
9246: 9709,9761,9335,9443,9296,9342
9985: 9632,9755,10018,9808,10017,9871
9957: 3731,9713,9990,10041,10038
8921: 8972
10002: 9388,9321,9940,9788,9818,9316
9606: 9780,9267,9905,927,9389
5920: 6420
2858: 3835
8192: 8189
9983: 8346
7934: 9683,9842
9485: 9585,9333,9924,9759,9796,9697
9324: 9428,9566,9473,9527,9464,9431
9319: 9813,2649,9624,9585,9333,9720
9446: 9338,9537,9263,9803,9782,9460
3607: 3121,1727,3119,9717,4521,4218
2194: 
9413: 9376,9484,9426,9733,9312,9886
9843: 9586,9281,9770,9934,9856,9956
9523: 9703,9294,9454,9266,9348
9736: 9270,9821,9760,9823,9769,9829
9648: 9400,9701,9518,9849,9666,6204
5084: 3874,4485,9384,9575,5478
3504: 4293,4083,3207,3903,4498
9601: 6280,9575,9511,9724,9860,9309
9253: 9977,9517,9636,9299,9274,9631
9581: 9881,9653,9844,9492
9596: 9497,5792,9639,9971,9368,8631
9259: 9366,2333,9553,4083,3982,5578
9895: 9245,9635,927,9882,9840,9780
8264: 
9367: 9578,9410,9311,9539,9490
9258: 9723,9513,9412,9573,9538
9299: 9636,9639,9253,8631,6385,9274
9893: 9336,9592,9437,9786,9692
9433: 5870,9506,3674,9330,9313,9502
1950: 1592,9819,2403,9281,9748,9257
9450: 9976,9828,9739,9800,9691,9545
9741: 
9881: 9716,9653,9581,9995,9492
9700: 9717,9709,9761,4521,3907,4626
9650: 9920,9943,9647,6731,9773,9805
4941: 9868
9669: 2585,9747,9874,2600,2685,9774
3731: 9957,9713,3722,3321,3715
9976: 9450,9739,9625,9800,9634,9641
9385: 9288,9300,9807,9791,9370,9900
9662: 9997,9822,9742,2987,9428,9611
1594: 1178
2778: 2699,2321,2585,9361,2509,2974
9870: 9838,9994,9947,9693
9815: 9771,10041,9990
9586: 9281,9843,9674,9956,1592,801
6071: 6639,9458,6358,5882,9478,9355
10000: 9838,9994,9422,9462,9797,9689
7080: 7345
9849: 9726,9861,9979,9666,9701,9648
217: 616,9273,1793,9907,9782,10040
9941: 9992,9792,9901,9658,9873,10035
9908: 9685,9278,9511,9469,9309,9847
9920: 9650,10042,9529,9943,9839,9773
9569: 9328,9825,9262,9734
9544: 10022,9778,9359,9952,9712,9386
7901: 8991,8990,9194,7821,8766,9081
9529: 9920,10042,9943,9377,9362,9638
7292: 7641,7009,8333,9436,9346,7719
9656: 9781,9728,9769,9798
9681: 9984,9844,9828,9739,9653
7494: 9795,9617,9649,7581,8513
7965: 8046,8333,7721,7723,7885,9568
8904: 
9716: 9881,9653,9864,9381,9995
9470: 9358,9902,9557,2721,9365,2536
9515: 9706,683,9806,9416,9272,9565
5064: 5755,5256,4448,4569,4867
9677: 9765
9769: 9798,9829,9736,9728,9823,9656
237: 
9261: 9603,9884,9476,9364,9325,5572
9248: 9268,9430,9590,9536,9298,9441
9970: 9671,9862,9845,10023,9351,9579
9965: 10023,9542,2509,2609,9671,9742
9667: 10019,9561,9301,9603,9884,9839
9461: 9263,9803,9496,10037,9642
9593: 7123,9379,5775,9588,9252,9622,9915
8391: 
9373: 9452,9998,9678,9434,9711,9447
9723: 9258,9513,9646
9570: 3284,9900,9330,9370,9506,3471
9594: 9293,9750,9340,9519
9637: 2305,9415,9255,9382,9251
2305: 9415,9637,9372,2492,9247
9971: 10043,9368,9930,9596,8694,8631
9575: 9384,6280,9601,5478,9511,5084
9830: 9674,9719,9276
9445: 9287,9322,9315,9566,9611,10001
9673: 9794,9863,9811,9672
9612: 10004,9551,9770,9405,9257
9516: 9520,9771,9713,9990
10035: 9867,9471,9305,9901,9992,9941
7899: 6483,9419,9284,7818,7570,7318
9406: 9512,5585,6085,9540,9967,9379,5775
9824: 9727,9571,10039,10005,9664
10006: 9992,9792,9817,9975
9822: 9997,9662,9611,10010,10001,9510
3778: 9475,4891,4893,9339,3777,3983,4485
9917: 9712,9988,9386,9353,9334
2391: 4057,3860,4255,3166,2580,9541
9832: 9702,9886,9694,9981
9257: 9748,9405,2689,9612,9281,9770,1950
7721: 8867,7723,7383,7641,8333,7965
5856: 9305,9265,9909,9901,5051,4950
9582: 9591,10032,9597,9375,3850
9874: 9665,9899,2685,9737,9774,9669
274: 
275: 
2476: 
9418: 9912,9621,9772
9486: 9729,9928,9289,9705,9390,9534
8046: 9625,7965,7723,9568,9892,9634
2609: 3372,2974,9965,2509,9742,2987
9592: 9336,9893,9353,9437,9334,9356
2585: 9361,9747,9669,2600,2321,2778
3471: 5395,3983,3874,4485,9570,3284,9506
9969: 3284,9900,9807,9698,9440,3777
9546: 9827,9749,9564,9610,9560,9567
9909: 9265,5856,9755,4950,9404,9549
9793: 9907,9326,9338
9481: 3502,9250,3701,9279,3207,9254
10037: 9461,9803,9496,9655,9798,9781
9494: 9469,9417,9847,10016,9684
6695: 
3786: 3486,9940,9788,9547,9933,9974
3907: 4710,9357,9700,9761,4004,4626
3983: 3471,5395,4485,3284,3777,3778
9979: 10020,9911,9401,9726,9849,9666
9726: 9849,9861,9784,9668,9979,9401
10042: 9920,9529,9362,9603,9476,9839
9473: 9439,9676,9527,9468,9324,9464
299: 411
9613: 9564,9307,9610,9420,9618,9277
9686: 9618,9277,9456,9984
9801: 9469,9417,9309,9724,9764,6849
10029: 9795,9617,9740,9395,9988,9938
3372: 1622,2609,2974,9439,9527,2987
9755: 9985,9632,10018,9404,9549,9909
8296: 8513,7996,7988,8372,8770,8710
9682: 9748,9405,9888,1861,9972,9925
9772: 9424,9332,9620,9621,9418
309: 
9836: 9702,9587,9426,8033,9688,9423
9585: 9485,9333,9697,2649,9319,9913
9542: 10023,9965,2509,9630,9361,9327
5754: 4773,9455,5564,5475,5070
9500: 9382,9399,9819,9255,9972,9878
9733: 9312,9951,10024,9928,9484,9413
316: 
9888: 9949,1861,9682,9891,9931,9925
9291: 9264,9530,2554,9363,9635,9812
9712: 9988,9917,9386,9359,9544,9395
3860: 2391,4255,9489,3166,9256,4155
10025: 9703,9294,9480,9678,9711
9916: 9995,9587,9688,9864
6155: 9817,6537,9725,9776,6347,6349,6249
9428: 9566,9324,9611,9527,9662,2987
9410: 9578,9367,9311,9533,9394,9455
9503: 9454,4826,5138,9480,9429,9294
9411: 9605,9541,9479,9351,9535,9845
9714: 6009,6967,10012,10031,9768
9597: 9375,9396,9425,3850,9582
9580: 9460,10040,9393,9323,9369,9626
9873: 9658,9872,9964,9792,9941,9776
9599: 9799,9887,9646,9513,9498,9522
9803: 9263,9461,10037,9781,9446,9537
3533: 
9327: 9609,9572,10023,9542,9630,9579
336: 73
9643: 10034,9402,9936,9561,9508,9310
9420: 9237,9378,9640,9277,9613,9307
9753: 10031,9779,9768,9684,5613,5408
4826: 9454,4811,9503,4719,4616,5138
2699: 2321,9663,9962,2778,1622,2974
9778: 10022,9544,9831,9386
2024: 9665,3947,9283,3255,9424,9374
3722: 9790,3321,9520,3731,9713,9816
8426: 
7340: 
9926: 9919,9889,9854,10043,9930,9767
9826: 9945
3207: 4293,4083,3504,3701,9481,2333,9254
9912: 9621,9756,9744,9418
6731: 7360,5882,9773,9650,5876,9805
10024: 9733,9951,9472,9729,9928
3345: 3540
9316: 9818,9380,2536,9388,9557,10002
10003: 9762,10039,9752,9982,9571,8710
9697: 9679,9796,9304,9585,9485,9913
6420: 5920
7581: 7318,8766,9284,9649,7494,8513,7996
359: 874,9760,2407,2133,1525,9707
9891: 10036,9931,9888,9925,10011
4486: 4697,5202,3982,5578,9644,5207
2906: 2526,2244
9757: 9958,9865,9950,9837,9657,9746
9911: 9979,10020,9401,9644,6508,9896
9987: 9214
9821: 9736,9270,9719,9823
6849: 5408,5400,5508,9764,9417,9801,9738
9689: 9797,9866,9838,10000,9799,9887
3850: 9986,9597,9582,9572
9628: 9623,9616,9271,9419,9260,9904
6140: 
1666: 
9701: 9400,9785,9648,9849,9861,9583
9671: 9970,9862,10023,9965,9997,9742
9748: 9682,9405,2689,9257,9819,1950,9972
376: 492
9499: 7010,9465,7014,9354,9550,6930
9584: 9449,9444,9497,9661,9660,9368
9329: 9950,9775,9565,9837,9487,9699
9476: 9603,9261,9398,9325,9362,10042
9929: 9718,9721,9348
9463: 9619,9608,9364,9595,10033,9325
9813: 2649,9319,9645,9722,9720,9335
384: 
9271: 8081,9344,9875,9628,9616,9904
9984: 9844,9681,9828,9686,9456
9276: 874,801,9674,9830,9719,9270
9608: 9619,9463,9364,4271,4169,5574
9391: 9641,9381,9568,9625,9349
8879: 9560,9504,9219,9081,7979,9194
9454: 9602,4811,4826,9503,9266,9294,9523
1867: 1525,9421,2135,9371,9372
9379: 9593,5775,9967,9406,9588,5975
394: 
9616: 9631,9623,9628,6389,9271,8081
9668: 4603,5215,5010,9401,9726,9784
397: 
7723: 8867,7721,9407,8046,7965,9892
2364: 
9549: 9968,9755,10018,9265,9909
9444: 9449,9509,9563,9584,9019,9661
9194: 7901,8990,9038,8879,9219,9081
9145: 
9311: 9410,9367,5755,4867,9533,9539
9242: 9615,9125,9567,9219,8885
9540: 9967,9647,9435,9543,9406,9512
9802: 9672,9507
9331: 9489,9797,9799,9522,4155,4146
9638: 9308,9607,9377,9529,9943,9435
9752: 9762,10003,7992,9857,8372,8710
411: 299
9488: 9365,9495,9514,9264,9388,9557
7123: 9593,5775,6085,9860,9696,9915
9646: 9599,9887,10027,9723,9513
9397: 9342,9409,9320,9357,6018,3210
4771: 9394,2968,4057,4164,9533,4347
9081: 8879,7818,7979,7821,7901,9194
9640: 9378,9292,8205,9237,6480,9420
9900: 9570,3284,9969,9385,9807,9370
9679: 9796,9697,9304,9704,3612,3712
9038: 8990,9194,9297,9219,9600,8885
9847: 9469,9494,9685,9908,9914,10016
5917: 4616,5138,9562,6018,3210,5215
424: 1529
7821: 7318,8766,7818,9081,7901
9247: 2492,2305,9427,9372,9295
9595: 9605,9479,9532,9619,9463,10033
9968: 9549,9265,9306
10039: 9762,10003,9789,9571,9824,9727
7811: 9467,6916,9477,6460,9563,7119
9255: 9878,9382,9500,9251,9576,9637
9877: 9266,9718,9751,9670,9280,9602
10026: 9946,9991,9962,1622,9439,9676
3820: 9966,3715,9927,3615,3517
9539: 4950,9404,9350,5755,9367,9311
9309: 9469,9801,9601,9511,9908,9724
9551: 9612,1861,9405
8885: 9600,9126,9219,9038,9242,9125
8513: 8296,7996,7988,7494,7581
9797: 9331,9489,9462,9689,10000,9799
9693: 9947,9834,9870
442: 634
9996: 9858,9794
10008: 9745,9840,9937
9517: 9977,9880,9253,10009,6389,9631
3743: 
9784: 9726,9861,5215,9668,9562,9249
9942: 9963,9651,9447,9531,9998,9457
449: 
6018: 4710,9357,9397,3210,4616,5917
9448: 9938,9356,9617,7988,8225,8150
7958: 
9371: 9642,9427,9372,9421,1867,9496
9973: 9728,9823
5792: 9596,9885,9497,9846,9639,5403
456: 
9988: 9712,9917,9395,10029,9938,9334
9666: 6204,6011,9979,10020,9849,9648
7609: 
9938: 9334,9448,9356,9988,9617,10029
9365: 2721,9488,9495,9557,1225,9470
5129: 
9300: 9288,9385,9431,9315,9526,9370
8991: 7901,8990,8766,7996,9317,8770
9360: 9480,9429,9249,9583,9678,9452
466: 
9665: 9874,2024,9899,9283,9374,9737
9166: 10014
9432: 9685,9278,9475,4891,4697,5202,9341
9615: 9242,9125,9567,9749,9863,9548
9670: 9633,9459,9280,9959,9877,9751
9561: 9936,10019,9667,9508,9301,9643
9850: 9732
9995: 9916,9864,9716,9881
475: 535
2540: 9935,3810,3121,2928,3027
9809: 616,9273,9547,9923,9589,9933
2133: 2135,9399,2403,359,2407,1525
9414: 9393,9323,9528,9918,9879
480: 
9496: 9461,10037,9421,9655,9371,9642
9466: 9457,9559,9735,6682,9525,7417
9840: 9882,9745,10008,9937,9895,9780
9711: 9434,9678,10025,9373
9717: 9700,9709,9645,3607,3119,4521
1622: 3372,2974,2699,9962,10026,9439
8770: 9982,9317,8710,8296,7996,8991
9550: 6460,6930,9354,6639,9458,9499
9277: 9618,9686,9456,9378,9420,9613
4498: 5010,3903,6508,5207,4083,3504,3982
9079: 7565,9237,6480,6671,7570
492: 687,376
8599: 
9627: 5408,5400,9779,9636,5403,9977
1529: 424
9577: 9380,2536,9358,9536,9493
5395: 3471,3983,3874,4485
9527: 9439,9473,3372,2987,9428,9324
1709: 2526,2244,2153
9524: 9959,9282,9459
9739: 9976,9828,9450,9641,9681
5876: 9805,9588,5975,6731,5882,9355
9359: 7847,9952,9544,9505,9395,9712
8737: 
8627: 
9785: 9531,9400,9701,9583,9452,9998
9842: 9683,7934
9427: 9371,9642,9372,9247,9528,9295
7259: 
4134: 
9632: 9985,9755,9808,9604,9404,9350
7880: 
513: 
1849: 
9531: 9400,9785,9998,9457,9559,9942
9603: 9884,9261,9476,9839,10042,9667
9353: 9437,9917,9334,9592
9416: 700,9468,9272,9515,9775,9565
9684: 10016,9898,9494,9753,9768
9652: 9680,9910
6041: 
9436: 9390,9534,9346,7014,7292,7009
2407: 874,359,801,1592,2403,2133
9823: 9973,9728,9736,9821,9769
9318: 9894,9960,9501
9286: 9532,9675,9862,9845,9479,9510
9564: 9613,9307,9610,9560,9504,9546
9621: 3947,9756,9912,9418,9424,9772
9903: 9358,9902,9708,9250,9493,9715
6916: 7811,6460,6749,7383,7119
9474: 9954,3491,9948,9882,9745
9871: 10017,9985,10018,9820
9310: 9458,6358,9508,9402,9643,9354
1419: 
535: 475
3903: 5010,4498,4293,3504,9409,4603
537: 
9545: 9378,9691,9292,9828,9450,9456
9393: 9323,9414,9263,9460,9580
9273: 9809,616,217,9907,9326,9589
9525: 6009,6967,6682,9518,9559,9466
9703: 10025,9294,9523
9283: 3255,9251,9415,2024,9665,9737
9278: 9685,9908,9432,9475,9384,9511
9507: 9672,9548,9558,9387,9802
7002: 
2153: 1709,2526
5572: 5475,5574,9364,9884,9261,9848
9464: 9288,9431,9473,700,9468,9324
9807: 9883,9791,9385,9698,9900,9969
9905: 9937,9780,9606
9293: 9594,9786,9692,9750
10014: 9166
9518: 9400,9648,6204,6009,9525,9559
9425: 9597,9396,9332,9374,9899
9479: 9595,9605,9411,9845,9532,9286
4146: 4569,4155,4463,9331,4450,9522
9825: 9328,9814,9569,9897,10028
9267: 9606,9961,9389,10021
9658: 9873,9872,9490,9901,5051,9941
561: 760
9756: 3947,9932,9621,9744,10036,9912
9614: 9306,9471,9343
9883: 9807,9791,9699,9853,9698,9657
4448: 5064,5256,4858,4650,4450,4569
9879: 9946,9918,9323,9414,9663,9962
9396: 9597,9375,9425,9332,9620,9834
1446: 1617,1044
10004: 9612,9770,9934
2468: 2189,2658
9404: 4950,9350,9539,9632,9755,9909
2721: 9365,1225,9902,9470,1553
9275: 9923,2523,9598,9743,9980
9587: 9836,9702,9688,9981,9916
10015: 9975,9783,9687,9725,9314,9347
10034: 9402,9944,9643,9936,9690,9695
9844: 9984,9681,9653,9581
4004: 4937,4322,4626,4710,3907,4719
9459: 9633,9670,9483,9282,9959,9524
9687: 10015,9783,9314,9953,9833,7617
9563: 9444,9509,7811,9477,9019,7119
9659: 10033,9398,9532,9675,9810,9244
9953: 9472,9833,7617,9687
1873: 1616
7014: 7010,9499,6930,9436,9534,7009
9977: 9517,9880,9253,9627,9779,9636
9898: 10016,9684,9906,6011,9768
9537: 9446,9338,9781,9803
9773: 6731,7360,9839,9920,9650,9301
5332: 
9657: 9853,9746,9950,9757,9883,9699
9618: 9686,9277,9613,9610
9767: 9787,9438,9660,10043,9926,9854
9672: 9507,9548,9673,9863,9802
9904: 9284,9649,9628,9271,9875,9419
596: 731
8614: 
9308: 9543,9502,9607,9403,9638,9435
8318: 
9763: 9690,6249,9944,9989,9347,9993
9281: 9586,9843,9770,9257,1592,1950
9676: 9439,9473,10026,9991,9468,9272
9298: 9248,9536,9958,9380,9441,9746
6671: 7478,6093,6483,9079,6480,7570
5755: 5064,5256,4867,9350,9539,9311
9377: 9244,2678,9362,9607,9638,9529
4710: 3907,9357,6018,4004,4616,4719
9409: 9397,9320,4293,3903,4603,3210
9955: 4232,9876,9922,9935,3810,9814
9750: 9692,8309,9594,9293,9340
9740: 9505,9395,9344,9875,9795,10029
1571: 
9251: 9283,3255,9576,9255,9415,9637
614: 
9718: 9877,9266,9751,9721,9348,9929
616: 9809,9273,217,1793,9933,9869
9579: 9555,9351,9609,9327,10023,9970
9287: 9445,9322,9315,9526,9313,9403
9653: 9716,9881,9581,9844,9681
9605: 9595,2580,9541,9411,9479,9619
9422: 9591,10032,9994,10000,9462,9442
2685: 2600,2492,9737,9874,9669
9386: 9712,9917,9544,9778
9288: 9385,9345,9464,9431,9300,700
3835: 2858
9867: 10035,9471,9992,9343
9861: 9726,9849,9784,9249,9583,9701
1592: 2403,1950,9586,9281,801,2407
8596: 6583,7505,7847,8081,9344,9505
3295: 2806,9730,9954,3491
3502: 9250,3701,9481,9493,9268
7641: 7292,7009,6749,8333,7721,7383
9358: 9903,9902,9470,9577,2536,9493
634: 442
1387: 
2678: 9244,9377,4979,9810,9607
5466: 9710,6349,9848,5475,6347,5070
9685: 9278,9908,9432,9341,9914,9847
9297: 8990,9038,9317,9556,9600,9629
9468: 700,9416,9272,9676,9473,9464
9388: 9557,10002,9321,9514,9488,9316
9636: 9639,5403,9299,9627,9977,9253
9696: 9724,9860,9764,7123,9915,9835
9429: 9480,9360,9249,5138,9562,9503
645: 
2928: 3121,1727,9304,3612,3810,2540
9493: 3502,9250,9577,9903,9358,9268,9536
5051: 5856,9901,4950,9658,9490
9967: 9540,9647,9406,9805,5975,9379
9894: 9600,9126,9960,9629,9501,9318
9342: 9397,9320,9443,9761,9246,9357
7565: 9237,9079,7979,9307,9504
9948: 9954,9474,9451,9745
4255: 4057,2391,4164,3860,4155,4463
9816: 9759,9731,10021,9520,9790,3722
7936: 
9333: 9585,9485,9924,9624,9491,9319
4073: 9394,2968,4271
9509: 9449,9444,9303,9563,9453,9477
2658: 2468
5426: 
6537: 9817,9725,6155
9526: 9330,9370,9313,9300,9287,9315
9776: 9817,6155,9873,9964,6347,9792
9559: 9457,9466,9531,9400,9518,9525
9372: 9371,9427,1867,2305,9247
9370: 9526,9330,9385,9300,9570,9900
7780: 
9623: 9274,9631,6665,9628,9616,9260
4164: 4057,4255,4463,4347,4771
9818: 9380,9316,9940,10002,9958,9865
9260: 6483,9419,9623,6665,9628,6093
9758: 9918,9295,2600,2321,9663
3701: 3502,9481,9268,9430,2333,3207
7439: 
9989: 9314,9347,9289,9705,9763,9993
9502: 9543,9308,9403,9313,9433,3674
9642: 9371,9427,9461,9496,9528
2733: 9554,9530,9495,1556,1225
9285: 9340,10030,9519,9789,9939
9506: 9433,5870,9330,9570,3471,3874
9480: 9429,9360,9678,9503,10025,9294
683: 9515,9706,9626,1793,9806,9869
3712: 3612,4232,9704,2743,3615,9679
9924: 9485,9333,9859,9759,9731,9491
3491: 9954,9474,2806,3295,3991
687: 492
9491: 9624,1556,9859,9333,9924
9560: 9504,8879,9219,9564,9546,9567
9661: 9438,9660,9407,9444,9584,9019
9256: 3559,3166,9442,9489,9462,3860
9770: 9281,9843,9934,9612,10004,9257
4139: 9591,9609,3559,9442,9555
9384: 9575,9511,5084,4485,9475,9278
9771: 9815,9516,9990
9786: 9893,9692,9293
2554: 9530,9291,9635,927,9554,9389
698: 
7478: 6671,8498,6093,9919,8205,6480
700: 9416,9468,9775,9288,9345,9464
9651: 9963,9942,9447,9831
9695: 9690,9710,6349,9936,10034
9925: 9972,9878,10011,9888,9682,9891
9290: 9478,9252,9622,9453,9467,9477
9934: 9843,9770,9856,10004
9244: 2678,9377,9362,9810,9398,9659
707: 
9952: 7417,9359,7847,9735,10022,9544
709: 9841,9654
2580: 9605,9541,4057,2391,4169,9619
9869: 9806,9933,9974,616,1793,683
9513: 9723,9258,9599,9646,9538,9498
9315: 9445,9287,9566,9431,9300,9526
10013: 9352,9412
5508: 5408,6849,9417
9437: 9353,9893,9592
2509: 9542,9965,9361,2778,2609,2974
9576: 3255,9251,9255,9878,10011,9932
9440: 9337,9339,3777,9804,9698,9969
9889: 9926,9919,8205,9854,9691,9292
9340: 9285,10030,9519,9857,8451,9750,9594
9274: 9631,9623,6665,9299,9253,6385
9892: 9787,9634,7723,9438,9407,8046
9395: 9740,9505,9359,9712,9988,10029
8081: 9271,9344,6583,8596,6389,9616
9173: 
6348: 9512,5585,5870,3674,5478
10001: 10010,4979,9822,9611,9445,9322
2953: 2662
9350: 9404,9539,9604,5755,5256,9632
731: 596
3517: 10038,9966,3820,3715
9896: 9341,9914,9644,10020,9911,9906
10022: 9544,9778,9831,9735,9963,9952
4131: 9777
9272: 9416,9468,9991,9515,9706,9676
9735: 9457,9466,9963,7417,9952,10022
9430: 9268,9248,9590,3701,9366,2333
9863: 9673,9749,9811,9615,9672,9548
9337: 9440,9339,9804,9590,9366,9553
9219: 9560,8879,9038,9194,9242,9567,8885
9521: 9483,9269,3027,9262,9734,9282
10028: 9897,9890,9825
9435: 9540,9647,9543,9308,9638,9943
7191: 
5478: 6280,9575,5870,5084,3874,5585,6348
3715: 3820,3731,3517,3321
9622: 9852,9453,9915,9593,9290,9252
10019: 9936,9561,9667,9884,9710,9848
2002: 
9465: 7010,9499,9993,9402,9944,9354
7360: 6731,5882,9773,9508,9301,6358
8309: 9692,9750,9336,7992,8150,9857
9804: 9441,9853,9698,9590,9337,9440
9906: 10016,9898,9896,9914,10020,6011
9356: 9938,9334,9448,9336,9592,8150
9347: 9989,9314,9725,6249,9763,10015
1553: 9708,9720,2721,9624,9902
9399: 2135,2133,9382,9500,9819,2403
760: 561
9864: 9349,9688,9381,9995,9916,9716
9574: 9302,9808,10017,9408,9482
9992: 9792,10006,9941,10035,9867
9743: 9812,9514,9980,9275,2523,9321
9783: 10015,9975,9687,9833
9910: 9652,9680
9706: 9515,683,9626,9991,9369,9272
9664: 9960,10005,9824
4697: 4486,5202,5578,4891,4893,9432
6665: 9274,9623,6385,8496,6093,9260
6385: 8694,8631,8496,9299,9274,6665
9390: 9436,9534,9346,9486,9928,9484
9304: 9679,9697,3612,1727,2928,9913
9806: 9869,9974,9515,683,9565,9487
9348: 9266,9718,9523,9929
6009: 6967,9714,9525,6204,9518
2198: 
7818: 7570,7979,7899,7318,7821,9081
9417: 9469,9494,9801,5613,5408,5508,6849
9959: 9524,9670,9459,9751
6804: 
9423: 9349,9688,7885,8033,9568,9836
9655: 9798,9829,9421,9707,9496,10037
9781: 9656,9798,9803,10037,9537
9412: 10013,9352,9258,9573
9639: 9636,5403,9299,9596,5792,8631
9859: 9961,9554,9731,9491,1556,9924
9338: 9446,9537,9793,9907,9782
9795: 9617,7494,10029,9875,9740,9649
9817: 6537,9725,6155,9776,9792,10006,9975
9936: 10019,9561,9710,9695,10034,9643
792: 
9705: 9989,9314,9289,7617,9486,9729
8346: 9983,8970
7617: 9472,9953,9687,9314,9705,9729
9306: 9614,9968,9305,9265,9471
9620: 9772,9332,9834,9396
9737: 2492,2685,9283,9415,9874,9665
10021: 9816,9731,9267,9520,9961
9534: 9436,9390,9289,7010,7014,9486
801: 874,2407,9276,9586,9674,1592
9383: 9598,2806,9326,9589
2974: 3372,1622,2609,2699,2778,2509
5574: 5475,5572,4271,9608,9364,4773
2536: 9577,9380,9316,9557,9358,9470
9913: 1727,3119,9585,9697,9304,2649
9268: 9248,9430,9536,3502,3701,9493
4293: 3504,3207,9409,9320,9254,3903
6389: 6583,10009,9517,9631,9616,8081
9363: 9552,9245,9635,9812,9980,9291
9674: 9830,9956,9586,801,9276
4626: 4004,4322,9700,4521,4525,3907,9392
9284: 9904,9649,9419,7899,7581,7318
9730: 9451,3295,9954
9553: 9366,9259,9337,9339,4893,5578
7265: 
7996: 8513,8296,7581,8766,8991,8770
3810: 9935,2540,3612,9955,4232,2928
9937: 9905,9840,10008,9780
1617: 1446,1044
9798: 9769,9655,9829,9656,9781,10037
8695: 
9725: 9817,6537,6155,6249,10015,9975,9347
3255: 9283,9251,9576,3947,9932,2024
8970: 10007,8346
9944: 10034,9402,9690,9763,9465,9993
8972: 8921
8372: 8225,7992,8296,7988,8710,9752
9487: 9565,9329,9837,9806,9974,3486
9972: 9878,9925,9748,9682,9819,9500
6093: 6671,8498,7478,8496,6665,6483,9260
9336: 9893,9592,9356,8150,9692,8309
9820: 9871,10018
10043: 9971,9368,9930,9660,9767,9926
7146: 6583,10009,7505,6967,10012,6682
9400: 9531,9785,9701,9648,9518,9559
1340: 1178,1019
9625: 8046,9634,9391,9641,9976
2968: 4073,9394,4271,4169,4771,4057
6011: 9666,6204,10020,9898,9906
9389: 9961,9554,927,9606,9267,2554
9897: 9922,9921,9890,9814,9825,10028
2806: 3295,3491,9383,3991
9305: 9265,5856,9901,9306,10035,9471
9501: 9558,9387,9894,9126,9318
6508: 5010,4498,5207,9644,9911,9401
8205: 9919,9889,7478,9292,9640,6480
848: 
5408: 5613,5400,5508,6849,9627,9417,9753,9779
9302: 9808,9574,9604,4855,9408,4858
9810: 10010,4979,9675,9659,9244,2678
4603: 3210,5215,9668,9409,5010,3903
3559: 3166,9256,9442,4139,9555,9535
5256: 5755,5064,4858,4448,9604,9350
7248: 
6531: 
9947: 9693,9834,9375,9994,9870,10032
7847: 7417,9359,9952,8596,7505,9505
10030: 9285,9340,9857,8451,9762,9789
6118: 
861: 864
4057: 2391,4164,4255,2580,2968,4169,4771
9387: 9501,9558,9125,9126,9507,9548
864: 861
9548: 9672,9507,9615,9125,9863,9387
9528: 9918,9295,9642,9427,9414
9375: 9597,9396,9947,9834,10032,9582
9282: 9734,9483,9521,9459,9524
10041: 9815,9957,9990,10038
9442: 3559,9256,9591,4139,9422,9462
9049: 
9321: 9388,10002,2523,9743,9514,9788
6349: 9710,5466,6347,6155,9695
874: 9760,359,801,2407,9276,9270
9270: 9736,9821,9719,874,9760,9276
9747: 2585,9361,9669,9986,9774,9630
9940: 3486,9788,3786,10002,9865,9818
9019: 8867,7119,9444,9563,9661,9407
9600: 9894,8885,9126,9038,9297,9629
9719: 9830,9276,9270,9821
1727: 3607,3121,2928,9913,3119,9304
9505: 9740,9395,8596,9359,7847,9344
9591: 4139,10032,9582,9422,9442
9520: 9516,9713,9816,10021,3722
9262: 9935,9328,9569,9521,3027,9734
9424: 9772,9332,9374,3947,9621,2024
9710: 6349,5466,9848,9936,10019,9695
10020: 9979,9911,9896,9906,9666,6011
9647: 9540,9967,9435,9650,9943,9805
9732: 9850
9707: 1525,9421,9760,359,9655,9829
9837: 9950,9329,9487,3486,9865,9757
9598: 9383,3991,9923,9275,9589
3615: 3820,9927,2743,3712,4232,9876
9504: 9560,8879,7565,7979,9564,9307
5775: 9593,7123,9379,9406,6085,9860
9558: 9501,9387,9507
9999: 9866,10027
9841: 709,9654
9831: 10022,9778,9963,9651
9419: 6483,9260,7899,9628,9284,9904
9688: 9349,9423,9864,9836,9587,9916
9846: 9738,9754,5400,9885,5792,5403
8631: 8694,6385,9596,9639,9299,9971
10027: 9999,9866,9887,9646
6204: 9666,6011,9648,9518,6009
9335: 9709,9246,9722,9813,9645,9296
9471: 10035,9867,9305,9614,9306,9343
9472: 9953,7617,9729,10024
910: 
9835: 9738,9754,9764,9696,9852,9915
9993: 7010,9465,9763,9944,9989,9289
9856: 9843,9934,9956
9808: 9302,9574,9604,10017,9985,9632
9604: 9302,9808,5256,4858,9632,9350
9538: 4855,9573,9258,9513,4650,9498
9264: 9530,9291,9812,9514,9488,9495
4937: 4004,4322,9280,9602,4811,4719
9126: 9894,9600,8885,9125,9501,9387
4719: 4811,4826,4710,4004,4937,4616
9567: 9615,9242,9560,9219,9749,9546
4616: 5138,5917,4710,6018,4826,4719
9827: 9749,9546,9811,9610,9858
1619: 
9351: 9555,9579,9535,9970,9845,9411
10040: 9782,9460,9580,217,1793,9626
927: 9895,9635,9780,9606,2554,9389
9403: 9502,9308,9607,9287,9322,9313
3777: 9440,9339,3284,9969,3983,3778
9796: 9679,9697,9759,9790,9704,9485
9789: 9762,10039,9285,10030,9727,9939
9530: 9264,9291,2554,2733,9554,9495
9764: 9724,9696,9801,9835,9738,6849
9960: 9629,10005,9664,9894,9318
9950: 9329,9837,9757,9699,9657
2189: 2280,2468
9611: 9428,9566,9662,9822,10001,9445
9477: 7811,9467,9290,9453,9509,9563
9921: 9922,9897,9766,9890
2526: 1709,2244,2153,2906
3991: 9552,2806,3491,9598
3027: 9269,9521,3121,2540,9262,4218
943: 
944: 
2492: 2685,9737,9247,2305,9415
4858: 5256,4448,4855,4650,9302,9604
7383: 8867,7721,7119,6916,7641,6749
3251: 
9981: 9702,9587,9832
9368: 9971,10043,9584,9596,9497,9660
9439: 9676,9473,9527,10026,3372,1622
9715: 9296,9279,9903,9708,9722,9250
4155: 4463,4146,9331,9489,3860,4255
9552: 9363,3991,9245,9980
5633: 
6967: 6009,9714,10012,6682,9525,7146
6323: 
7992: 8225,8150,9857,8372,8309,9752
959: 
6460: 9550,6930,6639,7811,9467,6916
9250: 3502,9481,9493,9903,9715,9279
9923: 9547,9275,2523,9589,9598,9809
4271: 4073,9394,2968,4169,9608,4773,5574
9269: 9483,9521,3027,4525,4218,9392
10032: 9591,9582,9422,9947,9375,9994
9794: 9673,9858,9811,9996
8044: 
9902: 9903,9358,9470,2721,9708,1553
9812: 9743,9514,9980,9363,9264,9291
9745: 9882,9840,10008,9474,9948
3674: 9433,5870,9543,9502,9512,6348
972: 
8033: 7885,7719,9376,9426,9836,9423
9249: 9429,9360,9583,9562,9861,9784
9800: 9787,9634,9854,9976,9450,9691
9364: 9608,9463,9325,5572,5574,9261
8867: 7721,7723,7383,9019,7119,9407
978: 1052
9374: 9424,9332,2024,9665,9899,9425
9568: 7885,8046,7965,9349,9423,9391
9876: 9955,4232,9927,3615,9766,9922
9483: 9269,9521,9282,9633,9459,9392
9421: 1525,9707,1867,9655,9371,9496
9720: 9708,9722,1553,9624,9813,9319
9790: 3722,3321,9704,9759,9816,9796
9366: 2333,9259,9553,9430,9590,9337
9930: 9971,10043,8694,9926,9919,8498
9332: 9424,9772,9620,9374,9396,9425
9845: 9970,9862,9351,9411,9479,9286
10009: 7146,6583,6389,10012,9517,9880
8807: 8917
4950: 9404,9539,5856,9909,5051
9451: 9730,9954,9948
9573: 4855,9538,9408,9258,9352,9412
3545: 3641
9578: 9410,9367,9455,5564,9872,9490
9381: 9391,9641,9349,9864,9716
9460: 9782,10040,9580,9263,9446,9393
6749: 7641,7009,6930,6916,7383
9495: 9488,9365,9264,9530,2733,1225
9630: 9542,9986,9361,9747,9572,9327
9547: 9923,2523,9809,9933,9788,3786
9536: 9268,9248,9298,9577,9380,9493
9320: 9342,9409,9397,9254,9443,4293
9728: 9973,9823,9769,9656
1006: 
9557: 9388,9488,9365,2536,9316,9470
10016: 9898,9684,9906,9914,9494,9847
7719: 7885,8033,9346,7292,8333,9376
9792: 9992,10006,9941,9873,9817,9776
9749: 9827,9546,9811,9615,9567,9863
7570: 7818,6671,6483,7899,9079
7988: 8513,8296,9617,9448,8225,8372
9762: 10039,10003,9789,9752,9857,10030
4232: 3612,3712,9955,9876,3615,3810
6583: 7146,10009,8596,7505,6389,8081
9834: 9947,9693,9620,9375,9396
9872: 9658,9873,9490,9578,5564,9964
1019: 1340
9344: 9271,8081,9875,8596,9740,9505
9349: 9688,9423,9864,9568,9391,9381
9811: 9827,9749,9858,9673,9794,9863
9727: 9824,10039,9789,9939
9602: 9454,4811,4937,9280,9877,9266
8658: 
9484: 9376,9413,9928,9390,9346,9733
5403: 9636,9639,9846,5400,9627,5792
2987: 9662,9742,3372,2609,9527,9428
9997: 9662,9822,9742,9671,9862,9510
7885: 7719,8033,9568,8333,7965,9423
9766: 9978,9927,9876,9922,9921
8261: 
5207: 6508,4498,4486,3982,9644
9631: 9274,9623,9616,9517,9253,6389
9860: 9724,9696,6085,6280,9601,7123,5775
9301: 9561,9667,9508,9839,7360,9773
10018: 9985,9755,9871,9820,9549
5841: 
5202: 4486,4697,5578,9644,9432,9341
7417: 7847,9952,6682,9466,9735,7505
10038: 3517,10041,9957
1525: 9421,9707,1867,359,2135,2133
9323: 9393,9414,9580,9946,9369,9879
1044: 1616,1617,1446
4347: 4867,9533,4569,4463,4164,4771
5585: 9406,9512,6085,6348,6280,5478
3839: 
2649: 9813,9319,9645,9585,9913,3119
9334: 9938,9356,9988,9917,9353,9592
9862: 9671,9970,9845,9997,9286,9510
9489: 9331,9462,9797,9256,4155,3860
1052: 978
9978: 9766,9966,9927
9731: 9759,9816,10021,9961,9859,9924
9721: 9718,9751,9929
8496: 8694,6385,6665,8498,6093
9775: 9565,9329,700,9416,9345,9699
9635: 9895,9245,927,9363,9291,2554
9634: 9800,9892,9787,8046,9625,9976
6930: 6460,9550,7014,9499,7009,6749
9361: 2585,9747,2778,9542,2509,9630
9214: 9987
9279: 9443,9296,9715,9250,9481,9254
9641: 9391,9381,9625,9976,9739
9885: 9497,5792,9754,9846,9449,9303
4083: 3504,3207,2333,9259,3982,4498
1067: 
9346: 9436,9390,7292,9376,9484,7719
1069: 
9734: 9282,9262,9569,9521
9535: 9555,9351,3559,3166,9541,9411
9543: 9502,9308,3674,9540,9435,9512
9742: 9997,9662,2987,9965,2609,9671
9890: 9921,9897,10028
9680: 9652,9910
9994: 9838,10000,9870,9947,10032,9422
9352: 10013,9412,9573,9408,9482
3641: 3545
9649: 9284,9904,9875,9795,7494,7581
9961: 9554,9859,9389,9267,9731,10021
9292: 9378,9691,9545,9640,9889,8205
5070: 9964,6347,5754,5564,5475,5466
9963: 9651,9942,9457,9735,10022,9831
9626: 9706,683,10040,9580,1793,9369
4169: 2968,4271,4057,2580,9619,9608
9571: 9982,9556,10039,10003,10005,9824
7775: 
4525: 4521,4218,9269,4626,9392
1089: 
9011: 
9607: 9308,9403,9638,4979,9322,2678,9377
9986: 9774,3850,9747,9572,9630
9590: 9248,9430,9441,9804,9337,9366
9583: 9360,9249,9861,9785,9701,9452
9683: 9842,7934
9746: 9441,9853,9657,9958,9757,9298
9660: 9438,9661,9584,10043,9368,9767
9322: 9445,9287,4979,10001,9607,9403
3947: 9932,9621,9756,3255,9424,2024
9990: 9957,9713,9771,9815,10041,9516
9554: 2733,9961,9859,9389,9530,2554,1556
9512: 9406,5585,6348,9543,3674,9540
4569: 4463,4146,4450,5064,4448,4867,4347
9452: 9373,9998,9360,9583,9678,9785
9341: 9896,9914,5202,9644,9685,9432
9935: 3810,2540,9262,9955,9328,9814
8392: 
9751: 9877,9718,9670,9959,9721
9939: 9789,9285,9727
7505: 7146,6583,8596,6682,7417,7847
9780: 9606,9840,9937,9905,9895,927
9866: 9999,10027,9838,9887,9689
9314: 9989,9347,9705,10015,9687,7617
2689: 9748,9405,9257
9927: 9966,3820,3615,9978,9766,9876
10005: 9960,9629,9664,9556,9571,9824
9694: 9312,9886,9832
9522: 9498,4450,9599,9799,9331,4146
9514: 9812,9743,9264,9388,9321,9488
9237: 7565,9079,6480,9420,9640,9307
6249: 9690,9763,9725,6155,9347
9760: 874,359,9736,9270,9707,9829
9624: 9491,9333,9720,1553,9319
9492: 9881,9581
9610: 9613,9564,9618,9827,9546
9791: 9883,9807,9699,9385,9345
5331: 
9928: 9486,9729,9390,9733,10024,9484
9125: 9615,9242,8885,9126,9548,9387
9441: 9853,9804,9746,9248,9590,9298
1616: 1044,1873
9931: 9891,9888,9949
9915: 9852,9622,9593,7123,9696,9835
7176: 
2403: 1592,9819,1950,2407,2133,9399
9675: 9532,9286,10010,9810,9510,9659
6280: 9601,9575,5478,5585,6085,9860
9345: 9288,700,9775,9791,9699
9490: 9658,9872,9578,9367,5051
9497: 9596,9885,5792,9449,9584,9368
9402: 10034,9944,9643,9354,9310,9465
9289: 9989,9705,7010,9993,9486,9534
9887: 9599,9799,9646,9866,10027,9689
9692: 8309,9750,9336,9893,9786,9293
9702: 9836,9886,9587,9832,9426,9981
3612: 3712,4232,9679,9304,2928,3810
3210: 4603,5215,9409,9397,6018,5917
6483: 9419,9260,7899,6671,6093,7570
9759: 9816,9731,9790,9485,9924,9796
9777: 4131
9541: 9605,2580,9411,3166,9535,2391
10033: 9398,9325,9659,9595,9532,9463
9956: 9674,9856,9586,9843
9447: 9651,9942,9373,9998,9434
9991: 10026,9946,9369,9706,9676,9272
9690: 6249,9695,9763,10034,9944
9958: 9865,9757,9818,9380,9746,9298
9619: 9608,9463,9595,9605,2580,4169
9532: 9675,9286,9595,9479,10033,9659
9252: 9478,9290,9355,9588,9593,9622
4650: 9498,4450,4855,9538,4858,4448
3284: 9570,9900,9969,3777,3471,3983
9678: 9480,9360,10025,9452,9373,9711
9589: 9923,9326,9598,9383,9809,9273
9355: 9478,9252,5882,5876,9588,5975,6071
5882: 6731,7360,5876,6071,6358,9355
9456: 9686,9277,9828,9378,9545,9984
8990: 7901,8991,9038,9194,9297,9317
9744: 9756,10036,9912
9946: 10026,9991,9369,9879,9323,9962
9453: 9852,9622,9290,9477,9509,9303
9326: 9793,9907,9383,9273,9589
9369: 9946,9991,9323,9580,9706,9626
9805: 5876,5975,9650,9967,9647,6731
5138: 4616,9562,5917,4826,9503,9429
9884: 9603,9261,5572,9848,10019,9667
9449: 9444,9509,9303,9584,9885,9497
1178: 1340,1594
9457: 9559,9466,9735,9531,9963,9942
9455: 4773,5754,5564,9394,9578,9410
9408: 4855,9573,9352,9482,9302,9574
9357: 4710,3907,6018,9761,9342,9397
9704: 9790,3321,2743,9679,9796,3712
4773: 9455,5754,9394,4271,5574
2321: 2699,9663,2778,2600,9758,2585
9330: 9526,9370,9313,9570,9433,9506
8333: 7292,7641,7721,7885,7719,7965
9296: 9443,9715,9279,9722,9335,9246
2551: 
9478: 9290,9252,9355,6639,6071,9467
9975: 10015,9783,10006,9817,9725
9774: 9986,9874,9899,9747,9669
2662: 2953
9443: 9296,9279,9246,9342,9320,9254
6978: 
9949: 9888,1861,9931
9768: 9753,10031,9898,9684,9714
9951: 9733,9312,10024
5250: 
2244: 1709,2526,2906
9328: 9814,9825,9569,9935,9262
4450: 4650,9498,9522,4569,4146,4448
9380: 9577,9818,2536,9316,9958,9536,9298
9980: 9812,9743,9363,9552,9275
8766: 7581,7318,7821,7996,7901,8991
9498: 4650,4450,9522,9513,9599,9538
9654: 709,9841
9263: 9461,9803,9446,9393,9460
9475: 3778,4891,4485,9384,9278,9432
9998: 9452,9373,9531,9785,9942,9447
2459: 
9865: 9958,9757,3486,9940,9837,9818
9799: 9599,9887,9331,9797,9689,9522
9017: 
2669: 
7353: 
9875: 9271,9344,9740,9904,9649,9795
8451: 9857,9340,10030
10031: 9753,9779,9768,9714,10012,9880
9919: 9926,9889,8205,9930,8498,7478
9966: 3820,9927,3517,9978
9839: 9603,9920,10042,9667,9301,9773
9828: 9450,9739,9545,9984,9681,9456
6480: 9237,9079,8205,6671,7478,9640
1225: 1556,2733,2721,9365,9495
7086: 
7152: 6507
1996: 
9303: 9449,9509,9852,9453,9754,9885
6682: 6967,9525,9466,7146,7505,7417
9462: 9489,9797,10000,9422,9256,9442
4891: 3778,9475,4893,4697,9432
9312: 9733,9951,9413,9694,9886
9511: 9384,9601,9575,9278,9908,9309
9555: 9351,9579,9535,4139,9609,3559
9307: 9613,9564,7565,9237,9420,9504
8710: 9982,8770,8296,8372,10003,9752
9343: 9614,9867,9471
9313: 9526,9330,9287,9502,9403,9433
1240: 
4521: 4525,4218,3607,9700,9717,4626
9005: 
3486: 9940,3786,9974,9837,9487,9865
9254: 9320,9481,9443,9279,4293,3207
9556: 9982,9317,9571,9297,9629,10005
1246: 
9932: 3947,9756,10036,10011,3255,9576
6639: 9458,6071,9478,6460,9550,9467
10023: 9542,9965,9327,9579,9671,9970
9901: 9305,5856,5051,9658,10035,9941
4855: 9573,9538,9408,4650,9302,4858
3166: 3559,9256,9535,2391,3860,9541
9458: 6639,6071,6358,9310,9354,9550
9438: 9661,9660,9407,9892,9787,9767
8225: 7992,8150,8372,9448,7988
10036: 9891,10011,9932,9756,9744
8917: 8807
9933: 9869,9974,9809,616,9547,3786