9266: 9877,9602,9718,9348,9523
9886: 9426,9702,9413,9694,9312,9832
9339: 4891,3777,9440,9337,9553,4893
9882: 9474,9245,9745,9895,9840
9378: 9545,9292,9640,9420,9277,9456
9556: 9982,9317,9571,9297,9629,10005
6507: 7152
3486: 9865,9940,9837,9974,3786,9487
4811: 9454,4719,6018,5138,9503
3874: 3471,4485,9506,9575,5870,9384
5975: 9588,9355,9805,9379,6731,5876
8475: 
9376: 9484,9413,9346,7719,8033,9426
10012: 6967,9714,10031,9880,9768,10009
9954: 3295,9730,9451,9948,3491,9474
9562: 9249,9429,5138,3210,5215,9784
1556: 2733,9491,1225,9859,9530,9554,9495
9482: 9408,9574,9352
10017: 9985,9871,9808,9574
10007: 8970
9833: 9953,9687,9783
10011: 9925,9891,10036,9878,9932,9576
9394: 9410,9455,9533,2968,5574
2280: 2189
9092: 
9962: 1622,10026,9663,9879,9946,2699
7010: 9465,9993,9499,9534,7014,9289
5215: 3210,9409,4603,9668,9784,9562
9354: 9550,9499,9402,9310,9458,9465
4218: 3027,9269,4525,3121,4521,3607
30: 
4867: 5755,4771,9311
9768: 10031,9898,9684,6009,9714,10012
9848: 9710,5466,5475,10019,9884
34: 
7009: 7292,7641,6916,6930,9436,7014
9294: 9480,9503,9454,9523,9703,10025
9663: 9918,9758,2778,9879,2699,9962
9392: 9633,9483,4322,9269,4525,4004
8694: 8631,6385,6665,9971,9930,8498
40: 
6085: 9512,5478,6280,7123,9406,9860
9533: 2968,4164,4771,9311,9410,9394
9362: 10042,9529,9398,9244,9377,9476
9782: 9446,9460,9907,217,9338,10040
9265: 9909,5856,9549,9968,9305,9306
9317: 9982,9556,8991,8770,7901,9297
9588: 9252,9355,5975,9379,9622,9593
6884: 
7345: 7080
2600: 9758,2585,2685,9295,9247,9669
9633: 9483,9392,4322,9459,9670,9280
9280: 9877,9670,9602,9633,4322,4937
9005: 
9645: 9335,9709,9813,2649,3119,9717
9295: 9427,9247,9528,9918,2600,9758
56: 
1740: 
4322: 9633,9392,4004,4710,4937,9280
9469: 9309,9417,9801,9847,9908,9494
5010: 4603,3903,9668,4498,6508,9401
9945: 9826,9719,9821
9779: 9753,10031,9880,9627,5408,9977
9914: 9896,9341,9685,9847,10016,9906
9851: 687,492
9943: 9638,9435,9647,9920,9529,9650
4893: 9553,4697,5578,4891,9339,5202
8150: 9692,9336,9356,7992,8309,9750
5475: 9364,5574,5754,5466,9848
9855: 6695
9566: 9445,9611,9428,9324,9431,9315
9829: 9707,9270,9760,9736,9655,9798
9434: 9373,9711,9447
73: 336
9709: 9335,9246,9645,9700,9717,9761
4891: 9475,3777,9339,4697,4893,9432
9519: 9285,10030,9594,9340
4979: 2678,9810,10010,10001,9607,9322
9325: 9476,9261,10033,9398,9463,9364
9854: 9926,9889,9767,9800,9787,9691
9508: 9310,9561,7360,9301,9643
10023: 9579,9970,9542,9327,9671,9965
9398: 10033,9659,9244,9476,9325,9362
9765: 9677
9699: 9775,9345,9329,9950,9883,9791
9629: 9960,10005,9894,9297,9556,9600
9415: 9737,2492,2305,9637,9251,9283
9510: 10010,9822,9675,9997,9862,9286
9814: 9328,9825,9955,9922,9897,9935
5640: 
7355: 
9691: 9545,9292,9800,9854,9889,9450
9922: 9921,9897,9766,9955,9876,9814
9853: 9657,9746,9441,9698,9804
9617: 9938,10029,7988,7494,9795,8513
7318: 7581,8766,7818,9284,7899
9880: 10031,9779,10012,9977,9517,10009
9698: 9969,9440,9657,9853,9883,9807,9804
9787: 9800,9634,9892,9438,9854,9767
3321: 3820,3712,3715,3731,9704
2523: 9321,9743,9923,9275,9547,9788
9738: 9835,9754,9846,9764,5400,6849
8710: 8296,8770,8225,9752,9982,10003
9907: 217,9273,9326,9338,9793,9782
9754: 9835,9738,9846,9852,9303,9885
9819: 9972,9500,9748,1950,2403,9399
9857: 9752,8309,9340,9762,10030
9565: 9487,9806,9515,9329,9416,9775
9918: 9663,9758,9295,9528,9879,9414
9788: 9547,3786,9321,2523,9940,10002
8225: 7992,9752,7988,9448,8296,8710
9426: 9702,9886,9376,9413,8033,9836
9722: 9715,9708,9720,9813,9335,9296
5400: 9627,5408,6849,9738,9846,5403
3982: 2333,4083,3504,4498,5207,9259
9761: 9342,9357,9246,9709,9700,3907
9852: 9622,9453,9915,9835,9754,9303
8189: 
9858: 9827,9811,9996,9794
6682: 6967,9525,9466,7146,7505,7417
9724: 9860,9696,9764,9601,9309,9801
10010: 9510,9822,9675,10001,9810,4979
9609: 9572,9327,9555,4139,9579
9729: 9705,7617,9486,10024,9472,9928
9405: 9257,9748,9682,9612,9551,9949
9878: 9972,9500,9925,10011,9576,9255
4485: 3471,3874,3983,9475,9384
127: 
7119: 9019,7383,7811,6460,7641,6916
9964: 5564,9872,9873,6349,5070,9776
9713: 9990,9957,9516,9520,3722
9838: 9870,9866,9994,9689,10000
9899: 9425,9374,9665,9774,9874
9982: 9317,9556,9571,8770,8710,10003
4463: 4569,4146,4255,4155,4347,4164
2333: 4083,9430,3701,3982,9366,9259
1729: 
9245: 9882,9895,9552,9980,9363
9467: 6071,6460,9478,9477,9290,7811
9974: 3486,9869,3786,9933,9487,9806
9868: 4941
141: 
7181: 
9572: 9609,3850,9986,9327,9630
5564: 9964,9872,9455,9578,5754,5070
1793: 616,9869,683,217,9626,10040
3119: 9913,1727,2649,9645,3607,9717
3540: 3345
9431: 9288,9464,9324,9566,9300,9315
8498: 8496,7478,9919,9930,8694,6665
5870: 9575,9433,3874,9506,6348,5478
3121: 2540,2928,1727,3607,3027,4218
9407: 9438,9661,9563,8867,9019,9892
5578: 9553,4697,4893,4486,9259,5202,9644
9401: 9979,9911,6508,5010,9668,9726
155: 
156: 
9708: 1553,9720,9902,9903,9715,9722
9644: 9911,5578,6508,4486,9896,5202
9382: 9637,9255,9500,9399,1525,1867
9246: 9335,9709,9296,9342,9443,9761
9985: 10017,9871,9808,9632,9755,10018
9957: 9990,10041,9713,10038,3731,3715
8921: 
10002: 9316,9818,9788,9388,9321,9940
9606: 9905,9267,9780,927,9635,9389
4521: 3607,9700,9717,4218,4525
2858: 3835
1225: 2733,9491,1556,1553,9624,2721
9983: 8346
7934: 9683,9842
9485: 9924,9333,9759,9796,9697,9585
9324: 9428,9473,9527,9464,9431,9566
9319: 9813,2649,9585,9333,9720,9624
9446: 9460,9263,9782,9803,9537,9338
3607: 4521,9717,3119,1727,3121,4218
2194: 
9413: 9376,9484,9733,9312,9426,9886
9843: 9934,9770,9586,9856,9281
9523: 9348,9703,9454,9266,9294
9736: 9823,9769,9821,9829,9270,9798
9648: 9400,9701,9849,6009,9666,9518
8766: 7581,7318,8991,7818,7996,7901,9081
3504: 9481,4293,3207,4083,3982,4498,3903
9601: 9575,6280,9511,9724,9860,9309
9253: 9977,9517,9631,9636,9299,9274
9581: 9653,9844,9881,9492
9596: 9497,5792,9639,9971,9368,8631
9259: 5207,4486,9366,2333,3982,9553,5578
9895: 9780,9840,9882,9245,9635,9363
8264: 
9367: 9539,9311,9410,9578,9490
9258: 9573,9412,9723,9513,9538
9299: 9636,9639,9253,8631,6385,9274
9893: 9692,9336,9437,9786
9433: 9330,9313,9502,9506,6348,5870
1950: 2407,9281,1592,9257,9748,9819
9450: 9739,9828,9976,9800,9545,9691
9741: 1849
9881: 9716,9995,9653,9581,9492
9700: 4521,9717,9709,4525,9761,4004,3907
9650: 9805,6731,9920,9943,9647,9773
4941: 9868
9669: 9774,9747,9874,2685,2600,2585
3731: 9790,3722,9704,9957,3321,3715
9976: 9739,9450,9625,9800,9634,9641
9385: 9900,9791,9288,9345,9300,9370
9662: 9997,9742,2609,9428,2987,9822,9611
1594: 1178
2778: 9663,9758,2585,9361,2509,2699
9870: 9838,9693,9947,9994
9815: 9771,9990,10041
9586: 9843,9956,9856,9281,1592,9674
6071: 9467,6460,9478,9458,5882,9550
10000: 9797,9689,9838,9422,9994,9462
7080: 7345
9849: 9726,9861,9979,9666,9648,9701
217: 9907,9273,9782,10040,616,1793
9941: 9992,10035,9658,9901,9873,9792
9908: 9685,9278,9511,9469,9309,9847
9920: 10042,9529,9943,9839,9773,9650
9569: 9328,9825,9734,9262
9544: 10022,9778,9952,9359,9712,9386
7901: 8990,9081,8766,8991,9317
9529: 9920,10042,9362,9377,9638,9943
7292: 7641,7009,9436,9346,7719,8333
9656: 9781,9537,9769,9728
9681: 9653,9844,9739,9828,9984
7494: 9649,9795,9617,7581,8513
7965: 7719,8033,8333,8046,9568
8904: 
9716: 9881,9864,9995,9381,9653
9470: 2536,9577,9557,9365,2721,9902,9358
9515: 9806,9565,9706,683,9272,9416
5064: 5755,4347,4771,4569,4448,5256
9677: 9765
9769: 9823,9736,9728,9781,9656,9798
237: 
9261: 9603,9476,9325,9364,9884
9248: 9298,9441,9536,9268,9590,9430
9970: 9579,10023,9351,9671,9862,9845
9965: 9742,9671,9542,2974,2509,10023
9667: 10019,9561,9884,9603,9839,9301
9461: 9642,9496,10037,9803,9263
9593: 9622,9915,9379,5775,9588
8391: 
9373: 9452,9998,9711,9678,9447,9434
9723: 9646,9513,9258
9570: 3471,9506,9370,3284,9900,9330
9594: 9750,9340,9293,9519
9637: 2305,9382,9255,9251,1867,9415
2305: 9637,1867,2492,9415,9247,9372
9971: 10043,9368,9930,9596,8694,8631
9575: 6280,9601,5870,9384,3874,5478,9511
9830: 9674,9276,9956,9826,9719
9445: 10001,9611,9566,9287,9315,9322
9673: 9794,9811,9672,9863
9612: 10004,9551,9770,9257,9405
9516: 9520,9771,9990,9713
10035: 9992,9941,9867,9901,9305,9471
7899: 7570,6483,9284,7318,7818
9406: 5775,7123,9512,6085,9540,9967
9824: 9727,9664,9571,10039,10005
10006: 9975,9992,9817,9792
9822: 10010,9510,9997,9662,10001,9611
10031: 9753,9779,9880,9768,9684,10012
9917: 9386,9353,9988,9712,9334,9592
2391: 3860,4255,9541,3166,4057,2580
9832: 9981,9694,9702,9886
9257: 9405,9748,9612,9770,1950,9281
7721: 8046,7383,8333
5856: 9909,9265,4950,5051,9901,9305
9582: 3850,9375,9597,9591,10032
9874: 9774,9669,9665,9737,2685,9899
274: 
275: 
2476: 
9418: 9772,9621,9912
9486: 9390,9534,9289,9705,9729,9928
8046: 9625,7723,7721,7965,8333,9568
2609: 9662,9742,2974,9439,1622,9527,2987
9592: 9356,9334,9353,9917,9437,9336
2585: 2600,9758,2778,9669,9747,9361
3471: 4485,3874,9506,9570,3284,3983
9969: 9440,9698,9807,3284,3983,3777
9546: 9827,9564,9610,9560,9567,9749
9909: 9265,5856,9549,9404,9755
9793: 9907,9326,9338
9481: 9254,3207,3504,3502,9279,9250,4083
10037: 9496,9655,9781,9803,9798,9461
9494: 10016,9684,9469,9417,9847,9753
6695: 9855
3786: 9547,9933,9788,3486,9940,9974
3907: 4004,4710,9700,9761,9357
3983: 9475,3777,3284,9969,3471,4485
9979: 10020,9911,9401,9726,9849,9666
9726: 9849,9861,9784,9668,9979,9401
10042: 9920,9529,9362,9603,9476,9839
9473: 9324,9527,9439,9676,9468,9464
299: 411
9613: 9564,9610,9307,9420,9277,9618
9686: 9984,9277,9456,9618
9801: 9469,9309,9417,9724,9764,6849
10029: 9938,9617,9988,9395,9740,9795
9307: 9613,9564,9237,9420,9079,9504
9755: 9632,9404,9985,10018,9909,9549
8296: 8513,8770,7996,8710,7988,8225
9682: 9405,9748,9949,9888,9925,9972
9772: 9418,9332,9621,9424,9620
10036: 10011,9891,9744,9932
9836: 9688,9423,9426,9702,9587
9585: 2649,9319,9485,9333,9697,9913
9542: 9361,9327,9630,2509,10023,9965
5754: 5475,5574,4773,9455,5564,5466,5070
9500: 9819,9972,9878,9399,9382,9255
9733: 10024,9951,9484,9413,9928,9312
316: 
9888: 9949,9931,9682,9925,9891
9291: 927,9635,9363,9530,9812,9264
9712: 9988,9395,9359,9544,9386,9917
3860: 2391,4255,4155,9256,9489,3166
10025: 9711,9678,9480,9294,9703
9916: 9587,9688,9864,9995
6155: 6249,9695,6349,9776
9428: 9324,9527,2987,9662,9611,9566
9410: 9455,9394,9578,9533,9311,9367
9503: 9480,9294,5138,9454,4811,9429
9411: 9541,9605,9535,9351,9479,9845
9714: 6967,9525,10012,6009,9518,9768
9597: 9425,9375,9396,3850,9582
9580: 9626,9369,10040,9393,9460,9323
9873: 9964,9872,9658,9941,9776,9792
9599: 9646,9887,9513,9799,9498,9522
9803: 9781,9537,10037,9461,9446,9263
3533: 
9327: 9542,9630,9609,9572,9579,10023
336: 73
9643: 10034,9402,9936,9561,9310,9508
9420: 9640,9237,9378,9277,9613,9307
9753: 10031,9779,9417,9684,9494,5408
9951: 9733,10024,9312
2699: 2974,2509,9663,2778,1622,9962
9778: 10022,9544,9831,9386
2024: 9374,9665,9283,9424,3947,9756
3722: 9790,3731,9520,9713,9816
8426: 
7340: 
9926: 9854,9889,9767,10043,9930,9919
9826: 9945,9719,9830
3207: 9254,9481,4293,3504,3903
9912: 9744,9756,9418,9621
6731: 9805,9650,7360,9773,5876,5975
10024: 9733,9951,9472,9729,9928
3345: 3540
9316: 9818,10002,9380,9388,9577,9557
10003: 9762,10039,8710,9752,9982,9571
9697: 9679,9796,9485,9585,9913,9304
6420: 
7581: 7318,8766,7494,8513,7996
359: 2403,2133,2407,874,9707,9760
9891: 9925,10011,10036,9888,9931
4486: 5207,6508,9259,5578,5202,9644
2906: 2526,2244
9757: 9657,9746,9950,9865,9837,9958
9911: 9979,10020,9644,9401,6508
9987: 9214
9821: 9823,9736,9945,9719,9270
6849: 5408,5400,9764,9417,9801,9738
9689: 9797,9799,10000,9838,9866,9887
3850: 9572,9582,9986,9597
9628: 9616,9623,9271,9419,9260,9904
6140: 
1666: 
9701: 9648,9400,9849,9861,9785,9583
9671: 9997,9742,9965,9970,10023,9862
9748: 9257,9405,9682,1950,9819,9972
376: 492
9499: 9354,9550,6930,7010,9465,7014
9584: 9368,9660,9449,9444,9497,9661
9329: 9487,9565,9837,9775,9699,9950
9476: 9603,9261,9325,9398,10042,9362
9929: 9718,9721,9348
9463: 10033,9595,9619,9608,9364,9325
9813: 2649,9319,9720,9722,9335,9645
384: 
9271: 8081,9344,9875,9616,9628,9904
9984: 9686,9456,9828,9844,9681
9276: 9674,9830,874,9719,9270,9760
9608: 9619,4169,9463,9364,5574
9391: 9641,9381,9349,9568,9625
8879: 9560,9504,9219,7565,8990,9081,9194
9454: 4811,4719,9602,9503,9294,9523
1867: 1525,2305,9382,9637,9372
9379: 9967,9805,5775,9588,5975,9593
2459: 
9616: 9274,9623,9628,9631,9271,8081
9668: 4603,5010,5215,9401,9726,9784
9312: 9694,9733,9951,9413,9886
7723: 8046,9625,8867,9634,9892
2364: 
9549: 9909,9265,9755,9968,10018
9444: 9449,9509,9477,9661,9563,9584
9194: 8990,9081,8879
9145: 
9311: 9539,9367,4867,5755,4771,9533,9410
1996: 
9540: 9512,9543,9435,9647,9967,9406
9802: 9672,9507
9331: 4146,9522,9797,9799,9489,4155
9638: 9435,9943,9377,9607,9308,9529
9752: 8225,9857,8710,9762,10003
411: 299
9488: 9495,9264,9388,9514,9557,9365
7123: 5775,9406,6085,9860,9696,9915
9646: 9599,9887,9513,10027,9723
9397: 9342,9320,9357,6018,3210,9409
4771: 4867,5755,4347,5064,9533,4164,9311
9081: 7901,8990,9194,7565,8766,7818,8879
9640: 9237,9420,6480,8205,9378,9292
9900: 9807,3284,9385,9791,9370,9570
9679: 9796,9697,9704,3612,3810,9304
9343: 9614,9471,9867
9847: 9469,9685,9908,9914,10016,9494
9303: 9449,9509,9852,9453,9754,9885
424: 1529
9555: 3559,4139,9535,9609,9579,9351
9247: 9427,9295,9372,2305,2492,2685,2600
9595: 10033,9463,9532,9605,9479,9619
9968: 9265,9549,9306
10039: 9762,10003,9571,9789,9824,9727
7811: 7119,9019,9467,6460,9477,9563
9255: 9382,9637,9251,9500,9878,9576
9877: 9266,9670,9280,9718,9751
10026: 9439,1622,9962,9946,9676,9991
3820: 9927,3321,3712,3715,9966
9539: 9311,9367,4950,5755,9404,9350
9309: 9469,9801,9601,9908,9511,9724
9551: 9612,9949,9405
8885: 9126,9600,9219,9297,8990,9125
8513: 8296,7996,7494,9617,7988,7581
9797: 9689,9799,10000,9462,9489,9331
9693: 9834,9870,9947
9017: 
9996: 9858,9794
10008: 9745,9840,9937
9517: 9977,9253,9631,9880,6389,10009
3743: 
9784: 9726,9861,9668,5215,9249,9562
9942: 9963,9651,9447,9998,9457,9531
449: 
6018: 5138,3210,9397,9357,4710,4616,4811,4719
9448: 9356,9334,9938,7988,8225,7992
7958: 
9371: 9496,9421,9427,9372,9642
9973: 9728,9823
5792: 9596,9885,9497,9846,9639,5403
456: 
9988: 9395,9712,9917,9938,10029,9334
9666: 6009,6204,9979,10020,9849,9648
9933: 9547,3786,9809,616,9869,9974
9938: 9617,10029,7988,9988,9334,9448
9365: 9557,9470,9495,9488,2733,2721
5129: 
9300: 9526,9370,9315,9288,9431,9385
8991: 8766,8770,7996,7901,9317
9360: 9249,9429,9480,9452,9583,9678
466: 
9665: 9374,2024,9283,9737,9899,9874
9166: 10014
9432: 9685,9278,9475,4891,4697,9341
9615: 9567,9125,9749,9863,9548,9387
9670: 9877,9280,9633,9459,9959,9751
9561: 9667,10019,9301,9643,9936,9508
9850: 698,9732
9995: 9716,9881,9864,9916
475: 535
2540: 9935,3121,2928,9328,3027,9262
9809: 9547,9933,9273,9589,9923,616
2133: 2403,359,9399,9707,1525,9421
9414: 9879,9323,9393,9528,9918
480: 
9496: 9655,10037,9421,9371,9461,9642
9466: 9457,9559,6682,9525,7417,9735
9840: 9895,9780,9937,9745,10008,9882
9711: 9678,10025,9373,9434
9717: 4521,3607,9700,3119,9709,9645
1622: 9439,10026,9962,2974,2699,2609
8770: 8296,7996,8710,8991,9982,9317
9550: 9354,6930,9499,9458,6071
9277: 9686,9456,9618,9378,9420,9613
4498: 5207,6508,3982,3504,3903,5010
9079: 6671,7570,7565,9237,9307,9504
492: 376,687,9851
8599: 
9627: 5408,5400,9779,9636,5403,9977
1529: 424
9577: 2536,9557,9470,9316,9380,9536,9358
1246: 
9527: 9428,9473,9324,2987,9439,2609
1709: 2526,2244,2153
9524: 9459,9959,9282
9739: 9828,9450,9976,9641,9681
5876: 7360,6731,5882,9355,5975
9359: 9505,9395,9712,9952,7847,9544
8737: 
8627: 
9785: 9452,9998,9583,9400,9701,9531
9842: 9683,7934
9427: 9295,9247,9372,9371,9642,9528
7259: 
4134: 
9632: 9404,9350,9755,9604,9985,9808
7880: 
513: 
1849: 9741
9531: 9457,9559,9400,9785,9998,9942
9603: 9476,9261,10042,9667,9884,9839
9353: 9386,9917,9437,9592
9416: 9272,9468,9565,9515,700,9775
9684: 10016,9898,9494,9753,10031,9768
9652: 9910,9680
6041: 
9436: 9390,9534,7014,7292,7009,9346
2407: 1950,1592,874,2403,359
9823: 9736,9769,9821,9973,9728
9318: 9960,9894,9501
9286: 9862,9479,9845,9510,9675,9532
9564: 9613,9610,9307,9560,9504,9546
9621: 9418,9772,9912,9756,9424
9903: 9715,9250,9708,9902,9358,9493
6916: 7641,7009,6930,6460,7119
9474: 9882,9954,9948,9745,3491
9871: 9985,10017,9820,10018
9310: 9458,9508,9402,9643,9354
6480: 9640,9237,7478,6093,8205,6671
535: 475
3903: 4603,5010,4293,3207,3504,4498
537: 
9545: 9378,9292,9691,9828,9450,9456
9393: 9460,9263,9323,9414,9580
9273: 9907,217,9326,9589,616,9809
9525: 6682,6967,9714,9518,9559,9466
9703: 9523,9294,10025
9283: 2024,9665,3947,9251,9737,9415
9278: 9685,9908,9432,9511,9475,9384
9507: 9548,9558,9387,9802
7002: 
2153: 1709,2526
9919: 8498,7478,8205,9930,9926,9889
9464: 9288,700,9431,9468,9473,9324
9807: 3284,9900,9791,9883,9969,9698
9905: 9267,9606,9780,9937
9293: 9692,9786,9750,9594
10014: 9166
9518: 6009,9648,9400,9714,9525,9559
9425: 9899,9597,9332,9374,9396
9479: 9286,9845,9605,9411,9595,9532
4146: 4569,9331,4463,9522,4450,4155
9825: 9328,9569,9814,9897,10028
9267: 9905,9606,9389,9961,10021
9658: 5051,9901,9490,9872,9873,9941
561: 760
9756: 9932,3947,9744,9912,9621,2024
9614: 9471,9306,9343
9883: 9657,9950,9699,9807,9791,9698
4448: 5256,4858,4569,4450,5064
9879: 9946,9323,9414,9918,9663,9962
9396: 9834,9375,9620,9332,9597,9425
1446: 1617,1044
10004: 9612,9934,9770
2468: 2189,2658
9404: 9632,9350,9755,9539,4950,9909
2721: 1553,9902,2733,1225,9470,9365
9275: 9552,9980,9923,9598,2523,9743
9587: 9916,9702,9836,9688,9981
10015: 9975,9783,9725,9347,9687,9314
10034: 9402,9643,9936,9690,9695,9944
9844: 9653,9681,9581,9984
4004: 3907,4710,9700,4525,9392,4322
9459: 9524,9959,9282,9633,9483,9670
9687: 9833,9953,10015,9783,7617,9314
9563: 9661,9407,9444,9477,9019,7811
9659: 10033,9398,9532,9675,9244,9810
9953: 9833,9687,7617,9472
1873: 1616
7014: 9436,9534,7010,6930,9499,7009
9977: 9517,9253,9627,9779,9880,9636
9898: 10016,9684,9906,6009,6204,9768
9537: 9781,9803,9656,9446,9338
9773: 9839,7360,9301,9920,6731,9650
5332: 
9657: 9853,9746,9757,9950,9883,9698
9618: 9686,9277,9613,9610
9767: 9926,9854,9438,10043,9660,9787
9672: 9863,9548,9673,9802
9904: 9284,9649,9628,9271,9875,9419
596: 731
8614: 
9308: 9403,9607,9502,9638,9435,9543
8318: 
9763: 9989,9347,9690,6249,9993,9944
9281: 1950,1592,9843,9770,9586,9257
9676: 9272,9991,9468,9439,10026,9473
9298: 9958,9248,9441,9536,9380,9746
6671: 7570,9079,6093,6483,9237,6480
5755: 4867,5064,4771,5256,9350,9539,9311
9377: 9244,2678,9607,9529,9362,9638
4710: 4004,3907,4616,9357,4322,6018,4937,4719
9409: 3210,5215,4293,9397,9320,4603
9955: 3612,3810,9876,9922,9935,9814
9750: 9594,9340,9692,8150,8309,9293
9740: 9505,9395,9344,9875,9795,10029
1571: 
9251: 9637,9255,3947,9576,9283,9415
614: 
9718: 9877,9266,9721,9751,9348,9929
616: 1793,9869,217,9273,9809,9933
9579: 9970,10023,9351,9609,9327,9555
9287: 9445,9526,9315,9403,9322,9313
9653: 9844,9681,9581,9716,9881
9605: 9541,9411,9479,9619,2580,9595
9422: 9591,10032,9994,10000,9462,9442
2685: 9737,2492,9247,9669,9874,2600
9386: 9353,9917,9544,9778,9712
9288: 9464,700,9431,9345,9300,9385
3835: 2858
9867: 9992,10035,9471,9343
9861: 9726,9849,9784,9249,9701,9583
1592: 1950,2407,9281,9586,9674,874
8596: 7146,6389,7505,7847,8081,9344,9505
3295: 9730,9954,2806,3491
3502: 9268,9493,9250,4083,3701,9481
7641: 7292,7009,6916,7119,7383,8333
9358: 9493,9577,9470,9902,9903
634: 698
7353: 
2678: 9244,9377,9810,4979,9607,9322
5466: 9710,6349,9848,5070,5475,5754
9685: 9278,9908,9432,9341,9914,9847
9297: 8990,9317,9556,9600,8885,9629
9468: 9272,9416,9676,9473,9464,700
9388: 9321,9514,9488,9316,10002,9557
9636: 9639,5403,9299,9627,9977,9253
9696: 9724,9860,9764,7123,9915,9835
9429: 9249,9360,9562,5138,9480,9503
645: 
2928: 9935,2540,3121,3810,1727,9304
9493: 9358,9268,3502,9536,9903,9250
5051: 9658,9901,9490,4950,5856
9967: 9805,9379,9647,9540,5775,9406
9894: 9960,9629,9126,9600,9501,9318
9342: 9397,9443,9761,9320,9357,9246
7565: 7570,9079,7818,9504,8879,9081
9948: 9451,9745,9954,9474
4255: 3860,2391,4155,4463,4057,4164
9816: 10021,9731,9520,9790,3722,9759
7936: 
9333: 9924,9485,9491,9624,9319,9585
9438: 9661,9407,9660,9787,9892,9767
9509: 9449,9444,9303,9477,9290,9453
2658: 2468
5426: 
9511: 9278,9908,9575,9601,9384,9309
9526: 9300,9370,9315,9287,9330,9313
9776: 9817,9792,9964,9873,6155
9559: 9457,9466,9531,9518,9400,9525
9372: 9427,9247,2305,9371,1867
9370: 9526,9300,9900,9385,9330,9570
7780: 
9623: 9274,9616,9628,6385,6665,9260
4164: 9533,4057,2968,4463,4255,4347,4771
9818: 9316,10002,9380,9865,9940,9958
9260: 9419,6665,9623,9628,8496
9758: 9918,2600,9663,2778,2585,9295
3701: 2333,4083,9430,9268,3502
7439: 
9989: 9763,9347,9993,9705,9314,9289
9502: 9433,9313,9403,9308,6348,9543
9642: 9461,9528,9371,9496,9427
2733: 1556,1225,9495,9365,2721
9285: 9519,10030,9789,9939
9506: 3471,3874,9570,9433,9330,5870
9480: 9503,9294,9429,9360,9678,10025
683: 1793,9869,9626,9706,9806,9515
3712: 9927,3820,3321,9704,3612,9876
9924: 9485,9333,9759,9731,9491,9859
3491: 2806,3991,3295,9954,9474
687: 9851,492
9491: 1556,1225,9859,9924,9333,9624
9560: 9504,8879,9219,9564,9546,9567
9661: 9438,9407,9563,9444,9660,9584
9256: 9462,9442,9489,3559,3860,3166
9770: 9934,9843,9612,10004,9257,9281
4139: 9555,3559,9591,9609,9442
9384: 9575,4485,3874,9475,9278,9511
9771: 9815,9516,9990
9786: 9692,9893,9293
7152: 6507
698: 9732,9850,634
7478: 8496,8498,6093,8205,9919,6480
700: 9288,9464,9416,9468,9775,9345
9651: 9963,9942,9447,9831
9695: 9690,6155,9710,6349,10034,9936
9925: 10011,9891,9888,9682,9972,9878
9290: 9509,9477,9252,9453,9467,9478
9934: 9843,9770,10004
9244: 2678,9377,9810,9398,9659,9362
707: 
9952: 7417,7847,9735,10022,9544,9359
709: 9841,9654
2580: 9619,4169,2391,9541,9605,4057
9869: 616,1793,683,9933,9806,9974
9513: 9599,9646,9723,9258,9538,9498
9315: 9526,9300,9431,9445,9566,9287
10013: 9352,9412
9458: 9310,5882,9354,9550,6071
9437: 9353,9592,9893,9336
2509: 2974,2699,2778,9361,9542,9965
9576: 9932,3947,10011,9878,9255,9251
9440: 9969,9698,9337,9804,3777,9339
9889: 9926,9854,8205,9919,9292,9691
9340: 9750,9594,9857,8309,9519,10030
9274: 9616,9623,9299,9253,9631,6385
9892: 9634,9787,8867,9438,9407,7723
9395: 9988,9505,9359,9712,9740,10029
8081: 9271,9344,9631,6389,8596,9616
9173: 
6348: 9512,5478,9543,9433,9502,5870
10001: 9445,9611,10010,9822,4979,9322
2953: 
9350: 9632,9404,9604,5256,5755,9539
731: 596
3517: 10038,9966
9896: 9341,9914,5202,10020,9644,9906
10022: 9544,9778,9831,9963,9952,9735
4131: 9777
9272: 9416,9676,9991,9468,9706,9515
9735: 7417,9952,9457,9466,9963,10022
9430: 2333,3701,9248,9268,9366,9590
9863: 9672,9548,9811,9615,9749,9673
9337: 9366,9590,9804,9440,9339,9553
9219: 9560,8879,8990,9567,9125,8885
9521: 3027,9269,9734,9282,9262,9483
10028: 9897,9890,9825
9435: 9638,9943,9647,9308,9543,9540
7191: 
5478: 6348,9512,6085,9575,6280,5870
3715: 3820,3321,9957,10038,3731
9622: 9852,9453,9593,9915,9588,9252
10019: 9667,9561,9884,9710,9848,9936
4855: 4858,9302,9573,9538,9408
9465: 7010,9993,9944,9402,9354,9499
7360: 9773,9301,6731,9508,5876
8309: 7992,9857,8150,9750,9340
9804: 9337,9590,9853,9441,9440,9698
9906: 10016,9898,9896,9914,10020,6204
9356: 9334,9448,9592,9336,8150,7992
9347: 9989,9763,6249,10015,9725,9314
1553: 9708,9720,9624,2721,9902,1225
9399: 2403,2133,9819,9500,9382,1525
760: 561
9864: 9716,9995,9688,9381,9349,9916
9574: 9482,9408,9302,10017,9808
9992: 10035,9941,9867,9792,10006
9743: 9321,9514,2523,9275,9980,9812
9783: 10015,9975,9833,9687
9910: 9652,9680
9706: 9626,9369,683,9272,9991,9515
9664: 9824,9960,10005
4697: 4893,5578,4891,9432,9341,5202
6665: 8694,6385,9623,8496,8498,9260
6385: 8694,8631,6665,9299,9274,9623
9390: 9436,9534,9486,9484,9346,9928
9304: 9913,1727,9679,9697,3810,2928
9806: 9487,9565,9515,9869,683,9974
9348: 9523,9266,9718,9929
6009: 6204,9666,9518,9898,9648,9768,9714
2198: 
7818: 7318,8766,7570,7899,7565,9081
9417: 9469,9801,9494,5408,6849,9753
9959: 9459,9524,9670,9751
9254: 9481,4293,3207,9279,9443,9320
9423: 9836,9688,8033,9349,9568
9655: 9496,10037,9421,9829,9707,9798
9781: 9803,9537,9656,9798,9769,10037
9412: 9258,9573,9352,10013
9639: 9636,5403,9299,9596,5792,8631
9859: 9491,1556,9961,9554,9731,9924
9338: 9907,9537,9793,9446,9782
9795: 9649,7494,9875,9740,9617,10029
9817: 9776,9792,9975,9725,10006
9936: 10034,9643,9710,10019,9561,9695
9901: 9658,5051,5856,9305,10035,9941
9705: 9729,7617,9314,9989,9289,9486
8346: 9983,8970
7617: 9705,9729,9314,9953,9687,9472
9306: 9305,9614,9471,9968,9265
9620: 9834,9396,9772,9332
9737: 2492,2685,9415,9665,9283,9874
10021: 9816,9731,9267,9520,9961
9534: 9436,9390,7014,9289,9486,7010
9313: 9433,9330,9502,9287,9526,9403
9383: 9589,9598,2806,3991,9326
2974: 2509,2699,1622,9742,2609,9965
5574: 5475,4773,5754,9608,9455,9394
2536: 9577,9557,9470
9913: 3119,1727,9304,9697,2649,9585
9268: 9493,3502,9248,9536,9430,3701
4293: 9254,3207,3504,9320,4603,3903,9409
6389: 7146,8596,10009,9517,9631,8081
9363: 9635,9291,9245,9895,9980,9812
9674: 9830,9276,874,9586,9956,1592
2244: 1709,2526,2906
9284: 9904,9649,6483,9419,7899,7318
9730: 3295,9954,9451
9553: 4893,5578,9366,9337,9339,9259
7265: 
7996: 8513,8296,8770,7581,8766,8991
3810: 3612,9955,9679,9304,9935,2928
9937: 9780,9840,10008,9905
1617: 1446,1044
9798: 9781,9829,9736,9769,9655,10037
8695: 
9725: 10015,9975,9817,6249,9347
9998: 9452,9785,9373,9531,9942,9447
8970: 10007,8346
9944: 9465,9993,9690,10034,9402,9763
9932: 3947,9576,9756,10011,10036,9744
7086: 
9487: 9806,9565,9329,3486,9837,9974
9972: 9819,9500,9878,9748,9682,9925
6093: 8496,7478,6483,6480,6671
9336: 9692,9893,8150,9437,9356,9592
9820: 10018,9871
10043: 9971,9368,9660,9930,9926,9767
7146: 6389,7505,8596,10009,6682,6967
9400: 9648,9701,9518,9785,9559,9531
1340: 1178,1019
9625: 8046,7723,9634,9391,9641,9976
2968: 9533,4057,4164,4169,9394
9865: 3486,9940,9837,9818,9757,9958
9389: 9961,9554,9267,9606,927
9897: 9922,9921,9890,9825,9814,10028
2806: 3491,3295,9383
9305: 9471,9306,9265,5856,9901,10035
9501: 9558,9387,9126,9894,9318
6508: 4498,5207,4486,5010,9911,9644,9401
8205: 7478,9919,9889,9292,9640,6480
848: 
5408: 9627,5400,6849,9417,9753,9779
9302: 9604,4858,4855,9408,9574,9808
9810: 9244,2678,4979,10010,9675,9659
4603: 3903,5010,9668,4293,9409,5215
3559: 9555,4139,9535,9442,9256,3166
5256: 4448,9604,4858,5755,5064,9350
7248: 
6531: 
9947: 10032,9994,9693,9834,9375,9870
7847: 7417,9952,7505,8596,9505,9359
10030: 9285,9519,9789,9857,9340,9762
6118: 
861: 864
4057: 2968,4164,2391,4255,2580,4169
9387: 9501,9558,9615,9125,9126,9548,9507
864: 861
9548: 9672,9863,9507,9615,9387
9528: 9642,9427,9295,9918,9414
9375: 9834,9396,9597,10032,9947,9582
9282: 9734,9521,9483,9459,9524
10041: 9990,9957,9815,10038
9442: 9462,9256,9591,9422,3559,4139
9049: 
9321: 9388,9514,2523,9743,9788,10002
6349: 9710,5466,5070,9964,9695,6155
874: 9674,9276,2407,1592,359,9760
9270: 9829,9760,9276,9719,9736,9821
9747: 9774,9669,2585,9986,9361,9630
9940: 3486,9865,3786,9788,9818,10002
9019: 8867,7119,7383,7811,9407,9563
9600: 9126,8885,9297,9629,9894
9719: 9826,9945,9830,9276,9270,9821
1727: 3119,9913,9304,3121,2928,3607
9505: 9395,9359,9740,8596,7847,9344
9591: 9422,10032,9582,9442,4139
9520: 9516,9713,10021,9816,3722
9262: 9734,2540,9328,9569,3027,9521
9424: 9374,2024,9772,9332,9621
9710: 6349,5466,9848,10019,9695,9936
10020: 9979,9911,9896,9906,6204,9666
9647: 9435,9943,9540,9967,9805,9650
9732: 698,9850
9707: 9829,9760,2133,359,9655,9421
9837: 3486,9865,9487,9329,9757,9950
9598: 9589,9923,9383,3991,9552,9275
9498: 9538,9599,9513,9522,4450
9504: 9560,8879,7565,9079,9564,9307
5775: 7123,9406,9967,9379,9593,9915
9558: 9501,9387,9507
9999: 10027,9866
9841: 709,9654
9831: 10022,9778,9963,9651
9419: 6483,9260,9628,9284,9904
9688: 9836,9423,9349,9916,9587,9864
9846: 9738,9754,5400,9885,5792,5403
8631: 8694,6385,9596,9639,9299,9971
10027: 9999,9866,9646,9887
6204: 6009,9666,10020,9898,9906
9335: 9246,9709,9645,9296,9813,9722
9471: 9305,9614,9306,10035,9867,9343
9472: 10024,9953,9729,7617
910: 
9835: 9738,9754,9696,9764,9852,9915
9993: 7010,9465,9944,9989,9763,9289
9856: 9956,9843,9586
9808: 9985,10017,9574,9604,9302,9632
9604: 5256,4858,9302,9808,9632,9350
9538: 9498,9513,9258,9573,4855
9264: 9495,9488,9812,9291,9530,9514
4937: 4719,4710,4322,9602,9280
9126: 9600,8885,9125,9894,9501,9387
4719: 9454,4937,4811,4710,6018,9602
9567: 9615,9125,9749,9560,9219,9546
4616: 4710,9357,6018
9827: 9811,9858,9546,9610,9749
1619: 
9351: 9579,9970,9555,9535,9411,9845
10040: 9626,9580,9460,9782,217,1793
927: 9635,9291,9530,9606,9389,9554
9403: 9607,9322,9308,9287,9313,9502
3777: 3983,9475,4891,9339,9969,9440
9796: 9679,9697,9790,9704,9485,9759
9789: 9285,10030,9762,10039,9727,9939
9530: 927,9291,9554,9495,9264,1556
9764: 9724,9696,9801,9835,9738,6849
9960: 9629,10005,9894,9664,9318
9950: 9657,9757,9883,9329,9837,9699
2189: 2280,2468
9611: 9445,10001,9566,9662,9428,9822
9477: 9444,9509,9290,9467,7811,9563
9921: 9922,9897,9766,9890
2526: 1709,2244,2153,2906
3991: 3491,9598,9383,9552
3027: 9269,4218,9521,2540,3121,9262
9949: 9888,9551,9405,9682
4450: 4569,4146,9522,9498,4448
2492: 9737,2685,9415,2305,9247
4858: 4448,9604,5256,9302,4855
7383: 8867,7119,9019,7641,8333,7721
3251: 
9981: 9832,9702,9587
9368: 9971,10043,9660,9584,9596,9497
9439: 1622,10026,9676,2609,9473,9527
9715: 9279,9903,9250,9722,9708,9296
4155: 3860,4255,9489,9331,4463,4146
9552: 9275,9980,3991,9245,9598
5633: 
6967: 6682,9714,9525,10012,7146,10009
6323: 
7992: 8225,8309,9356,9448,8150
959: 
6460: 6071,9467,6916,7119,7811
9250: 9279,9903,9715,9493,3502,9481
9923: 9589,9598,9275,9547,9809,2523
9380: 9316,9818,9577,9958,9298,9536
9269: 3027,4218,4525,9521,9483,9392
10032: 9591,9422,9947,9994,9375,9582
9794: 9673,9811,9858,9996
8044: 
9902: 9708,1553,2721,9470,9358,9903
9812: 9980,9291,9363,9514,9743,9264
9745: 9948,10008,9882,9474,9840
9875: 9271,9344,9740,9904,9649,9795
972: 
8033: 7965,7719,9376,9426,9423,9568
9249: 9429,9360,9562,9861,9784,9583
9800: 9634,9787,9854,9450,9976,9691
9364: 5475,9608,9463,9261,9325
8867: 9019,7383,9407,7723,9892
978: 1052
9374: 2024,9665,9424,9332,9899,9425
9568: 9391,9349,7965,8033,8046,9423
9876: 3612,9955,9927,3712,9766,9922
9483: 9633,9392,9269,9521,9282,9459
9421: 9496,9655,2133,9707,9371,1525
9720: 9708,1553,9624,9813,9319,9722
9790: 3722,3731,9704,9816,9759,9796
9366: 9337,9590,2333,9430,9553,9259
9930: 9971,10043,8694,9926,8498,9919
9332: 9772,9374,9424,9396,9620,9425
9845: 9862,9479,9286,9970,9351,9411
10009: 7146,6389,9880,6967,10012,9517
8807: 8917
4950: 9539,9404,5856,5051,9490
9451: 9948,9730,9954
9573: 9258,9352,9412,9538,9408,4855
3545: 
9578: 9410,9455,9367,9490,5564,9872
9381: 9391,9641,9349,9716,9864
9460: 9446,9263,9782,9393,9580,10040
9799: 9797,9689,9599,9887,9331,9522
9495: 9488,9264,9530,2733,1556,9365
9630: 9361,9542,9327,9747,9572,9986
9547: 3786,9809,9933,9788,9923,2523
9536: 9248,9298,9380,9577,9268,9493
9320: 9397,9342,9443,9254,4293,9409
9728: 9973,9823,9769,9656
1006: 
9557: 2536,9577,9470,9365,9388,9488,9316
10016: 9898,9684,9906,9494,9914,9847
7719: 7965,8033,8333,7292,9376,9346
9792: 9817,9776,9873,9992,9941,10006
9749: 9615,9567,9827,9811,9546,9863
7570: 6671,7899,7565,9079,6483,7818
7988: 9938,9617,9448,8513,8296,8225
9762: 10039,10003,9752,9857,10030,9789
2669: 
9328: 9825,9569,9814,9935,2540,9262
9834: 9375,9396,9620,9693,9947
9872: 9964,5564,9873,9578,9658,9490
1019: 1340
9344: 9271,8081,9875,8596,9505,9740
9349: 9391,9381,9568,9688,9423,9864
9811: 9827,9858,9749,9673,9794,9863
9727: 9824,10039,9789,9939
9602: 9266,9280,9454,4937,4719
8658: 
9484: 9376,9413,9346,9928,9390,9733
5403: 9636,9639,9846,9627,5400,5792
2987: 9428,9527,9662,2609
9997: 9662,9742,9671,9862,9510,9822
9980: 9552,9275,9812,9245,9363,9743
9766: 9978,9927,9876,9922,9921
8261: 
5207: 4498,6508,4486,9259,3982
9631: 9517,9253,6389,9274,9616,8081
9860: 9724,9696,6085,6280,9601,7123
9301: 9839,7360,9773,9667,9561,9508
10018: 9820,9985,9871,9755,9549
5841: 
5202: 9896,9341,4697,4893,5578,4486,9644
7417: 9952,7847,9735,6682,9466,7505
10038: 3517,9957,10041,3715
1525: 1867,2133,9399,9382,9421
9323: 9879,9946,9414,9393,9369,9580
1044: 1616,1617,1446
4347: 5064,4771,4569,4463,4164
9966: 9927,3820,3517,9978
3839: 
2649: 9813,9319,9585,3119,9913,9645
9334: 9356,9448,9592,9988,9917,9938
9862: 9286,9845,9970,9997,9671,9510
9489: 9462,9256,9797,9331,3860,4155
1052: 978
9978: 9766,9927,9966
9731: 10021,9816,9961,9859,9924,9759
9721: 9751,9718,9929
8496: 8498,7478,6093,6665,9260
9775: 9699,9345,9416,9565,9329,700
9635: 927,9291,9363,9895,9780,9606
9634: 9800,9787,9892,9625,7723,9976
6930: 9550,9499,7014,7009,6916
9361: 9542,9630,9747,2778,2585,2509
9214: 9987
9279: 9715,9250,9296,9254,9481,9443
9641: 9391,9381,9625,9739,9976
9885: 9497,5792,9754,9846,9449,9303
4083: 2333,3701,3982,3502,9481,3504
1067: 
9346: 9376,9484,9436,9390,7292,7719
9839: 9773,9301,9603,9920,10042,9667
9734: 9282,9262,9569,9521
9535: 9555,3559,9351,9541,9411,3166
9543: 6348,9512,9540,9308,9502,9435
9742: 9997,9662,2609,9671,9965,2974
9890: 9921,9897,10028
9680: 9652,9910
9994: 9422,10032,9947,9838,9870,10000
9352: 9573,9412,10013,9482,9408
9654: 709,9841
9649: 9284,9904,7494,9795,9875
9961: 9389,9554,9267,10021,9731,9859
9292: 9378,9545,9691,9889,8205,9640
5070: 6349,5466,5754,9964,5564
9963: 9651,9942,9457,9735,10022,9831
9626: 9369,9580,10040,9706,1793,683
4169: 9619,9608,2580,4057,2968
9571: 9982,9556,10039,10003,10005,9824
7775: 
4525: 9269,4218,4521,9700,4004,9392
5250: 
9011: 
9607: 9403,9322,9308,2678,9377,4979,9638
9986: 9572,3850,9774,9747,9630
9590: 9366,9337,9804,9248,9441,9430
9583: 9452,9785,9861,9249,9360,9701
9683: 9842,7934
9746: 9657,9853,9757,9958,9298,9441
9660: 10043,9368,9584,9438,9661,9767
9322: 9403,9607,9445,10001,9287,2678,4979
3947: 9932,9576,9756,9251,2024,9283
9990: 9957,10041,9713,9771,9815,9516
9554: 9389,9961,927,9530,1556,9859
9512: 6348,5478,9543,6085,9540,9406
4569: 4463,4146,4450,4448,4347,5064
9452: 9785,9998,9583,9373,9360,9678
9341: 9896,9914,5202,4697,9685,9432
9935: 2540,2928,3810,9955,9328,9814
3166: 9541,9256,3559,9535,3860,2391
9751: 9721,9959,9877,9670,9718
9939: 9285,9789,9727
7505: 7146,8596,6682,7417,7847
9780: 9895,9840,9937,9905,9606,9635
9866: 9838,9999,10027,9887,9689
9314: 9705,7617,10015,9989,9347,9687
8917: 8807
9927: 3820,3712,9966,9978,9766,9876
10005: 9960,9629,9556,9571,9824,9664
9694: 9312,9886,9832
9522: 9331,4146,4450,9599,9799,9498
9514: 9388,9321,9743,9812,9488,9264
9237: 9640,9420,6480,6671,9079,9307
6249: 9690,6155,9725,9763,9347
9760: 9829,9707,9270,9276,874,359
9624: 1553,9720,9491,1225,9333,9319
9492: 9881,9581
9610: 9613,9564,9618,9827,9546
9791: 9807,9900,9385,9699,9345,9883
5331: 
9928: 9484,9729,9390,9486,9733,10024
9125: 9615,9567,9219,9126,8885,9387
9441: 9248,9298,9853,9746,9590,9804
1616: 1044,1873
9931: 9888,9891
9915: 9852,9622,9593,5775,7123,9696,9835
7176: 
2403: 2133,359,9399,2407,9819
9675: 10010,9510,9286,9532,9659,9810
6280: 9575,9601,5478,6085,9860
9345: 9775,9699,9288,700,9385,9791
9490: 9658,5051,9367,4950,9578,9872
9497: 9596,9885,5792,9449,9368,9584
9402: 10034,9643,9310,9465,9944,9354
9289: 9534,9486,9989,7010,9993,9705
9887: 9599,9646,10027,9866,9689,9799
9692: 9893,9336,8150,9786,9750,9293
9702: 9426,9886,9836,9981,9832,9587
3612: 3810,9955,9876,9704,3712,9679
3210: 6018,5138,9409,5215,9397,9562
6483: 9419,6093,9284,6671,7570,7899
9759: 9924,9485,9816,9731,9790,9796
9777: 4131
9541: 9605,9411,3166,9535,2391,2580
10033: 9398,9463,9595,9532,9659,9325
9956: 9856,9586,9674,9830
9447: 9651,9942,9998,9373,9434
9991: 9272,9676,9946,9369,9706,10026
9690: 6249,9695,10034,9763,9944
9958: 9298,9865,9818,9380,9746,9757
9619: 9608,2580,4169,9605,9463,9595
9532: 10033,9595,9659,9479,9286,9675
9252: 9588,9355,9622,9453,9478,9290
9828: 9739,9450,9545,9681,9984,9456
3284: 9807,9900,9969,3471,9570,3983
9678: 9711,10025,9360,9480,9452,9373
9589: 9923,9598,9383,9273,9326,9809
9355: 5882,9588,9252,5975,5876,9478
5882: 9355,9458,5876,6071,9478
9456: 9984,9686,9277,9828,9378,9545
8990: 7901,9297,9081,9194,8879,9219,8885
9744: 9912,10036,9932,9756
9946: 9879,9323,9369,10026,9962,9991
9453: 9852,9622,9252,9509,9303,9290
9326: 9907,9273,9793,9589,9383
9369: 9626,9580,9706,9946,9323,9991
9805: 9967,9379,6731,9650,9647,5975
5138: 6018,3210,4811,9429,9562,9503
9884: 9667,10019,9603,9261,9848
9449: 9444,9509,9303,9885,9497,9584
1178: 1340,1594
9457: 9559,9466,9531,9963,9942,9735
9455: 9410,9394,9578,5574,4773,5754,5564
9408: 9482,9574,9573,9352,9302,4855
9357: 9397,9342,9761,3907,4710,4616,6018
9704: 9790,3731,3321,3712,9679,9796,3612
4773: 5574,5754,9455
9475: 3983,4891,3777,4485,9384,9278,9432
9330: 9433,9313,9526,9370,9506,9570
8333: 7965,7719,7292,7641,7383,8046,7721
9296: 9335,9246,9279,9715,9722,9443
2551: 
9478: 6071,9467,5882,9252,9355,9290
9975: 10015,9783,9725,10006,9817
9774: 9669,9747,9874,9899,9986
9462: 9442,9256,9489,9422,9797,10000
9443: 9342,9320,9279,9246,9296,9254
9263: 9446,9460,9803,9393,9461