14621: 13331
28593: 
13143: 15231,13058,13990,13991,15246
14985: 14839,14155,14843,13396,14606,14585
12849: 14642,13906,13945,14232,14653,13951
14615: 14403,14483,14133,13086
14328: 14636,14874,12985,14524,12878,14138
15299: 14243,15282,13130,13367,14826,12938
15380: 14651,12929,13609,13890,15134,15008
15145: 14053,13401,15225,12957
13511: 13030,13188,14024,13033,15104
13765: 14202,13443,13209,15486,15427
14273: 13391,13012,15229,14838,14752,13591
15510: 14149
14172: 
15340: 15351,15797,13595,13500,15535
13959: 12966,14564,14734,15326,15300,13862
14722: 15461,12930
15448: 13791
13438: 14860,13364,13934
14250: 15162,14998,14062,12999
13724: 14339,13261,13751,14033,14118
13533: 13876,14954,13272,15776,14560,14723
12829: 15399,15760,14882,14431,13328,14214
12939: 
12855: 14729,15514,14705,14777,14641,15555
14343: 15305,13237,15244,13400
13151: 13489,14664,13418
13942: 12896,12866,15001,13182,15688
15785: 
13420: 12864,13449,15409,13226
13886: 
14390: 13763,14418,15016,14671
14436: 15522,13870,14563
13061: 
14824: 12821,14727,13701,13169,13968,14678
15666: 13029,13112
13488: 13850,13804,13471,14552
14556: 14206,13317,14664,14048
14112: 13786,14698,13216,14045
13025: 13281,13787,13555
13894: 13992,13868,15475,28665,15259,12818,15529
13263: 12998,14622,15455,13280,15795
12840: 15536,14710,14803,12932,15028
14405: 
14881: 13845,13790,14018,14359,13493,13766
15804: 13494,12838,14616
13753: 12984,12922,14572,15615,13171,13638
14598: 13839,12989
15338: 14747,13929,15738
14998: 15739,14250,14773
14252: 14192,13915,15146,14977
14488: 15054,13602,14862,14493,14067,15444,13646
15372: 15770,13650,14450,15503,14644,15270
15484: 13642,13313,13690,13453,13700
15779: 13297,15780,15394,12879,13306
14108: 14614,13774,15277,15188
13302: 15048,13204,14272,14538
15116: 15189,14831,12960
14833: 15467,15086
15737: 14480,12898,13525,14180
15482: 13840
12958: 15645,15567,14021
15178: 15689,14176,15293,13336,15294
15254: 14734,13484,13571,15008,14804,14564
13948: 
14438: 14414,13954,13699,14795,13149,15003
14923: 14190,13612
15373: 15147,14713,14499,13465,14878
14809: 15502,13200
14802: 14913,13964,14380,14995
13070: 13150,14462,14539,13987,15095
15519: 14585,14078,14795,14606,14251,14980
15363: 14174,14860
15792: 13839,12989,15441
14683: 
14079: 13529,13244,14158,13783,13323
15791: 15515,12956
14024: 13300,12875,14492,13188,13511
15721: 13630,15598,14552,13877
12911: 14319,13506,13442,14074,15693,15269,15129
15760: 15399,12829,13218,13655,13360,14431
15698: 
14920: 14377,15794,13130,14404,13958,14243
14650: 14704,14798,15173,13178,14117,14619
15002: 15438,15593,15442,14318,14996,13900
15244: 13400,14343,14013
14178: 13679,15559
15730: 14847,14887,13468,14240,13098,14807
15150: 15101,15422,13317
14893: 14971,14009,13022,13536,14194,15548
15332: 13058,13990,13635,14396,13089,15374
15296: 13340,14148,13365,15403,13455
13814: 
14323: 13024,13032,14718,14841,15267,13431
14369: 13916,14883,14827,14209,13503,14593
14361: 13132,14646,15379,14762
15293: 14537,14489,14235,15178,14176,15294
13301: 14852,14689,14785,14626,13198,14340
14921: 13820,14818,15166,14559,13002,14730
15092: 13749,15459,14383,14703,14491,14417
15201: 14743,13044,12854
13808: 14466
14929: 12942,12991,13034,15691,14851,15635
14999: 14555,13929
15024: 14605,13081,15180,15017,12973,15249
12932: 13053,15218,14710,12840,13141,13523
13297: 15780,13827,15779,15357
15745: 14043,14279,15213,15152
14391: 13384,13175,13277
15688: 14719,13883,13942,13182,12993
13010: 13351,15488,12901,14056,15705
14186: 13584,15687
15403: 13455,14424,15296,12967,15342
14808: 13369,13843,13885,14075,14348,13982
13553: 13732,12828,13906,14653
14742: 13662,14772,15353,12870
14585: 14078,15519,14839,14985,14606
15343: 13639,15420,14006,14717,15112,15802
13793: 13414,13423,13220,14197,15127
13952: 14471,14604,14216,13443
13414: 13423,13793,14156,15127,15727,14731
13938: 14587,14686,13419,14554,13232,14063
13222: 15526
14594: 15462,15586,14658
13281: 13025,13555,14392
15589: 14426,14321,14208,14388
12994: 14896,14141,14866
14666: 13279
12990: 15485,14696,14463
15427: 14227,15486,13765,14202,13270,13895
13181: 13406
13503: 15240,14593,14850,14781,14369,14827
15370: 13837,15336,14389,12876,15341
13646: 15444,15394,15776,14488,14067,13397
14828: 12847,14715,14566,14363,14705,14641
14489: 14537,15293,14467,13843,14293,14176
13278: 15015,14452,12900,13093,13154,12892
13446: 14039,14652,15106,15354,13249
13267: 13783,13323,15228,15424
12936: 14576,13950
14448: 13427,15228,13194,14938,15315
14606: 13396,15209,14985,14585,15519,14251,14559
15139: 
15061: 15544,13874,15789,15375,14810
15761: 12820,14720,13373,13045
14898: 13227,14254,15800,13492,13233,13674
14812: 14736,14655,13866,12984,13184,13407
14428: 
13873: 13295,14400,12981,14167,13499
14003: 14857,14376,12900,13589,13093,15464
13119: 
14949: 15011,14212,13892,15047,13803
15420: 13639,15343,15802,14793,14596
13833: 
14835: 12915,15090,12815,14986
13248: 12884
14477: 
14532: 13632,14908,14303
12965: 13594,14464,14204,13063,14601
15418: 
15253: 14255,12873,14274,14016,13940
15645: 12958,15567,12998,13349
13684: 13436,14924
15654: 15503,14644,15096,13737,14842,13736
14587: 13938,14686,14144,14063,12968
12896: 13942,14551,13282,14744
15557: 14873
15506: 15479,14263
15151: 14569,13226,13344,14022,15409
13924: 13998,14837
14364: 14224,13091,14853,15553,15122,14257
15432: 15577,13661,13015,12983
13976: 15324,14295,15330,14294
13286: 14993,14456,15042,14217,14916
13583: 15594
13702: 13705,13762,14600,15665,15469
13044: 14743,13018,15201
14912: 13122,14603,13193,15351,15788,15057
14351: 
14642: 12849,13906,14504,14993
14684: 15350,13051,14358,14775
14179: 13797
15238: 12831,13466,12868,13903,14416,13124
15434: 15123
15071: 14735,13718,15147,12820,14878
13124: 14416,13723,14782,12831,15238,15491
14543: 13211,15674,14372,15217,28589,14671
13839: 14598,12989,15792,15441
15608: 15065,14732,13638,13171,14487,15200
13299: 15364,15686
14214: 14052,15312,13328,14882,12829,15565
14322: 14439,14061,14768,15004,13214,13101
15261: 15512
12814: 13101,14579,14498,13698
14027: 12964,15447,14876,14110,13909,15371
14338: 13772,13491,15033,14794,13333,13319,13534
14601: 15138,13063,12965,14464,13799
15573: 
13398: 12872,15222,13892,14046
14559: 14251,15202,15209,14606,14921,15166,13002
15579: 14331,14908,14891,15611,13523,14581,12893
12838: 14616,13494,15804
14751: 14066,14658,15317
13957: 14447,13566,13036,13572
14861: 14694,12982,14636,15430,14517,28667,15041
13708: 15235,15170,15388,15620,13770,15313
14926: 13087,13858,13876,14723,12916
13230: 15680,13626,13110,13607,14119,14409
13930: 
15530: 14758,13288,14962,14380
15590: 13704,13978,13867,14879
13496: 13133,15516,13032,15774,14072,14714
13794: 13073
14496: 15712,14249,13727,15375
14134: 13690,14125,14596,15242,14793,13700
13928: 13927,14654
15669: 14442,15533,28661,14329,13390,12842
15801: 12891,15368,13578
15662: 13392,15650,15098
13781: 14613,14116,13185,14206
12826: 15789,15612,13920,15712
14939: 14454,15204,13174,13310,15475
12919: 15023,15634,14670,15452,15161
14535: 14816,14115,12948,13673,12980,14509
13240: 15288,14345,13633,13558,13314,15746
15390: 14528
13266: 14938,15424
15472: 14294,15324
13361: 
14798: 14704,15649,14650,14818,12986,14117
13841: 12928,13809
15538: 15513,13382,13563
14990: 13713,14577
14063: 14264,12968,12834,14587,13938,13232
14580: 13397,15630,13272,14950,14506,14558
14226: 15747,14531,13911,15503,15096,13650
13690: 13683,14125,14134,13700,13313,15484
14624: 13168
13732: 13553,14916,13743
13994: 15707,13403,14461
13936: 15364,15753,15039,14106,14915
15755: 15710
13899: 14057,14231
13096: 
15731: 13931,13813,28661,13744,14710,15218
15246: 14673,14076,13991,12882,15231,13143
14429: 15509,14994,13284,13352,13220,14111
13085: 15763,14646,15283,15355
12979: 14971,14009,14953,14377,15794,14609
14301: 13344,13821,14797
13463: 14007,14096,13588
13442: 14319,12911,14187,14074,15195,13432
14844: 15772,15237,14381,15739,13574
13421: 13818,14879,14286,15460,14770
13212: 15120,14280,14131,13891,13005
14354: 13969,15744,13292,13992,13094,13078
14696: 15485,12990,15524,15168
13213: 15521,13949,15224,12851,15706
14944: 15004,13148,14159
13147: 13625,14850,15717,15069,14281,13107
14706: 15337,14584,15603,13026,13077
15562: 14716,12946,28559,15725,12952,15118
15309: 13400,13857
14877: 14070,13115,13256,13374,14801,14357
12931: 13378,15056,15014
15051: 
13848: 13896,14005,13631,15431,13735,15494
15050: 13758,14975
15115: 15627,12908,13664,14085
13544: 14053,15226,12889,13196
13743: 14916,13732,15768,15471,14241
15406: 14524,12878,13719,12819,15642,13997
12886: 15414,13926,13114,13643
14350: 15788,15057,15412,15720,14724,13065
15750: 12929,13104,13066,13909,15371,13609
15278: 14774,15584,13177,13946,13585
13277: 13175,14391,14525,13755
15534: 14997,14490,13829
13319: 15696,13571,13333,14275,13491,14338,13484
13174: 14939,15204,14668,13310,15607
13412: 13123,14745,15744,15652
14483: 13855,14403,14615,14197,14451
13911: 13860,15695,14567,14226,14531,13650
13562: 13599,14073,14341,15570,15702,14754
14143: 13824,14427,15552,13644
13458: 14937
14309: 15062,14389,13762,13707,12876,15476
13520: 13334,15078,15679,13779,14934,13717
14237: 13842,14399
15091: 14533,15112,15320,14219,12940,15783
14952: 13479,12955,13551,14398
13173: 13064
13378: 12931,14284,13921
14359: 13980,13493,15417,14881,15572,13766
15322: 14922
13889: 13810,12902,15298,15093,15160
13823: 14107,14472,14064,15449,15007
12839: 13363,15402
15057: 15788,14350,13127,13193,15720,14912
14554: 14805,13232,15128,13938
14403: 13855,15676,14483,14615
15400: 14819
14236: 13476,15487,14291,14660,15549
12864: 13420,15409,13082,14792,15212
14304: 14260,13337,15601,13579,14854
13809: 13841
14685: 
14730: 14568,13002,14921,14818,13677,14117
13822: 14927
15308: 15194,14289,13228,15685,15206,14486
15089: 15191,13117
13858: 13939,13461,13876,14954,13947,14926
14497: 14189,13146,12904,15172,15067
14410: 13145,13262,13736,13737,13625,15717
28520: 15772,15237,15461,14238
15142: 13100,13121,13481,14737,13634
15732: 14836,15663,15800,14689,13661,15545
13003: 13543,14785,14946,13471
15441: 13416,15792,13839
14246: 
14933: 13460,14571,13046,15714,12943
15257: 14858,12962,14164,15527,14402,13492
14784: 14199
15344: 12949,14674
14860: 13356,15363,13934,13438
15576: 14674,13409
15141: 13037,15574
13104: 12929,15227,15750,13066,13685,15031
13657: 13754
13595: 15387,13193,15345,14659,15351,15340,15797
14121: 15266,14276,14386
14851: 15691,13847,15411,13772,13034,14929
14148: 15296,14892,13365,14055
13311: 14709,13975,14747
13329: 15365,15074,14203,14047,15709
12823: 13540,14978,15181,15517
13759: 15807,14640,13905,14894,14583,15778
13764: 
15326: 14734,15766,13959,12942,13034,15300
13790: 13845,14881,14285,15683,13766,14099
14050: 15223,13268,14417,13504,13134
15614: 14534,15352,14787,12856,14806,14520,13668
14185: 13094,13078,13157,15135,14942
14637: 14425,14031,15385
13209: 15494,14588,13550,15486,13765
15460: 14286,13704,15316,13421
14434: 15769
13483: 14092,15595,13142
15492: 14241,15471
14800: 13510,13062,14332,13042,14334,15243
12948: 15270,13673,15643,12980,15670,14535
13223: 15262
13260: 14500,13607,13415,15581,13072,13608
15140: 14891,15028,14755,13768,12893,13353
13236: 15047,15011,14094
14291: 15487,14020,15570,14236,13476
15291: 14932,14623,13509,13071,15114,15694
13666: 13045,13849,13257,14004,15383
14028: 14413,13321,14312,14849
13161: 15211,14203,14059,14047,13327
13373: 14720,14356,15761,15411,13045,13849
14663: 13812
13476: 14236,14291,14341,14018
13847: 14851,15411,14253,13772,15033,14356
14692: 14305,14470,13049,14319,13506,13688
13272: 14580,13397,14558,13533,14954
13134: 15473,13504,14050,15223,14131,14280
13953: 15651,13046,13696,15633,13621,15044
14276: 15612,15703,14386,14121
13303: 
15794: 14377,14920,13130,12979,14609,15483
14414: 13954,14438,13699,13747,15734,13507
15099: 
13034: 12942,14929,13772,15326,15766,14851
13917: 13845,14018,15537,13592
14064: 14472,13805,13823
14626: 13786,14698,13543,14785,13301,13198
14476: 13963,12903,13165,14313,13872,12897
14900: 13141,15611,13979,14458,14331,14230
14609: 15493,15183,15483,12979,14953,15794
13693: 15613,13605,12841,13757,13498
15456: 13067,13187,14928
14384: 15359
15533: 14442,15669,28661,13744,14631,15303
13850: 13804,13488,13471,15239,12950,14946
14997: 15534,12923,15640
13596: 
13877: 14297,15327,13630,15721
13117: 13778,15089
15149: 13916,14883,13512,13485,14207,15126
14336: 13244,14459,15153,14640,14583,13549,14959
14461: 15667,14718,14841,14943,13994,13413
14149: 13716,15510
14381: 13598,14844,15739
15605: 12901,15634,28659,15733,15679,15078
14963: 15751,14541,13384,13175,12899,15290
15385: 14375,14637
15148: 13943
15726: 
15412: 12980,15347,15720,14350,14724
15490: 14315,15009,15013,15577,15119
15640: 14093,13112,14997
13347: 13489,13252
15073: 13024,15774,15438,15593,13881,12853
13960: 
15102: 
13768: 14714,14755,13133,14803,15140,15028
15725: 14069,12952,15685,14716,15562,13228
14916: 14217,15719,13743,13286,13732
13087: 14926,13947
14515: 14951,15012,13129
13056: 
13598: 14381,13160
13874: 15789,15544,15061
13710: 15644,14783,15027,14887,13215,15062
15143: 14675,14326,14529
13309: 15020,14407,13092,13984
14564: 13959,12966,15565,14804,14734,15254
14310: 13664,13322
14899: 14126,15428,13015,14440
15575: 13021,15686,15781,15186,13521,14748
15255: 15176,14589
13588: 14494,14096,13463,13811,14038,14856
14528: 15390,13854,14013
13385: 
14788: 14625,14702,14481,14914,15457,14002
13121: 14811,13100,15142,13634
14229: 14211,14118,13261,13424,14469
14007: 13463,12913,13120
14511: 15348
14367: 14292,15404,14677
13789: 13345,13009,14059
14491: 13268,14417,14703,13904,15092
14523: 15221,14468,14268,14155,14843
13118: 15771,13655,15045,15079,13158,15232
15532: 14086,15623,14228,13445,13782
13428: 14443,15551,14086,13291,15629
12916: 12917,14723,14926,13456
13640: 13901,13962,14401,15156,14034,15442
13785: 15105,14989,15339,12888
15239: 13233,12950,14858,15527,13850,13804
15088: 
15437: 12997,15554,13268,13504
13170: 
13585: 13017,15285,13480,14774,15278
14469: 13424,12858,13261,14229,15183
14593: 15180,13503,15240,14369,14209,14302
14813: 12942,12991,15300,15199,14956,15521
12873: 14508,14274,15192,15718,15253
13436: 13684
13896: 14005,13848,13072,15494,13550,13541
14445: 15624,14672,13731,15466,13269,15728
14256: 15230,14453,12915,13224
13058: 15332,13990,13635,13991,13913,13143
13866: 15518,15295,14655,14812,12984,15615
13224: 15346,14256,12915
15529: 12818,15135,13680,13992,13894,13094
13897: 13859,15540,13405,14620,13837
13852: 
15193: 15301
14278: 14136
13063: 14204,12965,13778,14601
13867: 14969,13978,15590,14879
14736: 14655,14812,15609,13407
14040: 15185,15756,13885,15357,14195
14234: 14202,13443,14791,14591,13304
13719: 13348,12819,15252,12878,15406,14549
15388: 15620,13283,14422,15170,15436,13708
15376: 14212,15560,14537,14235,14875
14721: 15110,15603,13871,13956
14019: 
15584: 14774,15278,13177,15695,14567,13035
15284: 13711
14140: 14131,13891,14132,15223,13513
13755: 14337,14557,14541,14525,13175,13277,28607
13426: 14846,15224,13048,13105,14420,14635
13368: 14446,14930,13628
14647: 15070,14080,12956
14217: 14916,15719,15042,13286,14440,15775
13526: 13439,14766,13012,15229
12964: 15447,14027,15079,15371,13247,15045
14544: 
12848: 
14864: 13578,14320
13189: 13288,14962
14401: 13901,13640,15593,15442,13881,15667
13250: 13245,14780
13359: 13004,13377,15026,14855
14372: 15674,13728,14875,13211,14543
15772: 14844,15237,28520,13160
12942: 12991,14813,13034,15300,14929,15326
14039: 13446,15043,14482,15169,13249
14577: 14990
13993: 13033,14779,13531,15485
28607: 14266,13532,14210,13755,14557,14541
14379: 13560,13485,14207,14017
14331: 14908,15579,15611,14900,14230,14799
13776: 15250,14856,15245,14335,13372,15198
14286: 15093,15460,15316,13421,15682
13475: 13756,14702,13752,15447,14876,15423
14688: 14618,13497,13392
14212: 15011,14949,15376,13728,14875
15682: 13914,14770,14286,12902,14262
13163: 14512,15144,13619,15563,15617
14002: 12903,12969,14788,14914,14885,15457
13546: 15769,13834,14090
15213: 13825,13185,15745,14206
15120: 14280,13212,14553,13577
15636: 15021
13796: 15059,15068,14897,15743,13126,15018
14988: 13086,15127,13106
13674: 13233,12950,14898,15800,14852,14689
15524: 15168,13531,14307,15485,14696
13978: 15590,13867
15025: 15734,14219,14262,13050,14610,13576
12961: 13832,15657,15084,14796
12827: 13882,15452,14083,13255,14670
15509: 14561,13606,14994,14429,14111,13162
14474: 13937,13559
13407: 13184,14308,14736,14812,15609,14676
13454: 14191,14068,15401,12819,14147,14758
13459: 13869,15279,14725,13405,15019
13062: 14332,14800,14334,14406,14173,15426
13317: 14206,14556,15101,14116,15150
13760: 13474
13607: 14500,13260,13608,13230,13110,14409
13739: 15360,13043,15042,12835,15680
15415: 13908,14216,15060,13614,13304
13926: 15414,12886,13402,14238,13060,14157
15716: 
15041: 13601,14493,13670,12982,14861,28667
15158: 14098,13620,14669,15251,14321
14513: 13564,15689,13336,14418,13613
13704: 15590,15316,14879,15460
15268: 13854,13623
13273: 15758,13066,13507,14597,13973,15031
13179: 13937,12883,15481
15582: 
13166: 12892,15568,15416,13918,15580,13636
14008: 15064,14917,14760,14368,14924
14610: 14078,14479,13050,15734,15025,13699
13235: 15572,13751,15548,15417,13653,13536
13356: 14860
13821: 15597,14797,14301,13344,14569
14590: 15245,14680,13813,14360,14335
15128: 14129,14905,13419,14554
13774: 15277,14460,14081,14108,15188
13934: 13364,14860,13438
13132: 13187,14361,14741,14645
13505: 13038,14100
15558: 15109,15410,13435,13271,14659,15797
13148: 15280,14944
15473: 14127,15389,13504,13134,14280
13629: 13991,12882,13913,12996,14200,14025
14289: 15308,15501,15194,13228,13068,14422
14374: 14928
13842: 14399,14237
15160: 13050,12902,13889,14839,14479
15383: 13358,13666,13257,14004
15771: 13118,13655,13360,15232,13733,12975
13434: 13844,15206,14972,14510,15068,14897
14962: 13189,13288,14546,15530
13372: 14453,15198,15196,13776,15230
13972: 14088,13116,13330,13602,13320
14708: 13688,14507,14305,15137,13445,15318
15374: 15782,14396,13761,14259,15332,14169
14001: 15610
14295: 15104,14463,14346,13976
14620: 13405,15019,14600,13705,13897,13837
13920: 13399,14608,15612,12826,15712,14249
14480: 15737,14180,12904
14487: 13665,15200,13516,15065,15608,13860
14943: 15667,14461,12845,13403,13901
15485: 12990,14696,13993,15524
13923: 14268,15298,12974
15438: 15002,15593,13971,13900,15073,12853
15369: 13128
13798: 15498,13537,15416,13918,15581,14500
13128: 15369
12941: 13907,12945,13162,13606,14974,15811
15252: 14547,15653,15699,13348,13719,14549
15712: 14249,14496,13920,12826,15789
15108: 
15335: 13561,13556
13455: 15403,14424,13817,13365,15505,15296
14257: 13047,12860,14364,14853,15122
14415: 14232
13363: 12839
12918: 14967,15618
14518: 14348,13982,14168,15049,14244
13495: 14767,12959,14299,12897,15306,13872
14834: 14837,13203,15356
14131: 14140,13891,15223,13134,14280,13212
12978: 15342,15226,12967,13196,14014
15265: 13419
14560: 13306,13083,14723,15394,15776,13533
14454: 14939,15204,13123,13868,15475,13969
14785: 13003,13543,14946,13301,14852,14626
14820: 15544,13375,14810,14884
14083: 15216,14823,13255,12827
12821: 14727,14824,13968,15497,13922,15022
12878: 14524,15406,14549,14138,13719,14328
14941: 
13205: 14866,13679
13534: 14253,14499,13642,14794,15033,14338
13300: 14024,14492,14779
15199: 12914,14678,13862,14813,15300,15521
13861: 
13758: 15664,15050
14242: 13927
13316: 13114,14763,15495,15162,12999
14038: 15250,14856,13588,13120
15163: 14378,14318,14996,14011
12828: 13553,13800,14743,14241
15402: 15066,12839
13456: 12916,12917
13204: 13302,14272,14449,15156,13962
15626: 13326,12967,14175,15144,13619,14014
15466: 13731,13183,14445,15728
13176: 12956,14317
13164: 14815,15433,15323,15729,14337
13820: 14921,14818,15166,12986,14607
15277: 13774,14460,13586,14108
12999: 14613,15162,14250,13316
15601: 14854,14304,13337
13540: 12823,14978
13551: 14952,14398
14581: 15478,12893,14908,15579,15000
13197: 13663,13895,14791,13945,13951
13594: 12965,15606,14714,14755,14204
14101: 13156,15350,13961
13699: 14414,14438,14610,14078,14795,15734
13086: 14988,14615,14133
14703: 13532,13904,15377,15092,15459,14491
14855: 15026,14056,15767,13004,13359,14917
13490: 
15190: 14157,14896,13734
14076: 14673,15246,14741,12882,14645,15283
13541: 14344,13608,13896,13072,15179
14228: 15159,15623,14086,15532,13291,14925
12857: 14555,14831,15617
13180: 15543,13167
13357: 
14472: 13037,13206,14064,14107,13823
15414: 12886,13926,14238,15237,15495,13114
13111: 13501,13662,12953,15314
14555: 12857,14999,14512,14709
13389: 12930,13919,14258
14892: 15806,14838,14055,14148
15685: 13844,15206,14069,15725,15308,13228
13967: 15523,13362
13435: 15410,15558,14719,12993,13271
14506: 14950,15616,14960,13601,14580,15630
14905: 15128
13254: 
14267: 13643,15361,13734,14763,15748,15005
14902: 
13200: 15502,14809
13282: 14790,14676,14744,14578,12896,14551
13031: 14102,13685,15233,13683,13486,14275
14277: 15684,14127,15389
13752: 14625,14702,15331,13475,15585,13756
14956: 14846,15224,12991,14813,15521
13269: 13469,15740,15728,15624,14445,14084
13987: 14539,13070,15095
13891: 14131,14140,13513,13212,13005
13898: 12833
15743: 15059,13796,13126,13980,15417,13653
14146: 15267,14746,13431,13108,15191,14437
15634: 15023,12919,12901,15605,28659,15161
14072: 13431,15606,13032,13496,14714
14129: 15128,13419
13076: 14565,13312,14091,15639,12862,14777
14465: 12847,12862,13275,13658,14091,13675
14068: 14191,13454,14758,14995,13964,13887
15200: 13665,14487,13184,13171,15608
15454: 14773,14062,15422
13973: 14597,15783,15320,13747,13507,13273
14974: 13090,15811,12941,13907,13721,14786
13451: 
13612: 13341,15404,14190,14923
13663: 13197,14791,14395,15174
13313: 13642,15484,13683,13690,14794,13486
14938: 15424,15315,14448,13266
14772: 15353,12817,14657,14742
12974: 15123,13923,14268,14468
15364: 13936,15753,13299
14499: 14253,13534,13465,13642,15373
13098: 13549,14807,13080,14847,15730,13425
14883: 15149,13916,14369,13512,14209,13539
13055: 15259,15561,13310,14536,14550,15475,28665
15315: 14938,14448
15027: 15644,13710,15496,13552,14240,14887
13107: 14281,14992,13457,14782,15069,13147
15468: 13627,15522
13473: 14205
14307: 15524,15168,14358
13744: 15533,28661,14631,15731,15536,14710
14021: 12958
13472: 14904,15678
12903: 13963,14476,12969,14002,14885,14313
15266: 14121,14466,13706
13557: 13714,15706,14600,12851,15665,14201
12867: 14128,14211
14829: 14248
14931: 
13039: 
13802: 13069,14196,15580,12861,14283,13648
15435: 15077
13437: 
13244: 13529,14459,14079,14336,14959,13323
14566: 13740,14363,13234,13103,14715,14828
13477: 
12890: 
15351: 15340,13193,13595,14603,14912,15535
15498: 13537,13798,14500,14254,14433,13110
14057: 13899,13827,14075,13153
15355: 15085,13085,13430
13523: 13141,15611,12932,14891,15028,15579
14520: 15010,14105,13668,15614,14787,15749,14137
12938: 14077,14826,15299,13295,13383
13754: 12970,13657
13422: 
15631: 14020,13075,15702,13582,15727,15570
13487: 14119,13828,14504,14456
13631: 14005,13848,13154,15431,13452,15015
15086: 15467,14833
13400: 15244,15309,14343
13482: 13829,15660,14880
15055: 14370,13165,14313,15358,14633,13970
14747: 15338,13311
13905: 13770,12972,14894,15807,13054,13759
14049: 15765,13524,14530,13709,13285,15258
15545: 15577,13661,14689,15732,15182,14340
13059: 12868,15395,13256,12926,13903,15555
15787: 15723
15396: 14150,13621,12951,13863,15647,15366
13522: 13327,14805
13548: 14801,15069,14357,13737,14842,15717
15625: 15223,14383,14417,14853,14132
13773: 12889,14928,15342,15226
13065: 14023,15072,15398,14350,13518,14724
13131: 15182,13198,15013,13786,13216,13315
15494: 13209,14588,13550,13735,13896,13848
15258: 14283,13285,13293,15765,13355,14049
14222: 14371,15641
13844: 15685,13434,15206,13042,14972,14069
14283: 12861,13285,15258,13293,13648,13802
14080: 15188,14647
14189: 14497,13146,12904
13383: 14957,13499,13295,14077,12938
14047: 14203,13161,14805,13327,13329,15074
13619: 13163,15144,15626,14175,15563
13745: 12879,15054,15172,14088,15444
15497: 13968,14052,13000,14691,12821,15022
13215: 14847,14887,13710,15062,13712,13707
14980: 14251,15202,14795,15519,13149,15585
14945: 13933,13294,14329,12881,15030,14442
15526: 13222
15796: 
15488: 13010,13113,13988,15023
14235: 13211,15376,14537,15293,15294
13283: 15388,15620,14422,15501,13022,14163
13518: 14509,15633,14724,13065,15072,13696
14458: 13979,12815,14986,14900,14230
13908: 15415,14216,15060,13274,14471
12822: 14575
15004: 14944,13214,14159,13101,14322
15602: 14297,15327,15334,15208,12861,14196
15646: 14982
14245: 13447,13011
15003: 13149,13756,13954,14438,14876,14110
12898: 13525,15737
14346: 14859,14295,15759,13441
13168: 14092,15595,14624
14264: 14063,15103,14457,12968,12834,12985
13083: 13306,14560,14723,14298
15780: 13297,13827,15779,13306,14298
14694: 15709,12982,14861,14457,15365,15430
14034: 14378,14318,13287,15156,13640,15442
12950: 13233,15239,13674,13850,14946,14852
15764: 14726,15528,15392,14239,14084,15790
12843: 14700,14649,15542,13826,15671,14632
15006: 
15336: 13837,15370,13859
14412: 13799,15138
14337: 13755,14557,13164,14525,15433,15323
14689: 13301,14852,13674,15732,14340,15545
15058: 15362,13023
12953: 13888,13111,15314
14719: 15688,13883,13480,13686,13271,13435
15365: 13329,15074,14457,12834,15430,14694,15709
15619: 15393
14846: 13426,14956,15224,12991,15635,13048
13515: 13853
13310: 14536,15607,14939,13174,13055,15475
14984: 14230,14799,14233
14416: 28658,13723,15520,13124,13466,15238
14749: 
15297: 13775,14870
15307: 14032,14162,13335,14871,13399,14608
14840: 
13733: 15306,12975,13872,13963,15232,15771
15553: 14223,13749,14383,13091,14364
13625: 14850,13147,15717,14781,14410,13262
12910: 
14755: 14714,13768,15140,13594,13353
12915: 14835,14453,15090,14256,13224
14541: 13755,14557,13175,14266,28607,14963,15751
13275: 12921,13658,14325,13703,13675,14465
15223: 14050,15625,14132,13134,14131,14140
14740: 14205,12894
15727: 14156,13582,13414,14731,15631,13075
13416: 15225,15441,13099,14757
15198: 13372,14453,15090,13776,14335
14757: 12971,13099,13416,15225
15305: 14343,13610,13237
14718: 15667,14461,14841,13881,14323,13024
15800: 13227,14898,13674,14836,15732
14249: 15712,14496,13920,13399,13410
15095: 13070,13150,13987
13969: 15744,14354,14454,13123,13992,13868
14533: 15091,13576,15810,15112,14219
14700: 12843,28558,14649,15542,13558,15746
13390: 15125,14329,14177,15164,15669,12842
13763: 14390,15016,13641,15678
15146: 13915,14519,14252
13227: 14254,14898,14433,15800,13626,14836
12816: 13145,15643,13715,13673,15236
13066: 15758,13909,13273,15031,13104,15750
15813: 15392,13645,14948,15740,14561,14994
14388: 13478,14113,14208,15589
14330: 
13687: 15675,15219,28672
15706: 13557,13714,14725,15224,13213,12851,14635
13106: 14156,15127,14988,15587
14300: 
13778: 13117,13063
14723: 14560,13083,13533,13876,14926,12916
14756: 12928,15063,13339,14026
14191: 15642,13454,14068,14521,13887,13738
14059: 15211,13161,13327,13345,13789
15610: 14001
13812: 13937,14663,15407
15323: 13381,15729,13164,14337,14557,14210
13600: 15681
14099: 14128,14100,13790,14285,15683,13028
14380: 14995,15530,13342,14802
15224: 13426,14846,14956,15521,13213,14635,15706
14221: 13237,14573,13669,14766
12901: 15023,15634,15605,13010,15733
13259: 
15264: 15546
15697: 13449,13569,12960
13190: 
14572: 13753,12922,13740,13767,13217,13638
13492: 14402,13537,15257,15527,14254,14898
14009: 14971,14893,12979,15548,14339,14953
14698: 13786,14112,14626,13543
14111: 13423,13220,15509,13606,14429
15749: 13280,13159,15795,14787,14520,15010
13293: 14283,15258,13648,13355,14857,14376
15641: 14745,14326,14222,13682
14446: 13368,15063,15080,13807,15175
12970: 13754,14441
13221: 14370,13165,13510,14767,12897,14961
14206: 14556,13317,13781,13825,15213,14048
14165: 14910,12934
13566: 13036,15559,13957,13572
15195: 12993,13432,14319,13442,15410,13049
15762: 
15330: 13441,15440,13976,14294
13825: 15213,14206,14048
14825: 14091,15639,13675,14958
14303: 15000,14532,13632,15381
14922: 15322
14485: 
15156: 14449,13287,13204,14034,13962,13640
15537: 14630,15549,13917,13592
13320: 13602,14862,13264,13678,13116,13670,13972
13226: 14569,15151,13420,13449,14955
13601: 15041,14493,14960,28667,14506,15630
13956: 15586,14721,15603
15077: 15435
13818: 14879,13421,14969,14413
13836: 13983,15703
15176: 14682,15255
14676: 14790,13282,15609,14578,13407,14308
14195: 13369,14293,14040,13144,13885
15617: 14831,12960,13569,13163,12857
15348: 14511
15059: 13796,14897,15743,14486,13653,13350
13188: 13030,13511,14508,14274,14024
13417: 
15183: 15493,14609,13261,14953,14469,12858
13761: 13439,14259,15374,15806,14169
14274: 14508,12873,15253,13188,13940
14853: 14132,14364,15625,13047,14257
15465: 13217,14732,13604,14120,12880,14761
15623: 14832,15757,14228,14507,13445,15532
14794: 13486,13333,13642,13313,13534,14338
13471: 13850,13488,13003,14946
15483: 15493,14609,15794,13130,15282,14400
12960: 14831,15617,15697,13569,15116
13080: 13098,13549,14959,13425,13380,13296,13323
14646: 14645,15283,13085,15379,14361
14015: 15362
14613: 13781,12999,14763,13185,15005
13402: 13919,14238,14258,13060,13926
14411: 15038,14296,14845
13718: 13450,13622,15147,15071,14735
14630: 15537
13656: 15690,14365,14815,15729
14292: 15081,14367
13654: 
15644: 13710,14783,15027,13527,15496,15808
14142: 14914,14885,14983,14901,15358,15241
14527: 
15011: 14212,14949,13236,15047,14094
14774: 15278,15584,13516,15285,13585,15695
14136: 14278
13726: 15181
15684: 14277,14127,14667,13577
13314: 14919,15234,13697,15746,14345,13240,13318
15233: 14102,13031,14764,13683,14125
13846: 15391,14863
12837: 
13022: 14971,14893,14163,15501,14194,13283
13199: 13088,13983,14386
15455: 13887,12856,14622,13964,13263,13280
14743: 13800,13018,12828,13044,15201
13602: 15054,14862,14488,13320,14088,13972
14787: 15614,12856,13280,15749,14520
13397: 14067,14580,15630,13272,13646,15776
13113: 15021,13351,15488
12998: 13263,15645,13349
13931: 14680,15489,12842,13813,15731,28661
13351: 13010,13113,15705
13854: 14528,15268
12969: 13963,12903,14002,15232,15457,13158
28652: 
15433: 14525,13064,13164,14337
14874: 14636,14328,14517,14524,15659,14161
12928: 13841,14756
14398: 14392,14952,13551
14268: 13923,12974,14523,14468
14734: 15326,15766,13484,15254,13959,14564
13589: 15249,14542,13081,14003,14857,15464
15789: 13874,12826,15712,15061
13007: 15130,14159
12984: 13753,15615,13866,14812,13184,13171
14253: 13534,14499,13465,15033,14356,13847
15550: 
15489: 14680,13931,12842,15164,15708,15046
13219: 14910
14623: 14932,15291,13257,13509
14517: 14636,14874,15430,14861,28667,14161
15045: 13118,13655,12964,15079,13247,13218
13618: 12995,14530,14687,13560
13470: 13155,14314,15428
12897: 13495,14767,14476,13221,13165,13872
12831: 13374,13457,14782,15238,12868,13124
13285: 12861,14283,15258,14049,13709,15208
13837: 15370,15336,14620,14389,13705,13897
15552: 15531,13644,12865,14143,14768,15673
13705: 14389,13762,13702,14620,13837
14538: 15181,13302,15048
14352: 14859,14037,13444
15806: 14838,14892,13439,13761,15229
14399: 13206,13842,14237
13202: 13100,14737
13591: 15076,14055,14273,14838,14054,14752
14839: 14985,14155,13810,15160,14585,14479
14552: 15598,15721,13804,13488
13154: 13093,13139,13452,13278,15015,13631
14233: 14984
15164: 14177,12846,15708,13390,15489,12842
14318: 14378,15163,14034,14996,15002,15442
14261: 15453,13027,15319
14565: 12844,13312,13076,14729,14777,14869
15319: 15401,13027,13288,14261
15770: 15372,13650,14450,14567,13035,13801
14530: 12995,13618,14687,14049,13524,13709
14371: 14222,14475,14907
13664: 15115,15627,13207,14310,13322
14168: 14176,14518,14348,14244,15184
14760: 13004,14707,14008,14917,14924
15361: 14267,13734,12912,15748
14850: 13625,13147,14781,14281,14827,13503
14494: 14096,12935,13588,15708,15046,13811
15656: 
14832: 15757,15623,13338,13680,14507
14761: 15747,15220,12880,15465,14120,13115
14639: 14951
15110: 13530,14721,13871,14066,13703,12921
14435: 14248,14618
15475: 13868,13894,28665,13310,14454,14939,13055
15034: 14103,13902,13538,13723,13831,15491
13409: 15576,13430,13394
13713: 14990,15511
14762: 12909,14296,15379,14361,14444
15493: 14609,15183,15483,12858,14400,12981
15234: 14919,13314,13697,14345,13318,14010,15053
15481: 13179,12883,14982
13749: 15672,15092,15459,14383,14223,15553
13027: 14106,13647,14261,15133,15319
13970: 14633,14406,15588,14370,15055,14332
13011: 14245
13819: 15111
15342: 12978,15226,15403,14424,13773
13443: 13765,14202,14234,13952,14216
14115: 14816,14987,14535,14509,15633,15044
13725: 13201,14093,13651
15325: 12925,14814,13694,15480,14526,13371
15334: 14114,15208,15602,15327
15166: 14921,13820,15209,15692,14559
14551: 12896,14578,14643,13282
14216: 15415,13908,13952,13443,13304
15692: 13396,15209,14218,14498,14579,15166
15109: 15410,15558,14470,13049,13944,15797
14819: 15400
14360: 13932,14335,13813,14590,13053,15218
13613: 13186,15184,15689,13681,13564,14513
15270: 12948,14644,15372,14450,15643,15670
14026: 13807,14756,15063
15286: 15449,15500,15007
15056: 13554,15014,12931
15404: 13341,13612,15081,14367
14162: 14032,15307,14223,13399,13410,13091
15500: 15007,15286,12894
12959: 13495,14767,28559,14299,15118,15752
15426: 13729,14173,13907,12945,13062,14334
13902: 15034,13538,14017,13831,13485,15126
13682: 15121,14326,15641
13694: 15325,15480,14526,13360,12975,15399
13572: 14255,13566,13957
14293: 13369,14195,15742,14489,14467
14505: 13429
13336: 14418,15294,15217,15689,15178,14513
14209: 14883,14369,14593,13539,14545,14302
13947: 13207,13461,13858,13087
12869: 15029,13444
14321: 13659,13620,15158,15589,14426
14377: 15794,14920,14971,12979,14163,13958
14547: 14915,15653,15252,13021,15699,14748
14114: 13709,15334,15208,14687
15249: 14302,14542,13589,15180,15024,13081
14596: 14125,14134,15420,15802,15197,14793
14504: 13270,13828,13487,14642
15594: 13583
15228: 13380,13194,13267,14448
12992: 15280,15419,15349,13698
12940: 15802,15197,15091,15112,14764,15783
13521: 15186,15575,14144,15805,14748,12968
15422: 13418,15454,15150
14644: 15503,15654,15372,13736,15643,15270
13824: 14143,13644,14854
13024: 14323,13032,15774,15073,13881,14718
15677: 13679,13332,13875
13869: 13411,13459,13405,14270,15540
15591: 15215,13274,14571,14152,15714
15773: 14546
15599: 13284,13352,15564,14260,14122
15133: 15401,13647,13027,15653,13348,14147
13239: 
14830: 13377
15271: 12817,12852,15029
15222: 12872,13398,13144,14046
13321: 14028,14413,13561,14849
14392: 14398,13281
15226: 15342,12978,12889,13773,13196,13544
13662: 14742,15637,13111,13501
14770: 13914,15682,14312,13421
15765: 13539,13355,14049,14545,13524,15258
14894: 15235,14404,13770,13905,13759,15778
13835: 
14668: 15204,13174,15525
14224: 13410,13091,14364,13727,15122
28658: 14416,15520,13941,13466
14953: 14339,13261,14009,12979,14609,15183
14578: 14676,13282,14551
15032: 13379,13057,13155
14896: 12994,14141,15190
13167: 15769,13180,14395,15174,15736
14484: 13838
15185: 14040,15756,13784,15357
14054: 13628,14752,15076,13591,12885
14837: 14373,13924,14834,15675
15504: 15655,15037,15445,13296,13194,13427
13918: 13166,15416,13636,14402,13537,13798
13486: 14794,13333,14275,13683,13031,13313
14500: 13607,13260,15581,15498,13798,13110
13127: 15387,13193,14124,15720,15057
14525: 15433,14337,13755,13277
14219: 15320,15025,15091,14533,13576
15040: 15551,13617
14284: 15674,13378,28589,13921
13194: 13380,15228,13296,15504,13427,14448
15478: 14581,12893,13353,14464,15000,13799
15114: 15694,15291,13071,13411
12904: 14497,14189,14480,15067
13468: 14010,14240,15053,14906,15730,14807
15119: 13289,13315,13689,15013,15490,14315
14713: 15373,13622,15147,13547,13453
14569: 13226,15151,13344,15597,13821
14852: 13301,14689,13674,12950,14785,14946
14385: 15302,14697,13494
14442: 15533,15669,14945,14329,15030,15303
12914: 15199,14678,13701,15521,13949
14744: 14790,13282,12896,13017,12927,13883
14680: 15489,13931,13813,15046,14590
13388: 14514,14711
13296: 13380,13194,13080,13425,15445,15504
15443: 
14763: 13316,14267,13643,14613,15005
13123: 13412,15525,14454,15204,13969,15744
13478: 14388,14215
14711: 14969,13388,14413
14130: 
14707: 13004,14760,13795
14419: 13637,15310,14957,15507
14074: 14848,15275,15693,14187,12911,13442
14634: 13816
15048: 13302,14272,15181,14538,14978
13494: 15378,14385,15804,12838
14443: 13428,13617,13782,14086
14895: 
13797: 13208,14913,14179
13169: 12966,13968,15312,14678,13862,14824
14934: 14188,13717,13334,13520
14314: 14315,13470
13324: 14281,14992,13831,15126,13916,14827
14818: 14921,13820,12986,14798,14730,14117
12846: 14177,15164,15708,12935
13892: 13041,13398,13803,14046,14949
14660: 13910,15487,14236,15549
14139: 13019
14060: 15648
14870: 13692,15297
13072: 13896,14005,13415,13260,13541
14821: 13133,15516,14778,14631,15536,14803
13419: 15265,15128,14129,13938,14686
15023: 12919,12901,15634,13988,15488
15313: 13770,12972,13730,15170,14979,13708
15014: 15674,13554,15056,12931
13135: 14617,14183,15675,15219
14816: 14349,14987,14115,14535,13673,15236
13587: 13445,15318,13782,13757,13498
14177: 12846,15164,15125,13390
14748: 15699,15805,15575,13021,13521,14547
15511: 14113,14287,13713
28672: 13687
13009: 13789
13632: 14532,14303
13484: 14734,15766,15254,13571,13319,13491
12830: 12836
15260: 
13249: 15169,14039,13446,15106
14141: 14896,12994,12912
14887: 14847,15730,13215,14240,13710,15027
13932: 14360,14335,13053,13979,12815
15042: 13739,12835,13286,15775,14217
14102: 13685,13031,15031,15233,14597,14764
14656: 15106,15354,14570,13995,14382
12824: 13573
15328: 15782,14396,15083,14502,13172
13961: 14101
13633: 14145,14691,13558,15288,13240,15022
15094: 
13146: 14497,14189,15756
13225: 14225,14592,13996,13870
14370: 15055,13221,13165,13970,13510,14332
12847: 14715,14828,12862,14465,13658,14641
14227: 15179,15427,14344,13270
12997: 15437,15554,14503,14681
13344: 15175,14301,13821,14569,15151
14383: 15092,13749,14417,15553,15625
13981: 13366,14269,12955,13624,14152,13722
13630: 15598,15721,13877,14297,15809,12962
13211: 14235,14875,14543,14372
15029: 12869,15271,12817,14657
14884: 14820,13659
13075: 15631,15702,15727,13090,14731
13734: 14267,13643,15361,15190
15790: 14633,15241,14726,15764,14239,15588
13766: 15683,14359,14881,13790,15572
13440: 
14004: 13045,13666,15383
13571: 15696,15134,13319,15008,13484,15254
13187: 13132,15456,14928
13415: 15015,14452,15581,14005,13072,13260
14116: 13781,15101,13317
15767: 15733,15679,14056,14855,14947,14917
13885: 15357,14075,14040,14808,14195
14033: 15683,13028,15572,13751,13724,14118
14710: 15536,12840,13744,15731,12932,15218
14244: 14518,14168,15184,13667
14781: 13625,14850,13262,13503,15240,13001
15155: 14473,13950,14522,14174
13578: 14864,15801,13586
13992: 13868,13894,13969,14354,15529,13094
14667: 13769,13577,15684,15450
14592: 14662,13225,13870
13817: 13455,14424,15231,14673,13067
15766: 14734,15326,13484,13772,13491,13034
15076: 13591,13210,14055,14054,15397,12885
13210: 15076,14055,13340,13326
14492: 15152,12875,14024,13300
15288: 13616,14345,13240,13922,15022,13633
14568: 13002,14730,15331,13677,14625,14481
14025: 15474,14200,14271,13393,13629
14464: 12965,15478,13353,14601
15637: 12870,13878,13662
14023: 13065,15398,15788,13122,14269
13133: 15516,14821,13496,14803,14714,13768
14791: 14202,14234,13197,13663,13895
12913: 13120,14007
14879: 13818,13421,15590,13704,13867,14969
15503: 15654,14644,15096,14226,15372,13650
13512: 15149,14883,14207,12995,13539,13524
15774: 13024,13032,15073,15516,13496,12853
13986: 14181
15049: 14231,14518,12907
15467: 14576,14833,15086
14662: 14592
14466: 13808,15266,13706
15664: 13758,13379
14164: 12962,15257,13069,15809,13636,14402
14051: 
14437: 14204,15191,14146,15606
13652: 13870,13157,13856,14701
13944: 15137,14470,15109,13879,13500
12868: 13059,13256,13903,13374,12831,15238
13203: 14834,15356
15638: 14648,15341
14865: 14780
13067: 15456,14673,14741,14424,13817
14847: 14887,15730,13215,13098,13425,13712
13360: 15771,13655,12975,15399,15760,13694
12882: 13629,13991,15474,15246,14076,15283
14618: 13497,14688,14435
13990: 13058,15332,13089,15505,13143
14498: 14218,15349,13698,12814,14579,15692
14686: 14587,13938,14144,13419
14150: 15396,13621,12951,12906,15044,14987
12894: 14740,15500
14281: 13324,14992,13107,14850,13147,14827
13354: 13641,13921,13298
14396: 15328,15083,15374,15332,13635
15321: 
13094: 13078,14185,13992,14354,15135,15529
13413: 14746,14461,14841,13251
14746: 15267,13413,14146,15281,13108
13535: 13186,13681
14728: 14182,14677,13611
15629: 14611,13291,13428,15207
15066: 15402,15378
13042: 14800,14334,14972,14069,15243,13844
13175: 13384,13277,14391,13755,14541,14963
13998: 13924
15220: 15747,14761,13115,14357,15096,14842
15650: 15662
15394: 15444,13646,15776,12879,13306,14560,15779
15096: 15503,15654,14842,14226,15747,15220
15036: 14154,15587,13582,14020,15487
15413: 13074,13941,14869,12844
13862: 15199,14678,13169,13959,12966,15300
15069: 13548,14801,13457,13107,13147,15717
28622: 13692,14482,15169,13775
15486: 15179,15427,13209,13550,13765
13826: 15118,15671,15752,12946,14632,12843
14163: 14971,13022,15620,13283,13958,14377
13126: 13796,15743,15018,13599,14073,13980
13637: 14419,15310,14158,13783
13307: 13780
13255: 14083,13882,12827
15391: 14863,13846
13017: 15285,12927,13585,14744,13883,13480
13345: 13789,15211,14059
14867: 13246,15251,12860,13590,14098
13057: 15768,15032
14258: 13919,13402,13389,14036,13060
13004: 14760,14707,13359,14855,14917
15728: 13469,13269,15466,13183,13579,14445
15248: 15777
15407: 13788,13812,13937
15424: 14938,13267,13783,13266
14213: 14970,14000,14042,14951
13939: 14137,13461,13858,12874,14558,14954
12921: 13275,13658,13530,15110,13703,15713
15337: 14706,13530,15713,14430,13077
14460: 13774,15277
15717: 13625,13147,13548,15069,13737,14410
15491: 14992,13831,13723,13124,14782,15034
13507: 15758,13273,13747,14414,13954,13973
14495: 
15431: 15647,13452,13735,15547,13848,13631
14053: 15145,13544,13196,14397,13975
13510: 14332,14800,14370,13221,15243,14961
15693: 14848,14074,15561,12911,15129
13570: 
14715: 12847,14828,13658,13103,14566
15741: 13196,14397,14014,14512,15144,14709
13177: 15278,15584,13946,13035,13528,13265
14512: 13163,15144,15741,14555,14709
15571: 12832,14690
12832: 13019,14135,15571
13537: 15498,14402,13798,13492,13918,14254
12835: 13739,15042,15680,14119,14456
14457: 14264,12834,15365,15430,12985,14694
14930: 13368,14733,13391,13628,14752
15235: 14894,14404,13958,13708,15620,13770
13635: 13058,15332,14396,15541,13913
28659: 15161,15600,15634,15605,15078,14306
13406: 13181,15453
13964: 14622,14802,14913,14995,14068,13887,15455
13366: 14269,13981,13136,13479,12955
13737: 15654,14842,13548,15717,14410,13736
15135: 15529,13680,13094,14185,15757
15681: 13600
15147: 15373,13622,14713,13718,15071,14878
13068: 14940,14716,14289,13228,15436,14422
15585: 13149,13756,14980,15202,15331,13752
15719: 14217,14916,14440,15768
13709: 14114,15208,14530,14687,14049,13285
14716: 14940,13068,12946,15562,15725,13228
13268: 14491,14417,15437,15554,14050,13504
13678: 13264,13116,15709,12982,13670,13320
15280: 12992,13148,13698
14797: 13821,14301,15136,15329
13966: 14775
15539: 
14090: 14562,13546
14455: 
12986: 13820,14818,14607,14061,14798,15649
13084: 15546
14086: 15532,13291,14228,13782,14443,13428
13019: 12832,14135,14139,12891
13810: 13889,14839,14155
13032: 14323,13024,15774,13496,13431,14072
15247: 
14210: 28607,13532,15323,13381,14557,14765,15377
13195: 
13138: 15230,15196,13387
14901: 13178,14726,14619,14142,14983,15241
13101: 14607,12814,14579,15004,14322,14061
15295: 15518,13866,14430,13234,12922,15615
12930: 13389,15461,14722
14297: 13877,15602,15327,15809,14196,13630
14408: 15386,13339
15035: 
13697: 14919,15234,13314,12972,13730,15053,13054
14382: 15724,14656,13995
28558: 14700,14649,14979,14919,15746,13730
15353: 14772,14889,14742
13012: 14273,13391,15229,13526,13404,13857
14251: 14980,15202,14559,14606,15519
15350: 14684,13051,14358,14101
13305: 14263,14638,15100
13543: 13003,14785,14698,14626
13340: 15296,13210,13326
14652: 14970,14000,15566,13446,15354
13051: 14684,15350
13445: 15318,13587,13782,14507,14708,15623,15532
13901: 13962,13640,14401,12845,15667,14943
15612: 14276,13920,14608,12826
15718: 15192,13433,13332,13467,14508,12873
13140: 
15520: 14416,28658,13723,14103
14671: 28589,15016,14543,14418,15217,14390
14936: 
13218: 13247,13890,13655,15045,14431,15760
15620: 15388,13283,14163,15235,13958,13708
15398: 13065,14023,15072,13460,13624
14871: 14311,13335,14032,15307
14329: 15125,13390,12881,14945,14442,15669
15593: 15438,15002,15442,13881,14401,15073
13332: 14279,13875,15677,13433,15718
13469: 14948,15740,13269,15728,13579,15564
14424: 15403,13455,13817,13067,15342
14056: 15026,14855,15705,13010,15767,15733
14769: 
15667: 14718,14461,14943,13901,14401,13881
13410: 14224,13091,13399,14162,14249
14649: 12843,28558,14700,14632,14478,14979
14886: 14447
14758: 14995,15530,15401,13454,14068
14340: 15182,13198,13301,14689,15545
13580: 13985
15540: 13897,13869,13405,14270
13679: 14178,13205,15677
12899: 13384,14963,15290
14691: 14145,13371,13633,15497,13000,15022
13701: 14727,14824,12914,14678,13949,13137
15384: 14247,15087,13689,15097
13556: 14965,14753,15335
12963: 14287,15203,13691,13246,13462,14113
13843: 13369,14808,14489,14348,14176
15444: 15394,13646,15054,14488,12879,13745
13411: 13869,15114,14270,14065
14519: 14048,15146
15072: 13065,15398,13518,13696,13460
13621: 14150,15396,15044,15651,13953,13863
13816: 14634
13827: 13297,15780,14075,14057
15290: 12899,14503,14963,15751
14690: 14320,15571,14903
14243: 15299,14404,14920,13130,15778,13367
13481: 13974,14739,14737,15142
14031: 14045,13603,14425,14637
14996: 13933,14011,15163,14318,15002,13900
13353: 15478,12893,14755,15140,14464
13178: 13677,14901,14117,14650,14619,14983
12875: 13467,15152,14492,14508,14024
15329: 15136,14797
15256: 14977
14032: 14162,15307,14223,14311,14871,15672
15085: 15379,15355,15038,14296
13791: 15786,15448
13395: 15084,14738,12877,14796
14672: 15173,15624,14445,13731,14704,14316
13563: 13377,15538,15026,15705
12858: 14712,14469,15493,15183
13965: 
14183: 14373,14617,13135
13747: 15320,15734,14414,13973,13507
15542: 12843,14700,13558,14814,15671,14145
12912: 14141,15361
15352: 14534,15614,15304,14822,14806,15616
14645: 14646,15283,14741,14076,13132
14726: 15528,15764,14619,14901,15241,15790
14012: 
13198: 13131,14340,13301,13786,14626
13444: 14016,14037,12869,14352
15611: 13141,13523,14900,14331,15579
28667: 14960,14161,14517,14861,15041,13601
13396: 15209,15692,14606,14218,14985,14843
14199: 14784
13245: 13250,13079
14537: 15293,14489,14467,15560,15376,14235
14714: 14755,13768,13133,13496,15606,14072,13594
13079: 13245
15445: 13425,13712,13707,13296,15655,15504
15781: 13806,15429,15575,15686,15186
13575: 14918
13291: 14086,14228,15629,14611,14925,13428
13887: 15455,12856,13738,14191,14068,13964
13538: 14103,15034,13902,14017
15317: 14958,14325,13703,14066,14751
14557: 14337,13755,14541,15323,28607,14210
14857: 14003,14376,13355,14542,13589,13293
14514: 13095,13388
14006: 14717,14849,15810,15112,15343
13231: 13748
14991: 15386,13448
15192: 13433,15718,15559,12873
14125: 13683,13690,14134,14596,15197,15233
15196: 15250,13387,13372,13138,15230
14471: 13952,14604,13274,13908
14011: 13933,14996,13294,15163
14778: 15516,14821,12853,13971,15303,14631
15065: 14732,15608,14487,12880,14531,13860
15399: 15760,14882,12829,13360,13694,14526
13460: 14933,15072,15398,13046,13696
14395: 15174,14591,13663,13167
14196: 13802,13069,15809,12861,15602,14297
13925: 
15700: 
13985: 13580,14712,13424
13125: 15687,14595
14702: 14625,14788,13752,13475,15457,15423
14614: 14108,12937
15267: 14746,14146,14841,14323,13431
14285: 13592,13845,13790,14100,14099
13565: 14845
14194: 13536,13350,15501,15194,14893,13022
15736: 14966,15174,13167,15769
15508: 
12954: 15690,14365,13750
13449: 13420,15697,13226,14955,13092
15687: 13125,14186
14215: 15301,13478,12859
13014: 13593
14122: 13855,14260,13352,15599,14451
15600: 28659,15161,14333,14306
14296: 14762,12909,15379,15085,14411
13038: 13505
13738: 13887,12856,14191,14521,14534
13519: 13150
14842: 15654,15096,13737,15220,13548,14357
15551: 13428,15207,15040
14595: 13125
15469: 15665,15808,14783,13762,13702
13479: 14952,12955,13136,15613,14123,13366
14231: 15049,13899
15459: 15672,15092,13749,15377,14935,14703
14928: 13773,15456,13187,14374
13159: 15749,15795,15010,13671,13349,12908
14841: 14718,14461,14323,15267,13413
15043: 14039,14042,14000,14482
13499: 14957,13383,13295,13873
14806: 14950,15616,15352,15614,13668,12874
14433: 13227,14254,15498,13626,13110
15707: 13994,13403
15170: 14478,14979,15436,15388,15313,13708
28589: 15016,14671,14543,15674,14284
15118: 13826,15752,28559,12959,12946,15562
15231: 15505,13143,14673,15246,13817
14948: 13469,15740,13284,15564,15813,14994
15618: 12918
13527: 14627,15583,15496,14981,15808,14201,15644
13295: 14400,13873,15282,12938,13499,13383
13623: 15268
14062: 15101,14250,15454
13769: 14667,13577,14553
14725: 13714,15706,14420,14635,13459,15279
14616: 12838,15804
14522: 13573,15155
14959: 13549,13080,13244,14336,13323
15377: 14765,14935,13532,14703,14210,15459
13191: 14089
15554: 15437,12997,14266,13904,14503,15751,13268
13380: 15228,13296,13194,13080,13323
14175: 13326,15626,15397,15425,15563,13619
15052: 
12817: 15271,15029,14657,14772
13581: 13365,14169,13089
13050: 14262,15160,14610,14479,15025
13857: 13404,15309,13012
15709: 14694,12982,15365,13329,13264,13678
14807: 13098,13549,13468,15153,14906,15730
15208: 13709,14114,15334,12861,13285,15602
13868: 13992,13894,15475,28665,14454,13969
13569: 15563,15212,15697,12960,15617
14503: 15751,15290,12997,15554,14681
15205: 13929,13611
15527: 14858,15257,13492,13233,15239
13099: 12971,14757,13416
14013: 14528,15244
14817: 12905
14218: 14498,15349,15221,14843,13396,15692
13237: 14573,14343,15305,14221
15428: 14899,14126,13470,13155
15366: 15647,13452,13977,15396,12951,13139
13342: 13208,13343,14380
14843: 14985,14155,14523,15221,14218,13396
15523: 13967
15236: 12973,14968,12816,13715,13673,14816,14349
15214: 13026,13077,15592
15744: 13969,14354,13292,13412,13123,15652
15241: 15358,14633,15790,14901,14726,14142
14095: 
14918: 13325,14355,13575,15798
15037: 15655,15504,15710
15386: 14991,14408,13339
14232: 14653,13951,12849,14415
14287: 12963,15203,14682,15511
13677: 13178,14117,14568,14730,14481,14983
15742: 13803,15560,14046,13144,14293,14467
15333: 13584
14394: 13787,15367
13447: 14245,13201
13554: 14094,13728,15056,15014
13233: 15239,13674,12950,15527,14898
13464: 15566,15107,13884,15354,14570
13655: 13118,15771,13360,15045,13218,15760
13029: 13112,15666
13624: 14152,15398,13981,14571
15169: 13249,15786,14039,28622
15210: 
14573: 13237,13669,14599,14221
15705: 15026,14056,13351,13010,13563
15740: 14948,13469,13269,15392,15813,14084
15615: 12984,13753,12922,13866,15295
12917: 13695,12916,13456
13542: 12977
13530: 15110,15603,15337,12921,15713
14107: 13823,14472,13206
15652: 14675,13412,14745,15744,13292
15661: 15604,14617
14118: 14229,14211,14033,13028,13261,13724
15314: 12953,13111
15528: 14726,15764,14619,15173,15624,14084
13604: 15165,13767,13893,13217,15465,14120
13767: 15165,13604,13740,14363,14572,13217
13653: 13536,13350,15059,15743,15417,13235
13208: 13342,14913,13797
14804: 13328,14651,15008,15254,15565,14564
13561: 13192,15335,13321
14574: 13498,15177,13617
14402: 13537,13492,13636,13918,14164,15257
15763: 15474,14271,13085
13427: 14448,13194,15504
14269: 13366,13981,13122,13136,14023
15805: 15699,14748,13521,15103,12968,14138
13403: 15784,12845,13994,15707,14943
15567: 12958,15645
15701: 
14643: 13935,14551,15001
15587: 14154,15036,14156,13582,13106
13683: 13690,14125,13031,15233,13313,13486
14077: 14826,14158,12938,13529,13383
15778: 14583,13367,14894,14404,13759,14243
28665: 13868,13894,15475,13055,15259,15561
13196: 15741,14397,14014,12978,15226,14053,13544
13735: 14044,15547,15431,13848,15494,14588
13348: 13719,12819,14147,15653,15252,15133
14935: 14765,15377,14311,14679,15672,15459
14775: 13966,14684
13387: 13943,13120,15196,13138
14635: 14420,13426,15224,15706,14725
14648: 15638
15216: 14083,14823
15675: 13687,14373,14837,13135,15219
14732: 15065,13217,13638,15608,15465,12880
15429: 13806,15393,15781
15046: 15245,13811,15708,14494,14680,15489
12865: 13214,15552,15531,14768
14753: 13556
14982: 12883,15646,14674,15481
13182: 12866,13942,15688,12993,13432
14456: 14993,13286,14119,13487,12835
14759: 
13271: 15345,13686,14659,14719,15558,13435
13334: 13520,15078,14306,14934
14771: 
12920: 12987,14174,14473
14599: 13669,15622,14573
12825: 14575,15686
13060: 14036,12905,14157,13402,14258,13926
12892: 13166,15568,15416,12900,13278,14452
14345: 15288,13616,13240,15234,13314,15569,13318
14316: 14704,15649,14439,13731,14672
12906: 14150,12951,12973,14349,14987,14605
14263: 13305,15506
14767: 13495,28559,12959,12897,13221,14961
14729: 12855,14777,15555,14565,14869,12926
13568: 
14739: 13974,13481,14737,13508,15596,15275
14174: 15363,14473,15155,12920
14570: 14656,15354,13464
15294: 13336,15217,15293,14235,15178
14279: 13332,13875,14043,15745,13467,15152
15093: 14286,15298,12902,13889
12907: 15049
12833: 13898
14738: 13395,15136
15547: 15273,13735,13863,15647,15431
13636: 13069,15580,13166,13918,14164,14402
14849: 14006,14717,13321,14028,13192
13700: 13308,15242,13690,14134,15484
14366: 
12975: 13733,15306,15771,13360,13694,15480
13287: 14449,15156,14378,14034
13498: 14574,13757,13587,13782,13693
13875: 13332,14279,15677,15748,14043
15799: 
13152: 13330,14180,15211,13116
15784: 12845,13403,14272,14978
15060: 15415,13908,15215,13787
14353: 13995,15106
13394: 13430,13409
14670: 13988,14823,15452,12827,12919
12860: 13047,13590,14257,15251,14867
14695: 
15259: 13055,15561,13894,28665,13013,15129,12818
12819: 13348,13719,14147,15406,15642,13454
13448: 14733,14991,15080
12836: 12830
12966: 13169,13959,15565,14564,15312,13862
13681: 13564,14904,13613,15793,13535
15411: 15691,14851,13847,14356,13373,13849
13560: 14379,14207,12995,13618
13171: 13184,12984,13753,13638,15608,15200
15103: 14264,12968,15805,14138,12985
12902: 13889,15093,15682,14262,15160
13855: 15676,14122,14403,14483,14451
15356: 13203,14834
14811: 13121,13634,15607
14553: 15120,13769,13577
15283: 14645,14646,12882,15474,13085,14076
15757: 14832,15159,15623,15135,13680
13331: 14621,13832
14020: 15631,13582,15036,15487,14291
14334: 13062,14800,13042,14972,13729,15426
15514: 14705,12855,15555,15165,13893,15395
13863: 15651,15396,13621,15647,15273,15547
15670: 12980,15347,14450,13801,15270,12948
15382: 
13907: 12941,12945,14974,13729,15426,13721
14968: 15017,13001,12973,15236,13715,14349
12956: 13176,15791,14647
13878: 15637,15440,13545
15292: 14462,14539
15651: 13953,13046,13863,13621,15273,12943
13658: 12921,13275,15713,12847,14715,14465
14633: 15358,15241,15790,13970,15588,15055
15354: 14656,15106,14570,14652,13464,13446
14940: 13068,14716,12946,14632,14478,15436
15708: 12846,15164,14494,12935,15489,15046
14803: 15536,12840,13133,14821,13768,15028
13599: 13562,14073,14341,13126,13980,13493
15375: 14810,13620,14496,15061
13355: 15765,14545,14542,15258,13293,14857
12859: 13716,14215
14145: 13371,13633,14691,14814,15542,13558
14127: 15473,15389,14277,15684,14280,13577
15480: 12925,13694,15325,15306,12975,14299
13882: 15452,12827,14333,13255
14133: 14615,13086
13002: 14568,14730,15331,14921,15202,14559
13028: 15683,14033,14128,14099,14211,14118
13141: 15611,13523,14900,12932,13053,13979
12968: 14264,14063,15103,13521,14587,15805
13035: 13528,13801,14567,15584,13177,15770
14152: 13624,13555,13722,13981,14571,15591
12926: 13059,13903,14729,15555,13074,14869
12973: 15017,14968,15236,14349,15024,14605,12906
13698: 14498,15349,12992,15280,12814
12982: 14694,15709,14861,13678,15041,13670
15699: 15805,14748,14547,15252,14549,14138
13716: 12859,14149
13851: 
14558: 14950,14580,13272,13939,12874,14954
13916: 15149,14883,14369,14827,13324,15126
14188: 14934,13717,14540
14169: 13581,13761,13089,15374
14526: 13694,15325,15399,14882,13000,13371
15015: 13278,14452,13415,13154,14005,13631
13906: 14642,12849,14993,14653,13553
14046: 13803,15742,15222,13398,13892,13144
14493: 15041,13601,13670,14862,14488,14067,15630
14508: 12873,14274,15718,12875,13188
15028: 14891,15140,14803,12840,13768,13523
14426: 15589,15100,14321,13659
14507: 13688,14708,13338,14832,15623,13445
14423: 
15691: 14851,15411,14929,13849,13016,15635
15405: 13381,15729,14365,14679,14765
15436: 15170,14478,14940,13068,15388,14422
14655: 14736,14812,15518,15592,13866
15107: 15566,13464,15113,13884
13040: 
13284: 13352,15564,15599,14948,14994,14429
14420: 13071,13105,14635,13426,14725,15279
14084: 15392,15624,15740,13269,15528,15764
13489: 13151,14664,13252,13347
15516: 13133,14821,13496,14778,12853,15774
14161: 14960,28667,14822,14874,14517,15659
15596: 12866,14187,13508,13935,14739,15275
15090: 14453,15198,12815,14835,12915
15463: 15660
13288: 13189,15319,14962,15530
15754: 13780
15714: 15082,12943,14933,14571,15591,13274
14925: 14611,15159,14228,13020,13291
14799: 14984,14230,14331
15808: 15665,15469,14201,13527,15644,14783
15583: 14627,13137,13527,12851,13949,14201
14061: 14439,14322,13101,14607,12986,15649
15622: 13364,14599
15389: 15473,14127,13504,14277
13528: 13035,13801,14124,13177,13265
12957: 15145,13975
14782: 13457,12831,13124,14992,13107,15491
14681: 13741,14503,12997
13376: 13788,14576
13648: 14283,13293,14376,13802,15580,15568
13531: 14779,14192,13993,15524
13401: 15145,12889,15225
15081: 14292,14831,15404
13461: 14137,13939,13858,14105,13207,13947
13276: 14181
14815: 13164,13656
13408: 14167,14868
15653: 14915,14547,15252,13647,15133,13348
15129: 15269,13013,15693,15259,15561,12911
14509: 15633,13518,14724,12980,14115,14535
15471: 15768,13743,15492,14241
13711: 15219,15284
14375: 15385
14098: 13691,14208,15158,15251,13246,14867
14373: 14837,14183,15675
13207: 13947,13461,15627,13664,13322
13922: 15288,13616,15022,12821,14727,15803
15686: 15039,15575,12825,15781,13299
13977: 14605,13081,12951,15464,13139,15366
14124: 13528,13801,15387,13127,13265,15347,15720
15733: 15767,15679,12901,15605,14056
12884: 13248
13547: 13308,13453,13102,13622,14713
14975: 15050
13156: 14101
14282: 14628,14665,14602
14393: 
13045: 13666,14004,15761,13373
14450: 15770,15372,13801,15270,15670
14275: 13486,13333,13685,13031,15227,15696,13319
14404: 15235,14894,13958,14920,15778,14243
14976: 15123,13362
12935: 14494,14096,12846,15708
15689: 15178,13336,13613,15184,14513
13777: 14342,13639,15105
14854: 13183,13579,13824,15601,14304
14325: 14958,15317,13703,13275,13675
14549: 12878,14138,15252,15699,13719
14502: 12987,13097,14198,15328,15083
13815: 13610
15063: 13339,15080,14756,14446,14026,13807
14344: 13608,13541,14227,15179,13828
13929: 15205,14999,15338
15560: 13803,15742,15376,14537,14467
13728: 13554,14094,14212,14875,14372
12905: 14036,13060,14157,14817
13740: 14566,14363,13234,12922,14572,13767
15017: 13001,12973,14968,15180,15240,15024
14417: 13268,14491,15092,14383,14050,15625
14305: 15137,14470,14692,13506,13688,14708
14478: 15170,14979,15436,14940,14632,14649
13228: 15308,14289,15725,15685,13068,14716
13018: 13800,14743,13044
14201: 15665,15808,15583,13527,12851,13557
14965: 13556
15635: 13016,13048,15691,12991,14929,14846
14679: 14311,15405,14765,14935
15301: 14215,15100,15193
14727: 12821,13701,14824,15803,13922,13137
15419: 12992,15221,14468,15349
15659: 15304,13997,14524,14874,14822,14161
14631: 15533,13744,15303,14821,14778,15536
14653: 14232,12849,13906,13553
14071: 
14992: 13324,14281,13107,13831,15491,14782
13742: 
28559: 14767,12959,12952,14961,15118,15562
14439: 14322,14061,14768,15673,15649,14316
12820: 15761,15071
13974: 13481,14739,14550,14848,15275
15068: 13796,14897,14510,15439,15018,13434
14432: 
15788: 15057,14350,13122,14912,14023
13144: 15222,15756,15742,14046,14195
14627: 13137,15583,13527,15803,14981
15026: 14056,14855,15705,13563,13359
15311: 
15251: 14669,15122,12860,14098,15158,14867
14548: 
13206: 14399,13037,14472,14107
14058: 12924
15810: 14533,13576,14312,14006
14705: 15514,12855,14641,14828,14363,15165
13304: 14591,15543,15415,14216,14234
14917: 14008,15064,14947,14855,15767,13004,14760
14298: 13695,13083,15780,13153
13870: 14436,13652,13225,14592
14441: 13676,12970
14363: 14566,13740,14828,14705,15165,13767
13465: 14253,14499,15373,14720,14356
14407: 13309,15020,14955,15597,12877
14312: 13914,14770,14028,15810
15137: 14305,14470,13944,14708,13879,15318
13579: 13183,14854,14304,13469,15728,15564
14271: 13393,14025,15763
13659: 14321,14810,13620,14884,14426
13318: 14010,15053,14345,15234,13314,15569,13552
15016: 28589,14671,13641,13921,13763,14390
12934: 14342,14165
15287: 
14793: 15242,15339,15420,15105,14134,14596
14872: 15738
13109: 
14612: 
14546: 15704,15773,14962
14752: 14054,13628,14273,13391,14930,13591
13550: 15494,13209,13896,15179,15486
15084: 13395,12961,13832
15074: 15365,13329,13232,12834,14047
14170: 
13298: 15678,13354,13641
14866: 13205,14973,12994
13261: 14339,14953,13724,14229,14118,15183,14469
14029: 
13995: 14353,14656,14382
15513: 15538,13382
14876: 15447,14027,14110,13475,13756,15003
15123: 13362,12974,14976,15434
15269: 13013,15129,13338,12911,13506,13688
14780: 13250,14865
14897: 15059,13796,15068,13434,15206,14486
14220: 14255,14016
14421: 14654,15479
13089: 15332,13990,13581,14169,15505
13430: 13394,13409,15355
14035: 14986
13795: 14707
14589: 14682,15255,15203
13950: 14473,15155,12936
15250: 15196,14038,13776,14856
13016: 14501,15635,15691,13849
14357: 13548,14801,14877,13115,15220,14842
13491: 13772,14338,13333,13319,15766,13484
14272: 13302,15048,13204,15784,12845,13962
15154: 
14462: 15292,14539,13070
13941: 13074,15413,13466,28658
15786: 15169,13791,13775
14777: 14729,12855,14641,12862,14565,13076
14085: 15735,13671,15115,13258
14674: 15576,14982,15344
13982: 14518,14348,14808
13669: 15075,14599,14573,14221,14766
13945: 13270,13197,13895,12849,13951
13232: 14554,14805,13938,14063,12834,15074
12925: 14814,15325,15480,14299,15671,15752
15101: 14062,14116,15150,13317
12952: 14069,15725,15243,14961,28559,15562
13695: 12917,14298,13153
12987: 14502,12920,13097,13792
15397: 15425,12885,14792,15076,14175
15153: 15807,14640,14906,13549,14807,14336
13130: 15794,14920,15483,14243,15299,15282
13485: 14379,14207,15126,13902,14017,15149
14810: 15375,13620,15061,14820,13659
14365: 15690,13656,12954,15405,13750
13441: 15330,13545,14346,14859
15668: 
14103: 15034,13538,13723,15520
13627: 15468
13642: 13313,15484,13453,14794,13534,14499
13071: 13105,14420,14932,15291,15114,15279
14016: 14037,13444,13940,15253,14220
14629: 12944,15302
14294: 15472,15324,13976,15330,13497
14978: 13540,12823,15048,15784
13888: 12953,13660,12937
13256: 12868,15395,13059,14877,14070,13374
14542: 15249,14302,13589,13355,14545,14857
15564: 13284,15599,13579,14948,13469
14238: 13919,13402,28520,15414,13926
13129: 15012,14515
13425: 15445,13712,14847,13098,13080,13296
13513: 13047,13590,14140,13891,13771
13081: 15024,14605,13977,15249,13589,15464
15127: 14156,13106,14197,14988,13414,13793
12879: 13745,15444,15394,15779
15038: 12895,14411,15085
15179: 14227,15486,13550,14344,13541
14444: 14762,12989
15803: 14727,13616,13922,14627,13137,14981
13315: 13289,15119,13131,15013,13216,13603
13229: 
13405: 14620,15019,13459,13869,13897,15540
14187: 12866,15596,15275,14074,13432,13442
15242: 14793,15339,14134,13308,13700
14951: 14042,14515,14639,14213
14888: 
15100: 15301,14426,13305
12853: 15516,14778,15438,13971,15774,15073
12852: 15271
13102: 14693,12888,13308,13547
13879: 12841,13757,13500,15137,13944,15318
14440: 13015,15775,14217,15719,14899
13005: 13771,13891,13212,14967
15312: 13968,14052,14214,13169,12966,15565
14977: 14252,15256
14470: 14305,15137,13049,13944,14692,15109
14766: 13439,13669,13526,14221
15759: 13030,14037,14346
12927: 13017,15285,14308,14790,14744,13665
13675: 14091,14825,14958,14325,13275,14465
15807: 15153,14640,13054,14906,13759,13905
14132: 14853,15223,15625,13047,14140
12841: 13879,13757,13500,15535,13605,13693
14093: 13112,15640,13725
13243: 
12991: 12942,14813,14929,15635,14846,14956
13672: 
14607: 13101,14579,14061,13820,12986
13160: 13598,15772
15574: 14248,15141
13241: 
15440: 15330,13545,13878
15566: 13464,15107,14970,14652
13431: 15606,14072,14323,13032,15267,14146
13364: 13934,15622,13438
13369: 13843,14808,14293,14195
13393: 14271,13559,14200,14025
14117: 13677,13178,14818,14798,14650,14730
13467: 15152,12875,14279,15718
13968: 14052,15497,15312,13169,12821,14824
15012: 14042,14515,13129,15446,14030
15371: 13609,13247,13909,12964,14027,15750
13238: 
14529: 14041,15121,15143
14801: 13548,15069,14357,14877,13374,13457
13386: 
14561: 15509,14994,15813,13645,13162,13999
14203: 15211,13161,14047,13329,13264
14255: 15253,13572,14220
15401: 15133,15319,14147,14758,13454
13720: 14693,12888
14838: 15806,14892,14273,15229,13591,14055
13501: 13111,13662
14193: 
28661: 15533,15669,13744,13931,12842,15731
15194: 15308,15501,14289,14486,14194,13350
14389: 13705,13762,14309,13837,15370,12876
13775: 15297,13692,28622,15786
14005: 13896,13848,13631,13072,15015,13415
14409: 14119,13828,13607,13608,13230
13000: 14052,15497,14882,14526,13371,14691
13975: 13311,14709,14397,14053,12957
15598: 13630,15721,14552,14858,12962,13804
13611: 15205,14677,14728
13912: 
14823: 15216,14083,14670
14100: 14128,14099,14285,13505
15458: 
15621: 
14677: 14367,13611,14728
15152: 13467,12875,14492,15745,14279
13555: 14152,13722,13025,13281
15776: 15394,13646,13397,13533,14560
13258: 15735,14085
13346: 
12871: 
14326: 14745,15641,13682,15143
14836: 15732,15663,13227,15800,13626,15360
14091: 15639,14825,13675,12862,14465,13076
12995: 13618,14530,13560,14207,13512,13524
14138: 12878,14549,15699,15805,15103,14328,12985
13871: 14721,15110,14066,14658
14795: 14078,15519,14980,14438,13699,13149
13559: 14200,14474,13937,13393
14022: 15175,15409,15151
14262: 13050,12902,13914,15682,13576,15025
14463: 15104,14295,12990
15735: 14085,13258
12955: 13479,14952,13366,13981,13722
15022: 15288,13922,15497,13633,14691,12821
13786: 14698,14112,14626,13131,13198,13216
14075: 13885,13827,14808,14057
13073: 15408,14160,13794
13741: 14681
15710: 15037,14265,15755
15639: 14091,14825,13312,13076
14651: 14431,13328,14804,15380,13890,15008
14563: 14436
13806: 15393,15429,15781,15186,14144
13457: 13374,14782,12831,14801,15069,13107
14348: 14518,13982,13843,14808,14168
14641: 14705,12855,14777,12847,14828,12862
14166: 
13872: 13733,15306,13963,14476,13495,12897
13497: 14618,14688,14294
15357: 13885,15185,14040,13297
14927: 13822,14109
15007: 15500,15449,13823,15286
13668: 14520,15614,14806,14137,12874
14764: 14597,15783,15197,12940,14102,15233
13312: 14565,12844,13076,15639
14826: 14077,12938,13367,15299,13529,14459
14155: 14839,14985,14843,14523,13810
13381: 15323,15729,15405,14765,14210
14425: 14637,13603,14031,13289,14247
14157: 12905,13060,13926,15190
13880: 15262
12876: 14265,15341,15476,14389,14309,15370
13838: 14484
13727: 14224,14496,14669,15122
13900: 13971,15030,13933,14996,15438,15002
15535: 14603,15351,15340,12841,13500,13605
15442: 15002,15593,14318,14034,13640,14401
15237: 15772,14844,28520,15495,15414
15416: 13166,12892,13918,14452,15581,13798
15188: 14080,13774,14108
14545: 13539,15765,13355,14209,14302,14542
13493: 14359,13980,13599,14341,14881,14018
13935: 13508,14643,15596,15001
15126: 13485,13902,13324,13831,15149,13916
15122: 14669,15251,14224,14364,13727,14257
13370: 
13997: 15304,15659,14521,14524,15406,15642
15121: 13682,14529
15606: 13431,14072,14714,14204,14437,13594
15202: 14251,14980,14559,13002,15331,15585
15106: 14656,15354,13446,13249,14353
14891: 15140,15028,13523,12893,15579
15758: 13066,13507,13909,13273,13954,14110
13338: 15269,13013,13680,13688,14507,14832
14919: 15234,13314,13697,15746,28558,13730
12870: 15637,14742
15098: 15662
15499: 
14473: 15155,13950,14174,12920
14030: 14288,15446,15012
15502: 14809,13200
13165: 14370,15055,13221,14313,14476,12897
15633: 14509,13518,14115,15044,13953,13696
14571: 14933,13624,14152,15714,15591
14582: 
13392: 14697,14688,15662
14983: 14142,14914,13677,14901,13178,14481
13782: 13445,13587,14086,15532,13498,14443
12962: 14858,14164,15257,15809,13630,15598
15300: 12942,14813,15326,13959,15199,13862
13962: 13901,13640,13204,14272,15156,12845
13989: 
14176: 15178,14168,13843,15293,14489
15446: 14288,14482,14030,14042,15012
13474: 13760
13339: 15063,15080,14408,15386,14756
15536: 14710,14803,12840,13744,14631,14821
14622: 14913,13964,15455,13263
13352: 13284,15599,14122,13220,14451,14429
14885: 14142,14914,15358,12903,14002,14313
14089: 13191
14957: 13499,13383,14419,15507
13590: 13047,12860,13513,14867,13771
14202: 13765,14234,13443,14791,15427,13895
15609: 14736,13407,14676
15517: 12823
15318: 13445,13587,15137,14708,13879,13757
15075: 13669,13172,15782,14259
13921: 13354,13641,14284,13378,15016
13514: 13717,15064,14368,13325
13614: 14776,15415,15543
15281: 14746,13108
14459: 13529,13244,14336,14583,13367,14826
15392: 15813,13645,14239,14084,15740,15764
14147: 13348,12819,15133,15401,13454
13617: 14443,14574,15040
12880: 15747,14761,14531,15065,14732,15465
13864: 
15451: 15449
13717: 14188,14934,13514,13520,13779,15064
14041: 14529,13996
14190: 13984,13612,14923
15078: 13334,13520,14306,15605,28659,15679
14733: 13404,13448,14930
12976: 
14119: 13487,14409,13230,15680,12835,14456
13149: 15585,13756,15003,14795,14980,14438
13078: 13094,13157,14185,14354,13292,13856
14712: 13424,12858,13985
14693: 12888,13102,13720,13450
15782: 15328,15075,13172,14259,15374
14731: 13090,15811,13414,13423,15727,13075
15578: 14167,14868,12981
12881: 15125,14329,13294,14945
13780: 13307,15754
13558: 14700,15542,14145,13633,13240,15746
14158: 14077,13529,14079,13783,13637
15581: 14452,13415,15416,13798,14500,13260
15104: 14295,14463,13511,13033
14045: 13216,13603,14031,14112
15768: 13057,15471,15719,13743
13262: 14410,13145,13715,13625,14781,13001
15167: 14154
14265: 12876,15341,15476,15710
15713: 14430,13103,13530,15337,12921,13658
12856: 13887,15455,13738,14534,15614,14787
14632: 14940,12946,13826,12843,14649,14478
13186: 13613,13667,13535
15203: 14287,12963,13462,14682,14589
13830: 
13184: 13407,14308,13171,14812,12984,15200
15568: 13166,12892,13648,14376,12900,15580
14406: 14173,14586,15588,13970,13062,14332
15168: 15524,14307,14696,14358
15417: 14359,13980,15743,13653,15572,13235
13729: 14972,14510,15426,13721,13907,14334
13274: 15215,15591,15714,14471,13908
14831: 12960,15617,15116,12857,15081
12861: 14283,13285,15208,15602,13802,14196
15797: 15340,14659,15109,15558,13595
12854: 15201
13573: 14522,12824
13813: 14680,13931,15731,14590,15218,14360
15793: 13681,14904
14207: 14379,13560,13485,15149,13512,12995
15010: 14520,14105,13159,15749,12908
13328: 14431,14804,14651,12829,15565,14214
14889: 15353
15676: 13855,14403
14288: 15446,14482,14030
13030: 13188,13511,13940,15759
13552: 15569,15496,13318,14010,14240,15027
15082: 15714,12943,14604,15273,14044
13091: 14224,13410,14364,14162,14223,15553
14347: 15657
15263: 
15569: 15496,13552,14981,13616,14345,13318
15070: 14647,12924
13015: 12983,14440,15432,15009,14899,14126
13142: 14092,13483
14604: 15082,14044,14588,13952,14471
13586: 15277,13578
14397: 15741,13196,14053,14709,13975
15802: 15197,12940,15112,15420,15343,14596
15177: 14574,15613
13706: 13335,14466,15266
15515: 14081,15791
14773: 15454,14998
15525: 13123,14907,14668,15204
13253: 14789
13784: 15172,15185
15021: 13113,15636
14073: 13599,13562,15018,14754,13126
12889: 13773,15226,13544,13401
14915: 14547,15653,13936,15039,13021,13647
15211: 14203,13161,14059,13345,13152
13362: 15123,14976,13967
15470: 
14845: 13565,14411
14786: 15439,14754,13090,14974,13721
13641: 13354,13921,15016,13763,13298
14386: 14276,13199,14121,13983
15548: 13751,13235,13536,14893,14009,14339
14247: 15384,15087,13289,14425
14602: 15541,13097,14628,14282,15083
13251: 13413
15221: 14523,14468,15419,14218,15349,14843
15556: 
15347: 12980,15670,15412,15720,13801,14124
15696: 13571,15134,13319,15227,14275
13289: 13315,15119,13603,14425,14247
13325: 14540,14355,14918,13514
15671: 13826,15752,12925,14814,12843,15542
15430: 14636,12985,14517,14457,15365,14694,14861
12981: 14400,13873,15493,15578
15769: 13167,13546,15736,14434
14687: 13618,14530,13709,14114
15809: 13069,14196,14297,13630,12962,14164
13500: 12841,13879,13944,15340,15535
13584: 14186,15333
14586: 14406,14173,15588,13645,14239,13999
14069: 15725,12952,15243,13042,15685,13844
14661: 
13020: 14942,14701,15522,14611,14925
14248: 14435,14829,15574
14510: 14972,13729,13721,15439,13434,15068
13257: 13666,14501,15383,14623
15360: 13739,13043,15680,13626,14836,15663
13884: 15113,13464,15107
13033: 13993,13511,15104
15368: 15801
14418: 13336,15217,14671,13564,14513,14390
15047: 13236,13041,15011,14949
13834: 13546
14964: 
13779: 15064,14947,15679,13520,13717
14182: 14728
14037: 14016,13444,13940,15759,14352
14605: 15024,13081,13977,12973,12951,12906
13685: 14102,13031,15031,15227,13104,14275
14254: 13227,14898,14433,15498,13537,13492
14479: 14610,14078,14839,13050,15160
14036: 12905,13060,14258
13116: 13264,13678,13152,13320,13972
13650: 15770,15372,14226,13911,14567,15503
15310: 13637,14419
13509: 13358,14623,15291,15694
13220: 14451,13352,14429,14111,13793
14167: 15578,14868,13873,13408
15053: 13468,13318,14010,15234,13697,13054,14906
13183: 13579,14854,15466,15728
13876: 13533,14954,13858,14723,14926
13429: 14505
14909: 14880
15462: 14594
12883: 14982,13179,15481
12989: 13839,14598,14444,15792
15555: 14729,15514,12855,15395,13059,12926
13375: 14654,12947,15544,14820
13330: 14180,13152,15067,13972
14311: 14679,14871,14935,14032,15672
13703: 15317,14325,14066,15110,12921,13275
14126: 14899,15428,13015,15009
15607: 13634,13310,14536,14811,13174
14137: 13939,13461,12874,14520,14105,13668
14447: 14886,13957
13913: 13629,13991,12996,13058,13635
15720: 15412,15347,14124,13127,15057,14350
15679: 15767,15733,15605,13520,15078,13779,14947
14814: 12925,15325,15671,14145,13371,15542
15695: 13860,13911,14567,13516,14774,15584
15367: 14394,13955,13290
14430: 15713,13103,13077,15337,15295,13234
12943: 15714,15082,15651,13046,14933,15273
13811: 15245,15046,14494,13588,14856
14332: 13510,13062,14800,13970,14406,14370
13145: 14410,13262,13736,15643,12816,13715
13306: 14560,13083,15394,15780,15779
15207: 15629,15551
14534: 15352,15614,15304,14521,12856,13738
15409: 13082,14022,15151,13420,12864
14659: 15345,13271,15558,13595,15797
13937: 13812,13179,15407,14474,13559
15067: 15172,14088,13330,14497,12904
13432: 15195,12993,12866,14187,13182,13442
14467: 14537,14489,15560,15742,14293
13480: 14719,13883,13017,13585,13686
13105: 13071,14420,14501,13048,13426,14932
15275: 14848,14074,13974,14739,15596,14187
14584: 14706,15603,13026
15172: 15067,14088,14497,13745,13784
14378: 15163,14318,14034,13287
15165: 13604,13767,13893,14363,15514,14705
13689: 15119,14315,15384
13525: 12898,15737
13308: 13547,13700,15242,15339,13102
14123: 15613,13605,13136,13479
14636: 14874,15430,14328,12985,14517,14861
14482: 14288,15446,14039,15043,28622
13532: 14266,28607,14703,13904,14210,15377
13157: 13078,14185,13856,14942,14701,13652
13335: 13706,14871,14608,15307
15245: 15046,13811,14590,13776,14856,14335
15395: 13059,13256,15514,15555,13893,14070
15673: 13731,15552,14439,14768
15274: 15272
15379: 15085,14646,14361,14762,14296
15030: 13971,15303,13900,13933,14945,14442
13915: 15146,14252
15197: 15802,12940,14764,14125,14596
15753: 15364,13936,15453,14106
14223: 14032,14162,15672,13749,13091,15553
13158: 15457,15423,15079,12969,15232,13118
12929: 15227,13104,15750,13609,15134,15380
15678: 13298,13763,13472
13110: 13230,13626,15498,14500,13607,14433
13100: 15142,13202,13121,14737
15597: 13821,14569,12877,14407
14583: 15778,13367,14640,13759,14459,14336
15680: 13230,13626,14119,13739,15360,12835
13108: 14746,14146,15281,15191
12877: 13649,15597,13395,14407
14600: 13557,13714,15665,14620,15019,13702
15627: 15115,13664,14105,13207
14776: 13614
15476: 12876,14265,14309,13707,15655
13980: 14359,13493,15417,13599,15743,13126
15795: 13280,13159,15749,13263,13349
15184: 13613,13667,15689,14168,14244
14490: 15132,15534
15518: 15592,13866,15295,13077,14655
15711: 
13327: 13522,14805,13161,14059,14047
15339: 15242,14793,13785,15105,13308
15097: 15384
13054: 15807,14906,13697,13905,12972,15053
14960: 28667,14822,14161,13601,15616,14506
13582: 14156,15727,15587,15036,15631,14020
14240: 13468,14010,13552,15027,14887,15730
13082: 15409,12885,14792,12864
15464: 13093,13139,13589,13081,13977,14003
14539: 15292,14462,13070,13987
15219: 13711,13135,15675,13687
13783: 13267,14079,14158,13637,15424
14501: 13016,13048,13257,14932,13105
14208: 13691,14098,15589,14388
13379: 15032,15664
13365: 13581,15296,14148,13455
14449: 13287,15156,13204
15161: 28659,15600,15452,14333,12919,15634
14156: 15127,13582,15727,13106,13414,15587
13616: 15288,14345,13922,15803,15569,14981
13037: 15141,14472,13206
14875: 13211,14212,15376,13728,14372
14658: 14066,14751,14594,13871
14946: 13003,14785,13850,13471,12950,14852
15811: 13090,14731,14974,13606,12941
15694: 15114,13509,15291
13466: 13074,13941,13903,14416,28658,15238
13592: 14285,15537,13845,13917
13391: 14273,13012,13404,14930,14752
13639: 15420,15343,14717,13777,14342
14724: 14509,13518,12980,15412,14350,13065
14180: 13330,13152,14480,15737
13404: 14733,13857,13391,13012
13909: 15758,13066,14027,14110,15750,15371
13193: 15387,13127,13595,15351,15057,14912
14932: 14623,15291,14501,13071,13105
15080: 15063,13339,13448,14446
14400: 13295,13873,12981,15493,15483,15282
13046: 15651,13953,13696,14933,13460,12943
15144: 14512,13163,13619,15626,15741,14014
14611: 15629,14925,13020,13291
14413: 14028,13818,13321,14711
12842: 15489,13931,13390,15164,15669,28661
13155: 13470,15428,15032
14979: 15170,14478,28558,14649,15313,13730
14987: 14816,14349,14115,14150,12906,15044
14362: 
12993: 15195,13432,13182,15688,15410,13435
15276: 
13807: 14026,15063,14446,15175
15182: 13131,15013,14340,15577,15545
15018: 15439,14754,14073,13796,15068,13126
15218: 12932,13053,13813,15731,14710,14360
13845: 14881,13790,13917,14018,13592,14285
15775: 12983,14440,13043,15042,14217
13597: 
15008: 13571,15134,14804,14651,15380,15254
14110: 14027,14876,13954,15003,15758,13909
13322: 13664,13207,14310
14198: 14502,13172
14908: 14331,15579,14581,14532
14638: 12977,13305
13136: 13122,14603,14123,13366,14269,13479
13439: 14766,13761,13526,15229,15806
12996: 14200,15541,13629,13913
13903: 12868,13059,12926,13074,13466,15238
15604: 14617,15661
13264: 13678,13116,14203,15709,13320
15565: 12966,14564,13328,14804,15312,14214
15630: 14067,14580,13397,13601,14493,14506
13860: 15695,13911,15065,14487,13516,14531
14969: 13867,13818,14879,14711
15359: 14384,14081
15381: 14303
15191: 14204,14437,14146,13108,15089
15189: 13092,15116,13984,13341
14989: 15408,14160,13785
13115: 14120,14877,14070,15220,14761,14357
15544: 15061,14820,13874,13375
12988: 15738
14768: 14439,14322,13214,12865,15552,15673
14270: 14065,13411,13869,15540
14848: 15275,14074,15693,13974,14550,15561
15212: 13569,15563,15425,14792,12864
13433: 15192,15718,15559,13332
13801: 13035,13528,14124,15770,14450,15670,15347
13954: 14414,14438,15003,15758,13507,14110
14097: 
14591: 13304,15543,14234,14395
14765: 15377,14935,13381,15405,14679,14210
15570: 13562,15631,15702,14291
15039: 13021,15686,13936,14915
13139: 13093,13154,15464,13977,15366,13452
13246: 13462,14867,13691,14098,12963
12863: 15087
13294: 13933,14011,14945,12881
14827: 13916,14369,13324,14281,14850,13503
13577: 14667,13769,14127,15684,15120,14553
14106: 13647,13027,13936,15753,15453
15117: 
14018: 13845,14881,13917,14341,13476,13493
15079: 15423,13158,12964,15447,13118,15045
13910: 14660
15603: 13530,14721,13956,14706,14584
13644: 15552,13824,14143
14981: 15569,15496,15803,13616,14627,13527
15132: 14490
13069: 13802,15809,14196,15580,13636,14164
13671: 13349,13159,12908,14085
14597: 13973,14764,15783,13273,14102,15031
14910: 14165,13219
12933: 
15461: 14722,12930,13919,28520
15595: 13483,13168
14890: 
13721: 13729,14510,13907,14974,15439,14786
14181: 13276,13986
13001: 15017,14968,14781,13262,13715,15240
13805: 14064
14576: 15467,12936,13376
13424: 14712,14469,14229,13985
13326: 15626,12967,14175,13210,13340
13090: 14731,14974,15811,13075,15702,14754,14786
15505: 15231,13089,13990,13455
14779: 13300,13531,13993
13074: 15413,13941,13466,14869,12926,13903
15447: 12964,14027,14876,13475,15423,15079
13367: 14583,15778,14243,15299,14459,14826
15181: 13726,14538,15048,12823
14970: 14000,14213,14652,15566
15672: 13749,15459,14311,14935,14032,14223
15495: 15237,15414,13574,15162,13316,13114
13696: 13953,13046,15633,13518,15072,13460
15408: 13073,14160,14989
13787: 13025,14394,15060
13242: 
15660: 13482,15463
15496: 15569,13552,14981,13527,15644,15027
13667: 13186,15184,14244
14709: 13311,13975,14512,15741,14397,14555
14200: 12996,13559,13393,13629,14025
13333: 14794,13486,14275,13319,13491,14338
12909: 14762,14296
14873: 15557
12908: 15115,13159,15010,13671
14230: 14984,14799,14900,14458,14331
13712: 13425,15445,13707,14847,13215
14914: 14142,14885,14983,14788,14481,14002
14266: 28607,13532,13904,14541,15751,15554
13539: 15765,14545,13524,14883,13512,14209
14259: 13761,15075,15782,15374
14299: 13495,12959,15306,12925,15480,15752
15019: 13405,14620,13714,14600,13459
13622: 15147,14713,13547,13450,13718
15229: 14273,13012,13526,13439,15806,14838
14911: 
15487: 14291,15036,14020,14660,14236
14995: 14758,14380,14068,14802,13964
12951: 14150,15396,12906,14605,13977,15366
14701: 13020,14942,13157,15522,13652
15613: 13605,13693,14123,15177,13479
15285: 13017,12927,13585,13665,13516,14774
14704: 14798,15649,14650,14316,15173,14672
13859: 13897,15336
13904: 14266,13532,14703,14491,15554
15738: 12988,15338,14872
14431: 13328,14651,13890,13218,15760,12829
14066: 14751,14658,15110,13871,15317,13703
15064: 14008,13779,14947,14917,13717,13514,14368
14070: 14120,14877,13115,13893,15395,13256
14521: 15304,13997,15642,14191,13738,14534
15783: 14597,13973,14764,15091,15320,12940
15171: 
15522: 14436,13020,14701,15468
15521: 13949,13213,14813,15199,12914,14956,15224
13828: 13487,14409,14344,14504
15173: 15624,14672,14704,14650,15528,14619
14204: 15191,13063,14437,15606,13594,12965
13524: 13539,15765,14049,13512,12995,14530
14735: 15071,13615,13718
13680: 12818,15135,15529,13013,13338,14832,15757
13736: 14410,13145,15643,15654,14644,13737
13201: 13725,13447
13593: 13014
14856: 15250,14038,13776,13588,15245,13811
14536: 13634,13310,15607,14550,13055
13762: 14389,13705,13702,15469,14783,15062,14309
13549: 13098,14807,14959,13080,15153,14640,14336
15062: 14309,13710,14783,13215,13762,13707
12818: 15529,13680,15259,13894,13013
13323: 13267,14959,13080,13244,14079,13380
15162: 13574,14250,15495,13316,12999
14120: 14070,13115,13604,13893,15465,14761
13673: 12948,15643,12816,15236,14816,14535
13649: 12877,15020,14796
14783: 15644,13710,15469,15808,13762,15062
15577: 15432,13661,15545,15182,15013,15490
13162: 12941,12945,13999,14561,15509,13606
15302: 14385,14629
13606: 15509,13423,14111,12941,13162,15811
15450: 14667
14958: 15317,14325,14825,13675
15346: 13224
15083: 14396,15328,14502,13097,14602
14862: 13602,14488,13320,14493,13670,14067
14128: 14100,14099,13028,12867
13337: 14260,14304,15601
12947: 14654,13375
15734: 13747,15025,14610,14414,13699
14427: 15531,14143
15457: 15423,13158,14702,14788,12969,14002
13122: 14603,13136,14912,15788,14023,14269
14789: 13253
13192: 13561,14717,14849,14342
15378: 13494,15066
13502: 13853
14654: 13375,12947,13928,14421,15479
12815: 13979,14458,13932,15090,14835
14355: 14540,13325,14918,15798
14241: 15492,13743,12828,15471
13343: 13342,15704
15704: 14546,13343
13670: 15041,14493,12982,13678,14862,13320
14154: 15167,15587,15036
15452: 13882,12827,14333,14670,12919,15161
15262: 13223,13880
15304: 15659,13997,14521,14822,14534,15352
15546: 15264,13084
15113: 15107,13884
13112: 14093,13029,15666,15640
15186: 13521,15781,13806,15575,14144
14579: 13101,14607,12814,14498,15692
15206: 15685,13434,13844,14486,14897,15308
13137: 14627,15583,14727,13701,15803,13949
14302: 15249,14542,14209,15180,14593,14545
14972: 13729,14510,13042,14334,13434,13844
12862: 12847,14465,14091,13076,14777,14641
15111: 13819
13021: 15039,15575,14915,14547,14748
13951: 14232,13945,13197,12849
14697: 13392,14385
13983: 13836,13199,14386
15240: 15180,13503,14593,14781,15017,13001
15642: 14191,12819,15406,13997,14521
15674: 14372,14284,15014,14543,28589
13350: 13653,13536,14194,14486,15059,15194
13722: 14152,13555,13981,12955
14468: 14523,15221,12974,15419,14268
12874: 14137,13939,14950,14806,14558,13668
14625: 14702,14788,13752,14481,14568,15331
14082: 
12844: 14565,13312,15413,14869
14481: 14625,14788,14568,13677,14914,14983
15588: 14406,14586,14239,14633,15790,13970
13849: 13666,13373,15691,15411,13016
12922: 13753,14572,15615,15295,13740,13234
13214: 12865,14159,15004,14322,14768
14475: 14371,14907
13856: 14225,13078,13157,13652
15423: 15457,15079,13158,13475,14702,15447
13943: 13387,15148
14043: 15748,13185,15745,14279,13875
14868: 15578,14167,13408
13453: 13547,13642,15484,14713
15479: 15506,14654,14421
13832: 12961,13331,15084
15217: 13336,14418,15294,14543,14671
15702: 15631,13075,13090,14754,13562,15570
13933: 14996,13294,14011,14945,15030,13900
14225: 13856,13225,13292,14675
14067: 13397,15630,14493,14862,14488,13646
15273: 14044,15547,15651,13863,15082,12943
15054: 13602,14488,14088,15444,13745
13006: 
14550: 14536,13974,14848,13055,15561
15748: 14043,15005,14267,15361,13875
14320: 14690,14864
15174: 14395,13663,13167,15736
15131: 
15306: 13733,12975,13872,13495,14299,15480
15279: 13459,13071,14420,14725
14675: 15652,15143,13292,14225
14109: 14927
14619: 14726,15528,14650,15173,14901,13178
14608: 13920,13399,13335,15612,15307
12967: 13326,15626,15403,12978
14317: 13176
14699: 
13026: 15214,14706,14584
15665: 15469,15808,14201,13557,14600,13702
14567: 15695,13911,15584,15770,13650,13035
13216: 14045,13603,13786,14112,13131,13315
13890: 13609,13247,13218,14431,14651,15380
14486: 15206,15059,14897,15308,15194,13350
14280: 15120,13212,15473,14127,13134,14131
15282: 15299,13130,15483,13295,14400
15105: 13785,13777,14793,15339
14750: 14628,13788,14665
15812: 
13840: 15482
12945: 12941,13907,13162,13999,14173,15426
14986: 14458,14835,14035
14858: 12962,15257,15527,15598,13804,15239
13252: 13489,13347
15798: 14355,14918
15751: 14503,14963,14541,14266,15290,15554
13097: 12987,14502,14628,15083,14602
13008: 
13628: 14054,14752,13368,14930
15272: 15274
13996: 14041,13225
14192: 14252,13531
13692: 28622,14870,13775
15187: 
14994: 14561,15509,14429,14948,13284,15813
14342: 13777,12934,13192,14717,13639
14822: 14960,14161,15304,15659,15352,15616
13529: 13244,14459,14079,14077,14826,14158
15421: 
13756: 13149,13475,15585,15003,13752,14876
12887: 
13714: 13557,15706,14600,14725,15019
14950: 14806,15616,14506,14558,14580,12874
13382: 15513,15538
13043: 13739,15360,15663,13661,12983,15775
13804: 13850,13488,15598,14552,14858,15239
12900: 14003,14376,13093,12892,15568,13278
15134: 15696,13571,15008,12929,15227,15380
14878: 15373,15147,15071,14720
14678: 15199,12914,13862,13169,13701,14824
14805: 14554,13232,13522,13327,14047
13751: 15572,13235,15548,14033,14339,13724
15138: 14601,14412,13799
13634: 14536,15607,15142,13121,14811
14341: 13599,13562,13476,13493,14018
13371: 14145,14691,14814,15325,14526,13000
13715: 13145,13262,12816,13001,14968,15236
14947: 13779,15064,14917,15767,15679
14973: 14866
13399: 13920,14608,14162,15307,14249,13410
14869: 13074,15413,14565,12844,14729,12926
12949: 15344
13788: 13376,14750,14665,15407
14197: 14451,14483,13793,15127
13999: 12945,13162,13645,14561,14173,14586
15180: 15240,14593,15017,15249,14302,15024
14562: 14090
15561: 13055,15259,14550,14848,15693,28665,15129
15044: 14150,13621,14987,14115,15633,13953
13423: 13414,14111,13793,13606,14731
14000: 14970,14213,14652,15043
13893: 15165,13604,15514,15395,14120,14070
14745: 14326,15641,13412,15652
15739: 14998,14381,14844,13574
15559: 15192,13433,14178,13566,13036
13770: 15313,13905,12972,15235,14894,13708
14144: 14587,14686,13806,15186,13521
14184: 
12944: 14629
14669: 15251,15122,13727,15158
13603: 13216,14045,14031,13289,13315,14425
13881: 15593,14401,15667,14718,13024,15073
14524: 12878,15406,14874,14328,15659,13997
13052: 
14628: 14750,14282,13792,13097,14602
13660: 13888,12937
14993: 14456,13286,14642,13906
12885: 15397,14792,14054,15076,13082
13114: 13316,15495,15414,12886,13643
12888: 14693,13102,13785,13720
13049: 14470,14692,15195,14319,15109,15410
13661: 15577,15432,15545,15732,15663,13043,12983
14042: 14951,15012,14213,15446,15043
14859: 14346,14352,12850,13441
15449: 13823,15451,15286,15007
15001: 12866,14643,13935,13942
15320: 13747,14219,15091,13973,15783
13279: 14666
15746: 14919,13314,28558,14700,13558,13240
13506: 14319,12911,15269,14305,14692,13688
13647: 14106,13027,14915,15653,15133
15020: 13309,14407,13649,14327
13120: 12913,14007,14038,13387
14105: 14520,15010,14137,13461,15627
12937: 13660,14614,13888
13771: 13005,13590,13513,13462
13280: 15749,15795,15455,14787,13263
13036: 13566,15559,13957
13605: 15613,13693,14123,12841,15535
14315: 15490,14314,15009,15119,13689
14160: 13073,15408,14989
14904: 13681,13564,13472,15793
13053: 12932,15218,13932,14360,13141,13979
14094: 13554,13728,13236,15011
12923: 14997
13803: 15560,15742,14046,13892,14949
13374: 13457,12831,12868,13256,14877,14801
14017: 13902,13538,14379,13485
13799: 15000,14412,15478,15138,14601
13536: 13653,14194,13350,13235,15548,14893
13688: 14507,14708,13506,15269,13338,14305,14692
13676: 14441,14863
13270: 14504,13945,14227,15427,13895
15663: 14836,15732,15360,13043,13661
14603: 13122,13136,14912,15535,15351
13290: 15367
14942: 13020,14701,13157,14185,15159
15303: 13971,15030,14442,15533,14631,14778
14790: 14676,13282,14744,14308,12927
15358: 14633,15241,14142,14885,15055,14313
15175: 13344,14022,14446,13807
15752: 15118,13826,15671,12959,14299,12925
13516: 13665,14487,15285,13860,15695,14774
12845: 15784,13403,14272,13901,13962,14943
13730: 15313,12972,28558,14979,14919,13697
14368: 14924,14008,15064,13514
14081: 15515,13774,15359
14924: 14368,14760,14008,13684
13865: 15316
14673: 15246,14741,14076,15231,13817,13067
13988: 14670,15488,15023
14796: 13395,13649,12961
13377: 14830,13563,13359
13731: 15673,15466,14316,14672,14445
14588: 15494,13209,13735,14044,14604
14913: 14622,14802,13964,13208,13797
13358: 13509,15383
14737: 13481,14739,13202,13100,15142,13508
14339: 13261,14953,13724,13751,15548,14009
13172: 15075,14198,15782,15328
13626: 13230,15680,13110,13227,14433,14836,15360
15643: 13145,13736,12816,14644,15270,12948,13673
14665: 13788,14750,14282
14205: 14740,13473
14954: 13533,13876,14558,13272,13939,13858
13384: 13175,14391,12899,14963
13092: 15189,13449,13309,14955
12891: 15801,13019,14151
14065: 14270,13411
15501: 15194,14289,14194,13283,14422,13022
14356: 14720,13373,14253,13465,13847,15411
13418: 15422,13151
15112: 15091,14533,14006,15343,15802,12940
15549: 15537,14660,14236
12893: 15478,14581,13353,14891,15140,15579
13077: 14430,14706,15337,15214,15518,15592
12850: 14657,14859
13979: 12815,14458,13053,13932,13141,14900
15227: 12929,13104,13685,14275,15696,15134
14260: 14304,13337,14122,15599
13946: 15278,13177,15345,13686,13265
15124: 
15531: 15552,14427,12865
15683: 13766,14033,13028,13790,15572,14099
14044: 15273,13735,15082,14604,14588
13958: 15235,14404,15620,14163,14377,14920
15000: 13799,14303,15478,14581
13023: 15362,15058
15572: 13751,13235,14359,15417,15683,13766,14033
14211: 14229,14118,13028,12867
13829: 13482,15534
15690: 14365,13656,14104,12954
14010: 13468,13318,14240,15053,15234,13552,14906
14682: 15176,14589,14287,15203
12983: 13015,15775,13043,15432,13661
15345: 13686,13271,14659,13946,15387,13595,13265
15657: 12961,14347
15009: 15490,14315,13015,14126
13088: 13199
14092: 13483,13168,13142
13574: 15162,14844,15495,15739
13504: 15473,15389,13134,13268,15437,14050
13883: 15688,14719,13480,14744,13017
12872: 15222,13398
15507: 14957,14419
14335: 13932,14360,15245,14590,13776,15198
13153: 13695,14298,14057
15215: 15591,13274,15060
14937: 13458
14792: 15397,15425,12885,13082,12864,15212
15087: 14247,15384,12863
15586: 13956,14594
14319: 12911,13506,13442,15195,13049,14692
13564: 13681,14513,14904,14418,13613
14151: 12891
13608: 14344,13541,13607,13260,14409
13723: 14416,15520,13124,14103,15034,15491
15298: 13923,15316,15093,13889
15722: 
14313: 15055,13165,14885,15358,12903,14476
14088: 15172,15067,13972,15054,13602,13745
14906: 15807,15153,13054,13468,14010,15053,14807
14087: 
13576: 14533,15810,13914,14262,14219,15025
13750: 12954,14365
13831: 13324,14992,15491,15034,13902,15126
15362: 13023,15058,14015
13517: 
14104: 15690
15632: 
13984: 14190,13309,15189,13341
13707: 15445,13712,13215,15062,14309,15476,15655
14961: 12952,15243,13221,13510,14767,28559
13292: 15744,14354,14675,15652,13078,14225
15159: 15757,14228,14942,14925
15230: 14256,13138,15196,13372,14453
14955: 14407,13226,13449,13092
14617: 13135,15604,14183,15661
13772: 13491,15033,14338,15766,14851,13847,13034
14907: 15525,14475,14371
14078: 14610,14585,14479,14795,15519,13699
15439: 15018,14754,14786,14510,13721,15068
14055: 15076,13591,13210,14838,14892,14148
14333: 13882,15452,15161,15600
14880: 14909,13482
15031: 14102,13685,14597,13066,13273,13104
14966: 15736
13757: 12841,13879,15318,13587,13693,13498
14153: 
15563: 13569,15212,15425,14175,13163,13619
13940: 14016,14037,14274,15253,13030
14516: 
15616: 14950,14806,14506,14960,14822,15352
15724: 14382
14640: 15807,15153,13759,14583,13549,14336
15225: 13416,15145,13401,14757
15327: 13877,15602,14297,15334
14239: 15392,13645,15764,15790,14586,15588
15655: 15037,15504,15445,13707,15476
13341: 13612,15404,15189,13984
13234: 14566,13740,14430,13103,15295,12922
15232: 13963,12969,13158,13118,15771,13733
12980: 15670,15412,15347,12948,14535,14509,14724
14754: 15439,15018,14786,13090,15702,13562,14073
15425: 15397,14792,14175,15563,15212
15349: 14218,14498,13698,15419,12992,15221
14657: 12850,15029,12817,14772
15393: 13806,15429,15619
15647: 15366,15431,13452,15396,13863,15547
14358: 14684,15350,14307,15168
15125: 14329,13390,12881,14177
15541: 14602,12996,13635
12851: 15583,13949,13213,13557,15706,14201
15410: 15109,15558,13435,15195,12993,13049
13150: 13519,13070,15095
15387: 13127,13193,13595,13265,15345,14124
13349: 13671,12998,13159,15795,15645
13450: 13615,13718,14693,13622
13620: 15375,14810,14321,13659,15158
13610: 15305,13815
15316: 13865,13704,15298,14286,15460
15013: 15182,13131,15577,13315,15119,15490
14171: 
15324: 13976,15472,14294
14863: 13676,15391,13846
15130: 13007
14096: 14494,12935,13588,13463
13048: 14501,15635,13426,14846,13105
14306: 13334,15078,28659,15600
15243: 14069,12952,14961,13510,14800,13042
13800: 14743,13018,12828
13452: 15647,15366,15431,13154,13139,13631
14376: 14003,14857,12900,13293,13648,15568
15649: 14704,14798,14316,14439,14061,12986
15592: 15518,15214,13077,14655
14290: 
14327: 15020
13041: 13892,15047
13638: 13217,14732,15608,13753,14572,13171
14452: 13278,15015,13415,15581,12892,15416
13651: 13725
13615: 13450,14735
13247: 15371,13609,13890,13218,12964,15045
15005: 15748,13185,14763,14267,14613
14882: 15399,12829,14526,14052,13000,14214
13064: 15433,13173
14575: 12822,12825
12924: 15070,14058
14135: 13019,12832
15624: 15173,14672,14445,13269,15528,14084
13895: 13197,15427,14202,14791,13270,13945
13792: 14628,12987
13691: 14098,14208,13246,14113,12963
12866: 15596,14187,15001,13182,13942,13432
14387: 15628
13462: 13246,13771,12963,15203
14048: 14206,14556,13825,14519
13645: 15392,15813,14239,14561,14586,13999
15747: 14226,15220,12880,14761,14531,15096
14664: 13489,13151,14556
14159: 13214,13007,14944,15004
13949: 15521,13213,12914,13701,13137,15583,12851
13508: 13935,14739,14737,15596
15331: 14568,13002,15202,15585,14625,13752
15703: 14276,13836
14052: 13968,15497,13000,15312,14214,14882
14717: 14006,14849,13192,14342,13639,15343
12972: 13770,15313,13905,13730,13697,13054
13919: 13402,14238,14258,13389,15461
14967: 12918,13005
13686: 15345,13271,14719,13480,13946
13265: 15387,13177,13946,15345,13528,14124
13748: 13231
15580: 13802,13069,13636,13648,13166,15568
13093: 13154,15464,13139,14003,12900,13278
12971: 13099,14757
14173: 14406,14586,12945,13999,13062,15426
13013: 15269,15129,13338,15259,12818,13680
13971: 15030,15303,13900,15438,14778,12853
13185: 14043,15005,14613,13781,15213
13567: 
13927: 14242,13928
15756: 15185,14040,13146,13144
15289: 
12985: 14636,15430,14328,14264,15103,14457,14138
15628: 14387
13746: 
13955: 15367
15715: 
12834: 14264,14063,14457,13232,15365,15074
13217: 14732,13638,15465,14572,13604,13767
15033: 13772,14338,14253,13534,13847
14422: 15388,13283,13068,15501,14289,15436
12895: 15038
14451: 13220,14197,13855,14122,14483,13352
12977: 14638,13542
15209: 13396,15692,14606,15166,14559
13991: 13629,12882,13913,13058,13143,15246
15648: 14060
14540: 13325,14355,14188
13095: 14514
14113: 14388,13691,12963,15511
12946: 14940,14716,15562,14632,15118,13826
14453: 13372,15198,15090,14256,15230,12915
14720: 14356,13373,13465,15761,14878
13643: 14267,13734,12886,13114,14763
13609: 15371,13247,13890,12929,15750,15380
14324: 
14349: 14816,14987,12973,14968,15236,12906
15474: 14025,15763,12882,15283
15477: 
14014: 15741,13196,15626,12978,15144
14308: 13184,13407,14790,14676,13665,12927
15512: 15261
15723: 15787
15453: 13406,15753,14106,14261
15729: 15323,13381,15405,13164,13656
13665: 14487,15200,13516,14308,15285,12927
13545: 13441,15440,13878
14971: 14893,14009,13022,12979,14163,14377
15204: 14454,14939,13174,14668,15525,13123
14903: 14690
14741: 14673,14076,14645,13067,13132
15658: 
13914: 15682,14312,14770,14262,13576
15341: 12876,14265,15370,15638
13963: 12903,14476,12969,15232,13733,13872
15543: 14591,13304,13614,13180
15157: 
15777: 15248
13047: 12860,13590,14257,13513,14853,14132
13103: 15713,14430,14715,14566,13234
14531: 14226,15747,12880,15065,13860,13911
15136: 15329,14797,14738
13853: 13515,13502