9266: 9348,9523,9718,9877,9602,9454
9886: 9426,9702,9413,9312,9694,9832
9339: 4891,4893,9337,9440,9804,3777
9882: 9474,9745,9895,9840,9245
9378: 9545,9292,9640,9420,9456,9277
9556: 9982,9317,9297,9571,9629,10005
6507: 7152
3486: 9865,9974,9487,3786,9940,9837
4811: 6018,4719,3210,5138,9503,9454
3874: 3471,9506,4485,9575,5870,9384
5975: 5876,9355,9805,6731,9379,9588
8475: 
9376: 9484,9346,7719,9426,9413,8033
10012: 6967,9714,9768,10031,9880,10009
9954: 3491,9730,9451,9948,9474
9562: 9249,9429,5138,5215,4603,9784
1556: 2733,9554,9495,9491,9859,1225
9482: 9408,9574,9352
10017: 9871,9574,9808,9985
10007: 8970
9833: 9953,9687,9783
10011: 9891,9878,9925,9932,10036,9576
9394: 9410,9455,9533,2968,4169,5574
2280: 2189
9092: 
9962: 9663,1622,10026,9439,9879,2699,9946
7010: 9465,9993,9499,9289,9534,7014
5215: 9397,4603,9409,3210,9562,5138
9354: 9550,9499,9458,9402,9310,9465
4218: 2540,9269,4521,3121,3607
30: 
9774: 9669,9747,9874,9899,9986
9768: 9714,10012,9684,6009,9898,10031
9848: 10019,9884,5475,5070,5466,9710
34: 
7009: 7014,7641,6916,6930,9436,7292
9294: 9480,9503,9454,9523,10025,9703
9663: 9962,9758,9879,9918,2699,2778
9392: 9633,4525,4322,9483,9269,4004
8694: 8631,6385,6665,9930,9971,8498
40: 
6085: 9512,6280,5478,7123,9406,9860
9533: 2968,4164,4771,4347,9311,9410,9394
9362: 10042,9529,9377,9476,9244,9398
9782: 9907,9338,9446,9460,217,10040
9265: 9909,9549,5856,9306,9968,9305
9317: 9982,9556,9297,8991,8770,7996,7901
9588: 9622,9593,9379,5975,9355,9252
6884: 
7345: 7080
2600: 2585,9758,9295,9247,2685,9669
9633: 9392,4322,9483,9459,9280,9670
9280: 9877,9602,9633,4322,4937,9670
9005: 
9645: 9717,9709,3119,2649,9335,9813
9295: 2600,9758,9247,9427,9918,9528
56: 
1740: 
4322: 9633,9392,4710,4004,4937,9280
9469: 9309,9417,9801,9908,9847,9494
5010: 3903,4498,3982,5207,6508,9401,9668
9945: 9826,9719,9821
9779: 9753,10031,9880,9627,5408,9977
9914: 9341,9685,9896,10016,9847,9906
9851: 687,492
9943: 9638,9435,9529,9920,9650,9647
4893: 4891,4697,5578,9339,9337,9553,5202
8150: 9692,9336,9356,7992,9750,8309
5475: 9261,9364,5754,5070,9884,9848
9855: 6695
9566: 9445,9611,9428,9324,9431,9315
9829: 9760,9736,9270,9707,9655,9798
9434: 9373,9711,9447
73: 336
9709: 9645,9700,9717,9335,9246,9761
4891: 4697,4893,9339,9475,3777,9432
9519: 9285,10030,9340,9594
4979: 9607,9322,10010,10001,9810,2678
9325: 9261,9364,10033,9463,9398,9476
9854: 9926,9889,9767,9800,9787,9691
9508: 9310,7360,9561,9301,9643
10023: 9579,9970,9327,9542,9671,9965
9398: 9244,9659,10033,9325,9362,9476
9765: 3743,9677
9699: 9775,9345,9329,9950,9791,9883
9629: 9960,10005,9894,9556,9297,9600
9415: 9737,9283,9251,2305,9637,2492
9510: 10010,9822,9675,9862,9997,9286
9814: 9328,9825,9922,9897,9935,9955
5640: 
7355: 
9691: 9545,9292,9800,9854,9889,9450
9922: 9921,9766,9897,9876,9955,9814
9853: 9804,9441,9657,9746,9440,9698
9617: 9938,10029,9795,7494,8513,7988
7318: 7581,8766,9284,9649,7494,7899
9880: 10031,9779,10012,9977,9517,10009
9698: 9969,9440,9807,9883,9657,9853
9787: 9800,9634,9892,9438,9854,9767
3321: 9790,3722,3820,3712,3715,9704
2523: 9743,9321,9788,9275,9547,9923
9738: 9835,9754,9846,9764,5400,6849
8710: 8225,9752,8296,8770,9982,10003
9907: 9338,9793,9782,9326,9273,217
9754: 9835,9738,9846,9852,9303,9885
9819: 9399,9748,1950,9972,9500
9857: 8309,9340,7992,9752,9762,10030
9565: 9515,9806,9487,9775,9329,9416
9918: 9879,9414,9528,9758,9295,9663
9788: 9321,2523,9547,3786,10002,9940
8225: 7992,9752,8710,9448,8296,7988
9426: 9702,9886,9413,9376,9836,8033
9722: 9335,9296,9813,9720,9715,9708
5400: 9627,5408,6849,9738,9846,5403
3982: 5010,4498,2333,3504,4083,9259,5207
9761: 3907,9357,9700,9709,9342,9246
9852: 9622,9593,9915,9835,9754,9303
8189: 
9858: 9827,9811,9996,9794
6682: 7146,7505,9525,6967,9466,7417
9724: 9860,9696,9764,9601,9309,9801
10010: 9510,9822,9675,10001,9810,4979
9609: 9555,4139,9572,9327,9579
9729: 9705,7617,9486,9472,10024,9928
9405: 9551,9748,9682,9612,9949,9257
9878: 9972,9500,9925,10011,9255,9576
4485: 3983,9475,3471,3874,3284,9384
127: 
7119: 7811,9019,7641,6916,7383,8867
9964: 5564,5466,9872,9873,6349,9776
9713: 9990,9957,9516,9520,3722
9838: 9870,9866,9994,10000,9689
9899: 9774,9874,9374,9665,9425
9982: 9317,9556,8770,8710,10003,9571
4463: 4155,4255,4569,4146,4347,4164
2333: 9366,9430,3701,4083,9259,3982
1729: 
9245: 9552,9980,9882,9895,9363
9467: 6071,6460,9478,9290,9477,7811
9974: 3486,9487,3786,9869,9933,9806
9868: 4941
141: 
9884: 9667,10019,9848,9603,5475,9261
9572: 9630,9327,9986,3850,9609
5564: 5070,5466,9964,9455,9578,9872
1793: 616,9869,217,10040,9626,683
3119: 9913,1727,2649,9645,3607,9717
3540: 3345
9431: 9288,9300,9315,9464,9324,9566
8498: 7478,9919,8694,6665,9930,9260
5870: 9575,6280,5478,9433,3874,9506,6348
3121: 9935,2928,1727,3607,2540,4218
9407: 9438,9661,9563,9019,8867,9892
5578: 4697,4893,4486,9553,5202,9644
9401: 9726,9668,9979,6508,5010,9911
155: 
156: 
9708: 9903,9715,1553,9902,9720,9722
9644: 9911,9896,5578,6508,4486,5202
9382: 1525,2133,9637,9500,9399,9255
9246: 9342,9443,9335,9296,9709,9761
9985: 9632,9808,9871,10017,10018,9755
9957: 9990,10041,9713,10038,3722,3715
8921: 
10002: 9316,9818,9940,9321,9788,9388
9606: 9389,9267,927,9780,9905,9635
4521: 9269,4218,3607,9700,9717,4525
2858: 3835
1225: 1553,2721,2733,1556,9491,9624
9983: 8346
7934: 9683,9842
9485: 9924,9333,9759,9796,9697,9585
9324: 9473,9464,9428,9527,9566,9431
9319: 9720,9624,9585,9333,2649,9813
9446: 9460,9263,9803,9537,9338,9782
3607: 9717,3119,1727,3121,4218,4521
2194: 
9413: 9426,9886,9312,9376,9484,9733
9843: 9934,9770,9856,9281,9586
9523: 9348,9266,9294,9454,9703
9736: 9823,9821,9270,9829,9798,9769
9648: 9400,9701,9849,9666,9518
8766: 7581,7318,8991,7565,7899,9081
3504: 9254,9481,4083,4498,4293,3982
9601: 9575,6280,9511,9724,9860,9309
9253: 9977,9517,9631,9636,9299,9274
9581: 9881,9653,9844,9492
9596: 9497,5792,9639,9971,9368,8631
9259: 5207,4486,9553,2333,9366,3982
9895: 9780,9840,9882,9245,9363,9635
8264: 
9367: 9410,9578,9539,9311,9490
9258: 9538,9498,9573,9513,9723,9412
9299: 9636,9639,9253,8631,6385,9274
9893: 9692,9336,9437,9786
9433: 9330,9313,9502,9506,6348,5870,5478
1950: 1592,9281,9257,9748,9819
9450: 9739,9976,9800,9545,9691,9828
9741: 1849
9881: 9716,9995,9653,9492,9581
9700: 9717,9709,4521,9761,3907,4004,4525
9650: 9805,9647,6731,9943,9773,9920
4941: 9868
9669: 9774,9747,9874,2685,2585,2600
9369: 9580,9323,9626,9706,9991,9946
9976: 9739,9641,9450,9800,9634,9625
9385: 9370,9791,9900,9345,9288,9300
9662: 9428,2609,9742,9822,9997,9611
1594: 
2778: 9361,2509,2699,2585,9758,9663
9870: 9838,9693,9994,9947
9815: 9990,10041,9771
9586: 9674,9956,9843,9856,1592,9281
6071: 9467,6460,9478,5882,9550,9458
10000: 9994,9422,9838,9689,9797,9462
7080: 7345
9849: 9648,9701,9726,9861,9979,9666
217: 616,1793,10040,9907,9782,9273
9941: 9992,9792,9901,9658,9873,10035
9908: 9278,9511,9685,9469,9309,9847
9920: 9839,9773,10042,9529,9943,9650
9569: 9734,9262,9328,9825
9544: 9952,10022,9778,9712,9359,9386
7901: 9081,8990,8991,9317,9297
9529: 9362,10042,9377,9638,9943,9920
7292: 7719,8333,7641,7009,9436,9346
9656: 9728,9781,9769,9537
9681: 9653,9844,9739,9828,9984
7494: 9795,9649,9617,7581,7318,8513
7965: 7719,8333,8046,9423,8033,9568
8904: 
9716: 9995,9864,9881,9381,9653
9470: 9365,9557,9902,2721,9358,9577
9515: 9806,9565,683,9272,9706,9416
5064: 4771,4347,5256,4569,4858,4448,5755
9677: 3743,9765
9769: 9781,9798,9823,9736,9656,9728
9462: 9489,9256,9442,9422,10000,9797
9261: 9603,5475,9325,9364,9476,9884
9248: 9441,9590,9298,9268,9536,9430
9970: 9579,10023,9351,9671,9845,9862
9965: 9671,9742,2974,9542,2509,10023
9667: 10019,9561,9884,9603,9839,9301
9461: 9642,9496,10037,9263,9803
9593: 9852,9622,9588,5775,9379,9915
8391: 
9373: 9452,9711,9678,9447,9998,9434
9723: 9513,9412,9258
9570: 3471,9506,3284,9370,9900,9330
9594: 9293,9750,9340,9519
9637: 9382,1525,2305,9251,9255,9415
2305: 1525,9637,9415,2492,9372
9971: 10043,9368,9596,8694,8631,9930
9575: 6280,5870,9601,3874,9384,9511
9830: 9674,9956,9826,9719,9276
9445: 10001,9611,9566,9315,9322,9287
9673: 9794,9811,9672,9863
9612: 10004,9770,9551,9405,9257
9516: 9990,9713,9771,9520
10035: 9471,9305,9867,9901,9941,9992
7899: 7570,7565,6483,9284,7318,8766
9406: 5775,7123,9967,9512,9540,6085
9824: 9664,9727,10039,9571,10005
10006: 9992,9792,9817,9975,9725
9822: 10010,9510,9997,9662,10001,9611
10031: 9753,9779,9880,9684,10012,9768
9917: 9386,9353,9712,9988,9334,9592
2391: 9541,3166,3860,4255,4057,2580
9832: 9981,9694,9702,9886
9257: 1950,9281,9612,9770,9405,9748
9296: 9335,9722,9715,9279,9443,9246
5856: 5051,9901,4950,9909,9265,9305
9582: 3850,9591,9375,9597,10032
9874: 9774,9669,9899,9737,9665,2685
274: 
275: 
2476: 
9418: 9772,9912,9621
9486: 9289,9534,9390,9705,9729,9928
8046: 7383,7723,7965,8333,9568
2609: 9428,9527,9662,9742,2974
9592: 9356,9334,9353,9917,9437,9336
2585: 2600,9758,9669,9747,9361,2778
3471: 9570,3874,9506,3284,3983,4485
9969: 9440,9698,9807,3284,3983,3777
9546: 9567,9749,9610,9564,9560,9827
9909: 9265,9549,9755,9404,5856,4950
9793: 9907,9338,2806,9326
9481: 9254,3504,9279,4083,9250,3701,3502
10037: 9781,9798,9655,9496,9461,9803
9494: 10016,9847,9684,9469,9417,9753
6695: 9855
3786: 3486,9974,9547,9933,9788,9940
3907: 9761,4710,9357,4004,9700,4525
3983: 9475,4485,3777,9969,3471,3284
9979: 9726,9401,10020,9911,9666,9849
9726: 9784,9861,9401,9668,9979,9849
10042: 9362,9529,9476,9603,9839,9920
9473: 9464,9468,9324,9439,9676,9527
299: 411
9613: 9610,9618,9307,9564,9420,9277
9686: 9456,9984,9277,9618
9801: 9469,9309,9417,9724,9764,6849
10029: 9938,9617,9988,9740,9395,9795
9307: 9613,9564,9237,9420,9079,9504
9755: 9909,9549,9632,9404,9985,10018
8296: 8513,8770,7996,7988,8225,8710
9682: 9405,9748,9949,9888,9972,9925
9772: 9418,9424,9332,9621,9620
10036: 9932,9744,10011,9891
9836: 9688,9423,8033,9426,9702,9587
9585: 9319,9485,9333,9697,9913,2649
9542: 9630,9327,9361,2509,10023,9965
5754: 5574,9608,9455,5475,9364,5070
9500: 9878,9972,9399,9819,9255,9382
9733: 9484,9928,10024,9951,9413,9312
316: 
9888: 9931,9891,9949,9682,9925
9291: 9363,9635,927,9264,9812,9530
9712: 9395,9359,9544,9386,9917,9988
3860: 4155,4255,9489,9256,3166,2391
10025: 9711,9678,9480,9294,9703
9916: 9587,9688,9995,9864
6155: 9690,9695,6349,9776,9817,6249
9428: 2609,9527,9662,9324,9611,9566
9410: 9455,9578,9394,9367,9533,9311
9503: 9480,9294,9454,4811,9429,5138
9411: 9845,9479,9351,9541,9605,9535
9714: 9525,6967,10012,9768,6009,9518
9597: 9425,9396,9375,9582,3850
9580: 9393,9369,9323,9626,9460,10040
9873: 9658,9872,9964,9941,9792,9776
9599: 9887,9799,9513,9646,9498,9522
9803: 9446,9263,9781,10037,9537,9461
3533: 
9327: 9572,9630,9542,9609,9579,10023
336: 73
9643: 10034,9402,9936,9561,9310,9508
9420: 9640,9237,9378,9277,9613,9307
9753: 10031,9779,9417,9684,9494,5408
9951: 10024,9733,9312
2699: 2509,2778,9663,9962,2974
9778: 10022,9831,9544,9386
2024: 9374,9424,9756,3947,9665,9283
3722: 9790,3321,9957,9713,3715
8426: 
7340: 
9926: 9854,9889,9767,10043,9930,9919
9826: 9945,9719,9830
8333: 7965,7719,7292,7641,8046,7383
9912: 9744,9418,9621
6731: 9650,9805,9773,7360,5975,5876
10024: 9472,9951,9729,9928,9733
3345: 3540
9316: 9818,10002,9557,9388,9380,9577
10003: 9762,10039,9571,9752,8710,9982
9697: 9679,9796,9485,9585,9913,9304
6420: 
7581: 7318,8766,8991,7494,8513,7996
359: 874,9760,9399,2133,9707
9891: 9931,10011,9888,9925,10036
4486: 9259,5207,6508,9553,5578,9644
2906: 2526,2244
9757: 9657,9950,9837,9865,9958,9746
9911: 9644,10020,9896,6508,9401,9979
9987: 9214
9821: 9823,9736,9270,9945,9719
6849: 5408,5400,9764,9417,9801,9738
9689: 9887,9799,9797,9838,9866,10000
3850: 9582,9597,9572,9986
9628: 9616,9623,9271,9419,9260,9904
6140: 
1666: 
9701: 9648,9400,9849,9861,9785,9583
9671: 9965,9742,9970,10023,9862,9997
9748: 9405,9682,1950,9257,9972,9819
376: 492
9499: 9354,9550,7010,9465,7014,6930
9584: 9368,9660,9449,9497,9661,9444
9329: 9775,9699,9565,9487,9950,9837
9476: 9362,10042,9398,9603,9261,9325
9929: 9721,9348,9718
9463: 10033,9595,9619,9608,9325,9364
9813: 9335,9722,9720,9319,2649,9645
9330: 9433,9313,9526,9370,9570,9506
9271: 8081,9344,9616,9628,9875,9904
9984: 9456,9686,9828,9844,9681
9276: 874,9760,9674,9830,9719,9270
9608: 9619,4169,9463,5574,5754,9364
9391: 9349,9381,9568,9625,9641
8879: 9560,9504,9219,7565,9081,8990
9454: 9503,9294,4811,4719,9602,9523,9266
9455: 9410,9578,9394,5574,5754,5564
9379: 5775,9967,9805,5975,9593,9588
2459: 
9616: 9274,9623,9628,9631,9271,8081
9668: 9726,9784,9401,5010,3903,4603
9312: 9886,9413,9951,9733,9694
7723: 8046,7383,8867,9634,9892,9625
2364: 
9549: 9909,9265,9755,10018,9968
9444: 9661,9563,9449,9509,9477,9584
9975: 10015,9725,10006,9783
9145: 
9311: 9539,5755,4771,9533,9410,9367
1996: 
9540: 9512,9543,9435,9647,9406,9967
9802: 9672,9548,9507
9331: 9799,9797,9489,9522,4146,4155
9638: 9435,9943,9308,9607,9529,9377
9752: 8225,7992,8710,9857,9762,10003
411: 299
9488: 9495,9264,9514,9365,9557,9388
7123: 5775,9406,9915,6085,9860,9696
9646: 9513,10027,9887,9599
9397: 5215,9409,3210,9320,9342,9357,6018
4771: 5064,4347,9533,9311,5755
9081: 7901,8990,7565,8766,8991,8879
9640: 9237,6480,9420,8205,9378,9292
9900: 9370,9791,9385,9807,9570,3284
9679: 9796,9697,9704,3612,3810,9304
9343: 9614,9471,9867
9847: 10016,9494,9908,9914,9685,9469
9303: 9449,9453,9852,9622,9754,9885
424: 1529
9555: 3559,4139,9609,9579,9351,9535
9247: 2492,9372,2685,9427,2600,9295
9595: 10033,9463,9532,9605,9479,9619
9968: 9306,9265,9549
10039: 9762,10003,9571,9789,9824,9727
7811: 7119,9019,9467,6460,9477,6916,9563
9255: 9251,9576,9878,9500,9382,9637
9877: 9280,9602,9751,9670,9266,9718
10026: 1622,9962,9439,9676,9991,9946
3820: 9927,9966,3712,3715,3321
9539: 9311,5755,9350,9404,9367,4950
9309: 9469,9801,9601,9908,9511,9724
9551: 9405,9612,9949
8885: 9126,9600,9125,9219,8990
8513: 8296,7996,7988,7494,9617,7581
9797: 9689,9799,9331,10000,9462,9489
9693: 9834,9870,9947
9017: 
9996: 9858,9794
10008: 9745,9840,9937
9517: 9977,9253,9631,9880,6389,10009
3743: 9765,9677
9784: 9726,9861,9668,4603,9249,9562
9942: 9447,9651,9998,9457,9531,9963
449: 
6018: 4937,4811,4719,4710,9357,9397,3210
9448: 9356,9334,9938,7988,8225,7992
7958: 
9371: 9427,9642,9421,9496,9372
9973: 9823,9728
5792: 9596,9885,9497,9846,9639,5403
456: 
9988: 9938,10029,9712,9395,9917,9334
9666: 6204,10020,9979,9648,9849
9933: 9547,9809,616,9869,9974,3786
9938: 9617,10029,9988,9334,9448,7988
9365: 9470,9557,9495,9488,2733,2721
5129: 
9300: 9288,9431,9315,9370,9385,9526
8991: 7581,8766,7996,7901,9081,9317
9360: 9452,9583,9249,9429,9480,9678
466: 
9665: 9737,9283,9374,2024,9874,9899
9475: 3983,4485,3777,4891,9384,9278,9432
9432: 9341,9685,9475,4891,4697,9278
9615: 9567,9749,9387,9125,9863,9548
9670: 9959,9751,9633,9459,9877,9280
9561: 9667,10019,9301,9643,9936,9508
9850: 9732
9995: 9716,9864,9881,9916
9408: 9482,9574,9352,9573,4855,9302
2540: 4218,9935,3121,9328,9262
9809: 9547,9933,9923,9589,9273,616
2133: 9382,1525,9399,359,9707,9421
9414: 9879,9918,9528,9393,9323
9449: 9453,9509,9303,9885,9497,9444,9584
9496: 9655,9421,10037,9371,9642,9461
9466: 9457,9559,9525,6682,7417,9735
9840: 9895,9780,9937,10008,9882,9745
9711: 10025,9678,9373,9434
9717: 9645,3607,9700,9709,3119,4521
1622: 10026,9962,9439
8770: 8296,7996,8710,9982,9317
9550: 9354,9499,9458,6071,6460,6930
9277: 9456,9686,9378,9420,9613,9618
4498: 5010,3903,4293,3982,3504,5207
9079: 6671,7570,7565,9237,9307,9504
492: 376,687,9851
8599: 
9627: 5408,5400,9779,9636,5403,9977
1529: 424
9577: 9358,9536,9316,9470,9557,9380
1246: 
9527: 9428,2609,9439,9473,9324
1709: 2526,2244,2153
9524: 9459,9282,9959
9739: 9641,9450,9976,9828,9681
5876: 5882,5975,9355,6731,7360
9359: 9712,9505,9395,9952,7847,9544
8737: 
8627: 
9785: 9452,9583,9400,9701,9531,9998
9842: 9683,7934
9427: 9371,9642,9372,9247,9295,9528
7259: 
4134: 
9632: 9404,9808,9985,9604,9350,9755
7880: 
513: 
1849: 9741
9531: 9457,9559,9400,9785,9942,9998
9603: 9261,10042,9476,9667,9884,9839
9353: 9386,9917,9437,9592
9416: 9775,700,9272,9515,9565,9468
9684: 10016,9494,9898,9753,10031,9768
9652: 9910,9680
6041: 
9436: 7014,7009,9534,9390,9346,7292
9805: 9650,9647,6731,9967,9379,5975
9823: 9736,9821,9973,9769,9728
9318: 9960,9894,9558,9501
9286: 9845,9479,9510,9675,9862,9532
9564: 9613,9610,9307,9560,9504,9546
9621: 9424,9912,9744,9756,9418,9772
9903: 9250,9715,9708,9902,9358,9493
6916: 7641,7009,6930,6460,7811,7119
9474: 9882,9745,3991,9948,9954
9871: 10017,9985,9820,10018
9310: 9508,9402,9643,9354,9458
6480: 9640,9237,8205,7478,8496,6671
535: 
3903: 5010,4498,4293,4603,9409,9668
537: 
9545: 9378,9292,9691,9828,9450,9456
9393: 9580,9323,9460,9263,9414
9273: 9589,9326,9907,616,217,9809
9525: 6967,9714,9559,9466,9518,6682
9703: 9294,9523,10025
9283: 9737,9665,9415,9251,3947,2024
9278: 9384,9908,9511,9475,9432,9685
9507: 9558,9501,9387,9548,9802
7002: 9680
2153: 1709,2526
9919: 8205,8498,7478,9930,9926,9889
9464: 9473,9468,9324,700,9288,9431
9807: 9969,9698,9883,9791,9900,3284
9905: 9780,9937,9606
9293: 9786,9692,9750,9594
10014: 
9518: 9559,6009,9648,9400,9525,9714
9425: 9597,9396,9374,9332,9899
9479: 9845,9286,9411,9605,9595,9532
4146: 9522,4569,4450,9331,4155,4463
9825: 9328,9814,9897,10028,9569
9267: 9389,9961,9606,10021
9658: 9490,9872,9873,5051,9901,9941
561: 760
9756: 9932,9744,3947,2024,9424,9621
9614: 9306,9471,9343
9883: 9698,9807,9699,9657,9950,9791
4448: 4855,4858,9538,4569,4450,5064
9879: 9918,9414,9323,9663,9962,9946
9396: 9425,9597,9332,9834,9375,9620
1446: 1617,1044
10004: 9612,9934,9770
2468: 2189,2658
9404: 9632,9539,9350,9909,9755,4950
2721: 1225,1553,9902,2733,9365,9470
9275: 9552,9980,9598,9923,9743,2523
9587: 9916,9702,9836,9688,9981
10015: 9975,9725,9347,9687,9783,9314
10034: 9402,9643,9936,9690,9695,9944
9844: 9653,9681,9984,9581
4004: 3907,4710,9700,4525,9392,4322
9459: 9524,9282,9633,9483,9959,9670
9687: 9833,9953,9783,10015,7617,9314
9563: 9661,9407,9444,9477,7811,9019
9659: 9244,9398,9810,9675,10033,9532
9953: 9833,9687,7617,9472
1873: 1616
7014: 7009,6930,9436,7010,9499,9534
9977: 9517,9253,9627,9779,9880,9636
9898: 6009,6204,9906,10016,9684,9768
9537: 9781,9656,9446,9803,9338
9773: 9839,9301,9920,9650,6731,7360
5332: 
9657: 9757,9950,9746,9698,9883,9853
9618: 9613,9610,9686,9277
9767: 9926,9854,9438,10043,9660,9787
9672: 9863,9548,9802,9673
9904: 9875,9649,9628,9271,9419,9284
596: 731
8614: 
9308: 9638,9435,9403,9607,9502,9543
8318: 
9763: 9989,9347,6249,9690,9993,9944
9281: 1950,1592,9257,9843,9770,9586
9676: 9272,9991,10026,9439,9473,9468
9298: 9958,9746,9380,9536,9441,9248
6671: 7570,9079,6483,8496,9237,6480
5755: 9539,9311,9350,4771,5064,5256
9377: 9362,9529,9244,2678,9607,9638
4710: 3907,9357,4004,4322,6018,4937
9409: 5215,9397,4603,9320,3903,4293
9955: 9935,2928,3810,9876,9922,9814
9750: 8309,9340,9692,8150,9293,9594
9740: 9344,9505,9395,9795,9875,10029
1571: 
9251: 9255,9576,3947,9637,9283,9415
614: 
9718: 9348,9266,9877,9751,9929,9721
616: 1793,9869,217,9273,9933,9809
9579: 9970,10023,9351,9327,9555,9609
9287: 9313,9526,9445,9315,9403,9322
9653: 9844,9681,9716,9881,9581
9605: 9541,9479,9411,9619,2580,9595
9422: 9994,10032,10000,9591,9462,9442
2685: 2492,9247,9737,9669,9874,2600
9386: 9353,9917,9544,9778,9712
9288: 9300,9431,9464,9345,700,9385
3835: 2858
9867: 9471,10035,9992,9343
9861: 9726,9784,9249,9701,9849,9583
1592: 1950,9281,9674,9586,874
8596: 8081,9344,7146,6389,7505,7847,9505
3295: 9728,9730,2806
3502: 3701,9268,9493,9250,9481,4083
7641: 7009,6916,7119,8333,7292,7383
9358: 9493,9577,9470,9902,9903
634: 
7353: 
2678: 9244,9810,9607,9322,4979,9377
5466: 5070,5564,9964,9710,9848,6349
9685: 9432,9341,9914,9278,9908,9847
9297: 9317,9556,7901,9600,9629
9468: 9473,9464,9272,9676,9416,700
9388: 9557,9321,9488,9514,9316,10002
9636: 9639,5403,9299,9627,9977,9253
9696: 9724,9860,9764,7123,9915,9835
9429: 9249,9562,5138,9480,9503,9360
645: 
2928: 9935,3121,9955,3810,1727,9304
9493: 9358,9268,9536,9250,9903,3502
5051: 5856,9901,4950,9490,9658
9967: 5775,9406,9379,9540,9805,9647
9894: 9960,9629,9126,9600,9501,9318
9342: 9320,9443,9246,9761,9357,9397
7565: 7570,9079,7899,8766,9504,8879,9081
9948: 9451,9954,9474,9745
4255: 3860,4155,4463,2391,4057,4164
9816: 10021,9731,9520,9790,9759
7936: 
9333: 9924,9485,9491,9624,9319,9585
9438: 9661,9407,9660,9787,9892,9767
9509: 9449,9453,9477,9290,9444
2658: 2468
5426: 
9511: 9384,9278,9908,9575,9601,9309
9526: 9330,9313,9287,9300,9315,9370
9776: 6155,6349,9873,9964,9792,9817
9559: 9457,9466,9531,9518,9400,9525
9372: 2492,9247,2305,9427,9371
9370: 9900,9385,9300,9330,9526,9570
9443: 9320,9342,9246,9296,9254,9279
9623: 9274,9616,9628,6385,6665,9260
4164: 9533,4057,2968,4255,4463,4347
9818: 9316,10002,9940,9865,9958,9380
9260: 8496,9419,6665,9623,9628,8498,7478
9758: 2585,2600,9295,9918,2778,9663
3701: 2333,9430,3502,9268,9481,4083
7439: 
9989: 9763,9347,9993,9705,9314,9289
9502: 9433,9313,9403,9308,6348,9543
9642: 9427,9371,9461,9496,9528
2733: 1556,9495,9365,1225,2721
9285: 9789,10030,9519,9939
9506: 3471,9570,3874,9433,9330,5870
9480: 9503,9294,9429,9360,10025,9678
683: 9515,9806,9626,1793,9869,9706
3712: 9927,3820,3321,9704,3612
9924: 9485,9333,9759,9491,9859,9731
3491: 2806,9954,9730,3991,9383
687: 9851,492
9491: 9924,9333,9859,1556,1225,9624
9560: 9504,8879,9219,9564,9567,9546
9661: 9438,9407,9563,9444,9660,9584
9256: 9462,9489,9442,3559,3860,3166
9770: 9934,9843,9612,10004,9281,9257
4139: 9555,3559,9609,9591,9442
9384: 9278,9511,3874,9475,4485,9575
9771: 9990,9815,9516
9786: 9293,9692,9893
7152: 6507
9326: 9589,9383,9273,9907,9793
7478: 8205,8498,9919,8496,9260,6480
700: 9775,9345,9416,9464,9468,9288
9651: 9447,9942,9831,9963
9695: 9690,6155,6349,9710,10034,9936
9925: 9878,9972,9682,10011,9891,9888
9290: 9467,9478,9252,9453,9509,9477
9934: 9843,9770,10004
9244: 9398,9659,9810,2678,9362,9377
707: 
9952: 7417,7847,9735,9544,10022,9359
709: 9841,9654
2580: 9619,4169,9541,9605,2391,4057
9869: 616,1793,9933,9806,683,9974
9513: 9646,9723,9599,9498,9258
9315: 9300,9431,9445,9566,9287,9526
10013: 9412,9352
9458: 9354,9550,9310,5882,6071
9437: 9353,9592,9893,9336
2509: 9361,2699,2778,9542,9965,2974
9576: 9251,9255,3947,10011,9878,9932
9440: 9969,9698,9804,9853,3777,9339
9889: 9926,9854,8205,9919,9292,9691
9340: 9750,8309,9857,9594,10030,9519
9274: 9616,9623,9299,9253,9631,6385
9892: 9634,9787,9438,9407,7723,8867
9395: 9712,9505,9359,9740,10029,9988
8081: 9271,9344,8596,9631,6389,9616
9173: 
6348: 9512,9543,9433,9502,5870,5478
10001: 9445,9611,10010,9822,9322,4979
2953: 
9350: 9539,5755,9604,5256,9632,9404
731: 596
3517: 10038,9966
9896: 9644,10020,9911,9341,9914,5202,9906
10022: 9831,9778,9963,9952,9735,9544
4131: 9777
9272: 9706,9676,9991,9515,9468,9416
9735: 7417,9952,9457,9466,10022,9963
9430: 2333,9366,3701,9268,9590,9248
9863: 9672,9548,9811,9615,9749,9673
9337: 4893,9339,9804,9590,9366,9553
9219: 9560,8879,8990,9567,8885,9125
9521: 9734,9262,9269,9483,9282
10028: 9897,9890,9825
9435: 9638,9943,9308,9540,9543,9647
7191: 
5478: 6280,5870,9433,6348,9512,6085
3715: 3820,9957,10038,3722,3321
9622: 9852,9593,9588,9252,9453,9303
10019: 9667,9561,9884,9848,9710,9936
4855: 4858,9302,4448,9538,9573,9408
9465: 7010,9993,9944,9402,9354,9499
7360: 9508,9301,9773,6731,5876
8309: 9750,9340,9857,8150,7992
9804: 9441,9590,9853,9440,9339,9337
9906: 6204,9898,9914,10020,9896,10016
9356: 9334,9448,9592,9336,8150,7992
9347: 9989,9763,6249,10015,9725,9314
1553: 1225,9902,2721,9720,9624,9708
9399: 9819,9500,359,9382,2133
760: 561
9864: 9716,9995,9688,9349,9381,9916
9574: 9482,9408,9302,10017,9808
9992: 9941,9792,10006,10035,9867
9743: 9321,2523,9275,9980,9514,9812
9783: 9833,9687,10015,9975
9910: 9680,9652
9706: 9272,9991,9369,9626,9515,683
9664: 9824,9960,10005
4697: 4891,4893,5578,9432,9341,5202
6665: 8694,6385,9623,8498,9260
6385: 8694,8631,6665,9299,9274,9623
9390: 9486,9534,9436,9484,9928,9346
9304: 9913,1727,9679,9697,3810,2928
9806: 9515,9565,683,9869,9974,9487
9348: 9523,9266,9718,9929
6009: 6204,9898,9714,9768,9518
2198: 
9457: 9559,9466,9531,9942,9735,9963
9417: 9469,9801,9494,5408,6849,9753
9959: 9751,9670,9459,9524
9254: 9481,3504,9279,9320,9443,4293
9423: 9836,9688,8033,7965,9349,9568
9655: 9707,9421,9496,9829,9798,10037
9781: 9798,10037,9769,9537,9656,9803
9412: 10013,9352,9723,9258,9573
9639: 9636,5403,9299,9596,5792,8631
9859: 9924,9491,9961,9731,9554,1556
9338: 9907,9793,9782,9537,9446
9795: 9875,9649,7494,9740,9617,10029
9817: 9792,10006,6155,9776,9725,6249
9936: 10034,9643,9710,10019,9561,9695
9901: 5856,5051,9658,10035,9305,9941
9705: 9729,7617,9314,9989,9289,9486
8346: 9983,8970
7617: 9705,9729,9314,9953,9687,9472
9306: 9614,9968,9265,9471,9305
9620: 9834,9772,9332,9396
9737: 9665,9283,9415,2492,2685,9874
10021: 9816,9731,9520,9961,9267
9534: 9289,9486,9390,7010,7014,9436
9313: 9433,9330,9502,9287,9526,9403
9383: 9589,9598,9326,3491,3991
2974: 9965,9742,2509,2699,2609
5574: 5754,9608,4169,9455,9394
9263: 9446,9460,9803,9461,9393
9913: 3119,1727,9304,2649,9697,9585
9268: 9493,9536,9248,9430,3701,3502
4293: 3903,4498,9254,3504,9320,9409
6389: 7146,7505,10009,9517,9631,8081,8596
9363: 9635,9291,9895,9980,9245,9812
9674: 9830,9956,9586,1592,874,9276
2244: 1709,2526,2906
9284: 9419,9649,9904,6483,7899,7318
9730: 9451,3295,3491,9954
9553: 9259,4486,9366,4893,5578,9337
7265: 
7996: 8513,8296,8770,7581,8991,9317
3810: 3612,9679,9304,2928,9955
9937: 9780,9840,10008,9905
1617: 1446,1044
9798: 9781,10037,9769,9829,9736,9655
8695: 
9725: 10015,9975,10006,9817,9347,6249
9998: 9447,9942,9452,9785,9373,9531
8970: 10007,8346
9944: 9465,9993,9690,10034,9402,9763
9932: 9744,9756,10036,10011,9576,3947
7086: 
9487: 3486,9974,9806,9565,9329,9837
9972: 9878,9500,9925,9748,9682,9819
9704: 9679,9796,9790,3321,3712,3612
9336: 9692,9893,8150,9437,9356,9592
9820: 10018,9871
10043: 9971,9368,9660,9930,9926,9767
7146: 6389,7505,6682,10009,6967,8596
9400: 9648,9701,9785,9559,9531,9518
1340: 1019
9625: 9391,7723,9634,9641,9976
2968: 9533,4057,4164,4169,9394
9865: 3486,9818,9940,9757,9837,9958
9389: 9961,9267,9606,927,9554
9897: 9922,9921,9890,9825,9814,10028
2806: 3491,3295,9793
9305: 9471,10035,9265,5856,9901,9306
9501: 9507,9558,9126,9387,9894,9318
6508: 5207,4486,5010,9644,9911,9401
8205: 7478,9919,9889,9292,9640,6480
848: 
5408: 9627,5400,6849,9417,9753,9779
9302: 4855,4858,9604,9408,9574,9808
9810: 9244,9659,2678,10010,9675,4979
4603: 5215,9409,3903,9784,9668,9562
3559: 9555,4139,9256,9442,3166,9535
5256: 5064,4858,9604,5755,9350
7248: 
6531: 
9947: 9994,10032,9834,9375,9693,9870
7847: 7417,9952,7505,8596,9505,9359
10030: 9285,9789,9519,9340,9857,9762
6118: 
861: 
4057: 2968,4164,4255,2391,4169,2580
9387: 9126,9125,9615,9548,9507,9501
864: 
9548: 9672,9863,9802,9615,9387,9507
9528: 9918,9414,9427,9642,9295
9375: 9834,9597,9396,10032,9947,9582
9282: 9459,9524,9734,9521,9483
10041: 9990,9957,9815,10038
9442: 9462,9256,9422,9591,3559,4139
9049: 
9321: 9743,9788,2523,9514,10002,9388
6349: 6155,9695,9776,5466,9964,9710
874: 9760,9276,359,1592,9674
9270: 9736,9821,9719,9829,9760,9276
9747: 9774,9669,2585,9630,9986,9361
9940: 9818,10002,9788,3486,9865,3786
9019: 7811,7119,9407,9563,8867
9600: 9126,8885,9297,9629,9894
9719: 9826,9945,9830,9276,9821,9270
1727: 3119,9913,9304,2928,3121,3607
9505: 9395,9359,7847,9344,9740,8596
9591: 9582,9422,10032,9442,4139
9520: 10021,9816,9516,9713
9262: 9734,9521,9569,9328,2540
9424: 9374,2024,9332,9621,9756,9772
9710: 5466,10019,9848,9695,6349,9936
10020: 9911,9896,9979,6204,9666,9906
9647: 9650,9805,9435,9943,9540,9967
9732: 9850
9707: 9655,9421,9829,9760,359,2133
9837: 9757,9950,3486,9865,9487,9329
9598: 9589,9383,9552,9275,9923
9498: 9538,9258,9513,9599,9522,4450
9504: 9560,8879,9079,7565,9307,9564
5775: 7123,9406,9967,9379,9915,9593
9558: 9507,9501,9318
9999: 9866,10027
9841: 709,9654
9831: 10022,9778,9963,9651
9419: 8496,9260,9284,9628,9904,6483
9688: 9836,9423,9349,9916,9587,9864
9846: 9738,9754,5400,9885,5792,5403
8631: 8694,6385,9596,9639,9299,9971
10027: 9866,9999,9646,9887
6204: 6009,9666,9898,9906,10020
9335: 9296,9722,9813,9645,9709,9246
9471: 10035,9305,9867,9306,9614,9343
9472: 10024,9953,9729,7617
910: 
9835: 9738,9754,9915,9696,9764,9852
9993: 7010,9465,9944,9989,9763,9289
9856: 9843,9956,9586
9808: 9632,9985,9574,9302,9604,10017
9604: 4858,9302,5256,9632,9808,9350
9538: 9498,9258,9573,4450,4855,4448
9264: 9495,9488,9514,9812,9291,9530
4937: 6018,4719,4710,4322,9280,9602
9126: 9600,8885,9387,9125,9894,9501
4719: 6018,4937,4811,9602,9454
9567: 9615,9546,9749,9560,9219,9125
2551: 
9827: 9858,9811,9610,9546,9749
1619: 
9351: 9579,9970,9555,9535,9845,9411
10040: 1793,217,9460,9782,9580,9626
927: 9389,9606,9635,9291,9554,9530
9403: 9607,9322,9313,9502,9287,9308
3777: 3983,9475,9969,9440,4891,9339
9796: 9679,9697,9704,9790,9485,9759
9789: 9285,10030,9762,10039,9727,9939
9530: 9554,9291,927,9495,9264
9764: 9724,9696,9801,9835,9738,6849
9960: 9629,10005,9894,9664,9318
9950: 9657,9757,9837,9699,9329,9883
2189: 2280,2468
9611: 9445,10001,9566,9428,9662,9822
9477: 9509,9467,9290,7811,9563,9444
9921: 9922,9766,9897,9890
2526: 1709,2244,2153,2906
3991: 9474,3491,9383,9552
9453: 9449,9509,9303,9252,9622,9290
9949: 9551,9405,9682,9888
4450: 9522,4569,4146,9538,9498,4448
2492: 9372,9247,2685,2305,9737,9415
4858: 4855,9302,9604,4448,5064,5256
7383: 8046,7723,8867,7641,7119,8333
3251: 
9981: 9832,9702,9587
9368: 9971,10043,9660,9584,9596,9497
9439: 1622,10026,9962,9676,9527,9473
9715: 9250,9903,9708,9296,9722,9279
4155: 3860,4255,4463,9331,9489,4146
9552: 9275,9980,9245,3991,9598
5633: 
6967: 9525,9714,10012,7146,6682,10009
6323: 
7992: 8225,9752,9356,9448,8150,8309,9857
959: 
6460: 6071,9467,9550,6916,6930,7811
9250: 9903,9715,9493,3502,9481,9279
9923: 9547,9809,9589,9598,9275,2523
9380: 9958,9298,9316,9818,9536,9577
9269: 4218,4521,9521,4525,9392,9483
10032: 9994,9422,9947,9375,9582,9591
9794: 9673,9858,9811,9996
8044: 
9902: 1553,2721,9470,9358,9903,9708
9812: 9264,9514,9980,9363,9291,9743
9745: 9882,9474,9948,10008,9840
9875: 9795,9649,9904,9271,9344,9740
5138: 9429,9562,5215,3210,4811,9503
8033: 9836,9423,9376,7965,7719,9426
9249: 9429,9562,9784,9861,9360,9583
9800: 9634,9787,9854,9450,9976,9691
9364: 5475,9261,9325,9608,9463,5754
8867: 7383,7723,7119,9019,9407,9892
978: 1052
9374: 2024,9424,9332,9665,9425,9899
9568: 9391,9349,7965,8046,9423
9876: 3612,9927,9922,9766,9955
9483: 9633,9392,9269,9521,9459,9282
9421: 9707,9655,9496,1525,2133,9371
9720: 9624,9319,1553,9708,9722,9813
9790: 3722,3321,9816,9759,9796,9704
9366: 2333,9430,9590,9337,9259,9553
9930: 8694,9971,10043,9926,8498,9919
9332: 9374,9424,9772,9620,9425,9396
9845: 9479,9286,9411,9970,9351,9862
10009: 7146,6389,9880,6967,10012,9517
8807: 8917
4950: 5856,5051,9404,9539,9909
9451: 9730,9948,9954
9573: 9538,9258,9412,9352,9408,4855
3545: 
9578: 9410,9455,9367,9490,9872,5564
9381: 9391,9349,9641,9716,9864
9460: 9446,9263,9782,9393,9580,10040
9799: 9887,9689,9599,9797,9331,9522
9495: 9488,9264,2733,1556,9530,9365
9630: 9572,9327,9986,9542,9747,9361
9547: 9933,9809,9923,9788,2523,3786
9536: 9268,9493,9577,9298,9380,9248
9320: 9342,9443,9254,4293,9397,9409
9728: 9656,3295,9823,9973,9769
1006: 
9557: 9365,9470,9388,9488,9316,9577
10016: 9847,9684,9494,9914,9898,9906
7719: 7965,8333,7292,9376,9346,8033
9792: 9941,9992,10006,9817,9873,9776
9749: 9615,9567,9546,9827,9811,9863
7570: 6671,9079,7565,6483,7899
7988: 8513,8296,9938,9617,9448,8225
9762: 10039,10003,9752,9857,9789,10030
2669: 
9328: 9825,9814,9935,2540,9262,9569
9834: 9375,9620,9693,9396,9947
9872: 9490,9658,9873,9578,5564,9964
1019: 1340
9344: 9271,8081,9740,8596,9505,9875
9349: 9391,9381,9568,9688,9423,9864
9811: 9827,9858,9749,9673,9794,9863
9727: 9824,10039,9789,9939
9602: 9877,9280,4937,4719,9454,9266
8658: 
9484: 9376,9928,9733,9346,9390,9413
5403: 9636,9639,9846,9627,5400,5792
9478: 6071,9467,9290,5882,9355,9252
9997: 9510,9822,9862,9671,9742,9662
9980: 9552,9275,9245,9363,9743,9812
9766: 9922,9921,9927,9978,9876
8261: 
5207: 9259,6508,4486,5010,4498,3982
9631: 9517,9253,6389,9274,9616,8081
9860: 9724,9696,6085,6280,9601,7123
9301: 9839,9773,9667,9561,9508,7360
10018: 9820,9871,9985,9549,9755
5841: 
5202: 9341,4697,4893,5578,9644,9896
7417: 9952,7847,9735,9466,7505,6682
10038: 3517,9957,10041,3715
1525: 9382,2305,2133,9637,9421
9323: 9393,9369,9580,9879,9414,9946
1044: 1616,1617,1446
4347: 4771,5064,4569,4463,9533,4164
9966: 9927,3820,3517,9978
3839: 
2649: 3119,9913,9319,9585,9813,9645
9334: 9356,9448,9592,9917,9938,9988
9862: 9510,9997,9970,9671,9845,9286
9489: 9462,9256,9797,9331,3860,4155
1052: 978
9978: 9927,9966,9766
9731: 10021,9816,9961,9924,9759,9859
9721: 9929,9751,9718
8496: 9419,9260,7478,6480,6671,6483
9775: 9699,9345,9329,9416,700,9565
9635: 9363,9291,9895,9780,9606,927
9634: 9800,9787,9892,7723,9625,9976
6930: 7014,7009,6916,9550,9499,6460
9361: 2509,2778,9747,2585,9630,9542
9214: 9987
9279: 9254,9481,9250,9715,9296,9443
9641: 9739,9976,9391,9381,9625
9885: 9497,5792,9754,9846,9449,9303
4083: 9481,3504,2333,3701,3502,3982
1067: 
9346: 9376,9484,9390,9436,7719,7292
9839: 9301,9773,9920,9603,10042,9667
9734: 9262,9521,9569,9282
9535: 9541,3166,9555,3559,9351,9411
9543: 6348,9512,9540,9502,9435,9308
9742: 9671,9965,2974,2609,9662,9997
9890: 9921,9897,10028
9680: 9910,9652,7002
9994: 9422,10032,10000,9947,9838,9870
9352: 9412,10013,9573,9482,9408
9654: 709,9841
9649: 9795,9875,7494,9904,9284,7318
9961: 9389,9267,10021,9731,9554,9859
9292: 9378,9545,9691,9889,8205,9640
5070: 5564,5466,5754,5475,9848
9963: 10022,9831,9457,9651,9942,9735
9626: 9369,9580,1793,10040,9706,683
4169: 9619,9608,2580,4057,2968,9394,5574
9571: 10039,10003,9982,9556,10005,9824
7775: 
4525: 9392,9700,9269,4521,3907,4004
5250: 
9011: 
9607: 9403,9322,4979,2678,9377,9638,9308
9986: 9572,9630,9774,9747,3850
9590: 9804,9441,9248,9366,9430,9337
9583: 9452,9785,9360,9861,9249,9701
9683: 9842,7934
9746: 9958,9298,9657,9757,9441,9853
9660: 10043,9368,9584,9438,9661,9767
9322: 9403,9607,4979,9445,10001,2678,9287
3947: 9251,9576,9932,9756,2024,9283
9990: 9957,10041,9713,9771,9815,9516
9554: 1556,9530,9389,9961,927,9859
9512: 6348,9540,9543,6085,5478,9406
4569: 4450,4146,4463,4448,5064,4347
9452: 9785,9360,9583,9373,9678,9998
9341: 9432,9914,5202,9685,4697,9896
9935: 2928,3121,9955,9328,9814,2540
3166: 9541,2391,9535,9256,3559,3860
9751: 9959,9670,9877,9718,9721
9939: 9285,9789,9727
7505: 7146,6389,6682,7417,7847,8596
9780: 9895,9840,9937,9905,9635,9606
9866: 9838,9999,10027,9887,9689
9314: 9705,7617,10015,9989,9347,9687
8917: 8807
9927: 3820,9966,3712,9978,9876,9766
10005: 9960,9629,9556,9571,9824,9664
9694: 9886,9312,9832
9522: 4450,4146,9799,9599,9331,9498
9514: 9488,9264,9812,9743,9321,9388
9237: 9640,6480,9420,6671,9079,9307
6249: 9763,9347,9817,9690,6155,9725
9760: 9829,874,9276,359,9270,9707
9624: 9720,9319,9333,9491,1225,1553
9492: 9881,9581
9610: 9613,9618,9564,9827,9546
9791: 9900,9385,9699,9345,9807,9883
5331: 
9928: 9484,9733,9729,9486,9390,10024
9125: 9126,8885,9387,9219,9615,9567
9441: 9804,9590,9853,9248,9746,9298
1616: 1044,1873
9931: 9891,9888
9915: 5775,7123,9696,9852,9593,9835
7176: 
9357: 9761,3907,4710,9342,9397,6018
9675: 10010,9510,9286,9532,9659,9810
6280: 9575,5870,9601,5478,6085,9860
9345: 9775,9699,700,9288,9791,9385
9490: 9658,9872,9578,9367,5051
9497: 9596,9885,5792,9449,9368,9584
9402: 10034,9643,9310,9465,9944,9354
9289: 9486,9534,9989,7010,9993,9705
9887: 9689,9799,9599,10027,9866,9646
9692: 9893,9336,8150,9786,9293,9750
9702: 9426,9886,9836,9981,9832,9587
3612: 3810,9876,3712,9679,9704
3210: 5215,9397,6018,4811,5138
6483: 6671,7570,7899,8496,9419,9284
9759: 9924,9485,9816,9731,9790,9796
9777: 4131
9541: 9605,3166,2391,9535,9411,2580
10033: 9595,9463,9532,9398,9659,9325
9956: 9674,9830,9586,9856
9447: 9651,9942,9998,9373,9434
9991: 9272,9706,9676,9946,9369,10026
9690: 6155,9695,10034,9763,6249,9944
9958: 9746,9298,9380,9865,9818,9757
9619: 9608,4169,2580,9605,9595,9463
9532: 10033,9595,9479,9286,9675,9659
9252: 9355,9622,9588,9478,9290,9453
9828: 9545,9739,9450,9681,9456,9984
3284: 3471,9570,9900,9969,9807,3983,4485
9678: 9711,10025,9480,9452,9360,9373
9589: 9383,9598,9326,9273,9809,9923
9355: 5882,5975,5876,9252,9588,9478
5882: 5876,9355,9458,6071,9478
9456: 9686,9984,9277,9378,9545,9828
8990: 7901,9081,8879,9219,8885
9744: 9932,9756,10036,9912,9621
9946: 9991,9879,9369,9323,10026,9962