9266: 9280,9877,9718,9348,9523,9602
9886: 8265,9694,9702,9836,9832
6467: 6371
3: 23,87
9378: 9545,9456,9292,9237,9640,9277
5: 
4797: 4697
6185: 6283,6282
8579: 8296,8770,8513,8710,8709
6450: 6350,6541,6260,6448,6357
10: 9851,31,60
8276: 8624,7965,8046,8422,8199,8274
8460: 9735,8387,8597,8730,7759,8005
10012: 9714,9880,10031,7336,10009
7073: 6982,6983,7164
9562: 5338,9429,5129,5234,5333,9249
16: 9850,141
6262: 6165,6264,6164,6163,6359
18: 
3889: 3990,3789,3989
8158: 7668,7918,8236,8727,7996,8234
10011: 9891,10036,3643,3641,9932
22: 23,50
23: 3,22
5930: 5332,5632,5931,5928,6028,6128
9962: 9663,9879,9946,10026,1045
5277: 5278,5177,5176
27: 56
3952: 3755,3953,3956,3850,3950,4053
6147: 6052,6244,6437,6248,6148
30: 31,60
31: 30,10,9851,60
7801: 7877,7548,7876,7719,7962,8042
33: 62,95,133
34: 135
7009: 7103,7010,6916,7008,7456,7014
9294: 9523,9454,9703,10025,9503,9480
3904: 3903,4004,3803
4306: 4305,4307
39: 40
40: 39
6085: 6084,6086
42: 68,9732
7085: 6246,9964,9817,6628
7319: 7581,7231,7318,7494
9265: 6139,9305,5453,6336,9306
46: 81
8878: 8636,8701,8820,8984,8983
6884: 7160,6886,6978,7070
7345: 7431,7344,7080
50: 22
4010: 
7148: 7146,7057,7150,7237,7238
4887: 
9645: 9335,9813,9709,9717
8540: 8338,8479
56: 27
57: 91
8960: 8619,8861,8743
9001: 9091,9092,9170,9049
60: 30,31,10
9945: 77,9826
62: 33,133,134,135
9914: 10016,9906,9685,9896,9341,9847
64: 275
9943: 9435,9647,9650,9529,9638,9920
66: 386,387,334,446
8150: 7911,7909,8225,8227,7992
68: 9732,42,9850
9855: 6712
6593: 6688,7252,7066
5893: 5793
5611: 5710
73: 336,283
8144: 8143,8065,8066,8145,8221,8219
8175: 9842,9683,8097
4677: 
77: 9826,9945,115
7178: 
3789: 3889
6658: 
81: 46
5286: 5186,5185,5285,5287
9765: 1576,9677
4637: 4838,4839,4638
8120: 8042,8121,8119,7962,8616,9625
6244: 6436,6242,6337,6147,6437
87: 3
7207: 7117,7118,7208,7296
6403: 6209,6307,6499,6405
4949: 5150,4845,5051,4849,4852,4950
91: 57
9922: 9876,9955,9814,9921,9897
93: 133,175
9617: 8453,8455,8593,9448,9334,9938
95: 33
9880: 9517,7434,10031,9977,10009,10012
3897: 3997,3898,3998
9787: 9854,9438,9691,9102,9892,9800
99: 275,438,499,382
100: 2151,181,980,1623
9738: 8210,9835,9754,9846,8358
7979: 8061,7818,8363,7899,8138,8058
4459: 4462,4559,4259,4458
5490: 5390,5590
6100: 6003
7162: 6979,6978,7161
8587: 8776,8716,8721,8891,8779,8655
7175: 
9788: 9940,10002,9321
4393: 4293,4292,4493,4494
6703: 9908,9847,6607,9494
7902: 8291,7901,7821,7903,8292
5400: 5300,5299
6576: 6480,6575,6671,6672
115: 77,116
116: 115
4720: 4826,4823,4725,4616,4621,4719
118: 307,309
4565: 4463,4566,4667
8792: 9359,8729,8790,8457,8597,9544
121: 9598,127,168
9609: 9572,9579
4427: 4526,4322,4320,4331,9269,9392
5422: 5322,5323,5421
9878: 9925,9972,9255,9500
126: 167
127: 168,121,9598
8478: 8475,8614,8677
9964: 7085,6246,9873,9872,9776
6437: 9872,6244,6337,6147,6248
131: 220,323,219
6021: 5722,6118,5920,5724,6022,5922
133: 93,33,62,134,175
134: 176,175,133,62,135
135: 34,62,134
5211: 5110,5312
4343: 4139,9442,4146,4045,9256,4240
9467: 9477,9290,8357,8208,9478
9974: 9837,9869,9487
8946: 9091,9092,8999,8947
141: 16
7181: 7184,9805,7859,9301
6370: 
5720: 5818,5819,5620,5621,5722,5920
6461: 6556,6462
146: 147,234
147: 146
7219: 7130
149: 
150: 
6462: 6461
9407: 9140,8919,9661,9019,9102,9438
8882: 8989,8990,8705,8938,8824,9037
4660: 4664,4661,4865,4658,5062,4964
155: 251,9496,10037,9803,157,156
156: 417,811,541,157,251,155
157: 9446,743,9803,155,156,541
9644: 9896,9341,9911,6038
159: 
9097: 9340,9750
6712: 9855,6617
9957: 3434,10038,9713,9990,10041,3335
163: 9275,208
7850: 7769,7936,9434,7601,7767
6003: 5904,6004,6100
4529: 4525,4527,4526,9392,9633,4630
167: 126
168: 127,121
6248: 6148,6439,6147,6437,6246
7934: 7935,8015,7771
9485: 9697,9796,9759
9324: 9566,9428,9527,9473,9464,9431
6007: 6105
8521: 8589,8451,8230,8378,8450,8654
175: 176,134,93,133
176: 134,175,323
9413: 9484,9733,9312,9426,8262,9376
9843: 9856,9934,9956,9586,9281,9770
9523: 9454,9602,9294,9266,9348,9703
7217: 7128,7127
181: 2151,100,980,9403,9502,1539
5084: 5185
8018: 7855,7937
6068: 5970,6067,6165
185: 228
9581: 8681,9653,9881,9492,8685
187: 283,285
9259: 1060,9553,697,9366,9430,564
5453: 5353,5251,5253,6140,6336,9265
9027: 8495,8874,9112,8627,9157
9367: 6144,9490,9311,9539,9578,6047
8799: 8481,8679,8480
9299: 9636,9639,7252,7066,9274,9253
7007: 7532,7095,6916,9550,7098,7008
9433: 1057,9502,9506,9330,9313,1133
8380: 9284,8307,8383,8451,8452,8382
4054: 4053,4255,4156,3953,4155,4057
4579: 4478,4580
6067: 5970,6068,6164,6162
9232: 9987,9211
9650: 9943,9647,9805,9773,9920
8450: 8449,8378,8521,8715,8654
9669: 1758,1583,9874,9737,9361,9747
7262: 9308,9543
6065: 5870,6256,5966,6162
206: 362,309
5451: 5752,5250,6238
208: 426,163,9275,316
8462: 8165,7763,8163,8599,9942
9870: 9693,9994,9947,9838
5846: 9680,5942,5746
3964: 
6071: 6072
10000: 9689,9838,9422,9994,9462,9797
7080: 7344,7520,7345
8005: 8389,7759,7761,9735,8460
217: 10026,371,754,9326
9941: 9658,9873,10035,9992,9901,9792
219: 131,220,434
220: 131,324,323,219,434
9569: 9262,4132,4336,9328,9734
5167: 5069,5267,5364,5064,4968,5266
7901: 8291,7902,7737,8061,7818
4736: 4837,4939
6172: 6270
9656: 472,9728,9769
9681: 9844,9984,9739,9828
228: 185
6375: 6376
6617: 6712
9716: 8620,9381,8485,9864,9995,9653
9470: 9316,9557,1306,1145,1225,716
233: 700,9272,9416,9345,9969
234: 338,146
9677: 1493,1578,9765
5329: 5234,5331,5327,5328,5528,5726
237: 
238: 338,288
7130: 7039,7219
240: 344,291
9965: 10023,2578,2389,9671
9667: 9603,9884,9301,9561,10019,9848
243: 
9593: 9915,9622,9588,9252,9379
245: 
246: 
247: 301
9570: 9370,9900,834,9506,9330
5312: 5413,5211
7145: 7413,7055,7325
251: 155,9496,156,811,672,9642
5150: 4845,4949,5051,5148,5047
7393: 7394,7650,7649,7735
9830: 9719,9270,9674,9276,9956
7692: 7344,7520,7521
6238: 5948,5452,5250,5451
5251: 5353,5253,5453,9404,5352
7560: 7386,7299,7475,8208,7646
7939: 
7899: 7735,7650,8058,7818,7979
7170: 7169,7348,7259
262: 9275,9598
10006: 9776,9792,9817,9975
8808: 8686,8273,8419,8490,9140,8919
8368: 8440,8645,8707,8938,8991,8708
5224: 5322,5323,5123,5124,5225,5125
7974: 7811,8357,8208
8304: 8152,8228,8230,8153,8376,8378
4036: 9597,4041,3847,3942,3946
7721: 7467,7550,7719,7638,7804,7885
5856: 5663,5761,5662,5953,5951,5957
5710: 5611,5709
7631: 7877,7548,7462,7713,7550
274: 324
275: 99,438,498,64
8881: 8879,8987,8703,8639,8704,9081
9418: 9912,9621,9424
278: 387
8292: 8365,8507,8766,8291,7902,8142
7836: 7670,7587,7669,7837
4405: 4305
6264: 6262,6165,6265
283: 187,288,73,336
7777: 7268,7176
285: 338,187
9909: 9968,5352,9755,9404,9549
4117: 4218,4318,4115,4118
288: 283,238,336
289: 9791
4196: 4197
291: 344,240
3786: 3686,3787
3907: 3908
3983: 4083,3982
9979: 9401,9911,9726,9668,9666
5965: 5769,5868,5964,6062,5966
8417: 8555,8346,8681,8806
7884: 8042,8121,7719,7885,8044
299: 408,411
5715: 5813
301: 247
8976: 8982,8813,8869,9063
10029: 8661,8593,9795,9740
7772: 7602,7516,7775,9998
9755: 9985,9632,9404,10018,9549,9909
4702: 
307: 118,309
9772: 3536,9424,9332,9620
309: 362,206,118,307
6339: 6144,9490,6338,6436,6242
9585: 9319,9333,9913
312: 370
6934: 7026
9500: 9399,9382,9878,9972,9819,9255
9733: 9484,9413,9312,10024,9928,9951
316: 426,208
9888: 2198,9931,9682,9949
318: 9946,371,424,750,366
319: 9933,686,619,491,9809,430
7344: 7692,7520,7080,7345,7521,7431
10025: 9703,9711,9294,9678,9480
7929: 7248,7340,7765,8170
323: 131,324,220,176
324: 220,323,274
8609: 
4156: 4255,4054,4057,4256,4260
8779: 8891,8835,8587,8718,8655,9004
9714: 10012,10031,9753,9768
329: 9445,1622,9611,1291,9322,502
5505: 5604,5504
9873: 9658,9941,9872,9776,9792,9964
7079: 7169
9803: 9537,9781,157,9446,155,10037
334: 387,66,446
9327: 9579,1497,9572,9630,9542,1844
336: 73,288,283
3998: 3997,3897,3898
338: 285,234,238
3856: 3656,3755,3956,3857
4826: 4720,4823,4725,4730,4821
341: 1216,1136,840,9248,1295,9430
4504: 4605
343: 455,397
344: 291,240
7550: 7467,7721,7719,7631,7548
346: 519,648,650,647
9926: 9919,9930,9767,10043,9854,9889
9826: 77,9945
4298: 4399,4197
9912: 9744,9621,9418
7733: 7650,7649,8209,8498,8056,8058
10024: 9729,9472,9928,9951,9733
7618: 7279,7190,7617,8020,7455,7540
9316: 9470,9557,9940,10002,1145
7831: 7913,7579,7832,7911
9697: 9796,9679,9485,9304,9913
8137: 8213,8431,8211,8138,8430
358: 670,802,952,661,9760
359: 9427,9371,1108,1185,1110,1187
360: 418,9338,480,609
4486: 4485,4385
362: 309,206,420
7876: 8033,7954,7877,7801,7880,7962
5983: 
9987: 9232
366: 750,679,9626,9369,424,318
6849: 6848
368: 9626,10040,9907,487,424
3850: 3755,3952,3849,3651,3950,3949
370: 426,312
371: 487,424,318,9946,217
372: 1124,754,897
9701: 5839,5933,9648,9849
8591: 8453,8452,8589,8590,8658,9448
9748: 9972,9819,1096,943
376: 433,492
9499: 7276,9402,9354,9550,7098,7099
9584: 8811,9497,9563,9444,9660,9368
8947: 8999,8949,9046,8946
9476: 2777,9261,9398,9244,9325
5204: 5104,5304
382: 561,499,99
383: 694,902,762
384: 768,566,838,565,630
385: 444
386: 66,444,447
387: 278,334,66
9608: 9364,9325,9463,9619,2110,2392
8654: 8590,8450,8589,8521,8715,8716
390: 449
4354: 4256,4450,4259,4458,4453
6163: 6164,6260,6262,6358,6357
9379: 7478,8873,9588,9593,8209
394: 9345,9883
395: 641,514
5124: 5123,5023,5031,5136,5224,5125
397: 343,455
5761: 5663,5856,5765,5958,5957
6575: 6576,6671
6696: 6695,6308,6890,6886,6888
9444: 9661,9660,9019,9563,8867,9584
402: 521,519
403: 9474,523
7103: 7010,7011,7009,6831,7014,6832
405: 
8738: 
407: 410,411
408: 299,471
5044: 4944,9573,4743,4641,9352,9408,5144
410: 407
411: 407,299
412: 413
413: 412
3953: 3952,3956,3957,4053,4054,4057
9397: 9409,2170,9320,9342,1238,9357
416: 602,9769,9823,807,808,477
417: 156,811,541,888,886,813
418: 360,9338,744
9900: 9570,9370,9385,697,9807
420: 480,362,544
9235: 8982,8928
8560: 9563,8625,8352,8282,8811
8868: 9024,9069,8812
424: 371,487,368,9626,366,318
4683: 4582,4783
426: 208,316,370
5504: 5604,5505
5590: 5490
6744: 
430: 972,9809,319,686,827
7548: 7877,7631,7801,7550,7719
8481: 9981,8679,8480,8799
433: 434,437,557,376,492
434: 433,437,219,220
8389: 8005,8599,7761,8084,8163
9309: 9724,9801,9601,9469
437: 434,433,557,498
438: 99,275,557,498,559,499
5868: 5769,5965,5672,5966,5870
6162: 6164,6260,6067,6065
9693: 9870,9834,9947
442: 568,504,566
6257: 6350,6256
444: 385,386
6854: 6853
446: 334,66,447
447: 386,446
448: 571
449: 390
450: 9515,839,700,9272,512
9448: 8658,9356,9334,8453,8591,9617
8066: 8144,8065,7742,7825,8145,8146
453: 641
454: 456
455: 343,397
456: 454
4845: 5150,4949,5047,4944,4849,4947
5374: 5274,5375
7609: 7161,7070,9779
9938: 9917,9988,9617,8661,8593,9334
4007: 4108,4006
6388: 6291,6483,6389,6387
8730: 9735,8460,8597
4502: 4501,4603
7293: 7292,7380
466: 9674,529,802,9586,593,730
467: 666,475,531,535
5650: 5847,6043,5649,5550,5750
9432: 9278,9685,6327,6038,6326,9341
8987: 8879,8881,9080,9081,9122
471: 531,408
472: 473,9656,537
473: 472
9995: 9881,9864,9916,9716,9653
475: 467,666,535
9171: 9173
477: 808,602,416
8703: 8435,8639,8365,8704,8881
9414: 9528,750,9879,9918
480: 420,544,360,609
4667: 4565,4566
9466: 9525,7679,7759,9559,9457,7761
3847: 3550,3942,3451,3947,4036
484: 544,546,609
485: 9323,612,9393,678,9461,746
6284: 6283
487: 371,9383,424,368
4494: 4495,4393,4493
489: 9372
4498: 4497,4397
491: 687,319,9933,619
492: 559,376,433,557,687
6590: 6688,6784,6781,6973
9037: 9081,8824,8882,8989,9193
8662: 8663,9616,8527,8594,8790,8729
7241: 7419
8422: 8126,8046,8278,8624,8688,8276
498: 437,557,275,438
499: 559,99,438,755,382
9524: 9734,9282,9459,9959
501: 9706,1052,762,978,9676
502: 1623,329,1622,9322,980
9359: 8729,9505,8792,9386,9544,9712
504: 568,634,698,442
8627: 9919,8495,9027
9785: 9531,7336,7680,9400
6585: 6586
9427: 740,672,9642,359,9371,1110
509: 
6784: 6688,7066,6590,6973,9274
511: 768,568,634,9806,9515,839
512: 910,838,839,450
513: 9853,9657,640
514: 395
515: 
5027: 4922,4929,5023,5031
6260: 6164,6162,6163,6450,6357
518: 645,647,649
519: 346,648,402
9652: 6618,9680
521: 523,402,586,584
9436: 9346,9390,9534,8186,8333
523: 521,403,586,9948
9823: 9973,9728,416,9769,807
4074: 4073
9286: 9510,9532,9997,9862,9845,9479
527: 1148,997,9488,9365,9495,1228
9621: 9756,3444,9744,9912,9418,3339
529: 9674,661,466,9276,731,802
8452: 8453,8382,8591,8380,8589,8451
531: 471,535,467
7209: 7119,7210,7208
9029: 
5234: 5329,5331,9562,5327,5129
535: 531,467,475
3903: 3904,4004,3803
537: 472,602
5047: 5150,4845,5148,4944,5144,5247
9393: 9323,485,9461,9263,9460,9580
4840: 9868,4941
541: 156,417,157,743,745,888
7804: 7885,7965,7721,7638,7723,8046
5573: 5572,5574,5672
544: 484,480,420,609
7825: 7488,7743,7742,8066,8146
546: 609,678,484
5826: 6121,6122,5727,5928,6028
8919: 9140,9407,8490,8866,8808,9019
9464: 9288,9473,9324,9431
5597: 5598,5497,5697
8645: 8440,8369,8368,8770,8708,8830
9293: 9692,9786,9750,9594
10014: 9226
7179: 7176,7268
9425: 3940,9374,9332,3942,9396,9597
4700: 4699
557: 433,437,498,492,559,438
9209: 
559: 492,499,557,687,438,755
4590: 
561: 382,758,760
9756: 3742,3444,9621,9932,9744
563: 973,760,694
564: 1295,9430,834,697,9259
565: 384,566
566: 768,384,442,568,565
9396: 9582,9375,9425,9332,9620,9597
568: 504,634,442,768,566,511
7195: 6926,6832,7371,7542,7014,7283
9211: 9185,9232
571: 448,698
4929: 4821,5027,4934
6618: 9652,6138
8989: 8882,8990,9037,9193,9161
7198: 6927,7019,7371,7460,7545,7199
10034: 9643,9936,9695,9402,9944,9465
577: 
8490: 8624,8866,8274,8686,8808,8919
9459: 9483,9633,9524,9282,9670,9959
580: 
6357: 6358,6450,6163,6260,6823,6448
9659: 9398,9810,9675,10033,9463
5398: 5298,5497
584: 521,586
7247: 7249,7248
586: 9948,521,523,584
9898: 10016,9906,6514,6418
588: 783,645
4630: 4836,9670,9633,4527,4529
5332: 5930,5632,5436,5230,5829,5928
9657: 513,9853,9883,640
9618: 9420,9277,9686,9613
593: 801,9586,9281,466,730,874
9672: 9673,9863,9548,9507
9904: 9649,9284,9419,9628,9271,9875
596: 599,9270,664,733,731
7050: 
9308: 7262,6629,9638,9607,9435,9543
599: 596,9821,666,664
5916: 6114,5917
9281: 801,9586,593,9843,9770,9257
602: 416,9769,537,477
9298: 9380,9746,915,9536,9577
6148: 6248,6439,6052,6147,6249,7086
5755: 5361,9533,5657,5363,9394
9377: 9638,9607,7086,9362,9529
5513: 5413
4256: 4354,4349,4255,4156,4260
609: 546,480,484,544,360
9114: 9214,9072,9187,9182
9740: 9344,9875,9395,9795,10029
612: 9323,485,746,890,614
9251: 9637,9255,9576,9415,9283
614: 965,820,9323,612,9369
9718: 9929,9348,9751,9721,9266,9877
616: 750,679,820
3986: 4087
9287: 9313,9403,9322,9526,9315,9445
619: 319,686,491,687,755
8688: 8624,8866,8422,8278,8625,8867
9422: 10032,9994,9442,9591,10000,9462
5887: 5886
8968: 8683,8861,9018
4260: 4259,4156,4256
6586: 6585,6682
9867: 9343,9471,10035,9992
8466: 
9127: 9600,8995,9130,8770,8830
7003: 6915,6912,7002,7092,7532,7095
630: 835,384,838,910
9170: 9133,9091,9001,9049
7641: 7555,7557,7470,7723,8126,7888
9358: 9577,9493,9380,1068
634: 568,504,9869,9806,511
6548: 6358,6639,6359,6455,6549,6550
6813: 6904,6624,6720,7083
6256: 6062,5966,6348,6065,6257,6350
4815: 4917
9297: 8888,9317,9600,8995,9629,9556
640: 9657,707,513
641: 395,453
9636: 9299,9639,9627,9253,7434
8790: 8457,8596,8527,8662,8729,8792
9429: 9562,9503,9360,9480,5333,9249
645: 518,783,588
5307: 5308,5408,5207
647: 650,649,346,518
648: 346,519,650
649: 650,647,518
650: 647,649,346,648
4269: 4369,4168
8718: 8655,9005,8898,8779,9004
4319: 4422,4216,4218,4318,4314
4331: 4323,4320,4328,4330,4427,9269
8378: 8376,8449,8450,8304,8230,8521
7936: 7850,7769,9434,7770,7771
7625: 7627,7952,7791,9705,9729,9472
4442: 4644,4438,4338,9522,4440,9498
9509: 9449,8565,9477,9453,9303
5872: 5871
661: 529,876,731,952,358,802
6537: 6155,6441,6347,9607,6629
9526: 9315,9300,9370,9313,9287,9330
664: 666,596,599,733
8748: 8807,8806,8555,9634
666: 467,475,664,599
9370: 9570,9900,9385,9526,9300,9330
3792: 
6121: 5826,6122,5725,5727,6219,5922
670: 358,9707,9760,1027,955
8565: 7973,8497,9509
672: 740,9427,9642,251,811,884
7913: 7993,7831,8075,7832,7914
8029: 7703,7870,7704,7787,7949
6091: 6188
9989: 9314,7942,9763,9993,8020,9347
9502: 9433,9313,9403,181,1133,1539
678: 546,9461,746,744,485
679: 750,616,366,9369,820
4388: 4288,4287,4387
9133: 9170,9049
8526: 7837,8236,8727,8386,8594,9623
683: 9758,823,1280,9295,1043,894
684: 10026,1045
8006: 8084,7763,8163
686: 319,619,430,827
687: 491,492,559,619,755
9491: 2463,9624,9333,2554
5185: 5186,5084,5285,5286
4318: 4117,4218,4115,4216,4319
4897: 4997
9770: 10004,9612,9934,9843,9281,9257
4139: 4343,9442,9591,4141,4041,4045
694: 902,1125,563,383
9771: 9815,9990,3036,3134,9516
9786: 9293,9692,9893
697: 9807,1060,9259,9900,564
698: 571,504
7742: 7487,7741,7488,7825,8065,8066
700: 9272,233,450,9969
8527: 8386,8081,8594,8790,8596,8662
9695: 10034,9936,9710,9944,9690
9925: 9878,9972
704: 915,9441,9248,9590,840,912
8242: 8391,8318,8667
6290: 6387,6291
707: 640
9952: 9386,9544,9778,9735,10022
709: 9958,1068,1145
710: 781
5086: 5087,4986,5186
9513: 9538,9498,9258,9599,9646,9723
8365: 8292,8766,8704,8291,8703
7312: 7311,7400
7325: 7673,7237,7055,7146,7145,7413
716: 1071,1225,9470,9557,9365,997
6028: 6126,6128,5928,5930,5826
718: 1075,9530,1076,9635,927
8874: 9070,8821,9236,8978,9027,9157
9889: 9854,9691,9919,9926
9340: 9097,9004,9750,9594,9285,9519
722: 789
723: 792
724: 9399,9382,1019,1340,794,1255
3927: 4029,3928,4030,3925,3826,3929
4918: 5018,4819,4817,4917
6348: 6062,6256,6349,6820,6631,6350
728: 10004,9612,1096,1097,943,9405
729: 872,1510,1097,9405,1178
730: 874,1027,466,802,593
731: 876,733,596,661,529,9276
7949: 8474,7787,8029
733: 807,876,731,664,596
10022: 9831,9963,9735,9952,9778
5220: 5121
9272: 700,233,9565,9416,9515,450
737: 
9430: 1295,564,9259,9366,9248,341
7455: 7540,7791,7279,7618,9472
740: 9427,672,884,1110,1111,1034
5958: 6055,6056,5957,5761,5959
6724: 6820,6541,9512,9543,6637
743: 157,9446,745,744,541
744: 746,745,418,678,743
745: 746,744,743,541,888,890
746: 745,744,678,485,612,890
6405: 6499,6598,6403,6307,6308,6695
9622: 9915,9593,9453,9852,9252,9290
7279: 7791,7191,7190,7618,7952,7455
750: 616,679,366,318,9414
7413: 7145,7673,7325,7587,7756
7602: 7775,7772
8309: 8076,8234,9260,8154,8383,9419
754: 9273,9326,897,217,372
755: 687,559,499,619
9356: 8658,9448,9334,9353,9055,9592
3826: 3727,3925,3625,3829,3929,3927
758: 973,827,561,760
6072: 5975,6071
760: 561,563,758
9217: 9238,9216,9640,9218,9307,9420
762: 977,1052,902,383,501
9992: 9941,10035,9867,9792
9743: 9812,9980
9783: 9833,10015,9314,9687,9953
8179: 8255
5023: 5121,5123,5124,5027,5031
768: 384,566,838,511,568,839
7348: 7259,7170,7349
6665: 6759
5266: 5462,5657,5363,5364,5167
9390: 9436,9346,9928,9534,9486,9484
9304: 2840,2745,9913,9697,9679,2841
774: 9536,989,912,9268,840,1066
7289: 7200,7462,7375
4823: 4720,4826,4817,4719,4819,4821
6931: 7023,6932,7022,6930
7818: 8061,7979,7819,7899,7901
9417: 9469,9494,9801,9684
8984: 8695,8820,8878,9070,8821,8983
781: 710
5113: 5214,5013
783: 588,645
9781: 9537,9803,9798,10037
785: 923,848
7141: 7142,7231
787: 858,1006,9552,1152,1078
8395: 8244
789: 722,860
5495: 5594,5395
9936: 9643,10034,9695,9508,10019,9710
792: 793,723
793: 792
794: 1338,1095,9637,9382,724,1255
5953: 5951,6047,5856,6048,5956,5957
796: 
8480: 8907,8481,8799
9060: 8962,8911
10021: 9731,9267,9961
4643: 4644,4438,4853,4642,4954
801: 593,9281,874,9257,948,1025
802: 358,661,529,466,730
7442: 
5574: 5475,5573
6941: 7033,6848,7123
9913: 9304,2745,9585,9319,9697
807: 876,733,9823,416,808
808: 952,477,9736,416,807,876
6389: 6388
9363: 9552,9980,9291,9245,9635
811: 156,417,251,672,813,884
4626: 4525,4527,4523,4621,4725,4729
813: 959,884,417,811,886
5352: 9909,9404,5353,5251,5948
9553: 1060,9259,9339,9366,9337
4263: 4364
8376: 8449,8378,8228,8304,8649
3810: 3711,3712
6832: 6926,7195,7103,6831,7014
820: 614,965,616,679,892
6316: 6218,9475,6219,6022,6320
6315: 6018,6410,6508,6118,9384,6218
823: 9758,1280,683,1444,1362
6651: 6556
7819: 7735,7569,7737,7818
5327: 5129,5225,5125,5234,5329,5328
827: 973,758,1048,686,430,972
8372: 7909,8069,8513,8225,8444
5476: 5475
9972: 9819,9748,9925,9878,9500
6093: 5995
7118: 7117,7207,7208,7027,7119
9820: 9871,10018
834: 1295,564,9570,9506,982
835: 630,910,1060
6904: 6813,6624
7300: 7123,7562,7563,7033,7475,7389
838: 768,384,839,630,910,512
839: 9515,450,768,838,511,512
840: 1216,341,9248,704,989,774
7601: 9447,7599,7767,7850
5013: 5113
8058: 8138,8056,7733,7899,7979
9305: 6139,9265,9901,9306,9471,10035
9501: 9558,9387,9126,9128,9318
6508: 6315,6410,9384,6797,6984,9575
7516: 7772
848: 996,785
5873: 5970,5774
7858: 9631,6970,9274,6969,6973,7156
9810: 9398,9659,9822,10010,9244
7646: 8208,9478,7475,7560,7562,9355
7377: 7462
5256: 9539,5054,5051,5154,5355
7248: 7929,7340,7247
6218: 9384,6316,9475,6118,6022,6315
9947: 10032,9994,9834,9375,9693,9870
858: 1006,860,787,9745
10030: 9762,9789,9857,8838
860: 858,789,9745
861: 864,933
3994: 4094
863: 933,1160
864: 861,1087,933
8962: 9060,9010,8911
9528: 9372,9414,9918,9247,9295
8964: 9011,9059
868: 1097,943,9819,9399,1019
10041: 9815,9990,10038,9957
9442: 4343,4139,9591,9422,9256,9462
8431: 8137,8502,8430,8499,8361,8702
872: 1510,1261,729,9551,9405
8594: 8527,8386,8526,9623,9616,8662
874: 1105,730,1027,801,593,1025
7083: 6720,6528,6813
876: 807,733,731,952,808,661
7386: 7298,7299,7560,7210
9019: 9661,9444,8866,8867,8919,9407
6862: 6954,6768,6769
7518: 6979
4123: 3821,3922,3819,4328,4329
7555: 7638,7641,7470,7723
9591: 4139,9442,9582,4041,10032,9422
884: 959,813,811,740,672,1034
6128: 6028,6126,6037,6226,5930,5931,9784
886: 888,889,417,813,1115,966
4385: 4284,4285,4485,4486
888: 889,886,890,745,417,541
889: 888,886,890,965,966
890: 888,889,746,745,612
9707: 9421,9655,9829,9760,670,955
892: 1042,965,820,966
6716: 6622
894: 1612,1043,1280,683,1527,1198
6582: 6583
5775: 5676,5774,5776
897: 972,9273,754,372
9999: 9866,10027
5839: 5933,9701,5337,5536,5736
9831: 9963,10022,9651,9778
4440: 4445,4548,4444,4338,4442,4650
902: 694,1125,383,977,762
5970: 5873,6068,5871,6067
8228: 8227,7992,8152,8304,8376
7704: 7865,7787,8029,7703
9067: 9109
9335: 9645,9813,9296,9722,9246,9709
9471: 9306,9614,9305,9343,9867,10035
9472: 10024,9729,7791,7625,7455
910: 512,838,835,630
9835: 8210,9738,9915,9852,9754
912: 774,704
6320: 6416,6223,6414,6316,9475
9808: 10017,9574,9302,9985,9632,9604
915: 9441,704,9298,9536
6266: 6265
4644: 4442,4643,4438,4654,4650,4853
5278: 5277,5177,5379
4573: 4574,4675
4719: 4817,4716,4616,4720,4823
9567: 9546,9749,9239,9162,9560,9615
4616: 4521,4621,4514,4719,4720
923: 785
7470: 7557,7383,7555,7641
9351: 9411,9555,9541,9535
10040: 368,9626,9580,9907,9460,9782
927: 1228,1309,9495,9530,718
6188: 6091,6286
929: 1477,1078,1006,9895,1561,9882
9796: 9697,9679,9704,9759,9485,9790
9789: 10030,9762,9727,10039,9939
9530: 9495,9264,9291,9635,927,718
933: 863,864,861
5931: 5930,5632,5633,6128,9784
9950: 9837,9775,9329,9699
936: 
9611: 329,9445,1211,9566,9428,1291
938: 1014,9741
939: 9741,1014,1013
5375: 5374,5274,5475
941: 1253,1248
6763: 6669
943: 1097,868,1096,728,9819,9748
944: 
5997: 5898
4842: 
7383: 7296,7470
948: 9257,9551,801,1025,1180
9981: 8481,9832,9702,8412
3838: 3842,3154,3741,3835,3940,3550
7160: 6695,6598,6886,6884
952: 808,9736,876,661,358,9760
4155: 4146,3951,4347,4053,4255,4054
7150: 7060,7148,7417,7238
955: 9371,1108,670,9421,9707
8499: 8632,8430,8431,8636,8701,8361
6323: 6420,6227,6126,6226,6416,6223
4934: 4936,4730,4929,5141
959: 813,884,1193,1034,1272
5481: 5480,5581
5807: 5709
3925: 3625,3826,3624,3822,3927,3928
4346: 4240,4241,4347,4450,4349,4345
5110: 5211,5009,5010
965: 614,820,889,966,892
966: 1115,889,886,965,1042,892
7649: 7650,7733,7478,7565,7393,8209
9902: 9715,9903
9812: 9743,9980,9514,9264,9291
5678: 5776,5578
5090: 5190,4990
972: 897,430,827,1048
973: 563,827,758,1048
9249: 5230,9583,9562,9429,9360,5331,5333
9800: 9634,9892,9787,9691
8655: 8718,8898,8587,8721,9055,8779
977: 1052,1286,762,902,1203
978: 1367,1369,1052,501,1131
7741: 7742,7740,7905,8065
980: 100,181,9403,9322,1623,502
9876: 9766,9922,9927,9955,3635
982: 1375,1134,1295,834,1136
5683: 5781
9720: 2173,1905,9708,9813
8705: 8938,8507,8766,8824,8882
7296: 7383,7207,7208
5258: 4950,5157,9533,5359,5054
5031: 5136,5036,5027,5023,5124
989: 774,1216,840,1297,1066
10009: 7155,9517,9880,10012
6056: 6055,5958,5959,6155,6441,6249
5956: 6048,6052,5953,6055,5957
9451: 2190,9954,2098,2010,2189
6911: 6823,6448,6637,6910,6731,6912
4266: 4367,4165,4166
996: 848,1069
997: 527,1227,1148,9365,1071,716
4783: 4683
5355: 5154,5455,5256,9539,5852
3822: 3821,3922,3624,3722,3925,3928
8424: 8495,8978,9971,8630
6759: 6665,6853
9536: 774,9268,915,9298,9577
9320: 9409,9397,9254,9279,9443,9342
5000: 
1006: 858,787,9745,929,1078,9882
1007: 1080,9905,1082,1395
10016: 9906,9914,9898,9847,6418
1009: 1160,1159
8891: 8779,8835,9857,8776,8587
5093: 5194,5092
7570: 7569,7737,7396,7655,7821
1013: 939,1170,1169
1014: 938,939,9741
8191: 8262,8336,7958,9587,9836,8189
6583: 6582
7023: 6932,6931,7022
9872: 6437,6337,9658,9873,9964
1019: 1340,1507,868,9399,724
7462: 7377,7375,7713,7289,7631
4006: 4007
9811: 9794,9858,9749,9827,9863,9673
4029: 4332,3927,3928,4030,9262,4132
9602: 9523,9454,9280,9266,5142,5141
1025: 1263,1180,801,1105,874,948
8199: 8274,8197,7965,8044,8276
1027: 1105,730,1029,874,670
7022: 7020,6930,7023,6931,7110
1029: 1105,1027
7885: 7804,7965,8044,7721,7719,7884
3803: 3903,3904
8261: 9346,8033,8110,7880,7956
5419: 
1034: 1035,740,959,884,1111,1272
1035: 1436,1270,1034,1111,1272
5294: 5394,5194,5295,5395
10018: 9820,9871,9985,9755,9549
5841: 
7707: 7780,9953,7451,7703,7870
7539: 9951,7451,7452,7780
10038: 3434,3239,9957,10041
1042: 1196,1276,892,1115,966
1043: 9247,683,9295,1198,894
1044: 1045,1281,9663,1362,1363
1045: 1281,1044,684,10026,9962
5585: 
3839: 3741,3835,3743,3742,3444,3837
1048: 973,827,972,1124,1125
9334: 9448,9356,9353,9617,9938,9917
9862: 9970,9671,9845,9742,9286,9997
6455: 6359,6548,6550
1052: 977,1286,762,501,1367,978
6303: 
9731: 10021,9859,9961,9924,9816
9721: 9959,9751,9718,9929
5776: 5678,5775
1057: 9433,9506,1134,1212,1133,1709
7877: 7631,7548,7801,7713,7954,7876
8146: 7988,8145,8222,7825,7743,8066
1060: 9553,9259,835,697
4978: 4979
7309: 7396
6441: 6537,6155,6249,7086,6056
9641: 8343,9625,9391,8620,8908,9381
5177: 5176,5277,5278
1066: 1545,1300,989,774,9268,1297
1067: 1717,1548,1302,9493,1300
1068: 1306,1145,1303,709,9358
1069: 996
7888: 8278,7890,8352,7641,7557,8126
1071: 1721,1387,1225,716,1227,997
6847: 6939
5144: 9408,5247,9302,4944,5044,5047
9890: 9921,9897,10028
1075: 1476,1392,718,1312,1076
1076: 1152,9245,9635,1075,718,1312
9066: 9109
1078: 1477,929,1006,787,1152
1079: 1396,9895,1561,1080,9780,1483
1080: 1007,9905,9780,1079,1483,1395
5621: 5622,5620,5720,5722
1082: 1314,1007,9905
9963: 9831,10022,9651,8599,9942
6270: 6172
7932: 8171,7770,8093
9571: 10005,9556,9982,10003,9824,10039
1087: 864
8170: 7765,7425,7929,7682
1089: 
5274: 5374,5375
9607: 9638,9377,6537,6629,9308
1092: 1170,1169
5421: 5422,5520
9583: 5436,5230,9249,9360,9452
1095: 1338,1421,794,9637,1336,9415
1096: 10004,728,9748,943
1097: 943,868,9405,728,729
9322: 9287,9403,329,9445,502,980
7562: 7300,7563,7475,7646,7813,9355
7903: 8064,7739,8142,7821,7902
8869: 9063,8813,8976
9512: 9406,9540,6910,9543,6724,6637
4569: 4468
9452: 9678,9360,9583
1105: 1029,874,1027,1025,1263,1347
4665: 4766,4462,4664
4939: 4736
1108: 9371,955,359,1185,1347
8369: 8440,8221,8645,8296,8770
1110: 1351,1111,1187,740,9427,359
1111: 1351,1110,740,1035,1270,1034
7599: 7682,7515,7601
4685: 
6414: 6320,6416,9475,9511,6510,6512
1115: 1193,966,886,1042
4703: 
5664: 5765,5668,5564,5466,5663
1118: 1197,1278,1196,9372,9247
9514: 9488,9388,9321,9812,9264
8208: 9478,7646,7560,7974,8357,9467
6249: 6441,7086,6052,6055,6056,6148
9760: 9707,9829,952,9736,358,670
7200: 7110,7289,7460,7199
1124: 1202,372,1048,1125
1125: 694,902,1048,1124
9791: 289,9699,9775,9345
3842: 3057,3154,3838,3646,3450,3741
6647: 6648,6552
5092: 5192,5093
4041: 9597,4036,4141,9582,4139,9591
1131: 9439,9676,1369,978
1132: 1211,1290,9527
1133: 1973,1539,9433,1057,9502,1709
1134: 1375,1212,982,1057,9506
4853: 4654,4644,4643,4954,4855,4955
1136: 1216,341,1295,1375,982,1215
6280: 
9345: 9775,9416,9791,233,394
8373: 8227,8225,8444,8647,8301
7127: 7128,7217,7037
9402: 9499,7276,9354,9643,10034,9465
5951: 5953,6047,9455,9578,5856,5662
4345: 4445,4448,4241,4346,4450,4444
6939: 6847,7122,7298
1145: 1068,1306,709,9316,9470
7394: 7393,7735,7569
6626: 6906
1148: 527,1227,997,1307,1228,1472
9759: 9796,9485,9790
9777: 4638
7532: 7007,7095,7092,7003,9458,9550
1152: 1076,9245,787,1078,1312
9956: 9856,9843,9830,9674,9586
9447: 7601,7775,9373,9998,9434
9991: 9706,9676,9468
9690: 9763,9944,9695
9958: 9380,9746,9757,709,9818
4491: 4391,4390
1159: 1009,1240,1314
1160: 1009,863,1240
4650: 4655,4654,4548,4440,4644
4871: 4872,4870
9678: 9360,9480,9452,10025
9589: 9809,9923,9383,9273,9326
8830: 8886,8708,8645,8770,9127,9130
8838: 8841,8950,10030,8835,8837
9456: 9378,9545,9828,9277,9686,9984
8990: 8882,8989,8991,9039,9038
1169: 1170,1092,1013
1170: 1092,1169,1013
8727: 8236,8526,8158,8234,9623,9260
9326: 9273,754,9589,9383,217
7092: 7002,7003,7360,9458,7532
9805: 9647,9967,9650,7181
4192: 4293,4292
5695: 5793
8453: 8452,8382,8591,9617,8455,9448
1178: 1594,1767,1510,729,1507
9457: 7761,9559,9531,9466
1180: 1514,1025,1263,948,1261,1428
5302: 5403,5202,5201
9357: 1238,1399,9397,9761,9342,1318
9704: 9796,9679,9790,3333,2938,3330
4773: 
1185: 1516,1347,1108,359,1187
6058: 6347,6349,5961,5959,5964,6155
1187: 1351,1110,359,1516,1185
6084: 6085
7276: 9499,9402,7099,7617,9465,7190
9140: 8919,9407,8808,8419,8970,9102
9975: 10006,9817,9725
6105: 6007
1193: 1115,959,1439,1272
5852: 6140,6336,5355,9490
6896: 6708,6516
1196: 1042,1276,9372,1197,1118
1197: 1524,1278,1118,1196,1276
1198: 1610,1527,1278,1043,1525,894
5372: 5272,5370
7328: 7417,7238,7847,7327,7503,7505
7921: 7839,7756,7587,7837,8386,8081
1202: 1124,1282,1203
1203: 1282,1202,977,1286
9980: 9743,9812,9363,9291
9089: 10003,9752,8943,8834,9982,9132
6291: 6388,6290,6387
6900: 
9263: 9461,9460,9393
9475: 9384,6316,6218,6320,6414,9511
4789: 4891,4892,4890
1211: 1132,1290,9428,1706,1291,9611
1212: 1375,1134,1057,1541,1709,1542
4655: 4757,4654,4650,4548,4553,4555
7237: 7673,7325,7327,7146,7148,7238
1215: 1800,1461,1297,1216,1136,1375
1216: 1136,341,840,989,1215,1297
9875: 9740,9344,9271,9649,9904,9795
8451: 8589,8521,8307,8230,8380,8452
10031: 9977,9779,9753,9880,10012,9714
5125: 5327,5129,5225,5124,5136,5224
9966: 9978,3239,3634
9839: 9773,9920,10042
9828: 9545,9456,9450,9739,9984,9681
8821: 8874,9070,9236,8984,9292,8983
1225: 1721,1071,716,1306,9470,1806
7086: 6441,6249,6148,6439,9362,9377
1227: 1148,997,1071,1387,1553,1472
1228: 1309,927,9495,527,1148,1307
9303: 9754,9885,9453,9852,9509,9449
1230: 
9462: 9256,9489,9797,9422,9442,10000
7542: 7456,7014,7368,7195,7627,7283
7052: 
9511: 9575,9601,9384,9475,6414,6510
5910: 6009
8186: 8032,7953,9534,8031,9436,8333
8710: 8513,8444,8647,8579,8995,8888
1238: 1732,1399,9357,2170,9397,2262
9313: 9287,9403,9526,9433,9502,9330
1240: 1160,1159
4521: 4616,4523,4621,4415,4417,4514
8857: 
6114: 5916,6117,6215,5917,6212
5447: 5548,5647
9556: 10005,9571,9982,9297,9317,9629
1246: 1494,1578
4236: 3934
1248: 1253,941
10023: 9965,9970,9671
9901: 6335,6139,9305,9658,9941,10035
1251: 
9055: 8721,8658,9356,8655,8898,9592
1253: 1248,941,1417,1418
6534: 6246
1255: 1506,1676,724,1340,1338,794
8357: 7811,7974,8208,8356,9467
8917: 9018,8916,8807,8805
4997: 4897
7440: 7353,7265,7352
7478: 7564,8873,9379,7565,8209,7649
1261: 872,9551,1180,1428,1427
9420: 9618,9277,9217,9640,9307,9613
1263: 1514,1025,1180,1105,1347
8126: 7723,8046,8422,7641,7888,8278
8278: 7888,8352,8126,8422,8688,8625
4839: 4638,4838,4637,4941
8178: 8101
7954: 8033,8333,7876,8032,7713,7877
8336: 9426,8262,8191,8265,9836
1270: 1035,1436,1111
6645: 6550,6549,6920,7011
1272: 1438,959,1193,1035,1436,1034
9643: 10034,9936,9508,9310,9402,9354
9548: 9863,9242,9615,9387,9507,9672
9846: 9754,9885,9738
1276: 1196,1042,1439,1197
10039: 9727,9824,9571,10003,9762,9789
1278: 1524,1197,1118,1525,1198
8721: 8656,8590,9055,8716,8587,8658,8655
1280: 823,683,1444,1698,1612,894
1281: 1045,1044,1364,1282,1363
1282: 1364,1203,1202,1281
4364: 4263
9874: 9774,9899,9737,9665,9747,9669
4694: 
1286: 977,1052,1203,1367
8449: 8376,8378,8450,8649,8834,8715
7996: 8076,8234,7914,7668,8158,8075
9395: 9712,9505,9740,9344
1290: 1132,1211,1619,1620,1706
1291: 1793,1706,1211,329,1622,9611
9601: 9511,9575,9860,9724,9309
4891: 4789,4892,4890
9343: 9867,9614,9471
1295: 9430,834,564,1136,341,982
4284: 4285,4385
1297: 1461,1215,1216,989,1545,1066
9360: 9678,9480,9452,9429,9249,9583
9935: 3733,9955,4030,9262,9328,9814
1300: 1545,1066,1717,1067
9505: 9359,8729,8663,9344,9395,9712
1302: 1548,1067,9493,1303,1384
1303: 1068,1306,1302,1384,1806
4582: 4481,4683
7425: 7765,8170,7428,7515,7682
1306: 1068,1145,1303,9470,1806,1225
1307: 1148,1228,1309,1556,1472,1473
8143: 8144,8065,8064,7905,8439,8219
1309: 1228,927,1307,1473
6283: 6282,6185,6284
4603: 4502
1312: 1476,1075,1076,1152,1477,1644
9713: 9520,9516,9990,3335,3531,9957
1314: 1082,1159
9408: 5144,9302,9482,5044,9352,9574
4216: 4318,4314,4319
8383: 8307,8154,8309,9284,9419,8380
1318: 2730,2540,9700,9761,1399,9357
3819: 3915,3817,3820,4123,3821
8943: 8301,8649,9045,9089
5036: 5031,5136,5142,5338,5138
8659: 
7670: 7587,7836
5594: 5495
7190: 7279,7191,7618,7276,7099,7617
1326: 1408,9730
1327: 
6628: 9725,7085,9817
5361: 5755,5060,5159,5163,5363
6246: 7085,9964,6248,6439,6534
4559: 4462,4459,4458,4661
7935: 8015,7934,7771
6706: 6516,6514
1334: 
6201: 
1336: 1419,9415,1421,1095,1504,1587
9045: 8888,9317,8647,8943,8301
1338: 1421,794,1095,1676,1255,1762
6038: 9401,9911,6326,9432,9644,9341
1340: 1019,1507,724,1506,1255,1592
5833: 5533,5633,5335,5536,5933
6448: 6823,6911,6637,6450,6541,6357
9519: 9285,9340,9594
9008: 9007
9588: 7813,9355,9252,8873,9379,9593
5304: 5204
1347: 1185,1105,1108,1263
9468: 9473,9991,9439,9676
6022: 6219,5922,6118,6021,6316,6218
4687: 4585
1351: 1110,1111,1187,1602
5901: 5999,5801,5902
9193: 9239,9219,9161,9037,8989
9295: 9758,683,9528,9918,1043,9247
9276: 9674,529,9270,731,9830
6286: 6188
9024: 9069,8868,8921
7331: 9400,7680
5601: 
7922: 7675,7503,8160,8161
5392: 5393,5492
1362: 1529,1444,1363,1044,823
1363: 1529,1362,1281,1044,1364,1446
1364: 1282,1281,1363,1446
9338: 418,360,9537,9446
6278: 6180
1367: 1449,1369,978,1052,1286
9012: 9059
1369: 1449,1367,978,1131,1619
7008: 7102,7098,7007,6916,7009,7456
5281: 5180
6695: 6696,7160,6308,6598,6405
3959: 3957
5390: 5389,5490
1375: 1134,1212,982,1136,1800,1215,1542
3818: 3715,3717,3817,3820,3519,3522
7763: 8462,8163,8006,8008
9596: 9368,9971,9497,8205,8425
9881: 9995,9581,9653,9492
6662: 
5121: 5123,5023,5220
9437: 9592,9336,9353,9893
5562: 5754,5564,5462,5466,5366
1384: 1549,1806,1303,1548,1302
7965: 7804,7885,8044,8046,8199,8276
6009: 6010,5910
1387: 1721,1071,1227,1722,1553
3957: 3857,3959,3953,3956,4057
5813: 5715,5812,5912
4483: 
5649: 5650,5847,5548,5550
1392: 1476,1075,1729,1557
9561: 9508,10019,9301,7184,9667
9274: 9631,7858,6784,7066,9299,9253
1395: 1483,1007,1080
1396: 1404,1079,1561,1562
5010: 4910,5110
10028: 9825,9897,9890
1399: 1238,1732,9357,2540,1318,2728
9302: 9408,5144,5247,9808,9574,9604
9521: 4330,4232,4336,9269,9483,9282
5912: 6010,5812,5813,6011
5663: 5761,5856,5662,5564,5765,5664
1404: 1396
6126: 6028,6128,6226,6122,6223,6323
1406: 1573,1572,1571
4493: 4392,4393,4494
1408: 9730,1326
9070: 8874,8821,8695,8984,8978
5104: 5204
4131: 
1412: 1841,1666
9277: 9618,9420,9686,9640,9378,9456
1414: 1417,1418,1500
6376: 6375
6327: 6420,6227,6326,9278,6421,9432
1417: 1414,1253,1418
1418: 1253,1417,1414
1419: 1336,9415,9283,1502,1420,1587
1420: 1502,9737,9665,1500,1419,9283
1421: 1338,1095,1336,1504,1849,1762
8716: 8715,8776,8587,8656,8654,8721
9809: 9923,9589,319,9933,9273,430
9415: 1336,1419,9283,9637,9251,1095
4438: 4644,4442,4643,4539,9538,9498,4642
9646: 9887,9599,10027,9723,9513
1427: 1428,1512,1510,1261,1682
1428: 1512,1513,1427,1514,1180,1261
4141: 4041,4049,3946,4139,4045
9779: 10031,9977,9753,7609
9329: 9775,9416,9837,9950,9565,9487
7905: 8064,7739,7740,7741,8143,8065
7865: 7704,7787
9033: 9237,9216
9460: 9782,9263,9393,10040,9580
1436: 1035,1270,1438,1272,1605
4045: 4146,3951,4141,4049,4343,4139
1438: 1439,1272,1436
1439: 1438,1193,1276
7146: 7057,6964,7148,7055,7325,7237
8008: 8165,7763
7988: 8222,8146,7743,7744,8069
4467: 4468,4367
1444: 1529,1362,823,1280,1698
6212: 6307,6507,6114,6215,6209
1446: 1532,1364,1529,1363,1616
7673: 7325,7237,7327,7413,7757,7756
7037: 7128,7127
1449: 1367,1369,1532,1617
5142: 5141,9454,9602,5036,5138
4146: 3951,4155,4045,4347,4343,4240
9869: 9806,9487,9974,634
9497: 8811,8496,9584,8205,9368,9596
9769: 602,416,9656,9823,9728
5163: 5364,4964,5060,5062,5361,5363
4716: 4817,4719
9708: 9722,9903,9813,9720
8679: 8550,8412,8481,8799
5920: 5722,6118,6021,5720,5819,6018
6629: 6631,9308,6537,6347,9607
1461: 1800,1215,1297,1545,1977,1630
9469: 6607,9494,9417,9801,9309
5736: 5337,5839,5637
9236: 8874,8821,9292,9450,9157,9545
9508: 9561,10019,9310,9643,9936
9658: 9941,9873,6335,9901,6337,9872
9666: 9648,9849,9726,9979
9763: 9944,9690,9993,9347,9989
4314: 4415,4216,4417,4319
6439: 6248,6148,7086,6246,9362
9860: 9575,9601,6984,9696,9724
1472: 1810,1556,1227,1148,1307,1553
1473: 1816,1727,1307,1309,1556
9325: 9364,9608,9463,9398,9476,9261
9489: 9256,9462,9797,4241,4444,9331
1476: 1392,1075,1312,1644,1729,1488
1477: 929,1078,1561,1312,1644,1562
9071: 8928,9077
6733: 6549,6920,6639,6731,6915,6917
7870: 8029,7703,7707
7434: 9517,9253,9880,9636,9977
7265: 7354,7440
1483: 1395,1080,1079
9606: 9267,2272,2271,9389
7669: 7836
5726: 5329
1487: 1738,1739
1488: 1476,1566,1644,1729
7956: 7880,8119,8483,8261,8116,8110
7839: 7757,7756,7921,8160,8081
3835: 3741,3839,3838,3940,9374,3837
7033: 6941,7123,7300,7389
1493: 9677,1578
1494: 1246,1578,1664
7055: 7146,6964,7145,7325
9858: 9811,9794,9996,9827
1497: 9579,9327,1582,1844,1931,1755
8907: 8480
7581: 7319,7494,7750,7582
1500: 9576,1414,1420,9665,9283
9392: 9269,9483,9633,4427,4526,4529
1502: 1420,9737,1419,1583,1587
5722: 5920,6021,5622,5621,5724,5720
1504: 1760,2118,1587,1336,1421,1849
8406: 
1506: 1851,1676,1255,1592,1340,1853
1507: 1019,1340,1178,1767,1592
9802: 9558,9507
4468: 4467,4569,4367
1510: 872,729,1427,1594,1178
5548: 5447,5649
1512: 1428,1513,1427,1772,1682
1513: 1428,1512,1514,1599,1515,1772
1514: 1263,1180,1428,1513,1515
1515: 1599,1600,1514,1516,1513
1516: 1185,1187,1600,1515
8213: 8137,8502,8138,8363,8435
8015: 7935,7934
6720: 6528,6813,6624,7083
9990: 9815,10041,9771,9516,9713,9957
5159: 5060,4856,4957,5157,5361
7794: 7711,7545,7630,8031,9289
6481: 6385,6480
1524: 1197,1278,1608,1525
1525: 1608,1524,1278,1610,1198
5966: 6062,6256,5868,5965,5870,6065
1527: 1782,1610,1198,1611,1612,894
9376: 7958,8110,9484,9413,9346,8262
1529: 1444,1362,1363,1446
10010: 9822,10001,9810,2584,9244
9483: 9269,9392,9459,9633,9521,9282
1532: 1446,1449,1617,1616
5403: 5302
3858: 3857,3759,3860
1535: 
7931: 
8457: 8161,8790,8596,8387,8597,8792
5370: 5372,5272,5269,5171,5467
1539: 1133,1973,9502,2151,181,2061
8879: 8987,8881,9080,8639,9079,8702
1541: 1542,1212
1542: 1541,1375,1212,1800,2065
7505: 7675,7503,7328,7847,9525
9258: 9538,9513,9723,9412,9573
1545: 1300,1066,1461,1297,1630
7711: 7794,7283,7627,9705,9289
6514: 6705,6418,9898,6706
1548: 1717,1718,1302,1067,1549,1384
1549: 1384,1548,1718,1805,1893,1894
6478: 
9968: 9909,9549,5452
7431: 7521,7164,7345,7344
1553: 1722,1897,1387,1227,1810,1472
9735: 8460,8597,8730,8005,9952,10022
4525: 4626,4527,4529,4423,4526,4523
1556: 1899,1810,1472,1307,1727,1473
1557: 1729,1392,1816,9250
9732: 68,42,9850
7973: 8565,8356,7558,8497
6705: 6514,6418
1561: 9895,1477,929,1562,1396,1079
1562: 1566,1644,1477,1561,1396
3837: 9374,3444,3839,3835,3536,3339
9421: 9707,9655,9496,9371,955,9642
7627: 7952,7625,7542,7368,7283,7711
1566: 1644,1562,1488
4445: 4548,4440,4345
3915: 3819,4118,3817,3813
9229: 9185
8995: 9600,9127,8709,8710,8888,9297
1571: 1572,1406
1572: 1571,1573,1406,1740
1573: 1406,1572
10032: 9422,9994,9947,9582,9375,9591
5882: 
1576: 9765
9851: 10,31
1578: 1493,9677,1494,1246
1579: 1664,1836
5508: 5408,5509
4053: 4054,3950,3953,3952,3951,4155
1582: 9579,1497,2387,2483,1755
1583: 1759,1758,9669,1502,9737
5977: 5978,5878
5551: 5849,5348,5848
9253: 9517,7434,9299,9636,9631,9274
1587: 1760,1504,1502,1336,1419
9745: 10008,858,1006,860,9882
6378: 6474,6282
8282: 8631,8497,8560,8811,8496
5455: 5151,5355,5252,5253,6140
1592: 1506,1340,1507,1767,1853,1855
7638: 7555,7467,7721,7804,7723
1594: 1769,1178,1767,1510,1682
5317: 5417
5087: 5086,4986
9480: 9678,9360,9294,10025,9503,9429
9564: 9613,9610,9504,9307,9560,9546
1599: 1600,1515,1772,1513,1687,1861
1600: 1599,1515,1516,1602,1687
9166: 9167
1602: 1687,1351,1600
8614: 8677,8478
5337: 5536,5736,5839
1605: 1778,1436,1777
9458: 9310,9550,7092,7532,9354
9342: 9246,9761,9443,9397,9320,9357
1608: 1525,1524
4087: 3986
1610: 1782,1527,1198,1525
1611: 1784,1612,1782,1527
1612: 1784,1698,1611,894,1280,1527
4294: 4293
9157: 9976,9450,9027,8874,9236
6371: 6467,6275
1616: 1702,1617,1532,1446,1701
1617: 1702,1616,1532,1449,1703
3857: 3858,3957,3856,3956
1619: 1704,1369,1290
1620: 1790,1704,1290,1878,1706
9486: 9534,9289,9705,9729,9928,9390
1622: 329,1793,1291,1881,502
1623: 1969,502,100,980
5964: 5961,5965,6058,6349,6062
4838: 4837,4637,4839
5269: 5267,5171,5366,5467,5370
7268: 7777,7176,7179
3934: 3935,4236
8636: 8878,8701,8429,8632,8499,8820
1630: 1978,1716,1461,1545
9662: 9822,10001,2395
8677: 8614,8478,8676
8861: 8683,8968,8960,8619,9017
5922: 6219,6022,5725,5724,6021,6121
6843: 6749
7650: 7733,7649,7393,7735,7899
4453: 4458,4553,4354,4450,4448
4941: 4839,4840
9929: 9718,9348,9721
9348: 9718,9929,9266,9523,9703
5848: 6041,5551
5550: 5650,5649,5750
5202: 5201,5302
1644: 1566,1562,1477,1476,1312,1488
9723: 9646,9513,9258
8075: 7913,8074,7914,8076,7996
9749: 9546,9567,9827,9863,9615,9811
9848: 9710,9667,9884,10019
4422: 4417,4319,4423,4218,4322
8392: 8168,8603
1651: 1821,1996,2361,2270
7630: 7460,7545,7794,8031,7953
5328: 5424,5426,5327,5225,5329
9494: 9469,6607,9417,6703,9684
7761: 9457,8084,9466,7759,8005,8389
7110: 7200,7022,7020,7199
1657: 
8597: 9735,8460,8387,8730,8457,8792,9544
9863: 9548,9615,9749,9811,9673,9672
5781: 5683
7953: 8186,8032,7630,8031,7375
4462: 4459,4559,4463,4665
4004: 3903,3904,4104
1664: 1836,1579,1494
9318: 9664,9128,9960,9501
1666: 1840,1412
9612: 10004,728,9770,9257,9551,9405
9824: 9727,10039,10005,9571,9664
9998: 9373,7775,7772,9447
4478: 4579
9680: 5846,5847,9652
7000: 7184,9967,7360
9520: 9516,3330,9713,3333,3431,3531
6671: 6672,6575,6576
9700: 2730,1318,9761,9709,9717,2082
1676: 1506,1851,1255,1338,1762,2030
9518: 9559,7419,9400,7847,9525
9750: 9340,9097,9594,9005,9293,9692
7163: 6886,6888,9696,6978
6011: 5912,6010
5961: 5959,5964,6058
1682: 1946,1512,1427,1594
9510: 9286,9532,9997,2201,2770
8898: 8718,8655,9005,9055,9592,9336
7428: 7515,7425
8020: 7617,9993,7618,7942,9989,7540
1687: 1602,1599,1600,1861
5300: 5400,5200,5299
4369: 4269,4470
5380: 5379,5280,5480
6888: 7163,6886,9696,6890,6696
9792: 10006,9776,9941,9873,9992
3956: 3755,3953,3952,3856,3857,3957
8978: 8495,8424,8874,9070
6215: 6117,6114,6410,6212,6507,6797
4849: 4954,4947,4955,4852,4845,4949
7011: 7103,7010,6920,6645
1698: 1784,1612,1280,1444
4585: 4687
9931: 9888,2198,9949,2481,2669
1701: 1702,1616
1702: 1617,1616,1701,1703
1703: 1704,1702,1617,1876
1704: 1703,1619,1876,1790,1620
9353: 9356,9334,9917,9592,9437
1706: 1878,1793,1291,1211,1290,1620
6516: 6706,6896,6708
9517: 9253,7434,9880,9631,10009
1709: 2153,1057,1212,1133,1973
9993: 7617,9465,8020,9763,9944,9989
5148: 5150,5047,5247,5145,5151
3997: 3897,3998
8624: 8490,8688,8866,8276,8422,8274
9018: 8917,8683,8805,8968
8743: 9016,9010,8960,9017
1716: 1978,1630,1890,1717,1803
1717: 1548,1067,1300,1716,1803
1718: 1548,1549
9399: 9382,724,9500,9819,868,1019
9730: 1408,1326
1721: 1071,1387,1225,1806,1894
1722: 1984,1897,1553,1387,1983
9465: 7617,9993,10034,7276,9402,9944
8593: 8661,9795,10029,9617,8455,9938
9994: 10032,9422,9947,9870,10000,9838
5902: 6001,5901
1727: 1816,1473,1899,1556,9481,1901
5606: 5705
1729: 1557,1476,1392,1488
6307: 6212,6308,6507,6209,6403,6405
4165: 4164,4166,4266
1732: 1238,1399,2262,2822,2728
9906: 10016,9914,9898,9896,10020
9573: 5044,4641,9352,9412,9538,9258
8165: 8462,8008,8391
5108: 5007
6338: 6335,6139,6336,6339,6436
1738: 1739,1914,1487,1912
1739: 1738,1487,1740
1740: 1572,1739
3929: 3829,3932,3826,3927,4030,3733
8119: 7880,7962,7956,8483,8120,8616
9085: 8885,9126,8886,9130,9128,9894
4211: 
4115: 4117,4318
9248: 9366,9590,704,9430,341,840
1747: 2205,1846,2021,2664
9961: 9859,9554,9389,9267,9731,10021
8908: 8620,8343,9641,8197,8271
7475: 7299,7560,7123,7300,7562,7646
6967: 6781,6969,6966,7060
9818: 9865,9958,9757
9813: 9335,9645,9722,9708,9720
9814: 9328,9825,9955,9935,9922,9897
1755: 2578,1931,1497,1582,2672,2483
1756: 9542,1846,9361,1758,1935,2021
4523: 4521,4621,4417,4423,4525,4626
1758: 1759,1583,9669,9361,1756,1935
1759: 1758,1583,1760,1935,1847
1760: 2118,1504,1587,1759,2300,1847
4819: 4918,4817,4823,4821
1762: 1849,2028,1338,1421,1676,2030
7945: 8026,7946,7947
9821: 599,9270,9719
9245: 1076,1152,9635,9552,9363
3950: 3949,4049,3952,3850,3951,4053
1767: 1769,1594,1178,1507,1592,1855
9495: 9264,9530,9488,527,1228,927
1769: 1594,1767,1946,1855,2036
9331: 4444,4338,9522,9489,9797,9799
5186: 5185,5086,5286,5287
1772: 1599,1512,1513,1861
9011: 8964,8911
4169: 4069,4168,4068
7066: 6688,6784,7252,6593,9299,9274
9529: 9362,10042,9638,9377,9920,9943
1777: 1778,1605,1864
1778: 1605,1777
6541: 6350,6450,6820,6724,6448,6637
9944: 9763,9690,10034,9695,9465,9993
8145: 8222,8146,8144,8066,8221,8296
1782: 1610,1527,1611
7467: 7550,7721,7380,7638
1784: 1698,1611,1612
9940: 9788,10002,9316
8663: 9616,8662,9271,8729,9505,9344
5364: 4964,5064,5163,5266,5363,5167
9790: 3036,9796,9704,9759,3330
6517: 6709
1790: 1876,1620,1704,1878
9576: 1500,9251,9283
6920: 6549,6733,6645,7010,7011,6917
1793: 1878,1706,1291,1622,1881
7057: 7146,6964,7148,6966,6871
9119: 9234,9077
6627: 9725
3940: 9425,9374,3835,3838,3550,3942
6820: 6631,6724,6348,6350,6541
9628: 9623,9260,9616,9271,9419,9904
1800: 1461,1215,1375,1542,2065
9332: 9425,9374,3536,9772,9620,9396
8616: 9568,9391,8119,8483,8120,9625
1803: 1805,1717,1716,1890
9592: 9437,9336,9055,9356,9353,8898
1805: 1803,1549,1893,1892
1806: 1384,1306,1303,1721,1225,1894
9692: 9293,9786,9893,9005,9336,9750
6464: 
8363: 8061,7979,8138,8213,8435
1810: 1899,1556,1472,1897,1553,1987
5528: 5727,5928,5329,5331
5680: 5581
9946: 318,371,10026,9879,9962
6139: 6338,6335,9265,9901,9305,6336
8715: 8776,8716,9132,8449,8450,8654
1816: 1727,1473,1557,9481,9250
4910: 5010,4809
5699: 5599
3809: 
1820: 2639,2451,2173
1821: 1996,1651
1822: 1912,1909
9642: 9427,672,9421,251,9496,9371
5975: 5876,6072
9953: 7780,7707,9687,9783,9833,7703
8904: 8905
9543: 9512,9540,7262,6724,9308,9435
4423: 4417,4422,4526,4322,4523,4525
5804: 5705,5904
9443: 9296,9279,9320,9246,9342
1831: 2096,1917
9647: 9435,9943,9967,9805,9650,9540
1833: 1921
9296: 9443,9715,9722,9246,9335
1835: 2199,2015,1841
1836: 1664,1579
8767: 8707,8938
1838: 1840
6768: 6767,6769,6862
1840: 1666,1838
1841: 1412,2199,1835
9768: 9753,9714
9255: 9637,9251,9878,9382,9500
1844: 9542,1846,1497,9327,1931,2022
5009: 5110
1846: 9542,1756,1844,2022,1747
1847: 2204,2300,1759,1760,1935,2024
6510: 6419,6512,6414,9511
1849: 1762,2119,2028,1421,2118,1504
9554: 9859,1915,9961,9389,2552
1851: 1506,1676,1853,2123,2030,2033
7778: 7694,7354
1853: 1943,1855,1506,1851,1592,2033
9552: 9363,787,9245
1855: 1943,1853,1769,1767,1592
5253: 5251,5453,5252,5455,6140
7694: 7778
4390: 4391,4491
6480: 6576,6385,6481
9226: 10014
1861: 1950,1599,1772,1687
5637: 5736,5837
9854: 9438,9787,9691,9889,9767,9926
1864: 1953,1777
9719: 9830,9821,9270
9726: 9784,9668,9861,9666,9849,9979
1867: 
3849: 3552,3947,3651,3949,3850
5070: 5171,4969,5069
9563: 8625,8867,8560,8811,9584,9444
8042: 8120,7884,8121,7801,7962
9574: 9808,10017,9482,9408,9302
1873: 
5007: 4907,5108
9850: 16,68,9732
1876: 1790,1703,1704
9631: 7858,9274,9517,9253,7156
1878: 1793,1706,1790,1620
9847: 6703,9908,9685,10016,9914
9778: 9386,9952,9831,10022
1881: 2057,1793,1622
9908: 6703,9847,9278,6425,9685,6607
8555: 8346,8417,8419,8970,8748
7565: 7478,7649
9239: 9162,9193,9219,9161,9560,9567
6915: 6731,6912,7003,6733,7095,6917
10013: 9482,9412,9352
7081: 7342
9578: 9455,9410,9311,9367,5951,6047
1890: 1978,1716,1803,2251
9264: 9495,9530,9291,9812,9488,9514
1892: 1893,2072,1805,2160,2161
1893: 2072,1892,1983,1894,1549,1805
1894: 1893,1983,1549,1806,1721
9747: 9361,9630,9874,9774,9986,9669
9614: 9306,9471,5948,9343
1897: 1722,1553,1810,2074,1987
9261: 3168,9476,9364,9325,2391,2678
1899: 1810,1556,1727,1987,1901
5308: 5307,5408,5207
1901: 9481,9254,1899,1727,1902
1902: 2079,1901,9254,1991,9409
10036: 9891,10011,9932,9744
9394: 9455,9410,5755,9533,5657,5754,5561
1905: 2173,9720,1995,2454,2453
6004: 6003
5876: 5975
9503: 5338,5138,9429,9454,9294,9480
1909: 1822
5252: 9350,5145,5151,5455,5253
6272: 
1912: 1822,1738,1914
5480: 5280,5380,5481
1914: 1738,1912,2182
1915: 9859,9554,2364,2459,2366
7918: 7582,7668,8158,7667,8236
1917: 1831,2279
9352: 9573,5044,9412,9482,10013,9408
1919: 2010
6326: 9401,6038,6227,6130,6327,9432
1921: 1833
9954: 2190,9451,2100
8044: 7885,7965,7884,8121,8343,8199
6398: 
9928: 10024,9729,9486,9484,9733,9390
9911: 9401,6038,9979,9644
9969: 9698,9440,700,233,9883
4809: 4709,4910
5792: 5793,5891
1930: 2481,2387,2293,2198
1931: 2578,1755,1497,1844,2389,2022
9849: 9666,9648,5933,9701,9726,9861
5492: 5392,5393
4320: 4323,4331,4218,4427,4322
1935: 2021,2024,1759,1758,1756,1847
4917: 4815,5018,4918
4179: 4078,4280
6207: 
5200: 5201,5300
4954: 4642,4849,4947,4643,4853,4955
4606: 4605
4450: 4354,4349,4346,4448,4345,4453
1943: 1853,1855,2036,2033
7340: 7929,7248,7765
9112: 8813,9027,9976
1946: 1682,1769,2037,2036
5475: 5476,5574,5375
9038: 9194,8990,9039,8885,9125
4729: 4936,4730,4937,4626,4527,4725
1950: 1861
1951: 
4817: 4716,4719,4823,4918,4819
1953: 1864,1954,2043
1954: 1953,2043,2044
9722: 9708,9903,9296,9715,9335,9813
9312: 9413,9733,9951,9426
1957: 2047
6089: 
6483: 6388,6387,6482
3990: 3889,3991,3989
4990: 4890,5090
7314: 7402
6607: 9469,9494,6419,6425,6703,9908
7962: 7880,8119,7876,7801,8042,8120
9534: 8031,9289,9486,8186,9436,9390
4307: 4306
5379: 5380,5278,5478
5705: 5804,5606
1969: 1623
8620: 8908,9381,9716,8485,9641,8271
5154: 5151,5355,5051,5256
8683: 8801,8805,8861,8968,8619,9018
1973: 1133,1539,2153,1709,2244,2061
9679: 9697,9796,9704,9304,2841,2938
5395: 5295,5294,5394,5495
8916: 8621,8685,8807,8806,8805,8917
1977: 1461
1978: 1716,1630,1890,2249
4766: 4665,4664,4865,4867
4168: 4068,4169,4269
7579: 7405,7831
6709: 6517
1983: 1893,2072,1894,1984,1722
1984: 1722,2072,1983,2253,2074
4937: 4729,4936,4527,4836,9280,9877
9675: 10033,2770,9659
1987: 2165,1897,1899,1810
9492: 9881,9581
4000: 4100
8046: 7723,8126,8422,7804,7965,8276
1991: 2538,2079,1902,9409,2170
6227: 6420,6323,6130,6327,6226,6326
9260: 9623,9628,8727,8234,8309,9419
9885: 9754,9303,9449,9846
1995: 2362,1905,2454,2552
1996: 1821,2272,1651,2271,2270
9388: 9488,9365,9514,10002,9321,9557
4661: 4664,4660,4559,4658
3989: 3988,3889,3990
9605: 2674,9595,9479,2862,9411,9541
3829: 3731,3932,3929,3728,3727,3826
2002: 2090,2182
8667: 8603,8242,8318,8463
9426: 8262,8336,9413,9312
8084: 7761,8006,8389,8163
6848: 6849,6941
2007: 2188,2096
7947: 7946,7945,8028,8023,8106
4501: 4502
2010: 2098,1919,9451
9487: 9869,9565,9806,9974,9837,9329
5886: 5887
8056: 8058,8498,7733,8210,8211
2014: 2569,2669,9949,2573,2384
2015: 2293,2199,1835,2198
5561: 5754,9455,9394
4134: 
5613: 5713
9328: 9825,9814,9935,9262,9569
4301: 4201
2021: 1935,2024,1756,2205,1747
2022: 2664,2389,1846,1844,1931
6416: 6320,6223,6414,6420,6323,6512
2024: 1935,2021,2204,1847,2205,2111
5819: 5818,5720,5917,5920,6117,6018
5018: 4918,4917
10017: 9808,9574,9871,9985
2028: 1849,1762,2119,2308,2030,2212
9498: 4539,9538,9513,9599,9522,4442,4438
2030: 2308,2123,1851,1676,1762,2028
9354: 9499,9402,9458,9310,9550,9643
8227: 8228,8373,7992,8150,8225
2033: 1851,1943,1853,2123
7520: 7344,7692,7080
8701: 8636,8878,8499,8361,9120
2036: 2037,1769,1946,1943
2037: 2128,2036,1946
8866: 8490,8624,8688,8867,8919,9019
9766: 9876,9927,9978
8426: 8694,8205,8425
4338: 4444,9522,9331,4440,4442
9905: 1007,1080,9780,9937,1082
2043: 2133,1953,1954,2044
2044: 2135,1954,2043
9595: 2674,9479,9605,9532,2866,2580
6420: 6227,6323,6327,6416,6512,6421
2047: 1957
7010: 7103,7011,7009,6917,6920,6916
9568: 9391,8616,8483,8741,9423,9349
2050: 
9582: 9375,9396,9597,4041,10032,9591
6275: 6371
10019: 9508,9561,9667,9710,9848,9936
7208: 7118,7207,7119,7209,7296
9687: 9314,7452,7942,9783,7780,9953
2056: 2057,2145,2147
2057: 2056,1881,2147,2148
6639: 6358,6548,6823,6549,6733
9007: 8846,9008
8338: 8479,8737,8540
2061: 2336,2244,2151,1973,1539,2335
9804: 9698,9440,9590,9337,9441
7993: 7913,8074,7911,7992,8152
8846: 9007,8787
2065: 2156,1800,1542
5891: 5792
6223: 6320,6416,6122,6126,6323
7780: 7707,9953,7452,9687,7539,7451
7880: 8119,7962,7956,8261,8033,7876
8982: 8976,8813,9235
8949: 8999,8947,8950,9285,9046
2072: 1893,1892,1983,1984,2253,2161
8837: 8950,8838,9046
2074: 1984,1897,2165
9194: 9038,9162,9161,9125,9242
7821: 7902,7570,7737,7655,7739,7903
8496: 8811,9497,8631,8282,8694,8205
4986: 5086,5087
2079: 2165,1902,2441,1991
9613: 9610,9564,9307,9618,9420
8928: 9077,9235,9071
2082: 9717,2730,9700,2826,2172
9762: 10030,9789,10003,9752,10039,9857
8106: 8028,7946,7947
9205: 9145
3967: 
7125: 7302,7564
6140: 6336,5852,5455,5253,5453
5653: 5552,5849,5752
2090: 2002,2272
6805: 6804
9903: 9722,9708,9902,9715
4771: 4872
8805: 8801,8683,8916,8621,9018,8917
6588: 6683
2096: 1831,2007,2188
9455: 9578,9410,9394,5754,5561,5951,5662
2098: 2188,2010,9451,2280,2189
7667: 7582,7918
2100: 2190,9954
7099: 7102,7098,9499,7276,7191,7190
9557: 9316,9470,10002,9388,9365,716
9256: 9489,9462,4343,9442,4240,4241
9122: 9218,9504,8987,9080,9219
7318: 7319,7405,7494
8938: 8705,8707,8767,8368,8882,8991
4002: 3901
5176: 5177,5175,5277
9758: 823,683,9295,9663,9918
2110: 9619,2866,9608,2485,2390,2392
2111: 2024,2204,2205
9368: 9971,10043,9596,9497,9584,9660
9761: 9246,9342,9709,9357,1318,9700
8110: 7958,8116,9376,8261,9346,7956
4867: 4968,4865,4766,5064
9933: 319,491,9809,9923
8429: 8632,8820,8636
2118: 1760,1504,1849,2119,2300,2303
2119: 1849,2028,2118,2305,2303,2212
6041: 5750,5848,6043
9538: 4539,9498,9513,9258,4438,9573
8387: 8460,8597,7675,7679,8161,8457
2123: 2308,2030,1851,2033
6552: 6648,6647
4880: 
6349: 6058,6347,5964,6062,6348,6631
9937: 9905,9780,9840
2128: 2037,2220
8681: 9581,9653,8485,8346,8417
7813: 9355,9588,7562,7563,8873
2131: 
8382: 8453,8452,8455,9649,9284,8380
2133: 2043,2224,2225
7342: 7081
2135: 2044,2136
2136: 2135,2228
7117: 7118,7207,7026,7027
5672: 5573,5572,5868
9728: 9823,9973,9656,9769
5299: 5300,5400
9411: 9351,9845,9479,9605,9541
8981: 
9668: 9784,9726,6037,6130,9401,9979
2144: 
2145: 2056,2236
6767: 6768,6672
2147: 2238,2056,2057
2148: 2240,2057
7911: 8150,7993,7831,7992
5509: 5609,5410,5508
2151: 100,181,1539,2061
6117: 6114,6215,5917,5819,6018,6410
2153: 1709,1973,2244
9445: 329,9611,9566,9315,9287,9322
6219: 6022,5922,6121,6122,6316
2156: 2065,2249
8219: 8440,8221,8439,8144,8143,8707
9373: 9998,9447,9434
4757: 4655,4654,4555,4858,4855,4856
2160: 2251,1892,2161
2161: 2253,2072,1892,2160
7847: 7417,7328,7419,9518,7505,9525
5933: 5839,9701,5536,5833,9849
9555: 3054,2858,9351,9535
2165: 2079,1987,2074,2441
9541: 9535,9411,9351,9605,2862,2962
4944: 4743,5044,4641,4947,5144,4845,5047
7488: 7825,7400,7742
8621: 8916,8685,8801,8805
2170: 9409,9397,2538,1991,2262,1238
7867: 8028,8023
2172: 2826,2827,2082,2638,2925
2173: 1905,9720,2453,1820,2451
5247: 5144,9302,5148,5047,5145,9604
6421: 9278,6425,6420,6327,6419,6512
6549: 6733,6920,6548,6639,6550,6645
9384: 6218,9475,6315,6508,9511,9575
4387: 4388,4287
8093: 8244,7932,8397
5410: 5509
5640: 5639
2182: 1914,2002
8230: 8307,8153,8304,8378,8521,8451
9706: 501,9991,9676
2185: 
4890: 4990,4891,4789
9951: 7539,10024,9733,9312
2188: 2098,2007,2096,2280
2189: 2280,2098,2190,9451
2190: 9451,9954,2100,2189
9727: 9824,10039,9789,9939
9638: 9377,9607,9529,9308,9435,9943
2193: 2194,2285,2284
2194: 2193,2285,2286
5769: 5868,5965
2196: 2383,2476,2571,2384
2197: 
2198: 9888,9931,2293,2015,2481,1930
2199: 2293,2015,1835,1841
9838: 10000,9689,9870,9994,9866
2201: 2666,9510
7199: 7460,7019,7198,7020,7110,7200
6912: 6731,6915,7003,6910,6911,7002
2204: 2394,2300,1847,2024,2111
2205: 2666,1747,2021,2024,2111
9493: 9358,9577,9268,1302,1067
3962: 4063
8999: 8949,8947,9092,8946
6797: 6890,6984,6215,6410,6508,6507
3991: 3990,3891
9959: 9721,9459,9524,9751,9670
2212: 2305,2119,2028,2308,2400
9598: 262,9275,9547,121,127
3898: 3897,3998
7503: 7922,7675,7505,7327,7328,7757
6018: 6315,6410,5819,6118,5920,6117
7767: 7601,7850
2218: 2311
4444: 4338,9331,9489,4241,4440,4345
2220: 2128
6688: 6784,7066,6593,6590
9463: 9325,9608,10033,9398,9659,9619
8064: 7739,7905,7903,8142,8439,8143
2224: 2225,2133
2225: 2224,2133
4580: 4480,4579
9185: 9211,9229
2228: 2321,2136
5207: 5106,5307,5308
9364: 9325,9608,9261,2391,2968,2392
2231: 
5214: 5113,5215
4947: 4642,4849,4954,4944,4641,4845
2234: 2326
8211: 8210,8056,8135,8430,8358,8137
2236: 2145
9986: 9572,9774,9747,9630
2238: 2147,2424
9403: 9313,9287,9322,9502,181,980
2240: 2333,2148
9852: 9915,9622,9453,9754,9303,9835
7156: 7152,7062,9631,6970,7858,7155
4697: 4797
2244: 2336,2061,1973,2153
5478: 5379,5578
6165: 6262,6264,6068,6164
6164: 6162,6163,6260,6067,6262,6165
8440: 8221,8219,8369,8368,8645,8707
2249: 2341,2156,1978
9915: 9593,9622,9852,9835
2251: 2343,2160,1890
8135: 8138,8211
2253: 2161,2072,1984
7176: 7179,7268,7777
7937: 8018
8234: 8076,7996,8309,8158,8727,9260
6436: 6244,6242,6337,6339,6338,6335
9997: 9510,9286,2664,9742,2666,9862
9361: 9747,9630,1758,9669,9542,1756
9774: 9874,9899,9986,9747
9278: 6421,9432,6425,9685,6327,9908
2262: 2538,2170,1238,1732
7389: 7124,7302,7033,7300,7563
9527: 9324,9428,9439,9473,1132
4654: 4655,4757,4650,4853,4644,4855
7336: 10012,9785
8386: 8527,8081,8594,7921,7837,8526
9877: 9280,9266,4836,9751,4937,9718
9661: 9444,9660,9019,9767,9407,9438
2270: 2363,2271,1651,1996,2361,2362
2271: 2363,2270,9389,1996,2272,9606
2272: 1996,2090,2271,9606
2273: 9816,2460,9924,9333
2274: 2371
9446: 157,743,9338,9537,9803
4709: 4809,4710
7124: 7302,7389
8630: 8425,8424
2279: 2559,1917
2280: 2189,2188,2098
9984: 9844,9681,9456,9828,9686
9481: 1901,9254,9279,1816,1727,9250
7855: 8018
2284: 2193,2285
2285: 2193,2194,2286,2284
2286: 2194,2285
7521: 7431,7344,7692
2288: 2380,2382
4073: 4072,4173,4074
4892: 4891,4789,4893
5129: 5327,5125,5136,5338,9562,5234
8333: 8033,7954,8186,8032,9436
2293: 2199,2015,2198,1930
5201: 5202,5200,5302
7259: 7348,7169,7170
7587: 7670,7836,7413,7756,7921
9861: 9784,9726,5633,9849
6512: 6510,6419,6416,6414,6420,6421
7352: 7353,7440
2300: 2394,2204,1847,1760,2118,2303
6226: 6126,6128,6037,6227,6323,6130
9895: 1561,9840,9882,929,9780,1079
2303: 2395,2305,2118,2119,2300
9793: 9907,9782
2305: 2395,2303,2212,2119,2400
8685: 8916,8621,9581,8806
7419: 9518,7062,7241,7417,7847
2308: 2123,2030,2028,2212
6048: 5956,6144,5953,6047,6242
9182: 9114,9187
2311: 2218
5727: 5528,5928,5725,5826,6121
8787: 8846
8824: 9081,9037,8766,8704,8705,8882
9894: 9128,9960,9629,9600,9130,9085
5599: 5598,5699
6001: 5902,6098
9892: 8970,9102,9787,9800,9634
7682: 7599,7425,8170
7452: 7942,9687,7540,7780,7539
2321: 2228
4392: 4292,4391,4493
4173: 4072,4073,4274
5622: 5621,5424,5426,5724,5722
2325: 2326
2326: 2234,2325
7002: 7092,9406,6910,6912,7003
4837: 4736,4838
9784: 9726,9668,9861,5931,6128,6037
7283: 7711,7542,7195,7371,7627
7026: 6934,7027,7117
4955: 4855,4852,4957,4853,4849,4954
2333: 2240,2428
8264: 9694,8474
2335: 2336,2061
2336: 2244,2061,2335
6098: 6196,6001
9653: 8681,9581,9716,8485,9881,9995
9840: 9895,9882,10008,9780,9937
4836: 4630,9751,9670,4937,9877
2341: 2249
4497: 4498,4397
2343: 2251
8867: 9563,8625,8688,8866,9444,9019
5837: 5639,5543,5637
6350: 6257,6450,6541,6256,6348,6820
8391: 8242,8165
9319: 9585,9624,9333,2744,2745,9913
9365: 9488,9388,9557,716,527,997
9504: 9218,9122,9307,9219,9560,9564
4870: 4969,4871
4030: 4029,3927,3929,3733,9935,9262
9450: 9976,9157,9739,9236,9545,9828
9290: 9477,9467,9478,9252,9622,9453
8026: 7946,7945,8101
8542: 8544,8675,8674
5383: 5283
9439: 1131,9676,9473,9468,9527
5249: 5752,5250,5552
9616: 8663,8662,9271,8594,9623,9628
2361: 2362,1651,2270
2362: 1995,2361,2363,2270,2552
2363: 2271,2270,9389,2362,2552
2364: 2454,2453,1915,2459,2643
8031: 9534,9289,7794,7630,8186,7953
2366: 9924,9859,1915,2459,2554
7557: 7470,7558,7641,7888,7890
9237: 9292,8983,9033,9216,9640,9378
2369: 
6984: 6797,6890,6508,9575,9860
2371: 2274
2372: 2942,2747
4330: 4328,4329,4232,9521,4331,9269
9336: 9592,9437,9005,8898,9692,9893
6359: 6455,6262,6358,6548
8631: 8497,8282,8496,8694
9344: 9740,9875,8663,9271,9505,9395
9615: 9863,9548,9242,9162,9749,9567
3787: 3786
2380: 2288
7771: 7935,7934,7936,7770
2382: 2383,2288
2383: 2382,2196,2476
2384: 2573,2571,2196,9949,2014
6890: 6797,6984,6308,6507,6696,6888
7014: 7456,7542,7103,7009,7195,6832
2387: 2481,1930,1582,2576,2483
5725: 5426,5727,5922,6121
2389: 9742,2022,2578,1931,9965,9671
2390: 2485,2674,2110,2866,2865,2772
2391: 2872,2968,9364,9261,2776,2678
2392: 2968,2110,9364,9608,2967,2485
9725: 6627,6628,9817,9975
2394: 2204,2300
2395: 2305,2303,9662
6932: 7023,6931
8209: 8498,7478,9379,7733,7649
9988: 9938,9917,8661
4642: 4954,4947,4643,4438,4641
2400: 2492,2305,2212
9620: 9834,9772,9332,9375,9396
5746: 5942,5647,5943,5846
2403: 
9932: 3641,10036,10011,9744,9756
10004: 9612,728,9770,9934,1096
7402: 7314,7576
2407: 
8244: 8093,8395
2409: 2503,2410
2410: 2411,2409
2411: 2410,2412
2412: 2411
8513: 8710,8444,8372,8579
9686: 9618,9277,9456,9984
2415: 2416,2510,2509
2416: 2415,2510,2511
6682: 6586,6683
6419: 6510,6512,6421,6425,6607
5829: 5332
7135: 
7354: 7265,7778
6917: 7010,6915,6733,6920,7095,6916
8797: 
2424: 2238
7545: 7460,7630,7371,7198,7794
8835: 8891,8779,8841,8838,9004
3971: 4072
2428: 2523,2333
9269: 9483,9392,4331,4330,9521,4427
9453: 9622,9852,9477,9290,9509,9303
9619: 2110,2866,2580,10033,9608,9463
9806: 9869,9565,9487,634,511,9515
5948: 6238,5452,5352,5353,9614
8444: 8513,8710,8225,8647,8372,8373
9648: 9666,9849,9701
9330: 9433,9506,9526,9570,9370,9313
9600: 8995,9127,9130,9297,9894,9629
9866: 9999,9689,9838,10027,9887
2439: 2534
7456: 7542,7014,7368,7009,7102,7008
2441: 2536,2165,2079
5452: 5948,6238,9968,5250
5687: 
8138: 8058,8135,7979,8363,8213,8137
10035: 9941,9992,9471,9901,9305,9867
8222: 7988,8145,8146,8296
8301: 8943,8649,8647,8373,9045
8028: 8023,7867,7947,8106
8834: 8449,9089,9132
10043: 9368,9971,9660,9767,9930,9926
2451: 1820,2639,2642,2173,2453,2643
8291: 7901,7902,8061,8365,8292
2453: 2454,2364,2173,1905,2451,2643
2454: 2453,2364,2552,1995,1905
7027: 7026,7117,7118
3805: 
9709: 9246,9761,9335,9645,9700,9717
9063: 8869,8976
2459: 2643,2551,2554,2364,1915,2366
2460: 9816,2273
9323: 485,612,9393,9580,9369,614
5870: 5871,6065,5868,5966
2463: 9491,9624,2554,2553,2649,2650
9694: 8264,9886,9832
5774: 5676,5775,5873
9478: 8208,7646,9355,9252,9290,9467
9807: 697,9900,9385
2468: 2657,2658
9736: 952,808,9829,9760
8032: 8186,7953,7375,7713,7954,8333
9782: 9907,9460,9793,10040
9856: 9934,9843,9956
2473: 
5578: 5478,5678
7540: 7455,8020,7618,7452,7942
2476: 2383,2196,2571
5389: 5390
5313: 
4271: 
4514: 4415,4616,4521
2481: 1930,2387,2198,9931,2576
9635: 1076,9245,9363,9530,9291,718
2483: 2767,2576,2672,2387,1582,1755
8076: 7996,8234,8309,8075,8154
2485: 2967,2870,2390,2110,2392
5230: 5436,9249,9583,5331,5332
9546: 9749,9567,9827,9560,9610,9564
9827: 9546,9749,9610,9811,9858
7743: 7825,7576,7744,7988,8146
5812: 5713,5813,5912
6196: 6098
2492: 2400,2586
4858: 4658,4555,4757,5060,5062,4856
8346: 8555,8417,8485,8273,8419,8271,8681
5393: 5394,5392,5492
4463: 4565,4462
4553: 4453,4548,4448,4655,4555
9917: 9938,9988,9334,9353
4555: 4658,4858,4553,4655,4757
7375: 7462,7713,7289,8032,7953
7252: 7066,6593,6974,9299,9639
6886: 7163,6888,6696,7160,6884
2503: 2409
5697: 5597,5598
4391: 4390,4392,4491
9673: 9672,9863,9811,9794
8921: 9111,9024,8972
9049: 9001,9133,9170
2509: 2415,2510,2604
2510: 2415,2416,2509,2511,2604
2511: 2512,2416,2510
2512: 2511,2513
2513: 2512
5138: 5338,9503,5142,9454,5036
3806: 
5069: 5267,5167,4969,4968,5070
9587: 9702,9836,8191,8192,8189,8412
10027: 9999,9866,9887,9646
7249: 7247
5322: 5422,5323,5224,5123
8152: 8304,7993,8074,8228,7992,8153
3982: 4083,3983
2523: 2428,2524
2524: 2523
8470: 8255
2526: 
8356: 7973,7811,8357
7070: 6978,7161,6884,7609
8741: 8192,8189,9423,8116,8483,9568
2530: 2531
2531: 2530
9271: 8663,9616,9628,9904,9344,9875
9126: 8885,9085,9125,9128,9501,9387
2534: 2439
8776: 8715,8716,8587,9132,8891,9857
2536: 2441,2538
9775: 9416,9329,9345,9950,9791,9699
2538: 1991,2536,2170,2262
7576: 7744,7402,7743
2540: 2730,1318,1399,2824,2728,2825
9473: 9468,9439,9464,9324,9527
8023: 8028,7867,7947
9899: 9874,9774,9665
5713: 5812,5613
6853: 6854,6759
9773: 9920,9839,9650
3908: 3907
9080: 8879,8987,9079,9238,9218,9122
9069: 9024,8868,8812
7164: 7431,7073,6983
2551: 2459,2643,2554,2642,2553,2738
2552: 2454,1995,2362,2363,9554
2553: 2738,2646,2649,2551,2554,2463
2554: 2459,2551,2366,2553,9491,2463
4072: 4073,4173,3971
9234: 9119
9674: 529,466,9276,9830,9956,9586
5180: 5281
2559: 2279
6974: 6499,6598,7252,9639
4969: 4968,4870,5069,5070
5141: 5142,4936,4934,9280,9602
8358: 8632,8430,8210,8211,9738
6062: 6256,5966,6348,5964,5965,6349
4730: 4729,4936,4934,4826,4725
9214: 9114,9072,9187,9074
7750: 7494,7832,7914,7581,7582,7668
9545: 9378,9456,9828,9236,9292,9450
2569: 2570,2669,2014
2570: 2569,2669,2767,2576
2571: 2573,2384,2196,2476
8485: 8620,9716,8271,8681,9653,8346
2573: 2571,2384,2014
3813: 3812,3713,3715,3817,3915
6804: 6805,6519,6520
2576: 2767,2483,2481,2387,2570,2669
9273: 754,9326,9809,9589,897
2578: 1931,1755,2672,2389,9965
9423: 8741,8192,9568,8550,9688,9349
2580: 9619,2866,9532,10033,2770,9595
7719: 7550,7721,7548,7801,7884,7885
5345: 
9247: 1043,9528,9372,1118,9295
2584: 2778,2585,10010,2680
2585: 2586,10001,2680,2584
2586: 2585,2492,2680
5818: 5720,5917,5819
9004: 9340,8779,8835,8718,8841
5359: 9311,5054,5258,9533,9410
7675: 7922,7503,7505,7679,8161,8387
5417: 5317
4807: 4707
4876: 
7400: 7312,7488
2595: 2689
5157: 5258,4950,4852,4957,5159
9162: 9239,9161,9194,9567,9615
6460: 
7740: 7655,7741,7739,7905
2600: 2694,2695
9857: 8891,9752,8776,10030,9762
8632: 8430,8358,8499,8429,8636
8121: 8042,8120,7884,8044,8343,9625
2604: 2698,2699,2510,2509
9218: 9122,9504,9307,9080,9238,9217
9375: 9582,9396,9834,9620,10032,9947
3874: 3774
4274: 4173
2609: 2703,2610,2704
2610: 2609
9374: 9425,3940,9332,3837,3835,3536
7909: 8069,8372,8150,8225
2613: 2708
9671: 9970,9862,2389,9742,10023,9965
7311: 7312,7398
2616: 2710
4481: 4582,4480
5106: 5207
4349: 4256,4450,4347,4255,4346
6242: 6436,6244,6144,6339,6048
9859: 9554,1915,9961,9731,9924,2366
9649: 9284,9904,9875,8382,8455,9795
4527: 4525,4626,4529,4630,4729,4937
9942: 8599,8462,9963,9651
4893: 4892
5366: 5466,5467,5462,5269,5267,5562
7327: 7673,7237,7238,7328,7757,7503
4399: 4298
8430: 8632,8358,8499,8211,8431,8137
8474: 7949,8264,8737
6631: 6820,6629,6347,6349,6348
4964: 5364,5064,5163,4660,4865,5062
9369: 9626,9580,9323,614,679,366
3928: 4029,4332,3927,3925,3822,3922
9532: 9510,9286,2770,9595,9479,2580
9046: 8837,8950,8949,8947
5793: 5792,5695,5893
2638: 2639,2172,2925,2733
2639: 1820,2642,2451,2638,2733
6520: 6519,6804
7723: 8126,8046,7555,7638,7641,7804
2642: 2639,2451,2643,2551,2733,2738
2643: 2459,2551,2453,2364,2642,2451
7703: 8029,7870,9833,7707,9953,7704
5917: 5818,5819,5916,6117,6114
2646: 2553,2738,2649,2830,2928,3025
9010: 8743,9016,8962
2648: 2742,2650
2649: 2553,2646,2463,3025,2650
2650: 2742,2744,2648,2649,2463,9624
6927: 7019,7198,6926
7770: 7932,8171,7769,7936,7771
5520: 5620,5421
4458: 4453,4354,4259,4459,4559
2655: 2657,2752
8991: 8990,8938,8368,9039,8708
2657: 2655,2468,2658,2752,9841
2658: 2657,2468,9841
9629: 9894,9960,9600,9297,10005,9556
8455: 8453,8382,9617,9649,8593,9795
9250: 1816,1557,9481,9279
2662: 2758,2951,2953
8820: 8695,8984,8429,8636,8878
2664: 9742,2022,2666,1747,9997
5267: 5069,5269,5167,5462,5366
2666: 2201,2205,2664,9997
9599: 9887,9799,9646,9522,9498,9513
9488: 9388,9365,9514,9495,9264,527
2669: 2569,2570,2014,9931,2576
9167: 9166
6556: 6461,6651
2672: 2767,2483,2578,1755
4329: 4328,4330,4232,4123,3922,4332
2674: 9595,9605,2866,2865,2390
8811: 8496,9497,9584,8282,9563,8560
7569: 7570,7737,7394,7396,7819
9291: 9264,9530,9812,9980,9363,9635
2678: 2776,3168,9261,2391
2679: 2973,9244,2777
2680: 2681,2585,2586,2584
2681: 2685,2680,2778,2879
8599: 8389,8462,8163,9963,9942
9431: 9315,9300,9288,9464,9324,9566
9610: 9613,9564,9546,9827
2685: 2681
4968: 4969,4867,5064,5069,5167
6598: 6499,6974,6405,7160,6695
9315: 9526,9300,9431,9566,9445,9287
2689: 2595
9314: 7942,9989,9687,10015,9347,9783
2691: 2787
7739: 8064,7905,7903,7740,7655,7821
2693: 2694
2694: 2600,2693,2695
2695: 2600,2694
9654: 2752,9841
2697: 2698
2698: 2604,2699,2697
2699: 2604,2698
6122: 5826,6121,6219,6126,6223
7713: 7462,7375,8032,7954,7877,7631
3949: 3950,4049,3946,3849,3947,3850
2703: 2609,2704,2799
2704: 2609,2703,2799,2800
4699: 4700
9558: 9501,9387,9507,9802
9337: 9366,9590,9339,9804,9440,9553
2708: 2613
4470: 4369
2710: 2616,2806
5424: 5426,5328,5323,5225,5622
3891: 3991
2713: 2808
9059: 9012,8964
2715: 
9948: 586,9474,523
3988: 3989
3860: 3759,3858
2719: 2815
4641: 4944,9573,4743,5044,4642,4947
2721: 
4907: 5007
2723: 2818
4201: 4100,4301
8154: 8307,8153,8383,8076,8309
5581: 5680,5481
6507: 6212,6307,6308,6215,6797,6890
2728: 2824,1732,1399,2540,2822
4287: 4288,4388,4387
2730: 2540,1318,9700,2082,2825
9109: 9067,9066
4164: 4063,4165
2733: 2925,2830,2638,2639,2642,2738
5413: 5312,5513
9910: 5942
6982: 7073,6983
5533: 5833,5633,5436,5335,5632
2738: 2553,2646,2642,2551,2733,2830
9244: 2679,10010,9398,9810,9476
9967: 9647,9805,9406,9540,7000
9292: 9237,8983,8821,9236,9378,9545
2742: 2743,2744,2650,2648,3027,2836
2743: 2742,2744,2840,2745,2836,3127
2744: 2742,2743,2650,9624,9319,2745
2745: 9304,2840,9913,9319,2743,2744
7210: 7119,7209,7386,7298
2747: 2844,2372,2942
6966: 6967,7057
8160: 7922,7839,8081,8161,8596
9005: 8718,8898,9336,9750,9692
9187: 9114,9214,9182
2752: 9654,9841,2655,2657,2848
5789: 5889
9603: 9667,9884,7355,7859,9301
2755: 2852
9632: 9985,9755,9404,9808,9350,9604
5225: 5327,5125,5323,5224,5424,5328
2758: 2951,2662
9751: 4836,9670,9959,9721,9877,9718
7737: 7570,7569,7819,7901,7821
2761: 3251,3153,3054
10037: 155,9496,9798,9781,9803,9655
6781: 6967,6973,6590
9385: 9370,9900,9288,9807,9300
9705: 9729,7625,7711,9289,9486
8784: 8844
2767: 2576,2672,2483,2570
9594: 9340,9750,9293,9519
8647: 8710,8444,8373,9045,8888,8301
2770: 9675,10033,9510,9532,2580
7942: 9314,7452,9989,9687,8020,7540
2772: 2865,2963,2870,2390,2964
9490: 6144,9367,6339,9539,5852
8658: 9448,9356,8591,8590,8721,9055
5765: 5668,5664,5663,5761
2776: 2678,2391,2872,2873
2777: 3168,9476,2973,2679,3071
2778: 2973,2584,2681
9832: 9981,9886,9694,9702
6550: 6645,6548,6455,6549
5280: 5480,5380
8502: 8213,8431,8435,8639,8702
6144: 9367,9490,6339,6047,6242,6048
9173: 9171
9289: 9534,8031,9486,7794,7711,9705
9307: 9218,9504,9217,9420,9613,9564
2787: 2884,2691
9416: 9775,9329,9345,9565,9272,233
7122: 6939,7298,7299,7123
4063: 4164,3962
7020: 7022,6930,7019,7199,7110
6078: 6077
8507: 8292,8766,8142,8705
5467: 5466,5366,5269,5370
9102: 8970,9892,9140,9407,9438,9787
5462: 5266,5657,5267,5562,5366
6204: 
5904: 6003,5804
2799: 2895,2703,2704,2896,2800
2800: 2896,2704,2799
4526: 4427,4322,4423,9392,4525,4529
2802: 
7360: 9310,7000,7184,7092
5871: 5870,5970,5872
8674: 8542,8675
2806: 2902,2710
9801: 9724,9764,9309,9469,9417
2808: 2713,2904
9624: 9491,2463,9333,9319,2744,2650
4855: 4955,4957,4757,4654,4853,4856
9663: 9879,9918,9962,1044,9758
4057: 3953,3957,4156,4054
9550: 9458,7007,7532,9499,9354,7098
8873: 7564,7478,9379,7813,9588
2815: 2719,2912
5041: 
9333: 9491,9624,2273,9585,9319
2818: 2723
3980: 4081
5662: 5663,5856,9455,5754,5564,5951
4081: 3980
2822: 1732,2728
5801: 5901
2824: 2728,2540,2921,2825
2825: 2921,2730,2540,2824,2826
2826: 2172,2082,2825
2827: 2172
10026: 684,217,9946,9962,1045
9837: 9974,9950,9487,9329
2830: 2926,2733,2738,2646,2928
9586: 593,9281,9674,466,9843,9956
5171: 5070,5269,5272,5370
4888: 
9871: 9820,10018,10017,9985
9386: 9952,9544,9778,9359,9712
2836: 3126,3127,3027,2742,2743
8236: 7837,8526,8727,7918,8158
6425: 9278,6421,6419,6607,9908
9525: 7679,9466,7847,9559,9518,7505
2840: 9304,2745,2743,3127,2937,2841
2841: 2937,3230,9304,2840,9679,2938
2842: 
7155: 7680,10009,7062,7156
2844: 2942,2747,2846
9780: 1080,9905,9937,9895,9840,1079
2846: 2848,2844
5552: 5849,5752,5249,5653
2848: 2846,2752
9739: 9976,9450,9828,9681
8589: 8521,8451,8452,8591,8590,8654
6335: 6338,6139,9901,6436,6337,9658
2852: 2755,2853
2853: 2852
10002: 9788,9940,9321,9316,9557,9388
9454: 9523,9602,9294,5142,5138,9503
9597: 4036,4041,9425,3942,9582,9396
9737: 1502,1420,9665,9874,1583,9669
2858: 3054,3450,9555,3057,2957
9350: 5252,5145,9604,9632,9404
5587: 
4707: 4807,4605
2862: 9605,9541
5196: 
9267: 9606,9389,9961,10021
2865: 2772,2963,2962,2674,2390
2866: 9619,2110,2580,2674,9595,2390
9132: 8715,8776,8834,9089,9752
5572: 5573,5571,5672
9161: 9239,9162,9193,8989,9194
2870: 2967,2485,2772,3262,3263
9634: 9800,9892,8748
2872: 2391,2968,2776,3166,3264,2873
2873: 2872,2776,3166
4415: 4314,4417,4514,4521
9729: 10024,9705,9472,9928,7625,9486
8950: 8841,8838,9285,8837,9046,8949
9535: 9541,2961,9351,9555,2962
9254: 9481,1901,9279,1902,9409,9320
2879: 2974,2681
8495: 8424,8978,9027,9930,8627
2881: 
9435: 9943,9647,9638,9308,9540,9543
6130: 6227,6037,6226,9668,9401,6326
2884: 2787
7439: 
4280: 4179
2887: 2983
2888: 
5363: 5266,5657,5364,5163,5755,5361
2890: 2891,2986,2987
2891: 2890,2987
7398: 7311
2893: 
6660: 6564
2895: 2799,2896
2896: 2800,2895,2799
5151: 5154,5455,5148,5252,5145
2898: 
9753: 10031,9779,9714,9768
8412: 8550,8679,9702,9587,8192,9981
2901: 2902,2997
2902: 2806,2901
9372: 9528,489,1196,1118,9247
2904: 2808
9973: 9823,9728
2906: 
9381: 8620,9716,9391,9641,9864,9349
9252: 9355,9588,9478,9290,9593,9622
2909: 
4118: 3915,4117,4323
7430: 7161,6979
2912: 2815,3009
6731: 6915,6912,6823,6911,6733
9924: 2366,9859,9731,9816,2273
9764: 9724,9801,9696
6010: 6009,5912,6011
10007: 9072
9665: 1420,9737,1500,9874,9899
9275: 262,163,9547,9598,208
10003: 9089,9752,9571,9982,10039,9762
2921: 2825,2824
5641: 
7231: 7319,7141,7142
9349: 9864,9688,9423,9568,9391,9381
2925: 2926,2733,2638,2172
2926: 2925,2830,3119,2928
7039: 7130
2928: 3119,2926,2830,2646,3025,3122
5676: 5774,5775
9542: 1756,1846,1844,9361,9630,9327
8265: 9886,8336
9683: 9842,8175
9864: 9688,9916,9349,9381,9716,9995
9092: 9091,9001,8946,8999
3951: 4146,4155,4045,3950,4049,4053
7655: 7740,7570,7821,7739
2937: 3226,3230,2841,2840,3127,3224
2938: 3333,3327,9679,9704,3230,2841
9424: 3536,3339,9772,9418
2940: 3038,3037
5571: 5572
2942: 2844,2372,2747
6653: 
2944: 3041,3137,3235,3234
2945: 3042
8841: 8950,8838,9285,8835,9004
8966: 
9734: 9524,9282,4336,9569
8702: 9079,8361,8431,8502,8639,8879
9565: 9806,9487,9416,9329,9515,9272
2951: 2758,2662,2953,3144,3242
8498: 8209,7733,8056
2953: 3144,2951,2662
9724: 9801,9764,9309,9601,9860,9696
8806: 8748,8807,8417,8916,8685
9262: 4132,9569,4029,4030,9935,9328
2957: 3255,3156,2858,2961,3057
9897: 9921,9890,9922,9825,9814,10028
7564: 7478,8873,7125,7302
4621: 4616,4523,4521,4626,4720,4725
2961: 9535,2962,3255,2957,3257
2962: 2865,2963,9541,9535,2961,3257
2963: 2865,2772,2962,3458,2964,3257
2964: 3458,2772,2963,3262
9819: 9972,9748,943,868,9399,9500
9405: 1097,9612,728,9551,872,729
2967: 2485,2870,2968,2392,3263,3264
2968: 2391,2872,2392,9364,2967,3264
8708: 9039,8886,8830,8368,8645,8991
7787: 7865,7704,8029,7949
9590: 9366,9248,9337,9804,9441,704
4743: 4944,5044,4641
2973: 2778,2679,2974,2777,3071
2974: 2879,2973,3072,3071
4108: 4007
7679: 9525,9466,7759,7675,8387
9216: 9238,9217,9640,9120,9237,9033
9691: 9854,9787,9889,9800
9978: 9966,9927,3634,9766
10005: 9571,9556,9960,9629,9664,9824
6385: 6481,6480
2982: 2983,3079
2983: 2982,2887
9711: 9703,10025
2985: 2986
2986: 2890,2985,3084,2987
2987: 2986,2891,2890,3084
6052: 5956,6147,6055,6148,6249
5647: 5943,5447,5746
5878: 5977
7437: 7349
4485: 4486,4385
9288: 9464,9300,9431,9385
7184: 7181,7000,9301,9561,7360
8686: 8273,8808,8274,8197,8490
9655: 9421,9707,9829,9798,9496,10037
2997: 2901,3095
9484: 9413,9733,9928,9346,9390,9376
5136: 5031,5036,5124,5338,5129,5125
9387: 9558,9501,9507,9126,9125,9548,9242
8709: 8995,8579
9757: 9746,9958,9865,9818
5298: 5398
3004: 
9985: 9632,9755,9808,10017,9871,10018
9270: 596,9821,9830,9719,9276
6564: 6660
5598: 5597,5599,5697
3009: 3106,2912
6118: 5920,6021,6022,6018,6315,6218
9016: 8743,9010,9017
5394: 5294,5393,5395
7102: 7098,7008,7099,7456,7368,7191
6282: 6283,6185,6378
3015: 3016
3016: 3015
8737: 8338,8479,8474
5959: 5961,6056,5958,6155,6058
9640: 9216,9217,9237,9378,9420,9277
5752: 5249,5250,5451,5552,5653
9321: 9788,10002,9388,9514
5123: 5121,5023,5124,5322,5224
8885: 9085,9126,9125,9039,8886,9038
8844: 8784
3025: 3122,2646,2649,2928
9537: 9781,9803,9338,9446
3027: 3219,2742,3317,2836
7238: 7417,7328,7148,7150,7237,7327
7019: 6927,7198,7020,7199
4367: 4266,4467,4468
7371: 6926,7195,7198,7283,7545
4675: 4574,4573
9625: 8343,9641,8120,8121,9391,8616
5668: 5765,5664
9496: 251,155,10037,9421,9655,9642
3036: 9790,9516,3330,9771
3037: 3038,2940
3038: 2940,3037
8801: 8683,8805,8621,8619
8343: 9641,9625,8121,8044,8197,8908
3041: 3137,2944,3138,3236
3042: 2945,3043
3043: 3042
8970: 9102,9892,8419,9140,8555
3045: 3246,3048
9797: 9489,9462,10000,9689,9799,9331
9389: 2363,2271,9606,9267,9554,9961
3048: 3248,3246,3045
9630: 9361,9747,9572,9986,9327,9542
6554: 
3901: 4002
3052: 3251,3347,3151,3448
8497: 8631,8282,7973,8565
3054: 2858,3450,9555,2761,3153
8471: 8255
7191: 7279,7190,7102,7099,7368,7952
3057: 3842,3154,2858,3450,2957,3156
7119: 7210,7209,7118,7208
9406: 9512,9540,6910,9967,7002
3922: 3822,4123,3821,4332,3928,4329
8596: 8161,8790,8457,8160,8527,8081
9547: 9275,9598
9317: 9045,8888,9297,9556,9982
4664: 4660,4661,4865,4766,4665
5604: 5504,5505
6708: 6896,6516
9145: 9205
6973: 6781,6969,6590,6784,7858
9637: 9251,9255,9382,9415,794,1095
5849: 5551,5552,5653
3071: 3072,3169,2973,2974,3168,2777
3072: 3170,3169,3071,2974,3073
3073: 3170,3072,3270
4510: 4611
4060: 
9391: 9568,8616,9641,9625,9349,9381
8590: 8654,8721,8589,8591,8658
3078: 3079,3176
3079: 3176,2982,3078
4957: 4855,4955,4852,4856,5159,5157
3081: 3179
5060: 5062,4856,5159,4858,5163,5361
7298: 7386,7299,6939,7122,7210
3084: 2986,2987
9651: 9831,9963,9942
8649: 8943,8301,8376,8449
9795: 8593,10029,9649,9740,9875,8455
7060: 7150,6967,6969,7152
3089: 3090
3090: 3091,3089
3091: 3090
8161: 8457,8596,7922,7675,8160,8387
3093: 
9409: 2170,9397,9320,1902,9254,1991
3095: 2997
5497: 5398,5597
9283: 1419,9415,9576,1500,9251,1420
3098: 
5272: 5372,5370,5171
9833: 9783,9953,7703
3101: 
9939: 9727,9789
4241: 4240,4346,9256,9489,4444,4345
3104: 
5957: 6055,5958,5953,5761,5856,5956
3106: 3009,3204
5095: 
3108: 3205
9242: 9548,9615,9194,9125,9387
8033: 7954,8333,7876,8261,7880
6410: 6018,6315,6508,6117,6215,6797
5285: 5185,5286
8983: 9292,9237,8984,8878,8821
9341: 9896,9644,6038,9432,9685,9914
8307: 8154,8230,8153,8383,8380,8451
3116: 
4285: 4284,4385
4936: 4729,4730,4937,4934,9280,5141
3119: 2928,2926,3122
5754: 5562,5561,5564,9455,9394,5662
3121: 3317,3316,3122
3122: 3025,3119,2928,3121
9822: 9662,10001,10010,9810
5175: 5176
9882: 9895,9840,1006,10008,9745,929
3126: 2836,3127,3224,3321,3222
3127: 2836,3126,3224,2743,2840,2937
8972: 8921
3795: 
4132: 9262,4336,9569,4029,4332,4232
9887: 9599,9799,9646,9866,9689,10027
7759: 7679,9466,7761,8460,8005
8168: 8463,8392,8603
3134: 9771
5032: 
3136: 3334
3137: 3041,2944,3235,3236
3138: 3238,3236,3041
7775: 7602,7515,7772,9447,9998
6964: 7146,7057,6871,7055
4417: 4422,4423,4314,4415,4523,4521
9125: 8885,9126,9038,9194,9242,9387
8619: 8960,8801,8683,8861
3144: 2953,3145,2951,3342,3242
3145: 3144,3342,3340
4475: 
8656: 8721,8716
3935: 3934
9676: 1131,9439,501,9706,9991,9468
9717: 2082,9709,9645,9700
3151: 3347,3445,3643,3052
9506: 9433,1057,9330,9570,834,1134
3153: 3449,3646,3251,2761,3054,3450
3154: 3057,3842,3838,3156,3550,3451
9883: 9853,394,9657,9698,9969
3156: 3452,3255,2957,3057,3154,3451
5750: 6041,5550,5650,6043
8352: 7888,8278,7890,8625,8560
9419: 9284,9904,8309,9260,9628,8383
7123: 7300,7122,6941,7033,7299,7475
5898: 5997
6902: 6622
7735: 7819,7899,7393,7394,7650
6358: 6357,6548,6639,6163,6359
5620: 5520,5621,5720
3166: 3364,3363,3264,2872,2873
4293: 4192,4393,4294
3168: 2777,9261,3169,3071,2678
3169: 3170,3072,3071,3168
3170: 3072,3169,3073,3269,3270
8189: 8741,8192,8191,7958,8116,9587
7617: 9465,9993,8020,7276,7190,7618
9549: 10018,9755,9968,9909
4278: 4177
6831: 7103,6832
3176: 3079,3078,3275
7582: 7668,7918,7581,7667,7750
5333: 9562,9429,9249
3179: 3278,3081
5190: 5090
5349: 
8888: 9045,9297,9317,8710,8647,8995
9516: 9520,3330,9713,3036,9990,9771
3184: 3282
3185: 3284
6519: 6520,6804
4176: 4177
5536: 5337,5335,5833,5839,5933
9955: 3733,9935,3635,9876,9922,9814
9410: 9455,9578,9394,9533,5359,9311
5639: 5837,5543,5640
9907: 9782,9793,368,10040
8419: 8273,8808,9140,8555,8346,8970
9246: 9761,9342,9709,9296,9443,9335
8813: 9112,8869,8976,8982
7765: 7425,8170,7929,7340
4548: 4445,4448,4440,4553,4655,4650
3817: 3818,3715,3820,3813,3819,3915
4883: 
3200: 
4083: 3982,3983
5051: 5150,4949,4950,5154,5256,5054
9515: 839,450,9565,9806,511,9272
3204: 3106,3205
3205: 3304,3108,3204
9703: 9711,10025,9348,9523,9294
3207: 3305
9776: 10006,9792,9873,9964,9817
3209: 3210,3307
3210: 3209,3211
3211: 3210
4811: 4710
8603: 8667,8168,8463,8392
3867: 
9842: 8175,9683,8097
9566: 9324,9428,9315,9431,9445,9611
9664: 9318,9960,10005,9824
9923: 9809,9589,9933
3219: 3027,3317
5408: 5307,5308,5508
6954: 6862
3222: 3517,3321,3417,3126,3514
6499: 6974,6598,6405,6403
3224: 3126,3127,2937,3226,3321,3421
6391: 
3226: 2937,3230,3224,3423,3421,3227
3227: 3423,3226,3230,3327,3425,3627
9017: 8861,8743,9016
7169: 7170,7079,7259
3230: 2937,3226,2841,2938,3327,3227
9920: 9773,9839,9529,10042,9943,9650
6047: 5953,5951,9578,6144,9367,6048
4856: 5060,5159,4757,4858,4855,4957
3234: 3334,2944,3235
3235: 3137,2944,3334,3234
3236: 3238,3138,3041,3137
9301: 7859,7181,7184,9667,9603,9561
3238: 3138,3236
3239: 3434,10038,3634,3533,9966
7161: 6978,7070,7162,7609,7430
9279: 9481,9254,9250,9443,9320
3242: 3342,2951,3144
4710: 4811,4709
9482: 10013,9352,9574,9408
8439: 8064,8142,8143,8707,8219
3246: 3540,3248,3345,3045,3048
8274: 8199,8197,8490,8624,8276,8686
3248: 3246,3345,3048
5054: 5359,5256,5051,5258,4950
7349: 7437,7348
3251: 3052,2761,3153,3449,3448
9919: 9930,9926,9889,8627
9741: 939,938,1014
4259: 4260,4354,4458,4459
3255: 3452,3555,2957,3156,2961,3257
5978: 5977
3257: 3458,2961,2963,2962,3555,3255
10033: 9675,2770,9659,9619,2580,9463
4347: 4146,4155,4255,4240,4346,4349
5331: 5234,5329,5230,9249,5528
6979: 7162,7518,7430
3262: 3460,3263,2870,2964,3559
3263: 3460,3262,2967,2870,3363,3264
3264: 3166,3363,2967,2872,2968,3263
6648: 6552,6647
8210: 8211,9738,9835,8056,8358
9698: 9804,9440,9969,9853,9883
9841: 2752,9654,2657,2658
3269: 3367,3170,3270
3270: 3170,3073,3269
3271: 
9382: 9399,724,9500,9637,9255,794
4852: 4955,4957,4849,4949,4950,5157
9130: 9600,9127,8886,8830,9085,9894
3275: 3374,3176,3373
7494: 7750,7318,7581,7319,7405
9684: 9494,9417
3278: 3179,3279
3279: 3280,3278
3280: 3279
9355: 7813,9588,9252,7562,9478,7646
3282: 3184,3380
6624: 6904,6813,6720
3284: 3383,3285,3185
3285: 3383,3284
3946: 3949,4049,3947,4036,4141
9362: 9529,10042,6439,7086,9377
5335: 5536,5833,5533
3820: 3818,3817,3522,3722,3819,3821
6969: 6967,6973,7858,7060,7152
9081: 8824,9037,8704,8987,8881
3292: 
7302: 7124,7125,7389,7563,7564
3294: 3295
3295: 3294
4658: 4555,4858,4660,4661,5062
3297: 
9474: 403,9948
7811: 7974,8357,8356
4611: 4510
3301: 3399,3400
10020: 9896,9906
9884: 9667,9603,9848
3304: 3205,3305,3403
3305: 3304,3403,3207,3404
8065: 8144,8143,8066,7741,7742,7905
3307: 3209
6769: 6768,6862
8886: 9039,8708,8830,9130,8885,9085
9533: 5755,5258,5359,9410,9394
5295: 5395,5194,5294
3312: 
9039: 8886,8708,8990,8991,9038,8885
9507: 9558,9387,9548,9672,9802
9079: 8361,8702,9120,8879,9080,9238
3316: 3317,3121,3417,3513
3317: 3316,3121,3417,3219,3027
9400: 9559,9518,7331,7680,9785,9531
5215: 5214
4605: 4606,4504,4707
3321: 3517,3222,3126,3224,3421
9633: 9483,9392,9459,4529,4630,9670
9853: 513,9883,9657,9698
8101: 8026,8178
8770: 8579,8369,8645,8830,9127
8911: 9060,8962,9011
3327: 3333,2938,3230,3227,3627,3431
9440: 9698,9804,9969,9339,9337
7098: 7102,7008,7099,9550,7007,9499
3330: 9520,9516,9704,9790,3036,3333
9893: 9692,9786,9437,9336
9346: 8261,9436,9390,9484,8110,9376
3333: 2938,3327,9704,9520,3330,3431
3334: 3234,3136,3235
3335: 3531,3729,9713,3434,9957
7355: 9603
9627: 9636,9639
9539: 5256,9311,5355,9367,9490
3339: 3536,9424,3444,9621,3837
3340: 3145,3342
8097: 9842,8175
3342: 3242,3144,3145,3340
9579: 1497,9327,1582,9572,9609
5436: 5230,9583,5332,5632,5533
3345: 3540,3248,3246,3639
8695: 8820,8984,9070
3347: 3151,3643,3052,3641,3448
6823: 6448,6911,6357,6639,6731
4218: 4117,4318,4320,4422,4319,4322
6910: 9512,9406,6911,6637,7002,6912
8205: 8426,8694,8496,9497,9596,8425
5145: 9350,5252,9604,5247,5148,5151
6209: 6403,6212,6307
6336: 6140,5852,5453,6338,6139,9265
4232: 4329,4330,9521,4332,4132,4336
9799: 9887,9599,9689,9797,9522,9331
7769: 7850,7936,8171,7770
9688: 9864,9916,9349,9423,8550
9891: 10036,10011,3639
9128: 9894,9960,9085,9126,9501,9318
9983: 
9689: 10000,9838,9866,9797,9887,9799
3363: 3166,3364,3264,3460,3263,3561
3364: 3166,3363,3661,3561
6138: 6618
6482: 6387,6483
3367: 3269
9715: 9296,9902,9722,9903
9971: 9368,10043,9596,9930,8424
4539: 9538,9498,4438
8425: 8630,8426,8205,9596
3372: 3470,3471,3373
3373: 3275,3374,3372,3471
3374: 3275,3373
6906: 6531,6626
9120: 9079,8361,8701,9238,9216
6077: 6078
4574: 4573,4675
9371: 1108,955,9421,9427,9642,359
3380: 3282
4509: 
3382: 3480,3383
3383: 3284,3285,3382,3482
5250: 5752,5249,5451,6238,5452
3385: 3583
3386: 3485
9702: 9587,9836,9886,9981,9832,8412
7095: 7007,7532,6916,6915,7003,6917
7405: 7579,7318,7494
9477: 9290,9467,9453,9509
9639: 9299,9636,9627,6974,7252
6871: 7057,6964
8807: 8748,8806,8916,8917
6308: 6307,6507,6890,6405,6696,6695
6347: 6058,6349,6537,6155,6631,6629
8675: 8544,8676,8542,8674
3397: 
3942: 3847,3550,9425,3940,9597,4036
3399: 3497,3301,3400
3400: 3301,3399
7563: 7300,7562,7302,7389,7813
9816: 2273,2460,9731,9924
3403: 3305,3304,3404
3404: 3305,3403
9580: 9626,10040,9369,9460,9323,9393
8361: 9079,8702,9120,8499,8431,8701
4725: 4720,4826,4621,4626,4729,4730
8397: 8093
9977: 10031,9779,7434,9880
5062: 5060,4658,4858,4660,4964,5163
7791: 7279,7952,7625,7455,9472
3412: 
9575: 9511,9601,9860,6508,9384,6984
4915: 
5064: 5364,4964,4865,4968,4867,5167
7757: 7839,7756,7673,7327,7503
3417: 3317,3316,3513,3514,3222
9306: 9614,9471,5353,9265,9305
8221: 8440,8219,8369,8144,8145,8296
10001: 9822,9662,2585,10010
3421: 3423,3224,3226,3519,3321
5348: 5551
3423: 3421,3227,3226,3425,3526
9428: 9324,9566,9527,1211,9611
3425: 3627,3527,3423,3227,3526
9238: 9216,9217,9079,9120,9080,9218
4288: 4388,4287
4865: 4664,4660,4766,4964,5064,4867
4085: 
4166: 4165,4266
3431: 3627,3628,3333,3327,9520,3531
9982: 9571,9556,9317,10003,9089
5192: 5092
3434: 10038,3239,9957,3335,3729,3533
5564: 5754,5562,5466,5663,5662,5664
9522: 4338,9331,9599,9799,9498,4442
6037: 6128,6226,9784,9668,6130
9744: 9912,10036,9932,9756,9621
9559: 9518,9400,9531,9525,9466,9457
9868: 4840
5283: 5383
4638: 4839,9777,4637
9949: 9682,9888,9931,2384,2014
3444: 9756,3742,9621,3839,3339,3837
3445: 3151,3643,3639
9817: 7085,10006,9776,9975,6628,9725
7396: 7309,7570,7569
3448: 3449,3347,3052,3251,3641,3545
3449: 3153,3448,3646,3743,3251,3545
3450: 3054,2858,3153,3646,3057,3842
3451: 3847,3550,3154,3452,3156
3452: 3555,3255,3156,3451,3552
8171: 7932,7770,7769
9960: 9128,9894,9629,10005,9318,9664
8479: 8338,8737,8540
7487: 7742
9752: 10003,9089,9132,9762,9857
3458: 2964,3257,2963,3555,3558
5633: 5833,5533,5632,5931,9861
3460: 3262,3263,3363,3559,3561
4902: 
4197: 4196,4298
7756: 7839,7757,7921,7413,7673,7587
3464: 3564
4922: 5027
9844: 9984,9681
4397: 4497,4498
5895: 
8296: 8579,8145,8222,8221,8369
3470: 3372,3471
3471: 3571,3372,3470,3373
9461: 9263,678,485,9393
7744: 7576,7743,7988,8069
9829: 9707,9655,9760,9736,9798
9347: 10015,9763,9314,9989
3476: 
9934: 9856,9843,10004,9770
6265: 6266,6264
9412: 9258,10013,9573,9352
3480: 3382
6683: 6588,6682
3482: 3383
4104: 4004
4336: 4132,9569,4232,9521,9734,9282
3485: 3386
3486: 3487,3586
3487: 3486,3586
6970: 7858,7156
3489: 3589
5194: 5093,5294,5295
3491: 
9712: 9395,9359,9505,9386
8625: 9563,8867,8560,8278,8352,8688
5466: 5366,5467,5562,5564,5664
9268: 9536,774,9577,9493,1066
4255: 4156,4054,4155,4347,4256,4349
3497: 3399
8661: 8593,10029,9938,9988
6983: 6982,7073,7164
5928: 5528,5727,5332,5930,5826,6028
6926: 7195,6832,7371,6927
3502: 3503
3503: 3502,3504
3504: 3503
8116: 7958,8110,7956,8483,8741,8189
3506: 3606
9219: 9239,9193,9560,9122,9504
6055: 6056,5958,5957,5956,6052,6249
8142: 8064,7903,8439,8507,8292
9449: 9509,9885,9303,8694
5973: 
6978: 7161,7070,7163,6884,7162
3513: 3514,3316,3417
3514: 3513,3417,3222
8704: 8365,8766,8703,8881,9081,8824
9339: 9440,9553,9337
3517: 3519,3321,3222,3717
7353: 7352,7440
3519: 3517,3421,3818,3717,3522
8225: 8444,7909,8372,8150,8373,8227
4078: 4179
3522: 3526,3722,3519,3818,3820
9280: 9266,9877,4936,4937,5141,9602
5995: 6093
6672: 6671,6576,6767
3526: 3624,3522,3722,3423,3425
3527: 3425,3627,3628,3727,3625
9404: 9632,9755,9350,5352,9909,5251
9604: 9350,5145,9808,5247,9302,9632
9257: 948,9551,801,9281,9612,9770
3531: 3335,9520,9713,3628,3431
9284: 9649,9419,9904,8380,8383,8382
3533: 3734,3634,3729,3434,3239,3731
9401: 9911,6038,9979,6326,9668,6130
5709: 5807,5609,5710
3536: 3339,9772,9424,9374,9332,3837
8435: 8703,8639,8363,8213,8502
4068: 4168,4069,4169
9077: 8928,9071,9119
3540: 3246,3345
9660: 9661,9444,9767,9584,9368,10043
7451: 7539,7780,7707
9996: 9794,9858
9742: 2664,2389,9671,9862,9997
3545: 3641,3449,3448,3743,3742
4240: 4241,4346,4343,4146,4347,9256
7558: 7557,7973,7890
4872: 4871,4771
8271: 8273,8620,8908,8485,8346
3550: 3847,3942,3451,3154,3838,3940
3551: 3947
3552: 3849,3452,3555,3651
6528: 6720,7083
9916: 9864,9688,9995
3555: 3452,3255,3458,3257,3552
5943: 5647,5746
9366: 9248,9590,9337,9553,9259,9430
3558: 3656,3458,3559
3559: 3460,3262,3558
9710: 9848,10019,9936,9695
3561: 3661,3460,3364,3363
9834: 9620,9375,9693,9947
9825: 9328,9814,9897,10028
3564: 3663,3464,3664
7062: 7152,7156,7155,7680,7419
9434: 7850,7936,9447,9373
9072: 9114,9214,10007,9074
7946: 8026,7945,7947,8106
8192: 8741,8189,9423,9587,8550,8412
3821: 3822,4123,3922,3820,3722,3819
3571: 3471,3572,3670
3572: 3571
8550: 8679,8412,8192,9423,9688
9930: 9919,9926,9971,10043,8495
8475: 8478
8262: 9426,8336,8191,9413,7958,9376
3577: 3578
3578: 3678,3577
7958: 8116,8110,9376,8262,8191,8189
9551: 9257,948,9612,9405,872,1261
9754: 9885,9303,9852,9738,9835,9846
8163: 7763,8462,8084,8006,8389,8599
3583: 3385
9927: 3734,3634,9978,3635,9876,9766
9794: 9811,9858,9996,9673
3586: 3686,3487,3486
9091: 9001,9092,8946,9170
8069: 7909,8372,7744,7988
3589: 3489
8639: 8703,8435,8502,8702,8879,8881
4100: 4000,4201
4322: 4427,4526,4218,4320,4422,4423
3593: 
5287: 5186,5286
3932: 3829,3731,3929,3734,3733,3635
7380: 7293,7467
7914: 7832,7750,7668,7913,8075,7996
9282: 9734,9524,9521,4336,9483,9459
9383: 487,9589,9326
3600: 
6474: 6378
4448: 4548,4345,4450,4553,4453
4480: 4580,4481
9682: 9949,9888
3605: 
3606: 3607,3506
3607: 3606
4332: 4029,3928,3922,4329,4232,4132
8766: 8365,8507,8292,8704,8705,8824
5724: 5426,5622,5722,6021,5922
3812: 3813,3712,3713
3612: 3712,3711
9623: 9260,9628,8526,8727,8594,9616
9896: 9644,9341,9906,9914,10020
3615: 3713,3715,3717
9696: 7163,6888,9860,9724,9764
4950: 5258,5157,4852,4949,5051,5054
8074: 7993,8075,8152,8153
6180: 6278
9441: 915,704,9804,9590
9845: 9970,9862,9286,9411,9479
8061: 7818,7979,8363,8291,7901
5323: 5422,5322,5224,5225,5424
3624: 3526,3722,3925,3625,3822
3625: 3727,3925,3826,3527,3624
9670: 4836,4630,9751,9459,9633,9959
3627: 3425,3527,3628,3431,3327,3227
3628: 3627,3527,3431,3531,3728,3727
6155: 6537,6441,6056,5959,6058,6347
5338: 9562,5138,9503,5136,5036,5129
5889: 5789
9111: 8921
6086: 6085
3634: 9927,3734,3533,3239,9978,9966
3635: 3733,9955,3932,9927,3734,9876
9970: 9671,9862,9845,10023
9074: 9214,9072
9815: 9990,10041,9771
3639: 3345,3445,3643,9891
6337: 6436,6244,6335,9658,6437,9872
3641: 3545,9932,3347,10011,3448
8081: 8527,8386,7839,7921,8160,8596
3643: 3347,3151,3445,3639,10011
5543: 5837,5639
4979: 4978
3646: 3153,3449,3743,3450,3741,3842
9685: 9278,9432,9341,9908,9847,9914
9767: 9661,9660,10043,9854,9438,9926
8729: 9359,9505,8792,8790,8663,8662
4305: 4306,4405
3651: 3656,3849,3552,3755,3850
9798: 9781,9655,9829,10037
8794: 
7152: 7062,7156,6969,7060
6622: 6902,6716
3656: 3558,3651,3856,3755
4328: 4329,4330,4123,4323,4331
9836: 9702,9587,8336,8191,9886
9746: 9380,9298,9958,9757
8197: 8199,8274,8343,8908,8686
3661: 3561,3759,3364
7668: 7582,7918,8158,7750,7914,7996
3663: 3564,3664,3763
3664: 3665,3564,3663,3763,3764
3665: 3664,3666,3765,3764
3666: 3665,3765
5657: 5462,5266,5363,5755,9394
4094: 3994
9865: 9757,9818
3670: 3571
7368: 7456,7542,7102,7191,7627,7952
5609: 5509,5709
8676: 8544,8675,8677
3674: 3675,3774
3675: 3774,3674
8153: 8307,8154,8230,8074,8152,8304
7515: 7428,7775,7425,7599
3678: 3777,3578,3778
3947: 3849,3551,3847,3949,3946
3680: 3779,3780
6916: 7007,7095,7010,7009,6917,7008
10008: 9745,9840,9882
3683: 3684,3782,3783
3684: 3683,3783
7680: 7155,7062,7331,9400,9785
3686: 3586,3786
8318: 8242,8667,8463
5688: 
4323: 4320,4331,4118,4328
9879: 9663,9918,9962,9946,9414
6531: 6906
8812: 9069,8868
5942: 5746,9910,5846
9398: 9659,9810,9244,9325,9463,9476
7837: 8236,8526,7836,7921,8386
4049: 3950,3949,3946,4141,3951,4045
9626: 368,10040,9580,9369,424,366
9976: 9450,9157,9739,9112
9479: 9595,9605,9845,9286,9532,9411
3700: 3701
3701: 3700
9560: 9239,9219,9504,9564,9546,9567
7292: 7293
9310: 7360,9458,9508,9643,9354
7992: 8228,8227,7911,8150,7993,8152
6043: 5650,5750,6041
4069: 4169,4068
6637: 6448,6911,6724,6541,9512,6910
9531: 9785,9559,9400,9457
5999: 5901
3711: 3712,3612,3810
3712: 3713,3612,3711,3810,3812
3713: 3712,3615,3715,3812,3813
7952: 7627,7625,7368,7791,7279,7191
3715: 3818,3717,3817,3713,3615,3813
4495: 4494
3717: 3818,3715,3517,3519,3615
8694: 8426,8205,8631,9449,8496
8544: 8676,8675,8542
7890: 7888,8352,7557,7558
6930: 7022,7020,6931
3722: 3624,3522,3526,3820,3822,3821
5632: 5332,5930,5931,5436,5533,5633
4821: 4929,4826,4823,4819
6669: 6763
8463: 8168,8318,8603,8667
3727: 3625,3826,3527,3628,3728,3829
3728: 3729,3628,3727,3829,3731
3729: 3335,3728,3434,3731,3533
9918: 9663,9879,9528,9414,9758,9295
3731: 3829,3932,3729,3728,3734,3533
7832: 7750,7914,7831,7913
3733: 9955,9935,3635,3932,3929,4030
3734: 9927,3634,3533,3731,3932,3635
9540: 9512,9406,9543,9435,9647,9967
9285: 8841,8950,9340,8949,9519
8483: 8119,7956,8116,8741,9568,8616
9577: 9358,9493,9380,9298,9536,9268
6418: 6705,6514,10016,9898
8707: 8938,8767,8439,8440,8219,8368
3741: 3839,3835,3646,3743,3842,3838
3742: 9756,3444,3545,3743,3839
3743: 3449,3646,3545,3742,3741,3839
4177: 4176,4278
7299: 7386,7298,7475,7560,7122,7123
9699: 9791,9950,9775
7417: 7238,7328,7847,7150,7419
4566: 4565,4667
7460: 7545,7199,7630,7198,7200
5353: 5251,5453,5352,5948,9306
7128: 7217,7037,7127
5847: 5650,5649,9680
9921: 9897,9890,9922
7142: 7141,7231
3755: 3952,3956,3850,3656,3651,3856
6749: 6843
10042: 9362,9529,9920,9839
9380: 9298,9746,9958,9358,9577
3759: 3661,3858,3860
8273: 8686,8808,8419,8271,8346
8905: 8904
8255: 8179,8470,8471
3763: 3663,3664,3764
3764: 3765,3664,3665,3763
3765: 3764,3665,3666
9300: 9526,9315,9431,9288,9370,9385
10015: 9347,9314,9783
9544: 9386,9952,8597,9359,8792
9311: 5359,9539,9578,9410,9367
7859: 9301,7181,9603
3771: 3772
3772: 3771
6387: 6290,6482,6291,6483,6388
3774: 3675,3674,3874
4292: 4392,4192,4393
3776: 3777
3777: 3678,3776,3778
3778: 3678,3777,3779
3779: 3778,3680,3780
3780: 3680,3779
9438: 9854,9787,9407,9661,9767,9102
3782: 3683,3783
3783: 3683,3684,3782
9572: 9986,9609,9630,9579,9327
5426: 5424,5725,5724,5328,5622