9266: 9348,9523,9718,9602,9877,9280
9886: 9702,9832,9694,9312,9413,9426
9339: 9337,9440,1133,1539,9553
4658: 4858,5062,4655,4661,4553,4660
9378: 9292,9545,9456,9237,9640,9277
5: 
4797: 4697
3727: 3425,3628,3731,3928,3734
8579: 8770,9127,8219,8221,8296,8995
8704: 8365,8766,8882,8703,9081,8824
3176: 3079
8276: 8422,8046,8688,9625,8121,7965,9641
8460: 7679
10012: 9880,10031,9714,10009,6784
7073: 6983,7164
9562: 5338,9429,5136,9249,5722,5225
3451: 3255,3452,2961,3942,3550
2957: 2961,3057,2858,3550
18: 
10007: 8976,9063
9833: 9783,9953,7942
10011: 9932,3742,3743,3839,9891,10036
22: 23,50
23: 22
9092: 9091,8999
9962: 683,1611,9879,10026,9946,9663
5277: 5475,5574,5177,5278
5215: 5214,5113,5417,5317,5419
5688: 
4218: 4427,4319,4320,4108,4010,4216
30: 60
4104: 4004
6358: 6550,6266,6163,6072,6639,6357
33: 133,9851
34: 
7009: 7014,9550,6916,7010,7371,7195
9294: 9503,9454,9523,9703,10025,9480
9663: 9758,1043,9918,9879,1611,9962
4306: 4307
8694: 8632,8631,9596,9971,8496,8636
40: 
6085: 6084
9533: 5755,5159,5157,9394,9410,5359
9362: 6056,6055,9529,9377,7086,10042
7319: 7402,7581,7318
9265: 6338,9305,9306,6336,5455
9317: 9556,9297,9982,8710,8373
8878: 9120,9238,8429,8430,8499,8701
6884: 7160,6886,7163
7345: 7344,7080
50: 22
4010: 4216,3712,4115,4323,4218,4320
3665: 3763,2391,3464,3764,3765
6347: 6629,6349,9607,6058,6155,6537
9645: 9813,2826,1820,9709,9335,9717
8540: 8338,8479
56: 
57: 91
8960: 8861,9017
5060: 5755,5159,4858,5062,5361
60: 30
9945: 77,9826
8708: 8990,9039,8991,8938,8440,9130
9914: 9341,9685,9847,9896,10016,9906
64: 275
9943: 9638,9529,9435,9650,9920,9647
66: 387,334,446,447
8150: 7909,8225,7579,7911,7992,8227
8661: 8593
9855: 6709,6517
7564: 7125,7565,7478,9738,9846
9829: 9798,9655,9736,9760,9707
3634: 3734,3635,9927,3731,3729,9966
73: 336,283
8144: 8219,8221,7311,7742,8143,8066
8175: 9842,9683,8097
4677: 
77: 9826,9945,115
7744: 7988,7494,7402,7318,7743,8222
3789: 
6658: 6564,6939,6847
81: 
9398: 9476,9325,9244,9810,9463,9659
9765: 1838,9677
4637: 4839
8120: 8262,9836,8033,8616,7884
6244: 9490,6242,6339,6144,6337,6335
3380: 
7207: 7383,7380,7292,7293,7974,7811
6403: 6507,6984,6209,6974
7355: 
91: 57
9922: 9921,9876,9955,4030,9814,9897
93: 133,9851
9617: 9334,9448,8383,8453,8380,9938
4480: 4580,4481
9880: 10012,10031,7434,9977,9517,10009
3897: 3898,3998
9787: 9892,9438,9634,9691,9854,9800
3321: 2836,9304,3127,3517,3519
100: 2710,2523,181,2333
9738: 7563,9835,9846,9754,7564
7979: 7818,7733,7899,8058,8061,8639
4566: 4470,4569,4367,4565
5490: 5390
6100: 6003,6201
3185: 3284
9565: 9272,9515,9416,9806,9487,9329
9918: 9663,9758,9528,9414,9879,9295
9788: 10002,9321,9940
4393: 4293,4292,4494
3449: 3545,3448,3251,3153
7902: 7821,8292,7737,7901,8365
5400: 5300
6576: 6480,6575,6671,6672
115: 77,116
116: 115
8189: 8192
118: 307,309
4565: 4665,4463,4367,4566,4569
9724: 9764,9801,9860,9696,9601,9309
121: 127
9609: 9579,3555,9572,3255
4427: 4319,4218,4422,4320,9269,9392
9405: 9612,9551,1510,872
9878: 9255,9500,9925,9972
4485: 4486,4385
127: 121
8478: 8475,8677,8614
9964: 6437,6249,9776,9872,9873,6055
6437: 9964,6052,5957,6056,6055
131: 220
6021: 6421,6414,5920,5424,9475,6320
133: 93,9851,33,134
134: 176,133
3211: 3210,2824,3506
5211: 5110,5214
4343: 3953,4155,9256,4045,4139,9442
9467: 9478,9290,9477,7973,8565
9974: 9869,9487,9837
9868: 4840
141: 
7181: 
9572: 9986,9630,9579,9609,9327
5564: 9455,5466,9578,5765,5663
6461: 6265,6744,6460
146: 
3540: 3246,3345
7837: 7670,7836,7145,8386,8526
149: 
150: 
3121: 3027,2928,3119,3607,3412
9407: 9019,9661,8126,9892,9438
8882: 8704,8766,8705,8991,8824,8989
4660: 4865,5163,4661,4665,4658,5062
155: 9803,10037,157,9496,251,156
156: 811,1193,1042,155,157,251
157: 959,9446,9803,155,156,1042
9644: 6327,9896,9401,9911,10020
159: 
9246: 9443,9709,9296,9335,9342,9761
9985: 9632,10018,9808,9755,10017,9871
9957: 10041,10038,9713,9990,3335,3729
163: 208
7850: 7769,7936,7767
6003: 5904,6100,9274
4529: 4322,4525,9633,4527,4836,9670
2858: 3057,3842,3450,2957
7371: 7195,7545,7014,7009,7283,7630,7794
2830: 2649,3025,2826,2733,2553,2926
7934: 7935,8015,7771
9485: 9796,9697,9333,9759,9585
9324: 9428,9566,9527,9473,9431,9464
6007: 7252,5709,6105,6204,9299
8521: 8450,8451,9592,9336,8658,8591
5285: 5185
176: 134
9413: 9376,9484,9312,9733,9886,9426
9843: 9770,9281,9934,9856,9956,9586
9523: 9348,9266,9602,9703,9294,9454
7217: 7039,7128,7127,7393,7735
181: 1133,2151,100,2523
5084: 5185
8018: 7855,7937
5041: 
185: 
9581: 8273,9492,9881,9653,8620,8271
187: 283,285
9259: 1973,2244,1709,9366,9430,9553
5453: 5251
9027: 8495,8627,9112
9367: 5951,5662,9539,9311,9578,9490
8799: 8481,8679,8480
9299: 9274,9253,7252,6007,9639,9636
9893: 9786,9692,9437,9336
9433: 9502,9313,9330,9506,980
8380: 9795,10029,8383,9617,9938,8455
5724: 6022,5426,6223,6219,6316
4579: 4580
7142: 7668,7050,7141,7836,7581,8236
9232: 9987,9211
9650: 9920,9839,9773,9943,9805,9647
8450: 8451,9857,8521,10030,8591
9669: 9737,9874,9747,1747,2021,9361
3731: 3628,3335,3729,3727,3634,3734
4397: 4498
206: 309
5451: 5250,6238
208: 163,426
8462: 
9870: 9838,9994,9693,9947
9815: 9990,9771,10041
9586: 874,9674,9956,9281,9843,801
6071: 5975,6072,6541,6164,6163
10000: 9462,9797,9422,9689,9838,9994
7080: 7344,7520,7345
8005: 7761
217: 9326,9793,9907,424,1529
9941: 9792,9992,9873,9658,9901,10035
3627: 3425,2937,2841,3431,3628,3531
220: 131
9569: 4336,9262,9328,9734
5167: 4969,4968,5064,5363,5462
7901: 7735,7818,7737,7902
4736: 4837,4939
7292: 7380,7207,7293,7462,7631
9656: 358,9769,9728
9681: 9984,9828,9844,9739
7494: 7744,7988,7579,7318,7996,7913
6375: 6376,6848
6617: 
9716: 9995,9653,9864,9381,8199,8343
9470: 1387,1721,9316,9557,1225
233: 697,700,9345,9883,9791,834
5064: 4968,4867,4865,5163,5363,5167
9677: 1840,9765
5329: 5727,5725
237: 
238: 338,288
7130: 7039,7396,7569
240: 344,291
9965: 2666,9742,9542,9361,10023,9671
9667: 9301,9603,9884,10019,9848,9561
243: 
9593: 9588,9252,9379,9915,9622,7300
245: 
2852: 
247: 301
9570: 9900,9370,9330,9506
5312: 
7145: 7837,6964,7146,7413,8386
251: 9496,9642,155,811,156,672
5150: 4852,4849,4845,5148,5051,4950
7393: 7127,7565,7217,7649,7899,7735
9830: 9719,9276,9270,9956,9674
7692: 
6238: 5452,5451
5251: 5353,5453,5352
7560: 8208,7298,7386,7646,9588,9355
7939: 
7899: 7649,7733,7393,7735,7818,7979
4323: 4328,4115,4010,4320,4331
3755: 9591,9582,3949,3656,3559,4139
10006: 9975,9792,9776,9817
9822: 10010,9810,9662,10001,9675
3778: 3678,3777
5224: 6118,5621,5123,5136,5722
7974: 8356,8208,7117,7293,7207,7811
8304: 8376,8154,9448,9356,8451
9257: 9770,9281,948,9612,9551,1261
7721: 7719,8042,7638,7723,7885,7888
5856: 5662,6144,6047,6052,5761
5710: 5709,6204
7631: 8186,8032,7375,7462,7292
274: 
275: 64
8881: 8061,8703,8879,8639,9081,8987
9418: 9621,9912,9424
278: 387
8292: 7821,7902,7903,8142,8365,8766
7836: 7837,7670,7050,7142,8236
4405: 
6336: 5355,5852,6242,6338,9265
283: 187,288,73,336
7777: 7176
285: 338,187
9909: 9549,9968,9755,5852,9404,5455
4108: 3907,4216,4007,4319,4218
288: 283,238,336
3487: 3486,3586
4196: 
291: 344,240
3786: 3787
3907: 4108,4216,3810
3983: 4083,3982
9979: 9911,9668,9726,9401,9666
5965: 5672,5868,6062,5964,6349,6631
8417: 8346,8419,8555
7884: 9625,7965,8120,8033,8042
299: 411
3106: 2912,2818,3204
301: 247
8976: 8982,10007,9063
10029: 8380,9795,9740,8455
3372: 3271,3471,2678,3373
9755: 9985,9632,10018,9549,9909,9404
6138: 
307: 118,309
9772: 9620,3536,9424,9332
309: 206,118,307
6339: 9490,6242,6244,5256,5355
9585: 9913,9319,9333,9697,9485
9542: 9630,9361,9965,10023,9327
6934: 6749,6932,7119,7386,7117,7026
9500: 9878,9255,9972,9819,9399,9382
9733: 9312,9951,10024,9928,9484,9413
316: 370
9888: 9949,9931,9682
3452: 3255,3451,3555,3552,3947
4068: 4169,3867,3765,4166,4168
7344: 7520,7080,7345,7521
10025: 9711,9678,9480,9703,9294
7929: 7340,8170,7248,9373
3572: 
9428: 9324,9566,9527,1622,1881,9611
8609: 
4156: 4255,4057,4347,4164,4263
8779: 8891,9005,8835
9714: 10012,10031,9768,9753,6784,6590
9597: 9396,9425,3949,4141,9375,9582
5505: 5504
9873: 9792,9941,9658,9872,9964,9776
7079: 
9803: 10037,155,9781,9537,157,9446
334: 9850,9732,387,66,446
9327: 10023,1756,9572,9542,9630,9579
336: 73,288,283
3998: 3897,3898
338: 285,238
3856: 4045,3559,3262,2967,3460,3956
4826: 9280,4730,4817,9602,4929,5142
2841: 9790,3431,9704,2937,3627
4504: 4605
343: 397
344: 291,240
7550: 8032,9436,7380,7548,7555
346: 519,650,647
9926: 9889,9854,9919,10043,9930,9767
9826: 77,9945
4298: 4399
9912: 9621,9418,9744
7733: 7649,8498,7899,8056,7979,8058
10024: 9472,9729,9928,9733,9951
3345: 3639,3248,3540,3246
9316: 1806,9940,10002,9470,9557
10003: 8943,9752,9571,9982,10039,9762
9697: 9679,9796,9485,9913,9585,9304
2818: 3106,2912,2721,2536,2538
358: 9656,9769,9798,9781
359: 1187,1110,1108,9371,1263,1025
9891: 10036,3742,10011
4486: 4485,4385
2906: 
3200: 
5983: 
9987: 9232
366: 750,424,368,1362,1698
6849: 6662,7033,6848,6941
368: 366,750,424,10040,9907,9626
3850: 3949,4141,3458,2865,2964,3656
370: 316,426
371: 
372: 897,1124
9701: 9849,9648
8591: 8658,8898,10030,8450,8521
9748: 1019,9819,9972
376: 492
9499: 7014,9550,9402,9354,7098,7542
9584: 8811,9563,9497,9444,9660,9368
2945: 
9476: 9398,9325,9244,3470,2678,9261
5204: 5104,5304
382: 561,499
383: 
384: 839,566,768
385: 
386: 
387: 278,334,66
9608: 9364,2873,9463,9325,2968,9619
9391: 9349,9381,9625,9568,9641
390: 449
9454: 9294,9503,9523,9602,5138,5142
6163: 6541,6071,6357,6358
9379: 6847,7646,7123,9588,9593,7300
394: 
395: 641,514
2826: 9645,1820,2733,9717,2926,2830
397: 343
5761: 6155,5957,5856,5959,5663,6052
6575: 6576,6671
6696: 6886,6695,7160
9444: 9019,9661,9660,9563,9584,8867
402: 521,9948,519
403: 9474
9311: 9410,9578,5359,9539,9367
405: 
9540: 9543,9435,9512,9406,9967,9647
407: 411
3234: 2944
5044: 9302,4845,9408,4641,4947,4849
9752: 10003,8943,8301,8376,9762,9857
411: 407,299
412: 413
413: 412
3953: 4155,4343,4045,3956,4255,3957
9397: 9320,9409,9342,1732,9357
416: 477,808
9081: 8703,8881,8704,8987,8824,9037
3127: 3421,3224,9679,3321,9304
9900: 9570,9385,9807,9370
420: 480,544
9235: 8982,8928
8560: 8811,9563,7470,7558
8868: 9024,9069,8812
424: 366,368,9907,217,1362,1529
5641: 
426: 208,370
5504: 5505
3683: 3782,3783
6744: 7019,6927,6460,6461,6653
7811: 7973,7558,7974,8356,7383,7207
7548: 7638,7877,7550,9436,9346,7555
8481: 8679,8480,8799
3090: 3091,2240
3531: 3628,3335,3431,9713,9520,3627
9539: 5256,9311,9490,9367
9309: 9469,9908,9601,9724,9801
5136: 5031,5123,5338,9562,5224,5722
8885: 9126,9125,9387,9038,8990,9039
5868: 5672,5965,6062,5574,5278
9797: 9462,9489,10000,9689,9331,9799
9693: 9834,9947,9870
442: 568,634
6418: 
10008: 9840,9745,9882
5801: 
446: 447,334,9850,66
447: 446,66
448: 
449: 390
3271: 3372,3170,2678
9448: 9334,9617,9356,8453,8304,8154
8066: 8146,7742,8221,8144
9371: 1108,9421,9642,359,1110,9427
454: 456
3301: 3400
456: 454
4845: 5044,9302,4849,5150,5148,9604
9120: 9238,8878,9217,9237,8701,9640
7609: 
9938: 9988,8455,9917,8380,9334,9617
4007: 4108
6388: 6291,6483,6389,6387
9300: 9370,9526,9288,9431,9385,9315
4132: 4330,4123,4329,9935,4232,9262
7293: 7117,7026,7462,7974,7207,7292
466: 807
467: 666,475,535
7128: 6759,7127,7217,7039
9432: 6421,6414,9278,6416,9341,9685
8987: 9219,9239,8881,8879,9081,9037
9670: 9959,9751,4529,9633,9459,4836
472: 473,537
473: 472
9995: 9881,9716,9653,9864,9916
475: 467,666,535
9171: 9173
477: 416,808
8703: 8061,8881,9081,8365,8704
9414: 9879,1118,616,9528,9918
480: 420,544,609
9496: 251,9642,9655,10037,155,9421
9466: 9735,9457,9559,9525,7505,7675
2964: 2870,3262,3656,2865,2772,3850
9711: 10025,9678
9717: 2540,2926,9709,9645,2826,9700
6284: 
8770: 8440,9127,8579,8219,8938,8707
4494: 4393
3782: 3683,3783
4498: 4397
8168: 8392
492: 687,376
6590: 6973,6969,9714,6781,6784
9037: 8824,9194,9162,9081,8987,9239
3222: 2836,3027,2742,3612,3615,3517
7952: 7190,9953,7942,9694
8422: 8046,8276,8688,9892,9634
5871: 5774,5870,5970,6348,6724,6256
499: 755,382
9524: 9734,9459,9282,9959
501: 978,1052,762
502: 9403,2148,9502,2240,2802
9359: 8457,9544,9386,8729,9505,9712
8737: 8338,8479,8474
8627: 8495,9027,9112
9785: 9400,7062,9531,7156
6585: 6586,6871
9427: 740,884,672,9371,9642,1110
3763: 3665,2391,3166,3860,3858,3764
6784: 6688,6781,10012,9714,6590
511: 768,568,634
512: 630
513: 
514: 395
9531: 9400,9785,9559,9457
5027: 4915,5018,4929,5036,5121,5023
6055: 9362,6056,9964,6437,6249,7086
518: 645,647,649
519: 346,402
9652: 5750,6041,9680
521: 9948,402,584
9436: 7550,8032,9534,9390,9346,7548
3867: 4069,4068,3765,3666
9823: 9973,9769,9728,9736
4074: 4073
9286: 9845,9862,9510,9479,9532,2770
527: 9365,9488,9495,1227,1901,1148
9621: 9912,9418,9744,9756,3339,9424
529: 
3482: 
9474: 403,9948
9871: 9820,10017,9985,10018
9310: 7092,9508,7532,9458,9354,9643
2836: 3321,3222,2743,2742,3517
535: 467,475
3903: 3803,4004
537: 472
3327: 9520,3431
9393: 9460,9263,9461,1193,9580,9323
4840: 9868,4941
7563: 9738,7389,9835,7033,7562
9703: 9348,9523,9294,10025
9283: 1421,2024,9576,9251,9415
544: 480,420,609
9507: 9125,9387,9548,9672,9558,9802
3205: 1238,2170,3204
5826: 6226,5725,5727,6128
8919: 8274,8620,8343
9464: 9288,9431,9473,9324
3431: 2841,3327,9520,3627,3531
8163: 9447,9998,8599,8006
9293: 9750,9786,9692,9594
10014: 9167
7179: 7176
9425: 9396,9332,9597,9374,3849,4141
9479: 9532,9595,9605,9845,9286,9411
5543: 5639
9209: 
9267: 10021,9606,9389,9961
4590: 
561: 382,758,760
9756: 9744,9932,3444,3835,9621
563: 760,973,1125
4475: 
6653: 6464,6931,6744,7019
566: 768,568,384
9396: 9332,9425,9597,9620,9834,9375
568: 768,511,442,566
7195: 7371,7198,7545,7010,7009
9211: 9185,9232
9404: 5852,9632,9755,9350,9909
4929: 5036,5142,4817,4826,4915,5027
6618: 
8989: 8824,9194,9038,8882,8991,8990
7198: 7195,7545,6832,6927,7020
10034: 9465,9402,9643,9936,9944,9695
9844: 9681,9984
8550: 8679,8412
9459: 9483,9633,9282,9524,9670,9959
8707: 8705,8938,8064,8142,8219,8770
6357: 6733,6639,6823,6163,6358
9659: 10033,9463,2770,9675,9810,9398
7298: 7119,7386,6939,7646,7560
584: 521
5552: 5249,5849,5653
9977: 9627,9636,9779,7434,9880,10031
9898: 10016,9906
588: 783,645
3666: 3464,3867,3765
5332: 5533,5931
9657: 9698,9883,9791,9853
9618: 9277,9420,9613,9686
9767: 10043,9661,9660,9438,9926,9854
9672: 9673,9548,9863,9507,9802
9904: 9419,9628,9284,9271,9875,9649
596: 599,664,733,731
7050: 7141,7836,7142
9308: 9543,9435,6629,9607,6820,9638
599: 596,664,666
5916: 5613,5713,5813,6797
9281: 9770,9257,9843,9586,948,801
9676: 9706,1132,9991,1211,9468,9439
9298: 9536,9746,9577,9380
3170: 10010,2777,10001,3073,3271
5755: 9533,5159,5060,5361,5657,9394
9377: 9638,9529,6537,9607,9362,6056
5957: 5761,6155,6537,6052,6437,6056
8425: 9236,8695
609: 480,544
9114: 9214,9072,9187
9740: 9344,9875,9395,9795,10029
612: 888,746,890
9251: 9255,9576,9283,9415,9637
614: 889,966,886
9718: 9348,9266,9751,9877,9721,9929
616: 1118,9626,9369,750,9414
9579: 9555,3555,9609,9572,1756,9327
9287: 9322,9445,9315,9526,9403,9313
3246: 3540,3345,3248
8688: 8422,8276,9634,8044,9641
9422: 9462,10000,9442,9591,10032,9994
5887: 
9386: 9359,9544,9778,9712
9288: 9431,9464,9385,9300
6586: 6585,6688,6682
9867: 10035,9471,9343,9992
3589: 3489
9127: 8770,8440,8579,8995,9600,9297
8596: 8081,8729,7673,7839,8457
630: 1367,910,978,512
9170: 9091,9049
7641: 7555,7467,7723,7470,8867,7888
9358: 9577,9380,1805,9493,1067
634: 442,511
3578: 3678,3577
6813: 
6256: 9512,6350,6724,5871,5970
8801: 8619,8805,8683
9297: 9556,9317,9127,8995,9600,9629
6823: 6733,6357,6448,6731,6915
641: 395
9636: 9977,9627,9639,9253,7434,9299
9696: 9860,6797,5813,6011,9724,9764
9429: 5338,9562,9503,9480,9360,9249
645: 518,783,588
2928: 3121,3027,2742,3119,3025,2744
647: 650,649,346,518
3072: 2777
649: 650,647,518
650: 647,649,346
4269: 4266,4367,4168
8718: 
4319: 4427,4218,4422,4108,4314
4331: 9521,4328,4323,4330,4232
9816: 9731,9924
7936: 7850,7769,7770,7771
9333: 9624,9491,9585,9319,9485
4442: 4650,4643,9538,4338,4642
9509: 9453,9303,9477,8282,9449,8631
3717: 3615,3715,3517,3820,3519,3915
661: 876
6537: 6155,5957,6347,9607,6056,9377
9526: 9370,9300,9330,9287,9315,9313
664: 596,599,666,733
8748: 8555,8807
666: 467,475,599,664
9370: 9300,9526,9330,9385,9900,9570
3792: 
5849: 5848,5551,5552,5653
670: 1108,9707,1027,874,1025
8565: 9497,8282,9467,9477,8811
672: 884,9427,251,9642,811,1276
7913: 8076,8075,7996,7494,7579,7911
8029: 7870,7787
6091: 6188
9989: 9763,7276,9993,9314,9347,7617
9502: 9433,9313,502,9403,980,2802
678: 746,744
3084: 2987
9285: 9340,8716,9519,8776,8590
3242: 3144,3342
8526: 8236,9623,7837,8386,8081
683: 2050,1611,9962,10026,1878
3712: 4010,4216,3810,3713,3715,4115
8006: 7761,8163,9998
686: 758
687: 492,755
9491: 2463,9333,9624,2554,9924
5185: 5186,5084,5285
3262: 2870,2964,3656,2967,3559,3856
3073: 2777,3170
9770: 9281,9257,9934,9843,10004,9612
4139: 4045,3559,9591,3755,9442,4343
8590: 8776,9285
9771: 9990,9815,9516
9786: 9893,9692,9293
697: 700,233,834
698: 
7742: 7400,7311,7135,8144,8066
700: 697,233,9345,835
9651: 9831,9942,9963
9695: 9944,9690,9710,9936,10034
9925: 9972,9878
2973: 9662,2584,2778,2974
8242: 8391,8318,8667
6290: 6387,6291
707: 
9952: 9778,10022,8597,7675,9735,9544
709: 1068
710: 781
5086: 5087,4986,5186
9513: 9538,9258,9723,9599,9646,9498
8365: 8704,8766,8292,7902,8703
3400: 3301
7325: 7146,6966,7150,7847,7413,7757
2866: 2967,3363,2390,9595,2580
6028: 5727,5331,6128
718: 9635,927,9245,1557,1392,1075
9440: 9969,9698,9339,9337,9804
9889: 9926,9691,9854,9919,8820,8426
9340: 9285,8716,9519,9594,8898,9750
722: 
723: 792
3783: 3683,3782
8081: 9616,8596,7673,8386,8526
3071: 
6348: 6631,6820,6724,6062,5870,5871
728: 943
2953: 3144,2662
9350: 5148,9604,5154,9632,9404
731: 596,733,876
3517: 3615,3717,2836,3321,3222,3519
733: 876,596,664,731
10022: 9952,9778,9735,9963,9831
3098: 
9272: 9565,9515,9416,9991,835
7832: 7996,7581,7318
9430: 9248,9366,1709,9259
7455: 7791
740: 884,9427,1110,1351,1608,1270
9219: 8987,9239,9560,8879,9504,9122
6724: 6820,6348,5871,9543,9512,6256
743: 744
744: 746,678,743
3057: 2858,3842,3838,2957,3940,3550
746: 890,744,678,612
6405: 6507
9622: 9915,9593,9252,9290,9453,9852
7279: 7791,7942
750: 366,368,616,9626,9946
7413: 7673,8386,7757,7146,7325,7145
6637: 9967,9805
8309: 9649,8383,8453,9284,7993,8152
754: 1449,1286
755: 687,499
9356: 9334,9448,8304,8451,9592,9353
9347: 10015,9314,9763,9989
758: 973,686,561,760
6072: 6071,5975,5977,6266,6358
760: 563,561,973,758
9217: 9120,9238,9218,9640,9420,9307
762: 977,1052,902,501
9992: 9792,9941,10035,9867
9743: 9812,9980
9783: 10015,9314,9687,9833,9953
8179: 
5023: 5031,5123,5027,5036,5121
768: 568,511,566,384
7348: 7259,7349
6665: 6759
6385: 6481,6480
9390: 9486,9534,9928,9436,9484,9346
9304: 3321,2743,9913,9679,9697,3127
774: 840
7289: 7375,7460,7110,6932,7026,7462
4823: 4719,4716,4817,4725,4729,4730
6931: 6464,6653,7019,6930,6749
7818: 7735,7901,7979,7899,8061
9417: 9684,9494,9801,9469,6209
8984: 9292,9545,9450,8820,8821,8426
781: 710
5113: 5214,5215,5010,4917,5317
783: 588,645
9781: 9803,10037,358,9537,9798
785: 
7141: 7050,7581,7142
787: 858,1006
8395: 
9795: 8380,10029,9875,9740,9649,8383
5495: 5395
9936: 10019,9710,9508,9695,10034,9643
792: 793,723
793: 792
794: 2030,1762,1676,9382,2028,9637
4328: 4115,3915,4323,4330,3819,4331
796: 
8480: 8481,8799
7019: 6744,6927,6653,6931,6930,7020
10021: 9267,9961,9731
4643: 4442,4757,4650,4642,4947,4955
801: 1263,1025,948,874,9586,9281
9383: 9326,9589,9793
8273: 9492,9581,8271,9140,8485,9102
5574: 5277,5475,5274,5672,5868,5278
6941: 6848,7123,6849,7033,7562,7300
9913: 9585,9319,2744,9697,2743,9304
807: 9973,466,9821
808: 477,416
6389: 6388
9363: 9245,9552,9291,9980,9635
811: 1193,156,251,672,1276,892
4626: 4616,4725,4621,4525,4527,4729
9284: 9419,9904,8075,7993,8309,9649
5352: 5353,5251
9553: 1539,9339,9337,9366,1973,9259
4263: 4164,4364,4463,4156,4458
8376: 8301,8228,8304,8154,9752,9857
3810: 4216,3712,3713,3907
6832: 6645,7010,6927,6460,7198
2902: 2710,2806
6316: 6420,6037,6022,5724,6223
2912: 3106,2818,2815,2721
823: 1362,1529,1044,1616,1873,1444
3255: 3452,3451,2961,3555,9609
8970: 9140,8419,8555
5587: 
8972: 8921
8372: 7909,8225,8373,8513,8710
3204: 3106,3205
9972: 9925,9819,9748,9878,9500
6093: 5995
7349: 7437,7348
9820: 9871,10018
834: 697,233,9883,1295,9969
835: 9272,9416,700
9400: 9785,7062,9531,7419,9518,9559
7300: 9915,7562,9379,7123,6941,9593
9625: 8121,7965,7884,9568,8276,9391
839: 384
840: 989,774,1216
9389: 9554,2453,9961,9606,9267
9897: 9890,10028,9921,9922,9814,9825
8058: 8431,8363,7733,8056,7979,8639
9305: 6338,9265,9306,9901,10035,9471
9501: 9126,9387,9085,9318,9558
6508: 9860,6797,5917,6018,9575
7516: 7775
848: 996
5873: 5776,5876,5973,5775
7858: 7152,7062,7156
9810: 10010,9244,9822,9675,9659,9398
7646: 6939,6847,9379,7298,7560,9588
9111: 8921
5256: 5051,9539,5154,5355,9490,6339
7248: 7249,9373,7929,9998
6531: 6906
9947: 9834,9375,9693,10032,9870,9994
858: 860,787,1006
10030: 9789,9762,8450,9857,8591
860: 858
861: 864
3994: 4094
9387: 9126,9125,8885,9507,9501,9558
864: 861
8962: 9010
9528: 9247,9372,9414,9295,9918
8964: 9011,9059
9282: 9483,9459,9521,4336,9524,9734
10041: 9957,10038,9990,9815
9442: 9462,9422,9591,4139,4343,9256
8431: 8058,8363,9079,8056,8211,8499
872: 1594,1178,1510,9551,9405,1512,2037
6906: 6531
874: 1027,9674,9586,670,1025,801
9270: 9276,9719,9830,9821
876: 733,731,661
7386: 7119,7298,6934,7117,7560,8208
9019: 9661,9444,9407,8867,8126,7888
4621: 4514,4521,4525,4616,4626
7518: 6979
4123: 4132,4330,3819,3821,4329
7555: 7467,7641,7723,7550,7548,7638
9591: 3755,9582,10032,4139,9422,9442
884: 740,9427,672,1272,1276,1608
6128: 5826,5727,6028
886: 9338,965,966,614
4385: 4284,4285,4485,4486
888: 889,966,612
889: 888,966,614
890: 746,612
9707: 1108,9421,670,9760,9829,9655
892: 1197,1276,811,1193,9323
6716: 6622
3615: 3715,3717,3517,3222,3612,3713
6582: 6583
5775: 5676,5678,5970,5776,5873
897: 372,972,1048,1124
9999: 9866,10027
5839: 5933,5536,5736
9831: 9651,9963,9778,10022
9419: 9628,9904,9284,9260,8076,8075
902: 1125,1124,762
5970: 5774,5871,5676,5775,6256
8228: 8301,8376,8154,7992,8227,8152
3425: 2937,3226,3627,3727,3628
9067: 
9335: 9246,9709,9296,9722,9645,9813
9471: 10035,9867,9343,9305,9306,9614
9472: 9729,10024,7627,7191,8020
910: 1367,630,1449
9835: 9738,7563,9915,7562,9852,9754
9091: 9092,9170
6320: 6420,5424,6022,6021,6421
9808: 9985,9632,9574,10017,9302,9604
9604: 5148,9350,9302,4845,9632,9808
6266: 6550,6265,6358,6072
8097: 9842,8175
5278: 5277,5574,5177,5868
4573: 4574,4675
4719: 4823,4716,4611,4725,4709,4710
9567: 9546,9749,9239,9560,9162,9615
4616: 4725,4626,4514,4621
923: 
7470: 9563,8560,7383,7558,7467,7641
9351: 9970,1756,9555,9535,9541,9411
10040: 368,9460,9782,9907,9626,9580
927: 9635,718,9530,1228,1556,1075
6188: 6091
5620: 5818,5917,6018,5421,6118
9796: 9679,9697,9704,9485,9759,9790
9789: 10039,9762,10030,9727,9939
9530: 9264,1228,9495,9291,9635,927
9764: 9724,9801,9696,6011
5931: 5332,5633
9950: 9775,9329,9837,9699
936: 
9611: 9445,1881,9428,9566,2057
9477: 9467,9290,9453,9509,8565,8282
3248: 3639,3345,3246
3238: 3236
941: 
3027: 3121,2928,2742,3222,3612,3412
943: 728,1097
944: 
5995: 6093
5662: 9367,5856,9578,5663
7383: 7380,7207,7811,7558,7467,7470
948: 1263,801,9281,9257,1261,1180
9981: 9702,9832,9587
3838: 3057,3842,3741,3839,3940,3835
7160: 6884,6696,6886
9715: 9902,9903,9722,9250,9296
4155: 4347,3953,4146,4343,9256,4255
7150: 6967,7417,7847,6682,6966,7325
5633: 5833,5533,5931
8499: 8430,8211,8431,9079,9238,8878
6323: 6223,6219,6126,6226,9861
7992: 7911,8227,7993,8152,8150,8228
959: 157,9446,965,1042
5481: 5676,5678,5480,5578,5581
5807: 5609,5709,6105
4574: 4573,4675
3342: 3145,3144,3242,3340
5110: 5211,5009,5010
965: 886,9338,959,9446
966: 888,889,614,886
7649: 7733,8498,7899,7565,7393,7478
9902: 9715,9903,1810,9250
9812: 9514,9291,9743,9980,9264
5678: 5676,5481,5775,5581,5680,5776
3674: 3774
972: 1048,897
973: 1048,758,563,760,1125
9249: 9360,9583,9562,9429,5225,5129
9800: 9787,9634,9691
7787: 7865,8029
977: 1052,762
978: 501,1052,1367,630
3224: 3421,3127,9679,9704,2937,3226
980: 3093,2802,9502,9433
9876: 9921,9922,3635,9927,4030,9766
6037: 6316,6420,6326,9668,9784
5683: 
9720: 9708,2639,2642,9813,1820
8705: 8991,8938,8707,8142,8766,8882
9366: 9248,9430,9590,9337,9553,9259
9930: 9971,10043,8496,9926,9919,8205
5031: 5123,5023,5136,5138,5036,5338
989: 840,1216,1297
10009: 9517,7066,10012,9880
6056: 9362,6055,5957,6537,6437,9377
8950: 8841,8837,9046,8949
9451: 2280,2189,2098,9954
6911: 9773,9301
4266: 4269,4165,4166,4164,4364
996: 848,1069
9381: 9864,9349,9391,9641,9716
4783: 
5355: 5852,6336,5154,5256,6242,6339
5536: 5335,5833,5839,5933
9630: 9542,9361,9747,9572,9986,9327
6759: 6665,7128,7125,7127
9536: 9298,9577,9268
9320: 9409,9397,9254,9279,9443,9342
5000: 
1006: 1078,787,858
1007: 1395
10016: 9898,9906,9847,9914
6010: 6009,6011,6974,6984
8891: 9005,8779
5093: 5194
7570: 7396,7569,7737,7309,7739,7821
1013: 1251,9741
1014: 
4232: 4336,9262,4132,4330,4331
6583: 6964,6582
9039: 8990,8708,9130,9894,9126,8885
9872: 6047,6052,9658,6337,9873,9964
1019: 1340,9819,9748,1178,1510
7462: 7026,7293,7375,7289,7631,7292
9349: 9864,9381,9391,9568,9688,9423
9811: 9794,9858,9749,9827,9863,9673
3373: 3372,3471
9602: 9523,9266,9280,4826,5142,9454
1025: 1263,801,874,1108,670,359
8199: 8624,8044,9716,8274,8343
1027: 874,9674,9276,9760,670
2987: 3084
8271: 8620,8273,9581,9102
7885: 8126,7888,7721,8042,7965,8046
3803: 3903
8261: 8119,8110
5419: 5413,5215,5818
3385: 
7060: 9518,9525,6781,6969,6967,7417
5294: 5194,5295,5395
10018: 9985,9755,9871,9820,9549
5841: 
2944: 3041,3137,3234
7417: 6967,7150,7847,7060,9525,7505
10038: 9957,10041,3729,9966
1042: 1193,156,959,157,9461
1043: 9663,9758,1611,2416,1782,2231
1044: 823,1529,9326,9273,1616,1446
4347: 4146,4155,4255,4156,4349
5585: 
3839: 3741,3743,3838,9932,10011,3835
1048: 973,972,897,1125,1124
9334: 9617,9448,9356,9938,9917,9353
9862: 9845,9286,9671,9742,9510,9997
3680: 
1052: 977,762,501,978,1286
9978: 9966,9927,9766
9731: 9816,9961,10021,9859,9924
9721: 9959,9751,9718,9929
5776: 5876,5873,5678,5775,5680
3136: 
7877: 7548,8333,9346
8146: 7743,8066,8222,8513,8296
6930: 7020,7110,7019,6931,6749,6932
4978: 4979
7309: 7398,7905,7739,7570,7396
9279: 9481,9250,9320,9254,9443
9641: 8044,8121,8276,8688,9381,9391
5177: 5277,5278
5598: 5697
1067: 9493,1716,9358,1805,1892
1068: 709,1145
1069: 996
7888: 7885,8126,7641,7723,8867,7721,9019
1071: 2074,1987,1387,1225,1553,1227
6847: 6939,7646,9379,6658,6564
9742: 2666,2201,9965,9862,9671,9997
9890: 9897,10028,9921
1075: 1473,1556,718,927,1557,2451
1076: 1644,1477
9066: 
1078: 1006,1152
5175: 5269,5070,5475,5274
4852: 4855,4955,4849,5150,5157,4950
5621: 6118,5224,9384,5920,5722,9475
3764: 4165,3665,3763,3858,3765
9963: 9942,10022,9651,9831
2940: 3037
7932: 7770
9571: 9556,9982,10003,10005,9824,10039
7775: 7516,7428
8170: 7340,7929,9373,7765
1089: 
5274: 5475,5574,5175,5269,5572,5672
9607: 6629,6347,6537,9638,9377,9308
1092: 1170,1169
5421: 5417,5123,5620,5818
9583: 9360,9249,9452,5129,5426
9683: 9842,8175
9746: 9757,9958,9298,9380
1097: 943
9322: 9445,9287,2424,9403,2148
7562: 9915,7300,6941,7033,7563,9835
7903: 8064,8142,7739,7821,8292
3091: 3090,2802
9512: 6350,6256,9406,6724,9543,9540
4569: 4566,4665,4565,4865,4867
9452: 9360,9583,9678
9341: 9914,9685,9432,6416,6327,9896
4665: 4462,4565,4661,4569,4865,4660
4939: 4736
1108: 9371,9421,9707,670,1025,359
9939: 9727,9789
1110: 359,1187,9371,740,9427,1351
9780: 2362,1561,9905,9937,9840,9895
3776: 3777
3382: 3480
6414: 6021,6421,9278,9432,9475
9927: 3634,3635,9966,9978,9876,9766
4703: 
5664: 5269,5466,5765,5572,5961
1118: 616,9369,1197,9414
9514: 9812,9321,9388,9488,9264
8208: 7974,8356,7560,7386,7117,9355
6249: 9964,9776,6055,6246,9817,7086
9760: 9276,9829,9736,1027,9707
9624: 2463,9333,9491,2553,2738,9319
1124: 1125,902,1048,897,372
1125: 902,1124,1048,973,563
9791: 9657,9883,9699,233,9345
3842: 3057,2858,3838,3646,3450,3741
5348: 5551
9125: 8885,9387,9507,9038,9242,9548
9441: 9853,9590,9804
3279: 3280
1132: 9676,9706,1444,1873,1620,1211
1133: 181,9339,1539,2151
2873: 2776,9608,9364,2968,2391,3464
2963: 3458,3849,3555,3552
1136: 1375,1215,1297
6280: 
9345: 700,233,9775,9699,9791
8373: 8225,8372,8710,9317,9982,8943
7127: 7125,7565,7393,6759,7128,7217
9402: 9465,9354,10034,9643,9499
5951: 9367,6144,9490
4345: 9522,9331,4450,4240,4444,4448
6939: 6847,7646,6658,7298
1145: 1303,1068
3612: 3713,3412,3027,3222,3615
3210: 3504,3211,2824,2822,2728
1148: 1472,527,1228,9495,1901
9759: 9796,9485,9790
9777: 4839
7532: 7095,9458,6915,6733,9310,7092
1152: 1477,1078
9956: 9856,9830,9674,9586,9843
9447: 8163,9998,9373,9434
9991: 9676,9706,9272,9515,9468
9690: 9944,9695,9763
9958: 9746,9757,9818,9380,1302
4491: 4391,4390
1159: 1240,1314
6265: 6550,6266,6461,6645,6460
4650: 4442,4757,4643,4548,4338,4655
4871: 4771,4870,4968,4969,4773
9678: 9711,10025,9480,9360,9452
9589: 9383,9326,9923,9809,9273
9355: 9588,9252,8356,7560,8208,9478
8838: 8837,8835,8841
9456: 9545,9378,9277,9984,9828,9686
8990: 8708,9039,8991,8989,9038,8885
1169: 1251,9741,1170,1092
1170: 1092,1169
2983: 
9326: 9383,217,9589,9273,1529,1044
7092: 9310,9561,9508,6915,7360,7532
9805: 6637,9967,9647,9650,9773,6731
4192: 4293,4292
7062: 9400,9785,7419,7858,7152,7156
8453: 8309,8383,8152,8154,9617,9448
1178: 1594,1510,872,1340,1019,1592
9457: 9735,9466,9559,9531
1180: 1261,1428,1263,948,1187,1600
5302: 5403,5202,5201
9357: 1732,2822,9397,9342,9761,2728
9704: 9679,9796,2841,9790,3224,2937
4773: 4771,4871,4876
8983: 9237,8205,8701,8820,9919,9292
6058: 5964,5961,5959,6155,6349,6347
1187: 359,1110,1263,1180,1687,1600,1351
6084: 6085
7276: 9993,7098,9989,7368,7191,7617
9140: 8970,8419,8485,8273,9102
9975: 10006,9817,9725
6105: 5807,7252,6007
1193: 811,156,1042,9393,9461,892,9323
5852: 5355,6336,9404,9909,5455
6896: 6516
8412: 8550,8679,8192
1197: 1272,1276,892,1118
1198: 9295,1527,9247,2135,1867,1610
5250: 5451,5249,5452
6973: 6590,6969,7419,7152
3628: 3731,3335,3531,3425,3627,3727
2937: 3425,3226,3627,9704,2841,3224
3079: 3176
9980: 9812,9291,9743,9363
8766: 8365,8704,8882,8292,8142,8705
6291: 6388,6290,6387
6900: 
9263: 9460,9393,9461
9475: 9511,5621,9384,5920,6021,6414
4789: 4891
1211: 1706,1793,9676,1132,9439
9865: 9757,9818
4655: 4658,4858,4548,4553,4757,4650
9017: 9016,8960,8861,9983
1215: 1297,1136,1375
1216: 989,840
9875: 9344,9271,9740,9904,9649,9795
8451: 8450,8521,8304,9356,9592
10031: 10012,9880,9714,9977,9779,9753
9919: 9926,9889,9930,8983,8205,8820
9966: 9978,3729,10038,3634,9927
9839: 9650,9920,9773,9603
9828: 9681,9984,9739,9545,9456,9450
8821: 8426,8695,9450,8984,9976
1225: 9365,9557,1387,9470,1071,1227
7086: 10042,6249,9362,6055,6246
1227: 1553,1901,9365,527,1225,1071
1228: 9530,9495,927,1472,1148,1556
9303: 9453,9852,9509,9754,9885,9449
3771: 3772
9462: 9797,9489,10000,9422,9442,9256
7542: 7283,7627,7368,7014,9499,7098
7398: 7309,7905
9511: 9575,9601,9475,9384,9278
5910: 6009,5713
8186: 7631,8032,9289,8031,7375,9534
8710: 8513,8296,8995,8372,8373,9317
1238: 3205,3207,2170,9409
9313: 9502,9433,9287,9526,9330,9403
1240: 1159
4521: 4322,4525,4314,4422,4621
3734: 3634,3635,3727,3731,3928,3733
5283: 
9254: 9320,9409,9481,9279,1991
9556: 9317,9297,9571,9982,9629,10005
1246: 1494
4236: 3934
3678: 3777,3578,3778
10023: 9970,1756,9327,9542,9965,9671
9901: 9658,6335,6338,9305,10035,9941
1251: 1169,9741,1013
3646: 2578,2022,2389,3450,3741,3842
6622: 6902,6716
9438: 9892,9787,9661,9407,9767,9854
8225: 7909,8372,8150,8373,8227,8943
8274: 8919,8343,8624,8199
8917: 8916,8807,8805
4997: 
7440: 7353,7265,7352
7478: 7564,7565,9846,7649,8498
1261: 1512,1428,1180,9257,948,9551
9420: 9640,9277,9618,9217,9613,9307
1263: 1025,948,801,359,1187,1180
8126: 7885,7888,9019,9407,8046
3364: 9619,2580
4839: 9777,4637,4941
8178: 
3184: 
8336: 8265
1270: 1608,1525,1436,740,1864,1351
6645: 7010,6832,6549,6550,6265,6460
1272: 1197,1276,884,1608,9372
9643: 9402,9354,10034,9936,9310,9508
9548: 9242,9615,9863,9125,9507,9672
9846: 9754,9885,9738,7564,7478
1276: 1272,1197,892,811,884,672
10039: 9789,9762,9571,10003,9824,9727
3641: 3151,3545,3448
3533: 3434
4255: 4057,3957,4156,4347,3953,4155
1281: 9809,9273,1532,1446,1617
8619: 8861,8801,8683
4364: 4164,4263,4463,4266,4367
9874: 9669,9737,9747,9665,9899,9774
4694: 
1286: 754,1052,1367
5298: 
7996: 7832,7668,7581,7318,7494,8076,7913
9395: 9505,9712,9344,9740
7119: 7298,7386,6934,6749
9537: 9338,9803,9781,9446
9601: 9575,9511,9860,9724,9309
4891: 4789
9343: 9867,9471,9614
1295: 9969,834
4284: 4285,4385
1297: 1215,989,1136
9360: 9249,9583,9452,9678,9480,9429
9935: 9955,4329,4132,9262,9328,9814
2881: 2974,2685,2691,2689
9505: 9395,9712,8729,8663,9359,9344
1302: 1549,1805,9958,1384
1303: 1145
4582: 4481
2974: 2881,2685,2778,2973
8495: 9027,8627,9157
5639: 5543,5640
8143: 8064,7905,7311,8219,8144
9016: 9017,9010
7769: 7850,7936,7767,7770
4603: 
1312: 1729,9882,1644,9745,9552
9713: 9520,9990,9516,3335,3531,9957
1314: 1159
9408: 5044,9302,9352,9482,4641,9574
4216: 4010,3810,3712,3907,4108,4218
8383: 8309,9649,8453,8380,9795,9617
9712: 9395,9505,9359,9386
3819: 4330,4123,3821,3820,4328,3915
8943: 10003,9752,8225,8373,9982,8301
5036: 4929,5138,5142,5027,5031,5023
4855: 4955,4852,4757,5159,5157
7670: 7837,7836
9525: 9518,7060,9559,7417,7505,9466
7190: 7952,9953,8020,9687,9951
3367: 2776,9364,9261
1327: 
9130: 9600,9894,8440,8708,9039
5361: 5363,5657,5062,5163,5755,5060
6246: 9817,9725,6249,7086,6439
4559: 4661,4553,4448,4450,4458,4462
7935: 8015,7934,7771
3476: 
7353: 7352,7440
6201: 6100,9631
1336: 1502,1759,1504
9996: 9794,9858
3586: 3487,3486
9729: 9472,10024,7627,9705,9486,9928
1340: 1019,9819,1178,9399,1506,1592
5833: 5633,5335,5533,5536,5933
6448: 6541,9967,6731,6823
9519: 9340,9285,9594
10033: 9463,9659,2770,2580,9532,9619
9588: 9593,9252,9355,7646,9379,7560
5304: 5204
9424: 3339,3536,9621,9418,9772
9468: 9473,9439,9676,9991
6022: 5129,5724,5424,6316,6320
4687: 4585
1351: 1864,1687,1187,1110,740,1270
6964: 6583,7146,6871,7145
4081: 
9295: 1527,1198,9528,9247,9758,9918
9276: 9760,9270,9830,1027,9674
5889: 5789
9024: 9069,8868,8921
3774: 3674,3874
9864: 9349,9381,9688,9916,9716,9995
3701: 
6902: 6622
1362: 823,1529,366,424,1698,1873
9685: 9341,9914,9278,9432,9908,9847
1364: 9933
9338: 886,965,9537,9446
6278: 
1367: 630,910,978,1449,1286
9012: 9059
10005: 9664,9824,9629,9556,9571,9960
9737: 9669,9874,2024,9665,2021
5281: 5180,5480
6695: 6598,6696
8479: 8338,8737,8540
5390: 5389,5490
1375: 1136,1215,1461
3818: 3821,3820,3519,3421,3526
3577: 3578
9596: 9497,8282,8631,8694,9971,9368
9881: 9995,9653,9492,9581
6662: 6849,7033,7389
5121: 5417,5317,5018,5027,5023
9437: 9592,9353,9336,9893
5123: 5031,5023,5136,5421,5224
1384: 9818,1806,1549,1302
7965: 9625,7884,8042,7885,8046,8276
6009: 5910,6010,9627
1387: 9470,1721,1225,1984,2074,1071
3957: 4255,3858,4057,3860,3956,3953
5813: 5916,5713,6797,9696,6011
4483: 
5649: 5548,5550
1392: 1557,1995,9245,1729,718
9561: 7092,9508,9301,9667,7360,10019
9274: 9631,9253,9299,7252,6003
1395: 1007
7679: 8460,7680
5010: 4910,5110,5113
10028: 9897,9890,9825
3025: 2649,2830,2744,2926,3119,2928
9302: 5044,4845,9408,9574,9808,9604
9521: 4331,9269,4336,9483,9282
3545: 3449,3448,3641
5663: 5959,5765,5564,5662,5761
3715: 3615,3717,3713,3712,4115,3915
6126: 6226,5725,5328,6323,6219
1406: 1573,1572,1571
8343: 8919,8274,8620,8199,9716,9653
9949: 2761,9931,9888,3251,9682,3153
9070: 9976,9236,8630
5104: 5204
4131: 
1412: 1841,1666,1838
9277: 9640,9420,9618,9378,9456,9686
1414: 
6376: 6375
6327: 9896,9644,9401,6416,6326,9341
3137: 3041,2944,3236
9883: 9698,9657,9791,233,834,9969
1419: 1502
1420: 
1421: 9283,9665,9576,2119
8716: 9340,9285
9809: 1281,9273,9933,9923,9589
9415: 2305,2028,9637,9251,9283,2024
9079: 8431,8363,8499,9238,9218,9122
9646: 9887,9599,10027,9513,9723
9535: 3458,9555,9351,9541,2865
1428: 1261,1512,1180,1861,1772
4141: 3949,3850,3458,3849,9425,9597
9779: 9977,9627,10031,9753
9329: 9775,9950,9487,9837,9565,9416
7905: 7398,7309,7739,7311,8143
7865: 7787
8905: 8904
9460: 9263,9393,9782,9580,10040
1436: 1525,1270,1864,1777,1778,1867
4045: 3559,3856,4139,3956,3953,4343
4240: 4450,4349,9489,4146,4345,9331
3386: 3485
7146: 6871,6966,7325,6964,7145,7413
8008: 7682
7988: 7744,7494,7579,8222,7909
9836: 9426,8120,8262,9702,9587
1444: 9706,1132,823,1616,1873
9734: 9524,4336,9569,9282
1446: 1704,1616,1617,1281,9273,1044
7673: 7413,8386,7757,7839,8081,8596
9301: 9667,9603,9773,6911,7360,9561
1449: 754,1367,910,1619
5142: 4929,5138,5036,4826,9602,9454
4146: 4347,4155,9256,9489,4349,4240
9869: 9806,9487,9974,1532,1617
9497: 8565,8282,9596,8811,9584,9368
9769: 358,9656,9728,9823,9736
5163: 4865,4660,5062,5064,5363,5361
4716: 4823,4719,4817,4710,4811,4915
9708: 9720,1816,9903,9722,9813
8679: 8550,8412,8481,8799
5920: 5722,5225,5424,5621,9475,6021
6629: 6349,6347,9607,6631,6820,9308
1461: 1800,1375
9469: 9309,9908,9847,9801,9494,9417
5736: 5839,5637
9236: 8425,8695,9070,9976
9508: 9310,7092,9561,10019,9936,9643
9658: 6337,6335,9901,9872,9941,9873
9666: 9648,9726,9849,9979
9763: 9989,9944,9690,9993,9347
4314: 4319,4422,4521
6439: 6246,9725,6912
9860: 6508,6797,9696,9575,9601,9724
1472: 1148,1228,1556,1727
1473: 1556,1727,1075,2451,2643,1816
9325: 9476,9398,9463,9608,9364,9261
9489: 9462,9797,4146,9256,9331,4240
9077: 8928,9119
1477: 1152,1076
9547: 9598,9923,9275,9933
6733: 6639,6357,6823,6915,7532,7095
7870: 8029,8265
7434: 9631,9253,9977,9636,9517,9880
7265: 7354,7440
1483: 1651,2361
9606: 2362,9905,9389,9267
3777: 3678,3776,3778
7396: 7570,7569,7130,7309
1487: 9730,1738,1739
1488: 2451,2364,1557,1995,2552,2453
3639: 3345,3643,3248
7839: 8597,7503,7673,7757,8596,8457
3835: 3940,3444,3839,3838,9756,9932
7033: 6849,6662,6941,7562,7389,7563
3713: 3612,3615,3715,3810,3712
1494: 1246
9074: 9214,9072
9858: 9794,9811,9996,9827
1497: 1931,2483
9268: 2156,1630,9536,9577,9493
7581: 7319,7318,7141,7832,7668,7142,7996
5408: 5308,5508
9392: 4322,4427,4422,9269,9483,9633
1502: 1419,1336,1759
5722: 5920,5225,5136,9562,5621,5224
1504: 1849,1583,1336,1759
9544: 8457,9359,9386,8597,9952,9778
1506: 2033,1853,1592,1340,1676,9399
3448: 3545,3449,3251,3641
9802: 9558,9507,9672
9754: 9846,9885,9738,9835,9303,9852
1510: 1178,872,9405,1019
5548: 5649
1512: 1261,1428,9551,872,1772,2037
2968: 9619,9608,2873,2391,3166
3294: 3295
3471: 3470,3372,3373
6916: 7095,9458,7010,6549,9550,7009
9516: 9990,9771,9713,9520
8015: 7935,7934
9682: 3251,9949,9888
9990: 9815,9771,9516,9713,9957,10041
5159: 5755,9533,5157,5060,4855
7794: 7630,9705,9289,7371,7283
6481: 6385,6480
9372: 9528,9247,1272,1608,1525
1525: 1608,1270,1436,9247,9372,1867
7161: 
1527: 9295,1198,9758,2047,1610,1782
9376: 9484,9346,9413,8333,9426,8262
1529: 823,1362,1044,9326,217,424
10010: 3170,9244,9810,9822,10001
9483: 9633,9459,9282,9269,9521,9392
1532: 1619,1281,1617,9869
5403: 5302
3858: 4057,3957,3860,3763,4165,3764
4177: 4278
9577: 9358,9380,9298,9536,9268,9493
8457: 9359,9544,8597,7839,8596,8729
5978: 5977
1539: 2061,2151,9553,9339,1133,1973
8879: 8881,8639,8363,9122,8987,9219
9461: 9263,9393,1193,1042
1542: 2715,2526,2153,1800,2156,2341
7505: 7503,7675,7417,7847,9525,9466
9258: 9513,9538,9723,9412,9573
1545: 
9970: 9351,10023,1756,9845,9671,9411
7735: 7901,7818,7393,7217,7899
9739: 9681,9828,9450,9976
1549: 1894,1302,1384,1806,1721
5878: 5977,5876,5975
9968: 9549,9909,6140,5455
6979: 7518
1553: 1810,1227,1901,1987,1071,1902
9735: 9466,9457,7675,9952,10022
4525: 4322,4521,4529,4621,4626,4527
1556: 1473,1727,1075,1228,927,1472
1557: 1995,1392,718,1075,2451,1488
9732: 334,9850
7973: 7811,7558,8356,9478,9467
3765: 4068,3867,3665,3666,3764
1561: 2552,2362,9780,9895,1995
6969: 6590,6973,7419,6781,9518,7060
3837: 3536,3942,3444,3947
9421: 1108,9371,9707,9655,9496,9642
7627: 7283,7542,7368,9705,9472,9729
8296: 8513,8710,8995,8221,8146,8579
4069: 4169,3867
3915: 4328,4115,3715,3717,3820,3819
9229: 9185
8995: 8710,8296,9127,8579,9297
1571: 1572,9730,1406
1572: 1571,1573,1406,1740
1573: 1406,1572
10032: 9591,9582,9947,9375,9994,9422
5882: 
8471: 
9851: 93,133,33
9916: 9688,9864,9995
3550: 3942,3940,3057,2957,2961,3451
5508: 5408,5509
9884: 9667,9603,9848
9924: 9859,2554,9731,9816,9491
1583: 1504,1849,1759
5977: 5978,5878,5975,6072
5551: 5348,5849,5848
9253: 9631,9274,7434,9299,9636
4448: 4559,4553,4345,4450,4444,4548
9745: 1644,1312,9882,10008
6378: 6474
8282: 8565,9497,9596,9477,9509,8631
5455: 6140,9909,9968,5852,9265
1592: 1853,1855,1506,1340,1594,1178
7638: 7548,8333,7555,7723,7721,7719
1594: 1178,872,2036,2037,1855,1592
5317: 5417,5121,4917,5018,5113,5215
5087: 5086,4986
9480: 10025,9678,9294,9503,9429,9360
9564: 9610,9613,9307,9504,9560,9546
5194: 5093,5294,5295
1600: 1687,1187,1180
9166: 9167
9971: 10043,9368,9930,9596,8694,8496
8614: 8677,8478
8419: 8970,9140,8485,8417,8346,8555
8794: 
9458: 6916,7532,7095,9310,9354,9550
9342: 9443,9246,9320,9397,9357,9761
1608: 1525,1270,740,884,1272,9372
4087: 
1610: 1957,2047,2135,1527,1198,2136
1611: 683,2050,9962,9663,1043,2231
4100: 4000
6077: 6078
9157: 8978,8495
6371: 6275
1616: 1704,1446,823,1044,1444
1617: 1704,1446,1281,1532,9806,9869
3857: 3460,3860,3956
1619: 1532,1449
1620: 1873,1132
9486: 9534,9390,9928,9705,9289,9729
1622: 1881,2236,2145,1793,9428,9527
4950: 5051,4852,5150,5157,5359
5964: 6058,5572,5961,5672,5965,6349
5572: 5964,5961,5269,5664,5274,5672
5269: 5175,5366,5664,5070,5274,5572
9145: 9205
3934: 4236
8636: 8496,8429,8632,8694,8358,8430
1630: 1978,9268,9493,1716,1890
9662: 2973,10001,9822
8677: 8614,8478,8676
8861: 8960,8619,8683,9983,9017
9484: 9376,9346,9413,9390,9928,9733
5051: 4950,5256,5150,5148,5154
3460: 3857,3860,3956,2967,3363,3856,3166
3464: 3666,2776,2873,3665,2391
4941: 4839,4840
9929: 9721,9348,9718
9348: 9523,9266,9718,9929,9703
5848: 5849,5551,6041
5550: 5649,5750
5202: 5201,5302
1644: 1076,9745,1312
9723: 9513,9258,9646
8075: 8076,7913,9419,9284,7911,7993
9749: 9546,9567,9827,9615,9863,9811
9848: 10019,9710,9667,9884
4422: 4427,4319,4314,4322,4521,9392
8392: 8168
1651: 2361,1483,1996
7630: 7794,7371,7545,8031,7460
5328: 5426,6219,6126
9494: 9684,9417,9469,9847
7761: 8006,8005
7110: 6930,7020,6932,7289,7460
10042: 7086,9362,9529,9920
8597: 7503,7839,7675,8457,9544,9952
9863: 9615,9548,9749,9811,9673,9672
4332: 9955,4329,4030,3722,3733
3295: 3294
4462: 4665,4458,4463,4559,4661
4004: 3903,4104
7680: 7679
9318: 9085,9960,9501,9664
1666: 1840,1838,1412
9612: 9551,9405,10004,9770,9257
9824: 9664,10005,9727,9571,10039
9998: 9447,8163,7248,9373,8006
7380: 7383,7207,7292,7550,7467
9680: 6041,9652
8221: 8219,8144,8066,8579,8296
9520: 3327,9713,3431,9516,3531
6671: 6672,6575,6576
9700: 9761,2728,9709,2540,9717,2824
1676: 9399,9382,2033,1506,794,2030
9518: 7060,9559,9525,6969,7419,9400
9750: 8658,8898,9692,9340,9594,9293
7163: 6978,6886,6884
6011: 6010,5813,9696,9764
5961: 6058,5572,5964,5664,5765
9549: 9909,9968,10018,9755
9510: 9675,9997,9862,9286,2770
8898: 8658,8591,9750,9340
7428: 7775
8020: 7191,9687,7617,9472,7190
1687: 1864,1861,1953,1600,1351,1187
5300: 5400,5200
9776: 9964,6249,9792,9873,10006,9817
5380: 
9798: 9829,9655,358,10037,9781
9792: 9941,9992,9873,9776,10006
3956: 3460,3857,3860,4045,3856,3953,3957
8978: 8630,9157
6391: 
4849: 4955,4852,5150,4947,5044,4845
6672: 6671,6576,6767
1698: 10026,366,1362,1784,1873
4585: 4687
9931: 9949,2761,9888,1931,2578
9434: 9373,9447
9896: 6327,9644,9341,9914,9906,10020
9409: 9320,9397,9254,2170,1991,1238
1704: 1616,1446,1617,9806,9515
9353: 9592,9437,9334,9356,9917
1706: 1211,2145,1878,1793,1784
6516: 6896
9517: 7066,10009,9631,7434,9880
1709: 2244,9259,9430,2526,2153
9993: 7276,9944,9465,9763,9989
5148: 9604,9350,5154,4845,5150,5051
10020: 9896,9644,9906
8624: 8199,8044,8274
2848: 2752
10026: 1698,9946,1784,683,9962
1716: 9493,1067,1630,1892,1890,2251
9623: 8236,8526,9260,9616,9628
3743: 3741,3839,2761,2389,3742,10011
9399: 1676,9382,1340,9819,9500,1506
9730: 1571,1487
1721: 1387,9470,1549,1894,1984
9072: 9114,9214,9074
9465: 9402,10034,9944,9993,7098
8593: 8661
9994: 9838,9870,9947,10032,10000,9422
5902: 
1727: 1473,1556,1472,9903,1816
9252: 9588,9593,9355,9622,9478,9290
1729: 1312,9882,9245,9552,9895,1392
6307: 6598
4165: 4166,3764,3858,4057,4164,4266
1732: 9357,2822,9397,3207
9906: 9898,10016,9914,9896,10020
9573: 4642,4641,9538,9258,9412,9352
9238: 9120,8878,9217,8499,9079,9218
9741: 1251,1169,1013
6338: 9305,9265,6336,6242,6335,9901
1738: 1739,1487
1739: 1738,1487,1740
1740: 1572,1739
9801: 9724,9764,9469,9309,9417
8119: 8261,7880,8110
9085: 9960,9318,9894,9126,9501
3285: 3284
4115: 4328,3915,4323,3715,4010,3712
9248: 9366,9430,9590
1747: 2395,2111,2021,9669,9361,2666
9961: 9554,9389,9267,10021,9859,9731
9590: 9337,9804,9441,9248,9366
3093: 980
6967: 7417,7150,6781,6682,7060
9818: 1384,9865,9757,9958
9813: 9645,1820,9722,9708,9720,9335
9814: 9328,9825,9955,9935,9922,9897
5353: 5251,5352
1756: 9351,9970,10023,9327,9579,9555
9825: 9328,9814,9897,10028
5709: 5609,5807,5710,6007,6204
1759: 1502,1336,1504,1583
9627: 9977,9636,9779,9639,6009
6052: 6047,9872,5856,5761,5957,6437
1762: 794,2030,2586,2028,2212,2492
7945: 8026
9821: 9719,807,9270
9245: 9363,9552,1729,9635,718,1392
9799: 9522,9331,9689,9797,9887,9599
7191: 8020,7617,7276,7368,9472
9495: 9530,9264,1228,527,9488,1148
6425: 6419
9331: 9522,4345,9799,9797,9489,4240
5186: 5185,5086,5287
1772: 1950,2037,1512,1428,1861,1951
9011: 8964
4169: 4069,4068,4271,4168
7066: 9517,10009
9529: 9638,9377,9943,9362,10042,9920
1777: 2133,1864,1953,1436,1778
1778: 2044,2135,1867,1436,1777
6541: 6164,6163,6448,9406,9967,6071
9944: 9695,9690,9465,10034,9763,9993
4675: 4574,4573
1782: 2416,2321,1527,9758,1043,2047
7467: 7555,7641,7383,7380,7470
1784: 1873,1698,10026,1706
9940: 1806,9316,9788,10002
8663: 9616,8729,9344,9271,9505
8639: 8061,8881,8879,7979,8058,8363
9790: 2841,9759,9796,9704
6517: 6709,9855
2815: 2719,2721,2531,2912
9576: 2119,9251,1421,9283
3821: 3820,3818,3722,3819,4123
1793: 1211,2145,1706,9439,1622,9527
9794: 9858,9811,9996,9673
9119: 9077
3497: 
3940: 3942,3550,3444,3835,3057,3838
6820: 6631,6348,6724,6629,9543,9308
9628: 9419,9904,9623,9260,9616,9271
1800: 1461,1542,2153,2156
9332: 9396,9425,9374,9620,9772
8616: 7962,9587,8120,9568,9423
7437: 7349
9592: 9353,9437,9336,9356,8451,8521
1805: 1894,1302,9358,1067
1806: 9940,9316,1384,1549
9692: 9893,9786,9336,8658,9750,9293
6464: 6653,6931
8363: 8431,8058,9079,8879,8639,9122
1810: 1553,1901,1902,9250,9902
8142: 7903,8064,8292,8766,8705,8707
5680: 5581,5678,5776
9946: 10026,750,9879,9962
4278: 4177
2895: 2896,2704,2800
1816: 9708,1473,1727,2643
4910: 5010,4809
5699: 
8844: 8784
1820: 9645,9813,2826,9720,2639,2733
8729: 8596,8663,8457,9359,9505
9449: 8632,8631,9303,9509,9885
9642: 9496,251,9371,9421,9427,672
5975: 6071,6072,5876,5973,5977,5878
9953: 7190,7952,7942,9783,9687,9833
8904: 8905
9543: 9435,9308,9540,6820,6724,9512
7757: 7413,7673,7325,7847,7503,7839
5804: 5705,5904
9443: 9246,9296,9342,9279,9320
9684: 9494,9417,6507,6209
9647: 9967,9805,9943,9435,9540,9650
1833: 1921
9296: 9443,9246,9335,9715,9722
3555: 9579,9555,9609,3255,3452,3552,2963
1836: 
9560: 9219,9239,9504,9564,9546,9567
1838: 9765,1840,1666,1412
6768: 6767
1840: 9677,1666,1838
1841: 1412,2199
9768: 9753,9714
9255: 9878,9251,9500,9382,9637
1844: 1931,2578,2022
5009: 5110
3145: 3144,3342,3340
9819: 1340,1019,9748,9972,9500,9399
6155: 5761,5957,6537,5959,6058,6347
1849: 1504,1583,2119
9554: 9389,2453,9961,1915,9859
9817: 6246,9725,6249,9776,10006,9975
7778: 7354
1853: 2033,1855,1506,1592,1943,2218
9552: 9363,9245,1729,1312
1855: 1853,1592,1594,2036,2407,1943
5253: 
3552: 9374,3947,3452,3555,2963,3849
4390: 4391,4491
6480: 6576,6385,6481
3037: 2940
1861: 1687,1953,1428,1772,1951
5637: 5736
9854: 9926,9691,9889,9767,9787,9438
1864: 1687,1953,1351,1270,1436,1777
9719: 9830,9821,9270
9726: 9668,9784,9861,9849,9979,9666
1867: 1778,2135,1525,1436,9247,1198
3849: 3458,2963,3552,9374,9425,4141
5070: 4969,5462,5175,5269,5366
9563: 8811,8560,7470,9584,8867,9444
8042: 7721,7719,8033,7885,7965,7884
9574: 10017,9482,9302,9408,9808
1873: 1784,1620,823,1362,1698,1132,1444
5007: 4907
9850: 334,9732,446
8033: 7719,8042,8120,8262,7884
9631: 9274,9253,7434,6201,9517
1878: 2145,1706,683,2050,2234
9847: 9469,9908,9914,9685,9494,10016
9778: 9952,10022,9544,9386,9831
1881: 1622,2236,9428,2610,9611
9908: 9469,9309,9847,9278,9685
8555: 8748,8417,8970,8419
7565: 7125,7127,7564,7393,7478,7649
9239: 8987,9219,9560,9037,9162,9567
6915: 6731,7360,6733,6823,7092,7532
10013: 9412,9352,9482
7081: 7342
9578: 9410,9311,9455,5564,9367,5662
1890: 2719,2251,1978,1630,1716
9264: 9530,9495,9514,9812,9291,9488
1892: 2161,2072,1067,1716,2251,2531
2926: 2540,9717,3119,2826,3025,2830
1894: 1549,1805,1721,2072,1984
9747: 9669,9874,9774,9986,9630,9361
9614: 9306,9471,9343
5295: 5395,5194,5294
9261: 9364,9476,9325,3470,3367
2806: 2524,2902,2523
5308: 5408,5207
1901: 1810,1553,1227,527,1148
1902: 9481,1987,1810,1553,2079
10036: 9891,9744,9932,10011
9394: 5657,5755,9533,9410,5754,9455
3119: 2540,2926,3025,3121,2928
3820: 3821,3519,3818,3717,3915,3819
5876: 5776,5873,5973,5975,5878
9503: 9294,9454,5138,9480,5338,9429
1909: 
9660: 9661,9444,9584,10043,9368,9767
5363: 5361,5462,5657,5163,5064,5167
9882: 1729,1312,9745,9840,9895,10008
5480: 5578,5281,5481
9637: 2028,9415,9251,9255,9382,794
1915: 9859,2554,9554,2459,2551
8265: 8336,7870
1917: 2279
9352: 9412,10013,9482,4641,9573,9408
3519: 3820,3818,3321,3717,3517
6326: 6416,6420,6037,9668,6327,9401
1921: 1833
9954: 2010,2098,9451
8044: 8624,8199,9641,8688
9346: 9376,9484,9390,9436,7548,7877,8333
9928: 9486,9390,9729,10024,9733,9484
9911: 9979,9644,9401
9969: 1295,9440,9698,9883,834
4809: 4709,4710,4910
5792: 5891
6978: 7163
1931: 1497,1844,9931,2578
9849: 9701,9726,9861,9666,9648
5492: 
4320: 4427,4218,4010,4323,9269
2822: 1732,9357,2728,3504,3210
4917: 4811,5018,5113,5317
4179: 4280
9853: 9441,9698,9657,9804
5200: 5201,5300
3635: 3634,3734,9927,3733,4030,9876
4606: 4605
4450: 4349,4458,4240,4345,4559,4448
1943: 2407,1853,1855,2218,2311
7340: 8170,7929
9112: 9027,8627
4083: 3982,3983
5475: 5277,5274,5574,5175
9038: 9194,8989,8990,9242,9125,8885
4729: 4937,4527,4725,4626,4823,4730
1950: 1772,2036,2037,1951,2131
1951: 2133,1861,1953,1772,1950
4817: 4823,4716,4826,4730,4915,4929
1953: 1864,1861,1687,1951,2133,1777
9845: 9862,9286,9671,9970,9411,9479
9722: 9715,9903,9708,9296,9335,9813
9312: 9733,9951,9413,9886,9694
1957: 2228,2047,1610,2136
3236: 3238,3041,3137
6483: 6388,6387
3990: 3991
4990: 
7314: 7135,7402,7743
3480: 3382
7962: 8616,9587,7880,9423
9534: 9486,9390,9289,8186,8032,9436
4307: 4514,4306
8236: 8526,9623,9260,7836,7668,7142
5705: 5804
3772: 3771
8620: 8919,8343,9653,9581,8271
5154: 5148,9350,5051,5256,5355
8683: 8805,9983,8801,8619,8861
1973: 2244,9259,1539,2061,9553,2336
9679: 9796,9697,9704,9304,3127,3224
5395: 5295,5294,5495
8916: 8807,8805,8917
5426: 6219,9583,5328,5724
1978: 2341,1630,2249,1890
3795: 
4168: 4166,4169,4068,4269
7579: 7988,7494,7913,7909,8150,7911
6709: 6517,9855
9626: 616,9369,9580,750,368,10040
1984: 2074,1894,1387,1721,2253,2072
4937: 4527,4729,4836,9877,9280,4730
9675: 9510,9810,9822,9659,2770
1987: 2074,1071,1553,2165,2079,1902
9492: 8273,9581,9881,8485
4000: 4100
8046: 8422,8276,7885,8126,7965
1991: 2170,2538,2441,9409,9254
9401: 6327,9644,6326,9668,9979,9911
9260: 8236,9623,7668,8076,9419,9628
9885: 9846,9754,9303,9449
1995: 1557,1392,2552,1561,1488
1996: 2272,1651,2271
9388: 9365,9557,9488,10002,9321,9514
4661: 4559,4553,4462,4665,4658,4660
3733: 3928,3722,3734,3635,4332,4030
9605: 9479,9595,9541,2772,9411,2390
2896: 2895,2800,2148,2240
2002: 2090
8667: 8242,8318
9426: 8262,9836,9376,9413,9702,9886
7095: 6916,7532,9458,6733,6639,6549
6848: 7123,6941,6375,6849
5973: 5876,5873,6164,5975
3656: 2964,3262,3949,3850,3755,3559
4501: 
2010: 2098,9954
9487: 9806,9869,9974,9837,9565,9329
9837: 9487,9974,9329,9950
8056: 7733,8498,8210,8211,8431,8058
6669: 
2015: 2199,2293,2198
8483: 8110,7958
4134: 
5613: 5916,5713
9328: 9814,9825,9935,9262,9569
4301: 
2021: 2395,1747,2024,2305,9669,9737
2022: 2578,3646,1844,3450
6416: 6420,6326,6421,9432,9341,6327
2024: 9283,2305,9415,9737,2021
9753: 9768,9779,10031,9714
5018: 4811,4915,5027,4917,5317,5121
10017: 9574,9871,9985,9808
2028: 2305,9415,9637,794,1762,2212
9498: 4444,4338,9599,9522,9513,9538
2030: 794,2586,1762,1676,2033,2403
9354: 9402,9643,9310,9458,9550,9499
8227: 7992,8225,8150,8301,8228
2033: 1853,1506,1676,2030,2403,2218
7520: 7344,7080
8701: 9237,8983,8205,8429,9120,8878
2036: 1950,2037,1594,1855,2407
2037: 1772,1950,2036,1512,1594,872
4548: 4444,4338,4553,4448,4650,4655
9766: 9927,9978,9921,9876
8426: 8821,9691,9889,8820,8984
4338: 4444,4548,9498,9538,4442,4650
9905: 2362,9780,9606,9937
2891: 
2044: 1778,2135,2225,2412,2136
9595: 9479,9532,9605,2580,2866,2390
6420: 6316,6320,6416,6326,6037,6421
2047: 2228,1957,1610,1527,2321,1782
7010: 6645,6832,6549,6916,7009,7195
9568: 9625,8616,9423,9349,9391
2050: 683,1611,2234,1878,2231
9582: 9591,3755,10032,9597,3949,9375
6275: 6371
10019: 9848,9710,9936,9667,9561,9508
5287: 5186
9687: 8020,7617,9783,9314,7190,9953
8210: 8358,8498,8056,8211
2057: 2609,2610,2424,9611
6639: 6733,6357,6550,6358,7095,6549
6871: 7146,6966,6585,6964
8338: 8479,8737,8540
2061: 1539,2151,1973,2524,2336
9804: 9590,9337,9698,9441,9853,9440
7993: 7911,7992,8152,8075,9284,8309
3144: 2953,3145,3242,3342
3536: 3837,9424,9374,3947,9772
5891: 5792
6223: 6323,6219,5724,6316,9784
7780: 
7880: 7962,8119
8982: 8976,9235
8949: 8999,8950,9046
2072: 2253,2161,1892,1894,1984
8837: 8838,8841,8950,9046
2074: 1984,1987,1071,1387,2253,2165
9194: 8824,9037,8989,9038,9162,9242
7821: 8292,7902,7570,7737,7739,7903
8496: 8636,8429,8694,9971,9930,8205
4986: 5086,5087
2079: 2441,2165,1987,1902,9481
9613: 9610,9564,9307,9420,9618
8928: 9077,9235
9380: 9358,9577,9746,9958,9298
9762: 9789,10039,10030,10003,9752,9857
8106: 
9205: 9145
6749: 6934,6932,6931,6930,7119
7125: 7127,7564,7565,6759
6140: 5455,9968,9306
5653: 5552,5849
2090: 2002,2272
6805: 6804
9903: 9902,9715,9722,1727,9708
4771: 4871,4870,4773
8805: 8683,8916,8801,8917
2865: 9541,2772,9535,3458,3850,2964
2096: 2188
9455: 5754,5466,5564,9394,9410,9578
2098: 2010,9954,2280,2188,9451
3207: 1238,1732
9382: 1676,9399,9255,9500,9637,794
3340: 3145,3342
9557: 9365,1225,9388,9316,10002,9470
9256: 4146,4155,4343,9462,9489,9442
9122: 9504,9218,8363,9079,8879,9219
7318: 7319,7402,7581,7832,7996,7744,7494
8938: 8705,8991,8707,8770,8440,8708
4002: 
9834: 9947,9375,9620,9396,9693
9758: 9663,1043,9918,9295,1527,1782
5750: 6041,9652,5550
2111: 2395,1747,2585,2666,2201,2584
9368: 9971,10043,9584,9497,9596,9660
9761: 9700,2728,9246,9709,9342,9357
8110: 7958,8261,8119,8483
4867: 4870,4968,5064,4569,4865
9933: 9809,9547,9923,1364
8429: 8496,8636,8430,8205,8701,8878
9879: 9414,9946,9663,9918,9962
2119: 9576,1849,1421
6041: 5750,9652,9680,5848
9538: 9513,9258,4338,9498,4642,9573,4442
7123: 6848,6941,6564,9379,7300
10002: 9788,9321,9940,9316,9557,9388
9522: 4345,9331,9799,9599,4444,9498
4880: 
6349: 6629,6347,6058,5964,5965,6631
9937: 9840,9905,9780
4285: 4284,4385
7439: 
3741: 3743,3839,3646,2389,3842,3838
2131: 2407,1950,2410,2224
6337: 9658,6335,6244,6144,6047,9872
2133: 1951,2225,1777,1953,2224
7342: 7081
2135: 1778,2044,1867,1198,2136,1610
2136: 2412,2044,2135,1957,1610
7117: 7026,7293,6934,7386,7974,8208
5672: 5868,5965,5274,5574,5572,5964
9728: 9656,9769,9973,9823
3421: 3127,3224,3226,3818,3526
9411: 9541,9351,9970,9845,9479,9605
8981: 9069
9668: 9726,9784,6326,6037,9401,9979
5676: 5481,5678,5775,5578,5774,5970
2145: 1878,1706,1793,2234,1622,2236
6767: 6768,6672
4725: 4616,4626,4611,4729,4823,4719
2148: 502,9403,9322,2896,2800,2240
7911: 7992,7993,7579,8075,7913,8150
5509: 5609,5410,5508
2151: 1539,2061,1133,181,2523
9934: 9770,9843,9856,10004
2153: 2526,1542,1800,1709
9445: 9322,9287,9611,9315,9566
6219: 5426,6323,6223,5328,5724,6126
2156: 2341,9268,1800,1542
8219: 8221,8144,8143,8064,8707,8770,8579
9373: 7248,8170,7929,9447,9998,9434
4757: 4650,4643,4858,4655,4855,4955
8061: 8703,8881,8639,7818,7979
2161: 2253,1892,2072,2534,2531
7847: 7417,7150,7325,7757,7503,7505
5933: 5839,5536,5833
9555: 9579,3555,9351,1756,9535
2165: 2441,2079,2253,2074,1987,2534
9541: 2865,2772,9411,9351,9535,9605
4293: 4192,4393
7039: 7217,7128,7130,7569
2824: 3211,3210,9700,2728,2540
2170: 1991,2538,9409,3205,1238
2909: 2249
7791: 7279,7455
6731: 6915,7360,9805,6448,6823
9688: 9423,9864,9349,9916
6421: 6021,6414,9432,6320,6416,6420
6549: 6645,7010,6639,6550,6916,7095
9384: 6118,5621,6018,9575,9511,9475
4387: 4287
4865: 5163,4660,4665,4569,4867,5064
5410: 5509
5640: 5639
4811: 4915,5018,4710,4716,4917
8841: 8950,8837,8838
9706: 9676,1132,1444,9991,9515
2185: 
9841: 2752,9654,2657,2658
9951: 9312,9733,10024,7190
2188: 2280,2098,2096
2189: 2280,9451,2468
4322: 4521,4525,4529,9392,4422,9633
9727: 9824,9789,10039,9939
9638: 9529,9377,9943,9607,9435,9308
2193: 2194
2194: 2193,2286
9639: 6204,9299,9627,9636
2196: 2476,2571,2384
6983: 7073,7164
2198: 2015,2293,2481
2199: 2015,1841,2293
9838: 9689,9866,9870,9994,10000
2201: 2666,9742,2111,2584,9997
2844: 
6912: 6439
9757: 9746,9958,9865,9818
9710: 10019,9848,9936,9695
9493: 1067,1716,9358,9577,1630,9268
3643: 3639
8999: 8949,9092
6797: 6508,9860,9696,5916,5813
3991: 3990
9959: 9670,9751,9459,9524,9721
2212: 2395,2305,2028,1762,2492,2585
9598: 9547,9923,9275
3898: 3897,3998
7503: 8597,7839,7505,7675,7847,7757
6018: 5620,5917,6118,9384,6508,9575
7767: 7850,7769
2218: 2595,2403,2033,1853,1943,2311
4444: 4548,4338,9498,9522,4345,4448
3942: 3940,3550,3444,3451,3837
6688: 6784,6682,6586
9463: 10033,9659,9398,9325,9619,9608
8064: 8143,7903,8142,8219,8707
2224: 2410,2411,2225,2133,2131
2225: 2133,2044,2411,2224,2412
4580: 4480,4579
9185: 9211,9229
2228: 1957,2047,2321,2509
5207: 5308
9364: 2776,9608,2873,9261,9325,3367
2231: 2511,1043,2050,1611,2416
5214: 5113,5215,5211
4947: 4642,4641,4643,5044,4955,4849
2234: 2050,2145,1878,2326,2236
8211: 8430,8499,8210,8358,8056,8431
2236: 1622,1881,2234,2145,2326
9986: 9572,9774,9747,9630
5754: 9455,5466,5462,5657,9394,5366
9403: 502,2148,9322,9287,9502,9313
2240: 3090,2896,502,2148
9852: 9453,9303,9915,9622,9835,9754
7156: 7858,9785,7062
4697: 4797
2244: 1973,1709,9259,2526,2336
5478: 5578,5774,5870
4367: 4269,4364,4463,4565,4566
6164: 6541,6350,9406,5973,6071
8440: 8770,9127,8938,8708,9130,9600
2249: 2909,2341,1978
9915: 9622,7562,7300,9593,9835,9852
2251: 2719,1890,1716,1892,2531
3742: 3153,2761,3743,9891,10011
2253: 2161,2072,1984,2074,2534,2165
7176: 7179,7777
7937: 8018
6474: 6378
3339: 9424,9621
9997: 9510,2201,9742,9862
9361: 9542,9630,9669,9747,1747,2666,9965
9774: 9899,9874,9747,9986
9278: 6414,9432,9511,9908,9685
9262: 4336,4232,9569,4132,9935,9328
7389: 7563,6662,7033
9527: 9324,9428,1793,9473,9439,1622
9633: 9483,9459,4322,4529,9392,9670
7336: 7249
8386: 7413,7673,7837,7145,8526,8081
9877: 9751,4937,4836,9280,9266,9718
9661: 9019,9444,9407,9660,9767,9438
3153: 3742,3251,9949,2761,3449
2271: 2272,1996
2272: 1996,2090,2271
4288: 4287
2274: 2371
9446: 959,157,9537,9338,965,9803
4709: 4809,4710,4611,4719
9699: 9775,9950,9345,9791
8630: 8978,9070
2279: 1917
2280: 2189,2188,9451,2098
9984: 9681,9828,9844,9456,9686
9481: 1902,9279,9250,2079,9254
7855: 8018
2888: 
3251: 9682,9949,3449,3448,3153
2286: 2194
7521: 7344
2288: 
4073: 4072,4074
9982: 9556,9317,9571,8373,10003,8943
5129: 6022,9249,9583,5225,5424
8333: 7638,7877,9376,9346,8262,7719
2293: 2015,2199,2198
5201: 5202,5200,5302
7259: 7348
7765: 8170
9861: 9726,9784,6323,6226,9849
3335: 3628,3731,3531,3729,9713,9957
7352: 7353,7440
7152: 7858,6973,7419,7062
6226: 6126,5725,5826,6323,9861
9895: 9840,1729,9882,1561,9780
5335: 5533,5536,5833
9793: 9782,9907,9383,217
2305: 2028,9415,2024,2395,2212,2021
3506: 3211,3607
7419: 6973,6969,7152,9518,9400,7062
9242: 9615,9548,9194,9038,9162,9125
6047: 6052,9872,5856,6144,6337
7958: 8110,8483
2311: 1943,2595,2218
5727: 5331,6028,5329,5826,6128
8787: 
8824: 9037,9194,8989,9081,8704,8882
9894: 9130,9600,9629,9039,9085,9960
5657: 5363,5361,5462,9394,5755,5754
3491: 
9892: 9787,9438,9634,9407,8422
7682: 8008
9566: 9324,9428,9431,9445,9611,9315
2321: 2415,2416,1782,2228,2047,2509
7668: 7142,7996,7581,8236,9260,8076
3297: 
3526: 3928,3722,3421,3226,3818
5338: 9562,9429,5138,9503,5031,5136
2326: 2512,2234,2236
7002: 7184
4837: 4736
9784: 9668,9726,9861,6223,6037
7283: 7627,7542,7014,7371,7794
7026: 7117,7293,7462,6934,6932,7289
4955: 4855,4852,4849,4947,4757,4643
2333: 2710,100
8264: 8474
4057: 4255,3858,3957,4156,4165,4164
2336: 2808,2061,1973,2244,2524
6098: 6196
9653: 9881,9716,9995,8620,8343,9581
9840: 9937,9895,10008,9882,9780
4836: 4937,4527,4529,9670,9751,9877
2341: 2156,1978,2715,1542,2249
5497: 
3444: 3942,3940,3835,9756,3837
8867: 9563,7641,7888,9019,9444
5837: 
6350: 9512,6256,9406,6164
8391: 8242
9319: 9913,9585,2553,9333,9624,2649
9365: 527,9557,1225,9388,9488,1227
9504: 9218,9122,9219,9560,9564,9307
4870: 4968,4867,4771,4871
4030: 4332,9955,3733,3635,9922,9876
9450: 9545,8984,8821,9976,9828,9739
9290: 9478,9467,9477,9252,9622,9453
8026: 7945
3226: 3425,2937,3421,3224,3928,3526
9960: 9085,9318,9894,9629,9664,10005
9439: 9473,9468,9676,1211,1793,9527
5249: 5250,5552
9616: 8081,8663,9623,9628,9271
2361: 1651,1483,2363
2362: 2552,1561,9905,9780,9606
2363: 2361
2364: 2451,2643,1488,2453,2459
8031: 7375,7460,7630,9289,8186
2366: 
9920: 9650,9839,9529,9943,10042
9237: 8983,8701,9120,9292,9378,9640
3722: 3928,3526,3733,3821,4332
6984: 6403,6209,6010,6974
2371: 2274
2967: 3363,2866,2390,2870,3262,3856,3460
4330: 4132,3819,4123,4328,4331,4232
9336: 9592,9437,8521,9893,9692
2961: 2957,3550,3255,3451
8631: 9449,8632,8694,9509,8282,9596
9344: 9271,9875,9740,8663,9395,9505
9615: 9242,9548,9863,9162,9567,9749
3787: 3786
2380: 
7771: 7935,7934,7936,7770
3559: 4045,3856,4139,3262,3656,3755
3486: 3487,3586
2384: 2573,2571,2196
9575: 9511,9601,6018,9384,6508,9860
7014: 9550,7009,9499,7371,7283,7542
2387: 2481,2576
5725: 6126,6226,5826,5329
2389: 2578,3646,2761,3741,3743
2390: 2967,2866,2772,9595,9605,2870
2391: 3665,3763,3166,2968,2873,3464
9655: 9798,9829,10037,9421,9707,9496
9725: 6246,9817,9975,6439
4292: 4192,4393
2395: 1747,2111,2212,2021,2305,2585
6932: 6934,6749,6930,7110,7289,7026
3458: 9535,2963,3849,2865,3850,4141
9988: 9938,8455,9917
4642: 4641,9573,4947,9538,4442,4643
6118: 5621,5224,9384,5620,6018
9620: 9772,9396,9332,9834
5746: 5942,5943
2403: 2595,2689,2218,2033,2030,2586
9932: 9744,9756,10011,3839,10036,3835
10004: 9770,9934,9612
7402: 7319,7318,7314,7743,7744
2407: 1943,2131,2036,1855
9702: 9832,9886,9426,9836,9981,9587
6335: 9658,6337,9901,6242,6244,6338
2410: 2411,2224,2131
2411: 2410,2224,2225,2412
2412: 2136,2225,2044,2411
8513: 8710,8296,8146,8222,8372
9686: 9456,9277,9618,9984
2415: 2416,2321,2511,2509
2416: 2415,2321,1782,1043,2511,2231
6682: 6688,6586,6966,6967,7150
6419: 6425
3729: 3731,3335,9957,10038,3634,9966
7135: 7314,7400,7742
7354: 7265,7778
9664: 10005,9824,9960,9318
9515: 9565,9272,1704,9806,9706,9991
2424: 2609,2057,9322,2704,2800
7545: 7371,7195,7198,7630,7460
8835: 8779,8838
3971: 4072
4605: 4606,4504
9269: 9521,4427,4320,9392,9483
9453: 9303,9852,9509,9622,9290,9477
9619: 2968,3364,10033,9463,2580,9608
9806: 9869,9487,1704,1617,9565,9515
8318: 8242,8667
4710: 4809,4709,4719,4716,4811
9648: 9666,9849,9701
9330: 9370,9526,9570,9433,9313,9506
9600: 9130,9894,9629,8440,9127,9297
9866: 9689,9838,9999,10027,9887
3607: 3121,3506,3412
3363: 2967,2866,3460,3166
2441: 2165,2079,2534,2536,1991,2538
5452: 6238,5250
10015: 9783,9314,9347
4915: 4811,5018,5027,4716,4817,4929
10035: 9867,9471,9305,9901,9941,9992
8222: 8146,7743,7744,7988,8513
8301: 8376,8228,8227,8943,9752
8205: 8983,8701,9930,8496,8429,9919
4979: 4978
10043: 9971,9368,9930,9767,9660,9926
2451: 2643,2364,1488,1557,1473,1075
7558: 7973,7811,7383,8560,7470
2453: 9554,9389,2552,2364,1488
9306: 9305,9265,6140,9614,9471
3434: 3533
3805: 
9709: 9246,9335,9645,9761,9700,9717
9063: 8976,10007
2459: 2642,2551,2643,2364,1915
7098: 7276,9465,9499,7542,7368
9323: 9369,9580,1193,9393,892
5870: 5774,5871,6062,5478,6348
2463: 9624,9491
9694: 9832,9886,7952,9312
5774: 5870,5871,5970,5478,5578,5676
9478: 9467,9290,8356,9252,9355,7973
9807: 9385,9900
2468: 2657,2189,2658
9736: 9829,9823,9769,9760
8032: 7631,7550,8186,9436,9534
9782: 9793,9907,9460,10040
9856: 9956,9934,9843
9921: 9922,9876,9766,9897,9890
5578: 5480,5478,5774,5676,5481
7617: 7191,8020,9687,9989,7276,9314
2476: 2196,2571
5389: 5390
6387: 6290,6291,6483,6388
4271: 4169
4514: 4307,4621,4616
2481: 2387,2198
9635: 718,927,9291,9363,9245,9530
2483: 2767,1497
8076: 8075,7913,7668,7996,9260,9419
10001: 2777,9662,10010,3170,9822
5230: 5331
9546: 9567,9749,9827,9560,9610,9564
9827: 9546,9749,9610,9858,9811
7743: 8146,8222,7314,7402,7744
9321: 9788,10002,9514,9388
6196: 6098
2492: 2778,2585,2586,1762,2212,2685
4858: 4658,5062,4655,4757,5060
8346: 8417,8419,8485
4280: 4179
4463: 4263,4364,4367,4462,4565
4553: 4559,4661,4448,4548,4658,4655
9917: 9988,9938,9334,9353
9551: 9612,9405,9257,1261,1512,872
7375: 8031,7289,7460,7462,7631,8186
7252: 6007,6105,9274,9299
6886: 6696,6884,7160,7163
9280: 4826,4730,4937,9877,9266,9602
5697: 5598
4391: 4390,4491
9673: 9672,9863,9794,9811
8921: 9111,9024,8972
9049: 9170
2509: 2698,2228,2415,2321
9983: 8683,8861,9017
2511: 2512,2231,2415,2416
2512: 2511,2326
6209: 6507,6984,6403,9684,9417
5138: 5036,5142,9503,9454,5031,5338
7460: 8031,7375,7289,7545,7110,7630
2842: 
9587: 7962,8616,9702,9836,9981
10027: 9999,9866,9887,9646
7249: 7248,7336
9506: 9330,9570,9433
8152: 7992,7993,8309,8453,8228,8154
3982: 4083,3983
2523: 2710,100,181,2151,2806
2524: 2806,2061,2808,2336
8470: 
2526: 2715,1542,2153,2244,1709
8356: 7974,8208,9355,7973,7811,9478
9640: 9277,9420,9237,9120,9217,9378
8674: 8675
3330: 
2531: 2721,2161,1892,2815,2251
9271: 9344,9875,9616,8663,9628,9904
9126: 8885,9387,9501,9039,9085
2534: 2536,2253,2161,2441,2165
8776: 8590,9285
2536: 2534,2721,2441,2818,2538
9775: 9329,9950,9416,9699,9345
2538: 2170,1991,2536,2441,2818
8695: 8821,8425,9236,9976
2540: 9717,2926,3119,9700,2824
9473: 9468,9439,9324,9527,9464
9482: 10013,9352,9574,9408
9899: 9774,9665,9874
5713: 5613,5916,5813,5910
4611: 4725,4709,4719
9773: 9650,9839,9805,9301,9603,6911
8262: 9426,8120,9836,9376,8333,8033
2870: 2964,3262,2772,2967,2390
9069: 9024,8868,8812,8981
7164: 7073,6983
2551: 2639,2459,2642,1915,2554,2738
2552: 2362,1561,1995,1488,2453
2553: 2733,2738,9624,2649,2830,9319
2554: 1915,9859,9924,2551,2738,9491
4072: 4073,3971
4336: 4232,9262,9569,9521,9282,9734
9674: 1027,874,9586,9830,9276,9956
5180: 5281
9923: 9598,9547,9589,9809,9933
6974: 6010,6984,6403
4969: 5070,5167,4968,4871
2893: 
8358: 8210,8632,8636,8430,8211
6062: 5868,5965,6631,6348,5870
4730: 9280,4826,4937,4729,4823,4817
9214: 9114,9072,9187,9074
9559: 9518,9525,9400,9531,9466,9457
9545: 9292,9378,9456,9450,8984,9828
9410: 9311,9578,5359,9533,9394,9455
2570: 2669
2571: 2573,2384,2196,2476
8485: 9140,8419,8273,9492,8346
2573: 2571,2384
5942: 5746,9910
6804: 6805,6520
2576: 2387,2767
9273: 9809,1281,9326,9589,1044,1446
2578: 2022,3646,2389,1931,1844,9931
9423: 9688,7962,8616,9568,9349
2580: 10033,9532,9595,2866,3364,9619
7719: 7721,8033,8042,7638,8333
5345: 
9247: 9528,9372,1525,1867,9295,1198
2584: 2973,2111,2778,2585,2201
2585: 2492,2778,2395,2111,2212,2584
2586: 2030,1762,2689,2403,2492,2685
5818: 5620,5917,5417,5421,5419
9955: 4332,4329,4030,9935,9922,9814
5359: 9410,9311,9533,5157,4950
7675: 8597,7503,7505,9735,9466,9952
5417: 5317,5421,5121,5215,5818
4807: 
4876: 4773
7400: 7311,7742,7135
2595: 2689,2403,2218,2311,2691
5157: 9533,5159,4855,4852,4950,5359
9162: 9037,9194,9239,9567,9242,9615
6460: 6744,6927,6265,6461,6645,6832
8475: 8478
2600: 2695
9857: 8450,9752,8376,9762,10030
8632: 9449,8631,8694,8358,8636
8121: 9625,8276,9641
7368: 7627,7542,7276,7098,7191
9218: 9504,9122,9079,9238,9217,9307
9375: 9834,9947,9396,9597,9582,10032
3874: 3774
8192: 8189,8412
2609: 2057,2610,2424,2704
2610: 2609,2057,1881
9374: 3552,3947,3536,3849,9332,9425
7909: 8225,8372,8150,7988,7579
5331: 5727,6028,5230
9671: 9845,9862,9742,9965,9970,10023
7311: 7400,7742,7905,8143,8144
6564: 6658,6847,7123
4481: 4582,4480
9744: 9756,9932,10036,9621,9912
4349: 4450,4458,4240,4347,4146
6242: 6339,6244,5355,6336,6338,6335
9859: 1915,2554,9924,9554,9961,9731
9649: 8309,8383,9904,9284,9875,9795
4527: 4937,4729,4836,4525,4529,4626
9942: 9963,9651
4893: 
5366: 5269,5462,5070,5754,5466
3450: 2022,3646,2858,3842
4399: 4298
8430: 8211,8499,8358,8636,8429,8878
8474: 8264,8737
6631: 6820,6348,5965,6062,6629,6349
8498: 7649,7733,8056,7478,8210
9369: 1118,616,9626,9580,9323
3928: 3526,3722,3733,3226,3727,3734
9532: 9479,9595,9286,10033,2770,2580
9046: 8837,8950,8949
9698: 9657,9883,9853,9969,9440,9804
3412: 3612,3607,3121,3027
2639: 2642,2551,9720,1820,2733,2738
6520: 6804
7723: 7555,7641,7638,7721,7888
2642: 2639,2459,2551,2643,9720
2643: 2451,2364,1473,1816,2459,2642
9887: 9599,9646,9689,9866,10027,9799
5917: 5620,5818,6018,6508
3485: 3386
9010: 9016,8962
3670: 
2649: 3025,2830,2744,2553,9319
3166: 3763,2391,3363,2968,3460,3860
6927: 6744,7019,6460,6832,7198,7020
7770: 7932,7769,7936,7771
9580: 9626,9369,9323,9460,9393,10040
4458: 4450,4349,4263,4559,4462
2655: 2657,2752
8991: 8705,8938,8882,8989,8990,8708
2657: 2655,2468,2658,2752,9841
2658: 2657,2468,9841
9629: 9600,9894,9556,9297,9960,10005
8455: 9988,9938,8380,10029
9250: 9481,9279,1810,9902,9715
2662: 2758,2953
8820: 8983,9889,9919,8426,9292,8984
3947: 3552,9374,3452,3536,3837
8675: 8676,8674
2666: 2201,9742,9965,1747,2111,9361
9599: 9887,9646,9522,9799,9513,9498
9488: 9365,527,9388,9514,9264,9495
2669: 2570
9167: 10014,9166
3470: 3471,2678,9476,9261
9973: 9823,807,9728
4329: 4332,9955,9935,4132,4123
4085: 
8811: 9563,8560,9584,8565,9497
7569: 7570,7396,7737,7130,7039
9291: 9812,9980,9363,9530,9264,9635
2678: 3470,9244,3271,3372,9476
2808: 2336,2524
9665: 1421,9899,9737,9874
3489: 3589
8599: 8163
9431: 9288,9464,9324,9566,9315,9300
9610: 9613,9564,9546,9827
2685: 2881,2974,2586,2689,2492,2778
4968: 4870,4867,5064,4871,4969,5167
6598: 6695,6307
9315: 9445,9287,9566,9431,9300,9526
2689: 2595,2403,2586,2881,2685,2691
9314: 9783,10015,9347,9989,9687,7617
2691: 2881,2595,2689
7739: 7309,7905,7570,7821,7903
2693: 
5943: 5746
2695: 2600
9654: 2752,9841
3504: 3210,2822
2698: 2699,2509
2699: 2698
9691: 9889,9854,9787,9800,8426
3151: 3641
3949: 3850,4141,9597,3656,3755,9582
3041: 3137,2944,3236
2704: 2895,2800,2609,2424
8807: 8916,8748,8917
9558: 9802,9387,9507,9501
9337: 9339,9590,9804,9440,9366,9553
3502: 
4470: 4566
2710: 2902,100,2523,2333
5424: 5920,5225,6022,5129,6021,6320
9550: 7014,7009,9499,6916,9458,9354
4094: 3994
9059: 9012,8964
2715: 2526,1542,2341
9948: 521,402,9474
5062: 4658,4858,5163,4660,5060,5361
3860: 3460,3857,3956,3763,3166,3858,3957
2719: 2815,1890,2251
4641: 4642,9573,4947,9352,5044,9408
2721: 2531,2536,2815,2912,2818
4907: 5007
8812: 9069,8868
3280: 3279
8154: 8376,8228,8304,8152,8453,9448
5581: 5680,5481,5678
6507: 6403,6209,9684,6405
2728: 9761,9700,9357,2822,3210,2824
4287: 4288,4387
9976: 9070,8695,8821,9450,9236,9739
5466: 5754,9455,5564,5366,5664
4164: 4263,4364,4057,4156,4165,4266
2733: 2553,2738,2639,2826,1820,2830
5413: 5419
9910: 5942
3284: 3285,3185
5533: 5335,5332,5833,5633
2738: 2733,2553,2639,2551,2554,9624
9244: 10010,9810,9476,9398,2678
9967: 6637,9805,9647,9540,9406,6541,6448
9292: 9545,9378,8984,9237,8983,8820
2742: 3027,2928,2744,2836,3222,2743
2743: 2836,9304,2744,9913,2742
2744: 2649,3025,9913,2928,2742,2743
9907: 9793,9782,217,424,368,10040
9689: 9838,9866,9797,10000,9887,9799
5192: 
6966: 7146,6871,7325,6682,7150
8676: 8675,8677
9005: 8891,8779
9187: 9114,9214
2752: 9654,9841,2655,2657,2848
5789: 5889
9603: 9301,9667,9884,9839,9773
9634: 9892,9787,8422,8688,9800
9632: 9985,9808,9755,9604,9350,9404
5225: 5920,5722,5424,9562,9249,5129
2758: 2662
9751: 9670,9959,9877,4836,9721,9718
7737: 7570,7569,7901,7821,7902
2761: 9949,9931,2389,3742,3153,3743
10037: 9803,155,9781,9798,9655,9496
6781: 6784,6590,6969,6967,7060
9385: 9288,9807,9370,9300,9900
9705: 7794,9289,7627,9729,9486
8784: 8844
2767: 2483,2576
9594: 9340,9519,9750,9293
9435: 9543,9308,9540,9638,9943,9647
2770: 10033,9659,9286,9510,9675,9532
7942: 7952,9953,9833,7279
2772: 9541,2865,9605,2870,2964,2390
9490: 6339,6244,5256,9539,9367,5951,6144
8658: 8591,8898,9750,8521,9692
5765: 5959,5663,5564,5664,5961
2776: 9364,2873,3367,3464
2777: 3072,10001,3073,3170
2778: 2492,2585,2974,2685,2973,2584
9832: 9702,9886,9694,9981
6550: 6266,6265,6358,6639,6645,6549
9275: 9598,9547
9842: 8175,9683,8097
6144: 5951,5856,9490,6244,6337,6047
9173: 9171
9289: 7794,9705,8031,9486,9534,8186
9307: 9613,9564,9217,9504,9218,9420
5959: 5765,5663,6058,5761,6155
9416: 9565,9272,9775,9329,835
5609: 5509,5807,5709
4166: 4165,4068,4266,4168
7020: 6930,7110,7019,6927,7198
6078: 6077
7184: 7002
8603: 
9102: 8273,8271,9140
5462: 5363,5657,5070,5167,5754,5366
6204: 9639,5709,5710,6007
5904: 6003,5804
9406: 9512,6350,9540,9967,6541,6164
2800: 2895,2896,2704,2424,2148
9412: 10013,9352,9258,9573
2802: 980,502,9502,3091
7360: 6731,6915,9301,7092,9561