14621: 13404,15175,14296,15442,14746,15593
28593: 
13143: 13438,13172,13788,15268,13187,14473
14985: 14776,15468,13094,13248,14269,15757
12849: 12833,14625,13732,15147
14615: 15381,14915,12846,15196,15352
14328: 14256,14581,14799,15619,14862
15299: 15804,14616,13363
15380: 14414,15585,15247,13698,15105,13655
15145: 14025,13991,14766,15475,14665,13612,14714
13511: 14613,13252,13347,14977
13765: 14642,15366,12951,15680,13286,13093
14273: 14199,13089,14756,13404,13376,14259
15510: 15193,15036,15061,15459
14172: 13096,14019,13150,15248
15340: 13046,14912,13946,15609,15398,13435
13959: 15153,13319,13313
14722: 14277,13904,14871,13478,14149
15448: 15786,13657,13884,15675,13238,15646,13594
13438: 13143,13172,13364,15586,13400,15268
14250: 13188,15146,12905,14048
13724: 13985,15685,13928,13505
13533: 15749,13173,15479,13664
12829: 13666,14876,14620,15300
12939: 14905,14903,15430,14139,13892
12855: 13171,13860,15695,12868,13076,15200,15643
14343: 15356,15139,14769,15229,13934,15386
13151: 14417,15150,12918,13907
13942: 14055,13935,14551,15597,13174,14907
15785: 13820,14061,15740,12941,14804,14768
13420: 13839,14928,13163,14444,15763,14797
13886: 14863,13241,13117,14833,13913,13657
14390: 13596,12933
14436: 13044,14916,15042,13639,15775,14544
13061: 
14824: 13148,12897,14873,15289,14976,13810
15666: 14549,13567,13161,12915,15619
13488: 15602
14556: 15712,14826
14112: 13321,14501,14693
13025: 13122,15057,15788,15670,14471,13953
13894: 14832,15135,13338,14796,14728,15652
13263: 13784,13943,14534,12879,15776
12840: 15718,14129,13019
14405: 
14881: 15631,15167,15061,14496
15804: 15350,14595,15299,13363
13753: 15165,15607,14566,15592,15596,14487
14598: 13517,15626,15342,14757,14397,14374
15338: 15409,14738,15688,15697,14318,15151
14998: 15625,14844,15120,14337
14252: 13392,14809,13336,13482,13424
14488: 12944,15333,14264,13864
15372: 15096,13621,14350,13122,15273,14535
15484: 15232,14275
15779: 13236,14557,13345,15795,15627
14108: 12891
13302: 13353,13821,14022,13676,13971,14951
15116: 14677,12877,14941,14955,14747,13178
14833: 13846,13913,14288,15344,14863,13886
15737: 14866,13231,13613,14859,12873
15482: 15437,15066,15132,13961,15485
12958: 15433,13258,13755,13027,15222
15178: 14168,13763
15254: 13655,15691,13534,14414,14770
13948: 15363,14951,15603,13687,13971,14991
14438: 13968,13104,15227,14523,14726,13707
14923: 14498,13778,12903,13975,15143,14838,14512
15373: 13859
14809: 13392,14252,14245,14789
14802: 13750,13656
13070: 15260,13989,13096
15519: 12959,13872,15241,15003,14448
15363: 13948,14951,15603,15707,13241,13559
15792: 14563,13341,14374,14999,15525,15073,13099
14683: 14539,15781,12935
14079: 14163
15791: 13502,14612,13254
14024: 15324,15559,14447
15721: 13630,15765,14017,14281
12911: 13992,14745,14668,13569,13969,13214
15760: 13360,15300,12975
15698: 14704,14795,14568,12972,15312
14920: 14853,15683,14388,14377
14650: 14585,14448,13215,14839,13701,13157
15002: 15305,15390,15219,13573,12920,14646
15244: 13187,15610,14401,13788,15391,14482
14178: 15198,14580,14035,14821,13811
15730: 15692,14876,15758,15746
15150: 14417,13151,14141
14893: 12946
15332: 14746,12921,15593,15657,15048,15156
15296: 13249,13640,14658,15139,14741,15386
13814: 14032
14323: 15544,14365,12853
14369: 13503,12995,14644,12831,13589,13512
14361: 15403,13900,13838,14930,14271,13924
15293: 14278,13717,13584
13301: 13379,13003,13674
14921: 14028,14700
15092: 15162,13781,13047,13769
15201: 14916,15042,13978,13483,13093,14477
13808: 15653,12954,14162
14929: 13732,15147,14219,13142,15339
14999: 15792,13341,13099,14931,13778,15143
15024: 15471,14283,15580,15498,14297
12932: 13874
13297: 14821,13887,13811,13768,14537
15745: 15777,13156,15141
14391: 13741,15495,14310,14238
15688: 15338,15409,15151,14334,14745,13214
13010: 13329,14384
14186: 15117,15350,15660
15403: 14361,13900,13838,14271,13376,14076,14756
14808: 15184,14418,13176
13553: 15247,15091,15316,13955,15105,14286
14742: 14244,15759,15780
14585: 14448,14650,15358,15003,13701,13922
15343: 14956,13557,14134
13793: 13729,13098
13952: 13977,13452,14987,15581,14209,13270
13414: 14224,15401,13133,13749
13938: 13632,13280,12898,13878
13222: 13332
14594: 14515,13448,14353,14721,13540,13635
13281: 14571,15494,13167,15647,14115,15486
15589: 12859,14815,13891,15251,14820
12994: 15627,13345,13695,15461,13982
14666: 15070,15210,12944,15560
12990: 13572,14274,15463,15662
15427: 15547,15273,14535,14504,15431
13181: 14230,14546,13406,14137
13503: 14369,12995,12831,13625,14781
15370: 13126,14128
13646: 15304,13387
14828: 13171,13860,13124,14103,13324,14593
14489: 14671,15512,13567,15185,12982
13278: 13661,13541,14433,13929,13057
13446: 12882,15267,13644,13132,13852,14272
13267: 14459
12936: 14528,14792,14076,15086,13135,15673
14448: 14585,14650,13215,15519,15003
14606: 12929,14413,15371,13963
15139: 14769,14343,13761,14658,15296,15386
15061: 15018,15510,14881,15631,15459
15761: 15540
14898: 13379,15527
14812: 15651,14567,12866,13595,13271,14226
14428: 14500,12835,13541,13828,15680,13286
13873: 13562
14003: 14836,12950,13798,14500,12835,12828
13119: 13138,15526,13079,14647
14949: 15357
15420: 14505
13833: 15032,15664
14835: 15512,14138,14517,14060
13248: 13555,14269,13498,12957,15757,14985
14477: 13925,13929,13483,14916,15201,14685
14532: 15364,14748
12965: 14296,14996,12883,15604,13900,15175
15418: 14393
15253: 12933,14351
15645: 12856,15776,13087,14524,14493
13684: 13436,14830,13359
15654: 14744,14719,15651,14877,15220,15044
14587: 13780,13346,14460,13965
12896: 15723,13077,13623,15142,14411,15214
15557: 15629,14507,13677,14155,14942,15522
15506: 15789,14491,13845,13476
15151: 14485,14334,14318,13517,15338,15688
13924: 14538,13994,15379,14361,13838,14930
14364: 15631,14496,13590,14383
15432: 
13976: 14463,14064,12875,14874
13286: 13483,13093,15680,13765,14428,13541
13583: 15594,13773,13428,13510,13469,13506
13702: 
13044: 15042,14436,14888,14611,13487,13639
14912: 13046,13801,15340,13946,13500,13442
14351: 15253
14642: 15366,13765,13663,13230,12951,13631
14684: 13825,15658,15290,12905,14048
14179: 13858,13327,13083,14057,13748,13566
15238: 13723
15434: 12865,14218,13867,14312,15331
15071: 
13124: 15643,14196,13171,14828,13902,13324
14543: 13211,13564
13839: 13420,14928,13163,13455,14330,13013
15608: 14363,14120,13675,14641,13634,14705
13299: 13947
14214: 15209,15081,14607,15665
14322: 13491,15810,12865,13328,14413
15261: 13369,13298,14248
12814: 14225,13960,13380,13078,14451,13352
14027: 14727
14338: 14313,13949
14601: 15189,14811,14655,13103,14939,15106
15573: 14608,15000,14068,14758,13997
13398: 
14559: 15686
15579: 13431,14261,15708
12838: 14255,14865,14144,13519,15152
14751: 13368,13669,13108,15701,15356,12885
13957: 14984,15394,13053,13224,13678
14861: 14151,14490,15640,13320
13708: 13080,15743,14632
14926: 15046,12998,15455,13784
13230: 13663,15431,14344,14044,14642,13631
13930: 14558,14575
15530: 14886,12898,14038,13943
15590: 14685,13611,13925,15015,13014,15131
13496: 14104,13797,15642,14210,13024
13794: 
14496: 13590,14881,15631,14364
14134: 15343
13928: 14257,13783,15127,15685,13724
15669: 14900,13463,15453,14631,14104
15801: 13041,15674,15184
15662: 15463,12990,14274,14508,14463
13781: 15162,15092,13047,15190
12826: 13228,15138
14939: 13055,15566,15106,13103,14601,13623
12919: 13742
14535: 13735,14471,14504,15372,13122,15427,15273
13240: 14959,15588,13733
15390: 15305,15002,15281,13195,15219,13238
13266: 15053,14649,13157
15472: 14977,14116,14267,15104
13361: 14775,13305,13716
14798: 13409,13249,12967,13640,14437,14174
13841: 15722,15661,14449,12845,13287,12895
15538: 13255,14040
14990: 15400,15323,14381,14337
14063: 15090,12935,13176,12874
14580: 14178,12904,14035
14226: 13127,13271,13115,15651,14812,14877
13690: 13743,14544,15160,15775,13611,13607
14624: 13850,15416,15732,15664,15719
13732: 15147,14929,13421,13142,12849
13994: 14051,14538,15474,13924,15379,14663
13936: 13545
15755: 15045,12925,15224,13609
13899: 14057,13009,13853,15394,13224
13096: 14019,14172,13070,13989
15731: 13613,14037,15489,13776,13843
15246: 13097,14396,14733,15481,15085,14174
14429: 14155,14942,15207,13855,13101,14443
13085: 12857,15191,15724,14396,14677,13995
12979: 15778,15743,15487,13080
14301: 13998,14502,14042,13956,15329,13703
13463: 14900,15669,15453,15245
13442: 13518,14659,15584,13500,14912,13801
14844: 13091,15120,13159,14998
13421: 13607,14117,13142,15160,13732
13212: 14140,13051,13597,15369,15256
14354: 13879,15797,14550,14305,15129,14692
14696: 15483,14527,14341,14291,14890
13213: 13105,13700,13247
14944: 13555,13445,14832,13338,15623,14662
13147: 14644,12831,15249,14992,13736,14968
14706: 13059,13234,13121,15713,13866,13391
15562: 15122,13454,14389
15309: 14927,13809,12961,13100
14877: 15044,13911,15654,15651,13127,14226
12931: 15430,14516,13554,14903
15051: 13631,13081,15366,15179,13978,14888
13848: 14542,14283,13715,14605,14302
15050: 13652,14315,12966,14689
15115: 13109,13927,15621,15405,13375
13544: 15741,15763,14797,13568,15283,12960
13743: 15174,14544,15160,13690,15492,14743
15406: 13647,15614,14329
12886: 15495,15454,14127
14350: 13122,15057,13460,13177,15096,15372
15750: 13296,12974,14006,14843
15278: 14603,13528,13585,13127,13115,15770
13277: 13891,15251,14311,13064
15534: 13223,13805
13319: 13547,14725,13313,13959
13174: 13481,14907,15597,13942,13665,12866
13412: 13981,14692,13193,12841,14407,14305
14483: 13783,14069
13911: 14877,12880,15044,13127,12980,13585
13562: 13873,15620
14143: 15325,13617,13710,15552,14704,15564
13458: 15812
14309: 13609,13050
13520: 
14237: 14463,15463,15449,14064,15451
15091: 15247,13553,15316,15298,14251,13006
14952: 13371,14948,14216,15762,14133,12992
13173: 15479,13375,15735,13533
13378: 13940,14205
14359: 13905
15322: 
13889: 12871,14071,12884,13923,13704,13168
13823: 12985,14264,15449,13864
12839: 15378
15057: 14350,13122,13025,13177,13693,15670
14554: 12887
14403: 14225,13960,14468,12902,12848,13396
15400: 14990,15323,15301,13175,15479
14236: 12963,14867,14759
12864: 14848,14187,14026,13055,13310,15106
14304: 14962,14979,15438
13809: 15284,14927,15226,15309
14685: 15775,13611,15590,14916,13925,14477
14730: 15764,14142,14672,13158,14445,14660
13822: 13182,13649,13123,13568,15283,14738
15308: 15280,14818,14607,14028
15089: 14741,15083,13249,12967,13132,12882
13858: 14179,13327,14524,13083,14493
14497: 13224,12917,13678,13009,15054
14410: 15065,14732,13903,14531,13374,15395
15777: 15745,13156,13033,13011,13651,13385,15141
15142: 13210,13344,13807,14411,15214,12896
15732: 15088,14119,14624,15416,15719
13003: 13301
15441: 13430,15123,14484,15784,13629,13616
14246: 14094
14933: 14090,14392,13065,12943,13834,14574
15257: 14946
14784: 15063,14475,14408,14066,14430,13619
15344: 13370,13203,14072,14288,14833
14860: 15099,15173,15542,15337,14002
15576: 14673,15407,13817,14474,14051,14538
15141: 15524,15777,15745,13385
13104: 13968,14438,15227,14702,12914
13657: 15786,15448,13886,13117,13884
13595: 15693,13481,14812,12866,13271,14790
14121: 14104,15642,14106
14851: 
14148: 15329,15462,13628,14030,13368,14039
13311: 14811,14655,15075,13682,14845,15110
13329: 13010,15452
12823: 
13759: 15019
13764: 14176,13728,14058
15326: 13071,13031
13790: 
14050: 15377,13574,14466,13824
15614: 13647,15406
14185: 14838,15738,14652,12857,15673,15724
14637: 12854,13023
13209: 14604,15082,14115,14023,13787,13945
15460: 15114,15802
14434: 14097,15428,13800,15298,13007,13627
13483: 13286,13093,13541,15201,13929,14477
15492: 15769,13576,13018,14743,13743,15174
14800: 14458,12893
12948: 14857,15581,14209,15180,13715,14605
13223: 15534
13260: 14605,13072,14302,14409,13636
15140: 13207,14021,13208
13236: 15779,14557,14560,13327,13748
14291: 15473,14341,14696,14527,14229
15291: 13465,13422
13666: 12829,15583,14620
14028: 14921,14818,15099,15308
13161: 15666,13567,14060,15512,12915
13373: 13102
14663: 13099,13851,15474,13994,15379,15525
13476: 15685,13633,15506,14491,15068,13985
13847: 
14692: 13981,13412,14354,14305,15347,15129
13272: 14453,12878,14821
13134: 15751,13064,15567,15625,13741
13953: 14604,15082,13025,15788,13735,14471
14276: 13532,13574,14132,15301,15789
13303: 14717,14966,13850
15794: 
14414: 15380,15585,15254,13655,14980,13954
15099: 14406,15173,14860,14002,14818,14028
13034: 13700,14102,13358,12888
13917: 13958,13920,15282
14064: 14740,13447,15451,13976,14237
14626: 14366
14476: 13777,13558,15241,14804,15008,14768
14900: 15669,13463,15516,13189
14609: 15496
13693: 13046,13177,15398,13605,15057,15670
15456: 14464,13612,14714,13830,15626,14757
14384: 13010,13472,15793
15533: 15440,13111,15095,13578
13850: 14624,13303,15664
14997: 13357,15100,13029
13596: 14390,14516,14805
13877: 13618
13117: 13886,13241,13559,15786,13657
15149: 15236,15017,13737,12880,14801,14357
14336: 14100,15059
14461: 13026,15639,13530
14149: 13590,14722,14277,14131
14381: 13836,13532,14990
15605: 14934
14963: 14085,14210,15319,15739
15385: 15384,13040,13166
15148: 13372,14960,13280
15726: 13276,13340,14175,13526
15412: 15503,14816,14150,15240,13977,14987
15490: 12966,14899,15058,13155
15640: 14856,13320,15007,14861,13152
13347: 13511,14613,14492,14553
15073: 13775,14204,13830,15474,15792,14563,15525
13960: 14225,14403,12814,13290,13380,12902
15102: 14735,14635
13768: 14047,14303,13297,13811
15725: 14423,14972,13158,13118,15392,14445
14916: 15042,14436,15201,14477,15775,14685
13087: 15645,12856,13755,13343,14493
14515: 13448,14594,13540,15517,12824,13356
13056: 
13598: 13164,13671,15735,14541
13874: 12932
13710: 13067,12992,15348,15552,15325,14143
15143: 13975,14838,14652,14999,14931,13778,14923
13309: 13565,15641,14347,14427,14831,15404
14564: 12820,15802
14310: 15495,14391,13205,14062
14899: 15058,14119,15242,15490,12966
15575: 15364,14035,15198,15616
15255: 
13588: 14945
14528: 12936,14076,15379,13838,13135,13851
13385: 15485,13651,15777,15141,15524
14788: 14660,14332,14142,14633
13121: 13059,13234,14706,12989,14572,15615,13391
14229: 13513,15473,14291,13840
14007: 14151,15637,13586,15668
14511: 13996,15171,14078,13020,14873
14367: 14296,14996,15442,14300
13789: 14973,13926,12930,14723,13972
14491: 15789,15506,13532,13476,13633
14523: 15312,13137,14726,13968,14438
13118: 14892,13999,15392,14213,14423,15725
15532: 13423,13587,13510,12818,13367,14948
13428: 13423,14443,13510,13773,14925,13583
12916: 14105,15005,13461,14819,12912
13640: 13249,14798,15296,15481,14658,14174
13785: 14596
15239: 12863
15088: 15732,14119,13898,15111,15416,15242
15437: 15482,14618,13232,15132
13170: 
13585: 14603,15278,13911,13127,12980,15633
14469: 13529,15504,14853
14593: 13324,15514,14828,14103,14842,12926
14813: 14004
12873: 13939,15737,13681
13436: 13684,13359
13896: 13863,13608,13663,13550,12951,14993
14445: 14660,13221,15725,14972,13158,14730
14256: 14328,14859,14581,14866
13058: 14198,13956,15328,15226
13866: 15518,15713,13658,13391,14706,13508
13224: 14497,13678,15394,13957,13899
15529: 14470,15387,12837,13992,14762,15259
13897: 
13852: 13773,14925,15528,13644,13446,14272
15193: 15510,15459,13580
14278: 15293,15333,14089,13245,13717
13063: 13403,15355,14699,13692
13867: 14312,13168,14182,13704,15331,15434
14736: 13516,14308,15596,14641,15165,14761
14040: 13255,15538
14234: 14182,15447,14481,15768,14092,14969
13719: 13307,13670,13264,13019
15388: 
15376: 13728,14180,14904,15077
14721: 13832,15446,13540,13635,13871,14594
14019: 13096,14172,15515,13084
15584: 14790,15720,15345,13500,14659,13442
15284: 14927,13809,15226,14198,13365,13835
14140: 13051,13212,12910,14400
13755: 12958,13027,12908,13087,13343
13426: 15306,14102,13486
13368: 14751,14039,13669,14030,14148,13108
14647: 14348,13150,13119,12968
14217: 12836,13923,15159,13951,15768,15447
13526: 14175,14408,13340,15726,15518,14446
12964: 13733,13970,13571
14544: 13743,15174,13690,14436,13639,15775
12848: 14468,12978,14403,14071,13396,15004
14864: 12834,15756
13189: 13738,15516,13645,14900
14401: 15610,15244,15169,14482,14159,15426
13250: 13030,15108,13602,14455,15429
13359: 13795,14130,13684,13436
14372: 13525,12832,12887
15772: 15748,13185,13919,13433,13389
12942: 14901
14039: 13368,13669,14148,13628,13871,15446
14577: 13771,13716,13261
13993: 14519,15524,14688,14385
15136: 13937,13013,14841,14011,15475,13455
14379: 14530,14729,14017
14331: 14908,15346,13431
13776: 12915,14581,13843,15731,14859
14286: 14165,15105,13955,14218,13553,15316
13475: 14562,14965,14268,15682,13699
14688: 15524,14107,14519,13993
14212: 13774,15365,15016,15098,12924
15682: 14268,13534,13475,15691,14591
13163: 13839,13420,13013,15204,15763,12960,12993
14002: 14818,14484,15099,14860
13546: 13180,15543,13696,13908,14895,14879
15213: 12999,13047,15658,15190
15120: 13664,13091,14844,15323,14337,14998
15636: 
13796: 13580,14167
14988: 15548,14629,13966
13674: 13301,15362
15524: 15141,14688,13385,13993
13978: 15042,14888,15201,15366,15051,13093
15025: 12833,15147,14793
12961: 14022,13100,13676,15309
12827: 
15509: 14098,14953
14474: 13581,12970,15541,14673,15576,14051
13407: 14676,12984,15597,13184,12816,13665
13454: 15234,15562,13697
13459: 14885,13333
13062: 13130
13317: 12899,15389,15162,13114,14417
13760: 15352,14758,15196,15028
13607: 13421,15160,13690,13014,14625
13739: 15015,13057,14315,13415,13008
15415: 14791,14227,14895,14041,13696,15349
13926: 14973,13789,14157,13433,13389
15716: 14312,13168,12871,15121,14976,15093
15041: 13288,14521,14085
15158: 13068,15618,13746,15684
14513: 14537,14335,15074,13803
13704: 14182,15447,13923,13889,13867,13168
15268: 13788,13237,14599,13400,13438,13143
13273: 14591,13699,15153,14110
13179: 13403,15355,13986,15155,13950,14034
15582: 13211
13166: 15385
14008: 14911
14610: 14910,13440,13576,14743,14117
13235: 15578
13356: 14522,14576,12824,14515,15517,15305,15281
13821: 13353,13302,13676,14617
14590: 12822,15056
15128: 
13774: 14212,14549,15185,15016,13987
13934: 15505,14599,12885,15356,14343,15229
13132: 13644,13393,12967,15089,12882,13446
13505: 14069,13724,14815
15558: 15788,15670,12955,13605,13136,13265
13148: 14232,12897,14824,15810,13837
15473: 14667,15203,14291,12860,14229
13629: 14213,15784,15441,13362,13616
14289: 15655,14568,15312,13137
14374: 15792,14563,13341,14598,14757,14397,14709
13842: 14640,15587
15160: 13743,13690,14743,13421,13607,14117
15383: 
15771: 15424,13872,13215,14901
13434: 13042,14894,13542,13910
14962: 14304
13372: 13670,15148,12878
13972: 13433,14896,13789,13185
14708: 13722,13551,14152,13193,13944,13291
15374: 13812,14109,13172,13364,15622,15030
14001: 13449,15212,14831,15404,14222,15263,14407
14295: 15485,13961,12860,14385
14620: 15445,15037,15399,12829,13666
13920: 15282,14154,13383,13917
14480: 
14487: 12927,14578,13753,13686,15592,15596
14943: 13086,13726,14983,14718,15337
15485: 13385,14295,15482,13961
13923: 12836,14217,13889,12884,15447,13704
15438: 15493,14145,14304,14412
15369: 13212,14669,15256
13798: 12950,14003,13906,14592,14005,12828
13128: 14669,15256,15681,14589
12941: 14814,14804,13984,13865,14061,15785
15252: 15210
15712: 14556,12997
15108: 12985,13447,13250
15335: 14785,15032,14717
13455: 13839,14330,13413,14011,13013,15136
14257: 13783,13928,14316,15127,13042
14415: 15527,13492,14936,15097
13363: 15299,15804,13727
12918: 14208,13907,13577,13151
14518: 14516
13495: 13002,14702,13756,14691,14533,14394
14834: 14837,14288,14617,13353,15707,14863
14131: 14149,13590
12978: 14439,14468,12848,15531,14071,12884
15265: 13734,14231,14494,14258
14560: 13343,14493,13153,13327,13236
14454: 15387,12837,13480,13182,14536,14643
14785: 15335,15087
14820: 15589,14815,13891,15018
14083: 12901
12821: 12969,14843,15399,14029,15045,13050
12878: 13272,13887,14075,13372
14941: 14677,15116,13995,15617,14639,13178
13205: 13402,13160,14310,14062
13534: 15682,15254,15691,14591,14770,14579
13300: 15290,14525,12905,14206,13188
15199: 15635,14102,13247
13861: 15402
13758: 15696,14975
14242: 15172,13523,14067,13535
13316: 14298,13654,15422,13246
14038: 13878,15530,14534,15311
15163: 14548,15231,14750,13610,15467,13437,14200
12828: 14005,14003,13798,12835,14433,13110
15402: 13861,15292
13456: 12815,13932,13678
13204: 15425,14153,15604,15407,14930,14271
15626: 14598,15342,14757,15456,14464,13251
15466: 14953
13176: 15637,14808,14063,15090
13164: 13671,13598,15433,13258
13820: 14061,15740,15785,13731,12818,13367
15277: 15077,13036,12870,15217,13827
12999: 15213,13418,14773,15658
15601: 13855,12945,13092,14645,14675,14529
13540: 13832,14721,14515,14594,15274,12824
13551: 14708,13722,14152,15613,14090,14392
14581: 12915,13776,14256,14328,15619
13197: 15179,12830,15349,14571,15494,13081
13594: 13129,14602,15448,15675,15646
14101: 14630,14712
13699: 13475,14591,13273,15153
13086: 14943,14983,15337
14703: 15010,14679,13088,13109,15621
14855: 
13490: 15264,13112
15190: 14141,15213,13825,13781
14076: 14528,14792,12936,15403,13838,14756
13541: 14428,13483,13286,13278,13929
14228: 15757,13967,15468,13782,13895
12857: 15724,13085,15738,14185,14677,12877
13180: 13546,13834,15543,14574,13304,13908
13357: 14997,15100,13283
14472: 14307,14681,14618,15066,14697
15414: 14105,14819,14036,13160,13402
13111: 12953,13473,15533,15440,15211,15095
14555: 13969,13214,15624,14334,13711,13226
13389: 15422,13926,14157,13433,15772
14892: 14432,13999,13118,15392,15671,14978
15685: 13476,15068,15127,13928,13985,13724
13967: 15757,14228,15595,12957,13065,13782
13435: 14123,15398,13757,15609,15340,14074
14506: 14348,13150,15248,15187
14905: 12939,15029,14139,12953,15440
13254: 13079,14612,15791,12819
14267: 13572,14274,15324,14116,15472
14902: 13146,14136
13200: 13201,13441,13156,15796
13282: 13946,13883,15410,13432,15609,13974
13031: 15202,15326
14277: 14722,14773,13478,14149,13769
13752: 13552,14084,15803,15638
14956: 13229,15343,15134,14783
13269: 14173,15803
13987: 14799,15619,14549,13774,13522
13891: 13277,15251,15589,14820,15018
13898: 15088,15111,13110,13415,15242,13008
15743: 12979,13708
14146: 13195,13559,15517,15603,13448,14991,15281
15634: 15049
14072: 13370,15344,14837,14288
14129: 12840
13076: 13638,15200,15069,12868,12855
14465: 15555,14070,14825,12862,15615,14774,13234
14068: 14758,13141,14421,15573,14608
15200: 13638,13076,13217,14363,12855,15695
15454: 15495,14298,12886
13973: 15644,15746,14764,13747
14974: 13499,13028
13451: 15435,13206,15029,14903,15230
13612: 15456,14464,14714,15145,15475,13937
13663: 13550,13230,15431,12951,13896,14642
13313: 15320,13547,13319,13959
14938: 
14772: 15733
12974: 14326,14394,15750,13296,14843
15364: 12842,14035,14532,15616,15575
14499: 12983
13098: 13793,13844
14883: 12900,14452,14114,12973,15464,15568
13055: 15566,12909,14939,13310,15106,12864
15315: 14265
15027: 13333
13107: 15643,14196,12868,13457
15468: 14985,14776,15757,14228,13895,15205
13473: 15668,12953,13111,13979,15211,13152
14307: 14681,14472,14553
13744: 12822,15709,14889
14021: 15140,15046,15455
13472: 15793,14012,14384,14558
12903: 14498,14923,13226,13975,13591,14347,14512
15266: 14765,15702
13557: 15336,15343
12867: 14377,13408
14829: 15650,15314,15052,14245,13392
14931: 13135,13099,13851,14999,15143,14838,14652
13039: 13165,15594,14272,15169,15267,14159
13802: 
15435: 13451,13206,14168
13437: 15030,13464,14200,14750,15163
13244: 15358,15003,12972,13777,15241,14795
14566: 15592,15214,15080,13344,13753,15607
13477: 
12890: 15030,13464,12889,15622,14978,14432
15351: 15613,14398,13265,13366,15195,14152
15498: 14297,15663,14852,15580,15809,15024
14057: 13009,13899,13083,14179
15355: 13403,13063,13179,13692,14034,13726
13523: 14067,14694,15311,14242
14520: 14950,13997,13021,15133,15067,15455
12938: 
13754: 15481,13761,14658,15012,13082,14733
13422: 13465,15291
15631: 14881,14364,15459,15061,14496
13487: 13614,14611,15179,12830,13044,14888
13631: 15051,13081,13230,14344,14642,15366
15086: 14792,12936,14290,15191,15673,15724
13400: 13815,15586,15505,14599,15268,13438
13482: 14789,14252,13424
15055: 15736,14481,15768,14202,15159,13870
14747: 14260,13178,14955,15116,14190,15641
13905: 14359
14049: 15765,13630
15545: 
13059: 14774,13234,13121,14706,15713,13638,13217
15787: 15505,12885,13669,13832,15446,13815
15396: 15547,15273,15060,14150,13621,13977
13522: 13745,15574,13987,15365,15070
13548: 14781,12906,15717,14114,12973
15625: 14998,14311,13134,13064
13773: 14925,13852,15594,14272,13583,13428
13065: 14933,14090,13967,15595,14574,13782
13131: 13720
15494: 14571,13281,13167,14041,13197,15349
15258: 13831,13902,14850,13723,13262
14222: 13449,14001,14407,12841,15269
13844: 13098
14283: 13848,15580,14302,15024,13648,15471
14080: 12894
14189: 15186,13525
13383: 13694,15511,13920
14047: 13768,14303
13619: 13017,13210,14325,15063,14784,14430
13745: 13522,14144,15574,14787,14317
15497: 13411,13869,14596
13215: 14448,14650,13872,15771,14901
14980: 14770,13507,14414,14764,13954,13747
14945: 13588,14889
15526: 13119,15359
15796: 13397,14088,13201,13200
15488: 
14235: 15799,13206,14690
13283: 13038,13357,14339
13518: 14659,14124,14724,13442,13460,13801
14458: 12881,12893,14442,14800
13908: 13443,13696,15072,13546,13180,13834
12822: 13744,14590
15004: 13225,13396,15121,12848,12871,14071
15602: 13488
15646: 15219,13238,13854,15448,13594,14602
14245: 15302,12976,15052,14829,13392,14809
15003: 13244,15358,15241,15519,14585,14448
12898: 14886,15530,14913,13938,13280,13878
14346: 13037,12852,15103,15094,14170
13168: 13867,14312,15716,13889,12871,13704
14264: 15648,14787,14488,13823,13864
13083: 14524,13535,14179,13858,14057
15780: 15074,14742
14694: 13876,15250,15311,13523
14034: 13962,13726,13179,15355,13950
12950: 14836,14003,13798,12861,13906
15764: 14730,12986,14142,14082,14672,14814
12843: 15313
15006: 13242,15715,13411,14262
15336: 14270,13557,15808
14412: 15438,13799,13294
14337: 14311,14990,15323,15120,14998
14689: 12966,15050,13155,12934
15058: 14899,13388,15490,13242
12953: 15668,13473,13111,14905,15440
14719: 14744,15465,15285,15654,14732,15220
15365: 14212,13522,15070
15619: 14799,13987,14581,14549,15666,14328
14846: 13622
13515: 13763,13259
13310: 13055,12909,14848,12864,13935,15084
14984: 13957,14986,14360,14161,13053
14416: 13916,15413,15520
14749: 
15297: 13692,14013
15307: 15377,13574,13931,15553,13927
14840: 13569,13969,15624,15263,13049,15212
13733: 12964,15588,13240
15553: 13927,15307
13625: 14801,14588,13737,12831,15249,13503,14781
12910: 15183,15176,14140,14400
14755: 15806,13370,13203
12915: 13776,14581,13843,14060,15666,13161
14541: 13349,13671,13598,15795
13275: 14715,12989,14572,13276
15223: 14383,12963,13580
14740: 14064,13447,13030,14874,14457
15727: 14154,13350,13983
13416: 14441,14656,14752,15189,14655,15075
15198: 14178,15575
14757: 14598,15626,14397,15456,13830,14563,14374
15305: 15390,15002,15281,14576,13356,12920
14718: 15542,13962,13726,14943
15800: 15034,13560,13485,15598
14249: 13592,13513,12858,13620
15095: 13578,13111,15533,15211,14138
13969: 14840,13569,13214,15624,14555,12911
14533: 13837,14691,14232,13756,13495
14700: 14345,15280,14921
13390: 
13763: 13515,14168,15178
15146: 13188,14250,14279,14977
13227: 13492,15598,12892,14852,15327,14936
12816: 14567,13665,13184,13407,14744,15285
13066: 15153,14110,12940
15813: 15552,15008,14768,15740,15348
14388: 14853,14920,13028
14330: 14570,13413,15076,13839,14928,13455
13687: 13439,13791,13971,14353,13948,14991
15706: 13615
13106: 13022
14300: 14674,15442,12987,14367
13778: 14498,14709,14923,13341,14999,15143
14723: 13734,13789,14763
14756: 14199,14273,15403,13376,14792,14076
14191: 14122
14059: 13566,13060,14231,13695,15461,14258
15610: 13187,15244,14401,13901,15426,15341
13812: 15374,14109,14750,14573,15030
15323: 15400,14990,13664,15120,14337
13600: 13707,15588,13826,13000,13468
14099: 
14380: 15739,15773,13381
15224: 14959,15755,14727
14221: 14536,13868,14551,14737,14907,14739
12901: 14083
13259: 13515,14168
15264: 13112,13490,13332
15697: 14292,14318,15283,12960,15338,14738
13190: 14058,13279
14572: 13275,12989,13276,13340,13121,13391
13492: 15598,13227,13485,14415,14936
14009: 13162,14419
14698: 
14111: 13199,13645,15138
15749: 13349,13533,13664,13091,13504
13293: 14450,14509,15270,12906,15717,14857
15641: 14190,13565,13309,14955,14427,14747
14446: 13508,14584,14430,14408,13526,15518
12970: 13581,14474,15144,14665,15541,14025
13221: 14445,14660,14332,14972,15209,15081
14206: 13246,13300,13188
14165: 13698,15105,14286,13095,14218,13328
13566: 14059,13060,14179,13748,13695
15195: 15561,15347,13366,13136,13265,15351
15762: 14872,14216,14961,13587,14952,14948
15330: 14016,14865,15677
13825: 14684,14141,15190,13531
14825: 14465,15555,15639,13530,12862,13256
14303: 13601,13768,14047
14922: 13334
14485: 15151,14334,13711,13517,14397,14709
15156: 15048,14424,15332,15657,15539,14169
15537: 
13320: 15640,15007,14861,13932,14490
13226: 14498,12903,13711,15624,14555,13591
13601: 14303,15742,13419
13956: 13058,14198,15328,14502,14301,13703
15077: 15277,13036,14180,15376
13818: 
13836: 14381,13410,14311,15251
15176: 15183,12910,14789
14676: 13407,12984,15597,15295,13202,14055
14195: 13386
15617: 14639,14014,14941,15020,13178,15676
15348: 13710,12992,13371,15740,15552,15813
15059: 14336
13188: 14250,15146,14206,13679,13300
13417: 12845,15272,15661,15107
15183: 12910,15176,14789
13761: 13754,14658,13082,13140,15139,14769
14274: 13572,12990,14267,15662
14853: 15683,14920,14469,14388,15504
15465: 14719,15285,13516,14578,15065,14732
15623: 15177,13498,14319,13338,14944,13555
14794: 14158,13914,13105
13471: 
15483: 14696,14527,15508,14890,12858
12960: 15763,13544,15283,13163,14292,12993,15697
13080: 13708,12979
14646: 13986,15002,15219,13854,13573
14015: 13149,13547,13556
14613: 13511,13252,13347,13444,14681
13402: 13205,13643,15414,14819,15237
14411: 13807,14569,13395,13103,15142,12896,13623
13718: 15079,14932
14630: 14101
13656: 13027,15222,15046,14802
14292: 12993,15697,14318,13251,12960,15342
13654: 13316,13643,15422,14062
15644: 13914,13973,15783,13105
14142: 14730,15764,12986,14660,14788,14633
14527: 15483,14696,14291,13513,12858
15011: 15304
14774: 13059,13234,14465,14070,15069,13638
14136: 14902,12872
13726: 14034,15355,14983,14718,14943
15684: 15508,14890,13746,13268,15158
13314: 14914,14201,13762,13054
15233: 14959,15476,12925
13846: 14449,14833,13913,14183,13203
12837: 14470,15387,14454,13432,15529,14643
13022: 15436,13106
13199: 14111,15516,13606
15455: 15046,14926,14950,14520,14021
14743: 13576,15492,13743,15160,14117,14610
13602: 13584,14612,14455,15429,13250
14787: 15648,14264,13745,14144,14317
13397: 15796,14088,15260,13989,15650
13113: 14924
12998: 15046,14926,13784,12908
13931: 14224,13749,15377,15307
13351: 15546,12869
13854: 15219,15646,14602,14646,13986,15155
12969: 12821,14843,15399,14006
28652: 
15433: 12958,13258,13153,13164,13671
14874: 13976,14740
12928: 13331,14371,13012,14845
14398: 15613,13265,15351,12955,15714,14023
14268: 14849,15682,13052,14562,13475
14734: 
13589: 15208,13512,14782,14644,14369
15789: 15506,14491,13824,14276
13007: 14251,13052,13627,14434,15298
12984: 14676,13407,13686,13202,12927,13184
14253: 13425,15694
15550: 13667,15754,12869,13239
15489: 14037,13501,14856,14517,15731,13843
13219: 14240
14623: 
14517: 14060,14856,14780,15489,14835,13843
15045: 15755,14029,15062,12925,12821
13618: 14687,13877,14530
13470: 14440,14653,13870,14791,14227,13614
12897: 13148,14232,14824,15551,14873,13996
12831: 13147,14644,15249,13625,13503,14369
13285: 13233,13630,13560
13837: 14691,14533,13148,14232,15810
15552: 15008,15813,13710,15348,14143,15564
13705: 14006,15583,15807,13963
14538: 14051,13994,13924,15407,15576,14930
14352: 
15806: 14755,13203,14183,12845,15272
14399: 15054,14494,14636
13202: 15723,13077,15295,13686,14676,12984
13591: 14347,15263,12903,13226,15624,14512,14831
14839: 14901,14650,13157
14552: 
13154: 14005,15111,14592,14425,15416
14233: 12881,15125
15164: 15056,14335
14318: 14292,15697,13517,15342,15338,15151
14261: 13431,15579
14565: 12844,15069,15413,15555,14070
15319: 13288,14963,15773,13208
15770: 14659,14124,13115,15720,15278,13528
14530: 14379,13618
14371: 13331,13990,12928,14845,13395,15110
13664: 13091,15120,15479,13533,15749,15323
14168: 15178,13259,13763,15435
14760: 14368,14582
15361: 14043,12817,13875,14896,14763
14850: 13902,15258,13324,15514,13262,13355
14494: 14399,14636,13734,15265,14954
15656: 13149,13561,12934,14713
14832: 13894,15135,13338,13680,14944,14662
14761: 13767,15747,14705,14641,14736,14308
14639: 15085,15617,14437,14014,14941,13995
15110: 14569,13395,14371,14845,14811,13311
14435: 13519,15152,15499,15648,15449
15475: 13991,15145,14841,13937,15136,13612
15034: 13537,13560,14402,12892,15800,15598
13409: 14798,12967,14437,14014,15287,13393
13713: 14167,15487,15288,15778
14762: 13992,14745,13123,15409,15387,15529
15493: 14145,15438
15234: 13454,14765
15481: 13754,14658,14733,15246,14174,13640
13749: 14466,13414,13931,15377
13027: 13656,12908,15222,12958,13755
13970: 13468,15130,12964
13011: 15132,13651,15500,15777,13033
13819: 15766
15342: 14598,13517,15626,14292,14318,13251
13443: 14041,13696,13908,13945,15072,13167
14115: 15082,13209,15647,13945,13281,13167
13725: 14385,13597
15325: 15215,13617,14143,13710,13067,14078
15334: 13233,12863
15166: 13571,15031
14551: 13942,13935,15084,14737,14907,14221
14216: 14872,13078,15762,14952,13352,14133
15692: 15730,13914,15746,12975
15109: 13757,13974,14470,15259,13879,15797
14819: 12912,15237,12916,14105,15414,13402
14360: 14161,13806,15805,14984,14986
13613: 15731,14037,15630,13231,15737
15270: 14450,13293,15240,14857,15581,14987
14026: 12864,14187,15275,15189,14441,15106
15286: 13354,15098,12924,15210
15056: 15164,14590
15404: 13449,14001,14831,14796,13565,13309
14162: 14638,13706,13808
15500: 12875,13232,13011
12959: 15519,14633,13872,14526,12986,13558
15426: 15354,14701,14159,15610,14401,15341
13902: 13831,15258,14850,14196,13124,13324
13682: 13012,14845,13196,14053,13311,15075
13694: 13383,15511,15194,13599
13572: 12990,14274,14267,14016,15324
14293: 13146,14176
14505: 15119,15420
13336: 13392,14252,15515
14209: 12948,15581,13952,14605,13072,13270
13947: 13299
12869: 13351,15546,15550,15754
14321: 13730
14377: 14920,12867
14547: 13933,15074,13803
14114: 12995,13548,12900,14883,12973
15249: 13147,12831,13736,13074,13737,14801,13625
14596: 15497,15112,13785
14504: 13735,14535,15427,15647,14044,15486
15594: 13165,14272,13039,13583,13773,13506
15228: 
12992: 13710,13067,15348,14952,13371,14133
12940: 15134,13066,15306
13521: 14866,14255,14862
15422: 13389,13643,13316,13654
14644: 13147,12831,14782,14968,13589,14369
13824: 15375,13845,14050,15789
13024: 15653,13496,15642,14210
15677: 14447,12817,13662,15330
13869: 13411,15497,14693,14735
15591: 14124,14724,13274,13528,14816,13035
15773: 13335,13208,15319,15739,14380
15599: 14955,14427,14512,13975,15738,12877
15133: 15067,14995,13021,14230,14520
13239: 14094,15550
14830: 12937,13684
15271: 15512,13578,13888,14671
15222: 13656,13027,13750,13964,12958
13321: 14112,15040,13388
14392: 14933,14090,15613,13551,15714,12943
15226: 15284,13809,13058,14198
13662: 15157,13681,14043,12817,15677
14770: 13507,14980,14579,13534,15254
15765: 14017,14049,15721
14894: 13434,13042,13783
13835: 14181,15113,15317,15284,14927,13365
14668: 12911,13992,15259,13569,13879,14550
14224: 13414,13284,14223,13931
13963: 15807,15565,14095,12929,14606,13705
14953: 15466,15509
14578: 12927,13184,14487,13516,15465,15285
15032: 15335,13833,13048
14896: 13972,14763,15361,12817,13185,13467
13167: 13281,15494,14115,13945,13443,14041
14484: 13430,15441,15542,13616,14002
15185: 13120,15016,14489,14549,13567,13774
14054: 15063,14475,13331,13990
14837: 14834,14288,14617,14072
15504: 14211,14469,14853
13918: 15471,12861,14376,13906
13486: 13426,13243
14500: 12835,14428,13626,13828,14836,14003
13127: 13115,14226,14877,13911,15278,13585
14525: 15290,13300,14298,13418
14219: 15147,14929,14793,14725
15040: 13388,13321,14501
14284: 15353,15781,14418
13194: 14243,13126
15478: 13075
15114: 13556,13308,15460
12904: 15536,12842,14580
13468: 13970,13000,13600,15588
15119: 14505,15632
14713: 12934,13192,13149,15656,13073
14569: 13807,14411,13395,13103,15110,14811
14852: 15327,13227,14936,15809,15498
14385: 12860,14295,13993,13725
14442: 12893,14778,14458
12914: 15062,15476,14702,13104,14326
14744: 14719,15285,15654,15651,14567,12816
14680: 
13388: 15040,15719,15058,13321
13296: 15750,15371,14691,12974
15443: 13840,12860
14763: 14896,13734,14723,13875,15361
13123: 13182,13822,15409,14738,15387,14762
13478: 14127,14722,14277,14773
14711: 13048,13804
14130: 13359
14707: 13004
14419: 15439,14009,13162
14074: 15561,15129,13757,15797,14123,13435,13136
14634: 13005,13462,14884
15048: 13998,15156,14424,14042,15332,12921
13494: 13497,15292,14880
14443: 13423,13428,13101,14925,14429,15207
14895: 14791,15415,13696,13546,14879,14202
13797: 14104,13496,15453,15729
13169: 14362
14934: 15605
14314: 14375
13324: 15514,14593,13124,14828,13902,14850
14818: 15221,14002,15099,14607,15308,14028
12846: 14615,15303,14748
13892: 14139,13041,15430,12939
14660: 14445,13221,14332,14788,14730,14142
14139: 13892,12939,14905
14060: 14517,14835,12915,13843,13161
14870: 14373,12949
13072: 13260,14605,14209,13608,14409,13270
14821: 13297,13887,13811,14178,13272
13419: 13601,15742
15023: 
15313: 12843
15014: 13387
13135: 13851,14931,14528,12936,14652,15673
14816: 15503,15412,14150,13274,15591,13035
13587: 13423,15532,14961,15207,15762,14948
14177: 15774
14748: 15196,14532,12846
15511: 13983,13383,13694,15194
14531: 14842,13903,13767,14308,15065,14410
13009: 14057,13899,14497,13060
13632: 13938,13264,13878,15250
13484: 13425
12830: 15179,13197,15349,14227,13614,13487
15260: 13397,14088,12968,14220,13070
13249: 14798,12967,13640,15296,14741,15089
14141: 15190,13825,13531,15150
14887: 15611
13932: 13053,14490,13320,15007,13456
15042: 13044,14916,14436,13978,14888,15201
14102: 13034,13426,15199
14656: 14441,13416,14444,14752,15076,14928
12824: 14522,13356,13540,14515,15274,15782
15328: 15038,14502,13058,13956
13961: 13489,15482,15066,15485,14295
13633: 13476,14491,13410,13985
15094: 14170,14346
13146: 14902,14293
13225: 13396,15004,13593,15121,13020,13810
14370: 13362,14423,14972,15209
12847: 12922,13740
14227: 14791,15415,12830,15349,13614,13470
12997: 15712,15162,12899
13344: 15142,13017,13210,15080,14566,15214
14383: 12963,15223,14364,13580
13981: 14692,13193,13944,12841,13412,15347,13366
13630: 15721,14049,14545,13285
13211: 15582,14543
15029: 14905,13451,15230
14884: 13766,14868,14634,15310
13075: 13342,15478
13734: 15265,14723,14494,14954,14763
15790: 13950,14282,13962,13430,15123
13766: 14884,15310
13440: 14910,14610,13576,13052,13627
14004: 14813
13571: 15166,14981,12964
13187: 15610,15244,13788,13143,13901,14473
13415: 14315,15242,13008,13898,13739
14116: 15324,15559,14267,14279,14977,15472
15767: 
13885: 13668
14033: 
14710: 15759,14046
14244: 14742
14781: 12906,13548,13625,14588,13503
15155: 13986,13854,14602,13403,13179
13578: 15095,15533,15271
13992: 12911,14745,14762,15259,14668,15529
14667: 15473,15203,14664,14341
14592: 14126,14425,14164,13798,14005,13154
13817: 14673,15407,15576,14153
15766: 13819,15700
15076: 14330,14570,15563,15225,14752,14656,14928
13210: 15142,13017,13344,13619,14325,13807
14492: 14048,13347,13531,14294,14553
15288: 15672,13713
14568: 14704,15698,13617,14289,15312
14025: 13991,14766,15145,12970,15144,14665
14464: 15456,13612,13937,15204,13251,15626
15637: 13176,13586,14007
14023: 15714,13787,12955,14398,14604,13209
13133: 15401,13414,12946
14791: 15415,14227,14895,14202,13470,13870
12913: 13717,12923
14879: 14202,15159,13951,13546,15543,14895
15503: 14816,15412,13274,13001,15240
13512: 15208,13589,14369,12995,13537,12900
15774: 13813,14177
13986: 14646,15155,14378,13854,13179,13950
15049: 15634
15467: 13610,13573,14378,15163,15231
14662: 15629,14507,14832,13680,14944,13445
14466: 13749,12946,14050
15664: 13850,14624,13833
14164: 13906,14254,13603,14592,14126
14051: 14538,15474,13994,14474,15541,15576,13775
14437: 15085,14639,14014,14174,13409,14798
13652: 15050,13561,15033,14661
13944: 13981,13193,15347,13366,14708,14152
12868: 12844,13076,15643,13107,12855
13203: 15344,14755,15806,13846,14183
15638: 13752,15803,14173
14865: 15157,14255,12838,15330,15152
13067: 13710,12992,14239,14133,14078,15325
14847: 14052
13360: 15760,15300,12975,14885,13549
12882: 15169,14482,15267,13446,15083,15089,13132
14618: 15437,13444,14681,14472
13990: 13331,14371,15063,14054,14325,13395
14498: 14709,13778,12903,14923,13226,13711
14686: 
14150: 14816,15412,13035,13621,13977,15396
12894: 14180,14904,15799,14080,15217
14281: 14782,13524,15721,15208
13354: 15098,15286
14396: 13097,15246,15191,13085,13995,15085
15321: 14113
13094: 14985,14776,14269,15367,13290,13624
13413: 14330,13401,14570,14011,13326,13455
14746: 15332,12921,15593,15442,12987,14621
13535: 13853,15172,14242,13083
14728: 14190,14796,13565,15744,13894,15135
15629: 15557,14662,14507,13677,15367,13680,13445
15066: 15482,14472,14697,13961,13489
13042: 13434,14894,14316,14257
13175: 15479,13375,15405,15301,15400
13998: 14301,15048,14424,14030,14042,15329
15220: 15044,14732,14719,15654,15236,15395
15650: 13989,14829,13397,15314
15394: 13957,14986,13853,13899,13224
15096: 13035,13621,15372,14724,13460,14350
15036: 15510
15413: 13604,13256,15555,14416,14565
13862: 14767,14994,14201
15069: 14565,12844,14070,14774,13638,13076
13047: 15213,14773,13781,15092
15486: 14344,14044,14504,15647,14571,13281
13826: 14726,13890,15279,13000,13600
14163: 15501,14459,14079
13126: 15370,13771,13194
13637: 15487
13307: 13719,13933,14046,13670
13255: 15538,14040
15391: 13788,13237,14628,15083,14482,15244
13017: 13210,13344,13619,15080,14584,14430
13345: 13748,13695,15779,15627,12994
14867: 14236
13057: 13925,13929,13278,13661,15015,13739
14258: 15461,12930,14059,14231,15265
13004: 15188,14707
15728: 13088,13706,13109
15248: 13150,14506,14172,13084
15407: 15576,13817,13204,14153,14538,14930
15424: 15771,14332,13552
14213: 15784,14982,13629,13999,13118,14423
13939: 13875,14954,12873,13231
12921: 15332,14746,12987,14970,14042,15048
15337: 13086,14943,15173,14860
14460: 14587,13880
15717: 12906,13548,13293,15180,12973,14857
15491: 
13507: 14770,14980,14579,13747,14431
14495: 
15431: 13663,13550,13230,15547,15427,14044
14053: 13394,15225,14752,13682,13196,15075
13510: 13423,13428,15532,13583,13469,12818
15693: 13595,13481,14739,15535,14790,15345
13570: 
14715: 13275,12989,15615,14958,12862
15741: 13544,14797,13568,14187,15275,13339
13177: 13046,13801,13693,13460,14350,15057
14512: 14427,15599,12903,14923,13975,13591,14347
15571: 
12832: 15759,12887,14372
13537: 15034,13560,14402,14545,13512
12835: 14500,14428,14433,14003,12828
14457: 14740,13030,14320
14930: 14361,14271,15407,13204,14538,13924
15235: 14073
13635: 14721,14181,13871,13439,14353,14594
15543: 13546,13180,13304,14086,14879,13951
13406: 14806,13181
13964: 15010,14679,13750,15222,13258
13366: 15347,15195,13981,13944,15351,14152
13737: 15149,15017,13074,15249,14801,13625
15135: 14832,13894,14728,15744,13292,13680
15681: 13128,14589,15100
15147: 13732,14929,14219,15025,12849,14793
13068: 13268,15158,12977
15585: 14414,15380,13218,13698,14095,15565
15719: 13388,14624,15732,14119
13709: 14207
14716: 14287,13697
13268: 13068,15684,15450
13678: 14497,13224,12917,13957,13456
15280: 15308,15665,14345,14084,14700
14797: 15741,15763,13544,14444,13420,15275
13966: 14988,15548
15539: 13792,13082,15657,15156,14169,13140
14090: 14933,14392,13065,13722,13551,15595
14455: 13602,13584,13250
12986: 15764,14142,14814,14526,12959,14633
13084: 13497,14019,15248,13672
14086: 14395,15531,15543,13304,13951,12836
13019: 13719,12840,13306,12825
13810: 14976,13225,15121,13020,14824,14873
13032: 
15247: 15091,13553,15105,13006,13655,15380
14210: 14085,15729,14963,13496,13024
13195: 14146,13559,15517,15603,15786,15390,15281
13138: 13119,13965,14348,14462
14901: 14839,15771,13215,12942
13101: 13855,12945,14925,15528,14429,14443
15295: 15723,13202,15566,12909,14676,14055
12930: 14258,13982,14973,13789
14297: 15498,15663,15024,15471,14376
14408: 14175,13526,14066,14784,14430,14446
15035: 
13697: 14287,14716,13454
14382: 15107,14373
13103: 14569,14411,14811,14601,13623,14939
15353: 14284,15781
13012: 13682,14845,13196,12928
14251: 13007,13052,15091,14849,13006
15350: 15804,14186
13305: 15554,14018,14775,13361,12977
13543: 14720,15577,14247,14366
13340: 13276,15726,14572,13526,15518,13391
14652: 15143,14838,14185,13135,14931,15673
13051: 14140,13212
13445: 14944,13555,14269,14662,15629,15367
13901: 12889,15622,14473,13187,15610,15341
15612: 15711
15718: 12840,15781,12825
13140: 14169,15701,15539,13082,13761,14769
15520: 14416,13916
14671: 12870,14489,13888,15512,15271
14936: 15809,15097,13492,13227,14852,14415
13218: 15585,15565,14882,13954
15620: 13562,13582
15398: 14123,13605,13435,13046,13693,15340
14871: 13322,13904,14722
14329: 15406,15346
15593: 15332,14746,15657,14259,14621,13404
13332: 15264,13222
13469: 13731,13506,12818,14619,13583,13510
14424: 13998,15048,15156,14030,14169,13108
14056: 
14769: 15356,15139,14343,13140,15701,13761
15667: 13228,15611
13410: 13836,13633,12859,15251
14649: 13266,13157,13701,15130
14886: 15530,12898,13474,14913,14822
14758: 13760,14068,14806,15028,15573
14340: 15362,13043
13580: 13796,15193,15459,14383,15223
15540: 15761
13679: 15101,13246,15559,13188,14279
12899: 15389,13317,15162,14266,12997
14691: 13837,14533,13495,15371,13296
13701: 13922,14585,14650,14649,13157
15384: 15385,15809,15663,15360
13556: 14171,13308,14015,15114
12963: 14383,15223,14236
13843: 12915,13776,15489,14517,14060,15731
15444: 12874,12935,14161,14490
13411: 13869,15497,15006,14693
14519: 13993,14688,15302
15072: 13787,13945,12943,13443,13908,13834
13621: 15096,13035,15372,14150,15396,15273
13816: 
13827: 15277,13036,15368
15290: 14525,13300,12905,13418,15658,14684
14690: 13206,14235
14243: 13194
13481: 13595,15693,13174,14907,14739,12866
14031: 13772
14996: 14296,14367,12965,12883
13353: 13821,13302,14834,14617,14951,15707
13178: 14260,14747,15020,15116,14941,15617
12875: 15500,14508,13976
15329: 13703,15462,14148,13998,14301,14030
15256: 15369,13212,13128
14032: 13799,13814
15085: 14639,14437,14174,14396,15246,13995
13791: 13439,13687,13971,14022,13100,15317
13395: 13807,14569,14411,15110,13990,14371,14325
14672: 13856,13183,13579,13158,14730,15764,14082
13563: 
12858: 13323,15483,14527,13513,14249
13965: 14587,13138,14462
14183: 14449,13846,13203,15806,12845
13747: 14764,13507,14980,14431,15783,13973
15542: 14718,13962,13430,14484,14860
12912: 14817,14819,13461,12916
15352: 13760,14615,14915,15196,13141
14645: 13092,15676,15020,13688,14675,15601
14726: 13826,15279,14523,14438,13707
14012: 13472,15793,15470,14467,14937
13198: 
13444: 14613,14681,14618
15611: 14887,15667
13914: 15644,15746,15692,13105,14794
13396: 13225,15004,13593,12848,14225,14403
14199: 13857,13089,14290,14756,14273,14792
13245: 14089,14203,14278,13717
14537: 14513,13297,14075
14714: 15456,13612,15145,14665,14204,13830
13079: 13254,13119,14220
15445: 14620,15037,15300
15781: 14284,15353,15718,14683
13575: 
13291: 15137,15177,13193,13479,14708,13722
13887: 14821,13297,14075,12878
13538: 14777,13916
15317: 14181,13835,14927,13100,13439,13791
14557: 13236,15779,13153,13671,15795
14857: 12948,15581,15717,13293,15270,15180
14514: 
14006: 13705,15750,12969,14843
13231: 14636,15630,13613,13939,15737
14991: 13448,13687,14353,13948,15603,14146
15192: 
14125: 14045
15196: 14748,14615,15352,13760
14471: 13735,14535,13122,13025,13953
14011: 14841,12971,13326,13413,13455,15136
14778: 14442
15065: 14732,14410,13516,14308,14531,15465
15399: 12969,12821,14620,15037,13050
13460: 13518,14724,13177,13801,15096,14350
14395: 13782,13895,14086,15531,13304,14439
14196: 15643,13107,13124,13457,13831,13902
13925: 13929,13057,14477,14685,15590,15015
15700: 15766
13985: 13724,13476,15685,13633,12859
13125: 15359,12852,14170,13780
14702: 13002,13495,13968,13104,14394,12914
14614: 
15267: 15169,12882,14482,13446,14272,13039
14285: 13746,14964,14890
13565: 14190,14796,13309,14728,15641,15404
14194: 14826,14215,13220,15194
15736: 15055,14481,14440,13870,14456,13800
15508: 15684,14890,15483,15450
12954: 14122,14223,13808,14638
13449: 14001,15404,14222,14796,15269,15652
15687: 12819,13201,14088
14215: 14682,13220,14194,14118,13536
13014: 15131,14625,13611,15590,13607
14122: 12954,15653,14191
15600: 14188
14296: 14367,12965,14996,15442,14621,15175
13038: 13283,14868,15100
13738: 13189,15753,13645
13519: 15152,14435,12838,14144,15648
14842: 12926,13903,14531,13767,14103,14593
15551: 14232,12897,13996,13756,15655,14479
14595: 15804,15660,14967
15469: 15690
13479: 14319,15269,13193,12841,13291,15177
14231: 14059,13060,15054,14258,15265
15459: 15631,15061,15510,15193,13580
14928: 13839,13420,14330,15076,14656,14444
13159: 13091,14844,14105,13504,14036
14841: 14011,12971,12988,13991,15475,15136
15043: 15154,14373,12895,15722,13129,14699
13499: 14974,13028,15572
14806: 13021,15028,13406,14758
14433: 12835,12828,13278,13661,13110
15707: 15363,14951,13353,14834,14863,13241
15170: 15711
15658: 14684,13418,15290,12999,15213
15118: 13729
15231: 15163,14548,15467,14378,14282
14948: 14952,13371,13367,13587,15532,15762
15618: 13915,15554,12977,15158
13527: 15752,15480
13295: 13323,13620
13623: 15723,12896,14411,13103,15566,14939
14062: 13205,14310,13654
13769: 14277,14773,15092
14725: 14219,14965,13319
14616: 13727,14771,15299,14503
14522: 14576,12824,13356,15782,14109,14573
14959: 13240,15233,15224,14727
15377: 15307,13574,14050,13931,13749
13191: 12815,14037,15630
15554: 14018,13305,15389,13114,13915,15618
13380: 13290,13624,15318,13078,13960,12814
14175: 14408,13526,14066,15726
15052: 14107,15314,14829,15302,14245
12817: 14043,15361,14896,13662,13467,15677
13581: 14474,12970,15144,14673
13050: 15037,12821,15399,14309
13857: 14199,13089,14290,15012,13097,14733
15709: 13744
14807: 14128,13730
15208: 14545,13589,13512,14782,14281
13868: 14221,14536,15410,15535,14643,14739
13569: 14840,13969,12911,14668,14550,13049
14503: 14589,14771,14616
15205: 14439,14468,12902,14776,15468,13895
15527: 13069,13485,14898,14415
13099: 13851,14931,14663,15792,14999,15525
14013: 14983,15297,13692
14817: 12912,15237,13982,14973
14218: 12865,15434,13328,14165,14286
13237: 13788,15391,15268,15229,14599,14628
15428: 14434,14097,13800,15769,14456,13627
15366: 14642,13765,13631,15051,13093,13978
13342: 13075,12947
14843: 12969,12821,15750,12974,14029,14006
15523: 14981,15130,15053
15236: 15149,15017,15395,12880,15220,15044
15214: 14566,15592,15142,13344,12896,13077
15744: 14260,13688,14190,14728,15135,13292
15241: 13777,14476,13558,15519,13244,15003
14095: 12929,13698,13095,15585,15565,13963
14918: 
15037: 15445,14620,13050,15399
15386: 14741,14628,15139,14343,15229,15296
14232: 13148,12897,15551,13756,13837,14533
14287: 14299,14716,13697
13677: 15557,15629,15367,15522,13624,15318
15742: 13601,13419
15333: 14488,14089,14278
14394: 14326,12974,13495,14702
13447: 14740,14064,15451,12985,15108,13030
13554: 14516,12931,14903
13233: 13285,15334,13069
13464: 15030,13437,12890,14200,14432
13655: 13006,15254,15691,15247,14414,15380
13029: 13727,14997,14640
13624: 13290,13380,15318,13677,15367,13094
15169: 12882,14482,15267,14401,13039,14159
15210: 15252,12924,15286,14666
14573: 13812,14109,14750,14522,14576,13610,12920
15705: 
15740: 13820,15785,13371,13367,15348,15813,14768
15615: 14715,12989,12862,14465,13234,13121
12917: 14497,13678,12815
13542: 13434
13530: 14958,12862,15639,14461,14825
14107: 15314,15052,14688
15652: 14319,15269,13449,14796,13894,13338
15661: 13841,15722,12845,13417,15107
14118: 15194,14215,13536
15314: 14107,15052,15650,14829
15528: 14925,13852,13644,14327,12945,13101
13604: 13740,15413,13256
13767: 15747,14761,14103,14308,14842,14531
13653: 14754
13208: 15773,13335,15319,15140
14804: 12941,14526,15785,14768,14476,13558
13561: 13652,14661,12833,12934,15656
14574: 13180,13834,13304,14933,13065,13782
14402: 15034,13537,12892,12900,14452
15763: 13544,14797,12960,13420,13163,12993
13427: 12981
14269: 13555,13445,13248,15367,14985,13094
15805: 14067,14360,13806,14986
13403: 13063,13179,15355,14602,14699,15155
15567: 13134,13741
15701: 14169,13108,13140,14751,15356,14769
14643: 14536,15410,13868,12837,14454,13432
15587: 14640,13842,15812,14629
13683: 
14077: 
15778: 12979,15672,15487,13713
15157: 13662,13681,14865,14255
13196: 13012,13682,13394,14053
13735: 14471,14535,14504,13953,15082,15647
13348: 12907,14418,15184
14935: 
14775: 13361,12977,13305,13691
13387: 15357,15014,13646
14635: 15102
14648: 
15216: 
15675: 13884,13287,12895,15448,13594,13129
14732: 15065,14410,15465,14719,15395,15220
15429: 13602,13250
15046: 14926,12998,15455,14021,13656
12865: 15434,14218,13328,15093,14322
14753: 15696
14982: 14213,15784,14200,14548,13999
13182: 13649,13822,13123,13480,15387,14454
14456: 15769,13018,14440,15736,15428,13800
14759: 13384,14826,14236,14020
13271: 13115,14226,14812,13595,14790,15720
13334: 14922
14771: 14400,14589,14503,14616
12920: 13610,13573,14576,15305,15002,14573
14599: 15505,13934,15229,13400,13237,15268
12825: 13019,15718,13306
13060: 14059,13566,14231,13009,15054
12892: 15034,14402,14452,15598,13227,15327
14345: 14084,14700,15803,15280
14316: 15702,15703,13042,14257
12906: 14781,13548,15717,14588,14450,14509,13293
14263: 
14767: 13862,13549,14914,14201
14729: 12962,14379,13941,14017
13568: 15741,13544,15283,13339,13649,13822
14739: 15693,13481,14907,14221,13868,15535
14174: 15085,14437,15246,15481,14798,13640
14570: 14330,13401,13413,15076,15563,15225
15294: 14575
14279: 14977,13679,14116,15559,15146
15093: 15289,14976,14312,15716,12865
12907: 15047,13525,13348
12833: 14661,15025,12849,14625,13561
14738: 15338,15409,15283,15697,13822,13123
15547: 15427,15396,15273,15060,13550,15431
13636: 14349,13626,13260,14409,13139
14849: 14268,14251,13052,13006,15691
13700: 13034,12888,13213
14366: 13543,15577,14626
12975: 13360,15760,15692,14885
13287: 13884,12895,15675,14449,13913,13841
13498: 15137,15177,12957,15623,13555,13248
13875: 13939,14954,14763,14043,15361
15799: 14235,12872,14904,12894
13152: 15211,14780,13979,13473,15640,14856
15784: 14213,14982,13629,14548,15123,15441
15060: 15547,15396,13977,13452,13863,13550
14353: 13439,13687,13635,13448,14594,14991
13394: 15563,14053,15225,13196
14670: 14166
12860: 14385,14295,15473,15203,15443
14695: 13330
15259: 13992,14668,14470,15529,15109,13879
12819: 15687,14612,13254
13448: 14515,14594,14991,14353,14146,15517
12836: 14217,13923,14086,15531,13951,12884
12966: 15490,14689,14315,14899,15050
13681: 15157,13662,12873,14043
15411: 13405
13560: 15034,13537,14545,13285,15800
13171: 12855,13860,14828,15643,13124
15103: 14937,13037,14346
12902: 15205,14468,14776,13290,13960,14403
13855: 12945,15601,13101,14529,14429,14155
15356: 14769,14343,15701,14751,13934,12885
14811: 14601,14655,13311,14569,13103,15110
14553: 14294,14492,13347,14307,13577
15283: 13544,13568,12960,15697,13822,14738
15757: 13967,14228,12957,13248,14985,15468
13331: 13990,12928,14371,14054
14020: 14759,13983
14334: 14485,15151,13711,15688,13214,14555
15514: 13324,14593,14850,12926,13355,13312
13863: 13608,13270,13896,13452,15060,13550
15670: 15788,15558,13693,13605,15057,13025
15382: 13880,13660,13667,13779
13907: 12918,13151,14964
14968: 14782,13524,14827,14992,13147,14644
12956: 13988,13660
13878: 14038,15250,13938,13632,12898
15292: 13672,13497,13494,14880,15402
15651: 14567,14812,14744,15654,14877,14226
13658: 15713,13866,13508,15001,14120,13675
14633: 12959,13872,12986,14142,14788
15354: 14701,15426,12996,15181,15341,14510
14940: 14632
15708: 15346,13431,15579
14803: 15125,15606
13599: 15194,13694,14100
15375: 13824,13845
13355: 14827,13312,14850,15514,13262,13466
12859: 15589,14815,13410,13985
14145: 15493,15438
14127: 13478,15495,13904,12886
15480: 13527,15699
13882: 
14133: 14239,13352,14216,14952,13067,12992
13002: 13495,14702,13756,13137,13968
13028: 14974,13499,14388
13141: 14622,15352,14068,14421
12968: 14220,15260,14647
13035: 15096,13621,14724,15591,14816,14150
14152: 14708,13551,13366,13944,15613,15351
12926: 14842,13903,15514,14593,13312,13893,13673
12973: 15180,15464,14114,13548,15717,14883
13698: 14165,15105,13095,14095,15380,15585
12982: 13120,12870,14489
15699: 15480
13716: 13536,13361,14577
13851: 13135,13099,14931,14663,15379,14528
14558: 13472,12850,13930
13916: 14416,14777,13538,15520
14188: 15600
14169: 13108,13140,15701,15156,14424,15539
14526: 14814,14804,12986,13558,12959
15015: 15033,13739,13925,13057,15590
13906: 14164,13918,12861,12950,13798
14046: 13933,14710,13307
14493: 14560,13343,15645,13087,13858,13327
14508: 15662,14779,12875
15028: 14806,13760,14758
14426: 15450,15683
14507: 15557,14662,15629,13680,14529,14155
14423: 15725,14972,13118,14213,14370
15691: 13006,15254,13655,14849,15682,13534
15405: 14132,15301,15115,13927,13175,13375
15436: 13022,15421
14655: 15189,14811,14601,13311,15075,13416
15107: 14382,13417,15661
13040: 13379,15097,15385
13284: 14224,14098,14223,15401
14420: 
14084: 14345,15803,15280,13752,15665
13489: 13961,15066,14697,14664
15516: 13199,13645,13189,14900
14161: 14360,14539,12935,15444,14984
15596: 13516,14736,13753,15165,14487
15090: 14063,13176
15463: 15449,15662,12990,14237
13288: 15041,15319,13207
15754: 15550,12869
15714: 14023,13787,12943,15613,14398,14392
14925: 13773,13852,15528,13101,14443,13428
14799: 15619,13987,14328,15574
15808: 15336,15232
15583: 13705,15807,15734,13666
14061: 13820,15785,13731,12818,13865,12941
15622: 12889,13901,14473,13172,15374,15030,12890
15389: 12899,13317,14266,13114,15554
13528: 13274,14603,15278,15770,14124,15591
12957: 15137,13498,13248,15757,13967,15595
14782: 13524,14968,14281,14644,15208,13589
14681: 14307,14472,14613,13444,14618
13376: 13404,15175,15403,13900,14756,14273
13648: 15471,14283,14302,14349,12861
13531: 14294,13825,14492,14141
13401: 14570,13413,15563,13326
15081: 15209,14214,13221,14332,13552,15665
13461: 15005,15627,12916,12912
13276: 13340,15726,13275,14572
14815: 15589,12859,13505,14820
13408: 15310,12867
15653: 13024,14106,15642,13808,14122
15129: 15561,15347,14074,14354,15797,14692
14509: 14450,13293,14588,14357,13145,12906
15471: 15024,13648,13918,14283,14297,14376
13711: 14485,14334,14498,14709,13226,14555
14375: 14314
14098: 15509,14654,15401,13284
14373: 15154,15043,15722,14382,14870
13207: 15140,15000,14950,13288
13922: 13000,13701,14585,13890
15686: 14559
13977: 13952,13452,14987,15412,14150,15396,15060
14124: 15770,13518,14659,14724,15591,13528
15733: 13940,14772
12884: 13889,14071,15531,12978,12836,13923
13547: 14793,13319,14015,13313
14975: 13758
13156: 15777,15745,13033,13441,13200
14282: 13950,15790,14378,15231,15123
14393: 15418
13045: 
14450: 14509,13293,15270,13001,15240,13145,12906
14275: 15484
14404: 
14976: 15289,13810,15093,15121,15716,14824
12935: 14063,14539,14683,14161,12874,15444
15689: 14058,13036,14387
13777: 14476,15241,15008,15564,14795,13244
14854: 12952
14325: 13210,13619,15063,13990,13807,13395
14549: 15666,13567,15185,15619,13987,13774
14502: 14970,15328,15038,14042,13956,14301
13815: 15274,15586,13400,13832,15505,15787
15063: 14784,14475,14054,13990,13619,14325
14344: 14044,15486,13230,14571,13631,13081
13929: 13925,13057,14477,13541,13483,13278
15560: 14089,14666,12944
13728: 13921,15376,13764,14058
12905: 15290,13300,14250,14684,14048
13740: 13604,13256,15639,12847
15017: 15149,15236,13374,13737,15395,13074
14417: 13114,15150,13151,13317
14305: 14407,13049,14354,14550,14692,13412
14478: 
13228: 12826,15667
13018: 15769,15492,14456,14440,14653,15174
14201: 13314,14767,13862
14965: 14562,15339,13475,14725
15635: 15199,14906
14679: 13964,14703,15010,13335,13750,13088,13381
15301: 14132,15405,13175,14276,15400
14727: 14027,14959,15224
15419: 14969,13955,14097,15298,15316
15659: 
14631: 14147,15669,14104
14653: 14440,13470,13614,14611,15174,13018
14071: 13889,12871,12884,12978,12848,15004
14992: 14827,13312,13736,13893,14968,13147
13742: 12919
15341: 12996,15610,12889,13901,15354,15426
14439: 15205,14468,12978,13895,14395,15531
12820: 13073,14171,13308,14564
13974: 13757,15609,15109,14470,13432,13282
15068: 15127,13845,13476,15685
14432: 14892,13999,13464,12890,14200,14978
15788: 15670,15558,12955,13025,14604,13953
13144: 14657
14627: 
15026: 
15311: 14534,14038,14694,13523
15251: 13891,13277,13836,13410,15589
14548: 15163,15231,14200,15784,14982
13206: 13451,15435,14690,15230,14235
14058: 15689,13728,13764,13190
15810: 13491,14322,15289,13148,13837
14705: 15747,14761,15608,14363,14641,15695
13304: 13180,15543,14574,13782,14395,14086
14917: 
14298: 13316,15454,14525
13870: 14440,13470,14791,14202,15055,15736
14441: 14656,13416,14444,15189,14026,15275
14363: 15608,14120,15200,13217,15695,14705
13465: 15291,13422
14407: 13049,14305,14001,15212,14222,12841,13412
14312: 13867,13168,15716,15093,15434
15137: 13291,15177,13498,12957,13722,15595
13579: 14919,13984,14510,14672,13856,14082
14271: 15403,14361,13900,14930,13204,15604
13659: 14712
13318: 15197
15016: 15185,13120,15678,13774,14212
12934: 13192,14713,14689,13561,15656
15287: 13092,15676,14014,13409,13393,14327
14793: 13547,15025,15147,14219
14872: 13078,14216,15762,15522,14961,15318
13109: 15115,13088,15728,14703
14612: 13602,13584,15791,12819,13254
14546: 14230,13181,13474,14995
14752: 14053,15225,15076,15075,14656,13416
13550: 13663,15431,15547,15060,13863,13896
15084: 14737,15397,13310,14848,13935,14551
15074: 15780,14513,14547
14170: 15094,13377,14346,13125
13298: 15261,13369
14866: 13521,15737,14859,14256
13261: 13691,15417,14577,13771
14029: 14326,15062,12821,14843,15045
13995: 14677,14941,13085,14396,15085,14639
15513: 
14876: 13909,15758,12829,15730
15123: 13430,15441,14282,15790,15784
15269: 14319,13479,15652,13449,14222,12841
14780: 15211,13152,14138,14856,14517
14897: 
14220: 12968,13079,15260
14421: 14521,15245,13141,14068,14608
13089: 14199,13857,14273,14259,15012,13792
13430: 15123,14484,15441,15790,13962,15542
14035: 12842,15364,14580,14178,15575
13795: 13359
14589: 14503,13128,14771,15681
13950: 14282,15790,13986,14378,13179,14034
15250: 13878,13632,14694
13016: 15079
14357: 12980,13145,15149,12880,14801,14588,14509
13491: 14322,15810,14413,15371
14272: 15594,13039,15267,13446,13773,13852
15154: 15043,14373,14699,12949
14462: 13138,13965,14348
13941: 14017,14729,13466,13524
15786: 13657,15448,13117,13195,13559,13238
14777: 13538,13916
14085: 15729,14963,14210,15041
14674: 14300,12987,14970,15038
13982: 15461,12930,12994,14817,14973
13669: 13368,14751,14039,15446,12885,15787
13945: 13787,15072,13209,14115,13167,13443
13232: 15500,15437
12925: 15062,15476,15233,15755,15045
15101: 13679,13246,15748,13919,15559
12952: 14854
13695: 13345,14059,13566,12994,15461
12987: 14674,15442,14300,14970,14746,12921
15397: 15084,13480,14737,14848,13339,13649
15153: 13066,13959,13699,13273,14110
13130: 13062,15672
13485: 13069,15527,15800,13492,15598
14810: 15022
14365: 14386,14323,15544
13441: 13201,14320,13156,13200
15668: 12953,13473,13586,13979,14007
14103: 13767,15747,13860,14828,14593,14842
13627: 13007,13576,14434,15428,13440
13642: 
13071: 15326,14270
14016: 15330,15324,13572
14629: 15812,14988,15587
14294: 13531,14553,14492,13577
14978: 12996,15671,12889,12890,14892,14432
13888: 15271,14671,12870,15217
13256: 13604,13740,15413,15639,15555,14825
14542: 13848,15580,15464,13715,15568
15564: 14704,14795,15552,15008,13777,14143
14238: 15751,14391,13322,13904
13129: 13594,14699,12895,15675,15043
13425: 14253,13484
13513: 14229,14527,12858,13592,14249
13081: 13631,15051,14344,14571,15179,13197
15127: 15068,15685,14257,13928
12879: 14534,13263,15776
15038: 14970,15328,14502,14674
15179: 13197,12830,15051,13081,14888,13487
14444: 14441,14656,13420,14928,15275,14797
15803: 14345,14084,13752,15638,13269
13315: 14946
13229: 14956,15320,15134
13405: 15411
14187: 14848,12864,14026,15275,13339,15741
15242: 13415,15088,14119,13898,14899
14951: 15363,13948,15707,13353,13302,13971
14888: 13044,15042,13978,15051,15179,13487
15100: 14997,13357,15681,13038
12853: 14891,14323,15381,15303
12852: 13037,14346,12923,13125
13102: 13373
13879: 14354,15797,14550,15259,14668,15109
14440: 14653,13470,13870,15736,13018,14456
13005: 14634,13462,14868
15312: 13137,14523,15698,14568,14289
14977: 14279,15472,14116,15146,13511,13252
14470: 12837,13432,15529,15259,13974,15109
14766: 14025,12988,13991,15145,15144
15759: 14742,12832,14710,12887
12927: 14578,13184,14487,13686,12984
13675: 15608,14120,13658,15001,13634
15807: 15565,13963,13705,15583,15734
14132: 15405,15301,13927,13574,14276
12841: 13981,13193,13412,14407,14222,13479,15269
14093: 
13243: 14783,13486
12991: 13714
13672: 15292,14192,13497,13084
14607: 15209,14214,13362,15221,14818,15308
13160: 14036,15414,13205
15574: 13745,13522,14144,14799
13241: 14863,13886,13117,15363,15707
15440: 15533,14905,12953,13111
15566: 13055,12909,14939,15723,13623,15295
13431: 14261,15579,14331,15346,15708
13364: 13438,13172,15782,15586,15374,14109
13369: 15261,13298
13393: 13644,13132,14327,13409,12967,15287
14117: 13421,13142,15160,14743,14910,14610
13467: 14447,14896,12817,15748,13185
13968: 13104,14438,13137,14523,13002,14702
15012: 13792,13082,13857,13089,14733,13754
15371: 13296,13491,14691,14606
13238: 15219,15646,15786,15448,15390
14529: 13292,13680,14675,13855,15601,14507,14155
14801: 13625,14588,15149,13737,15249,14357
13386: 14195
14561: 
14203: 14467,13245,13717
14255: 12838,14862,13521,15157,14865
15401: 14654,13133,14098,13414,13284
13720: 13712,13131
14838: 13975,15143,15738,14652,14185,14931,14923
13501: 14037,15489,14856,15007
14193: 
13853: 13535,14067,15394,14986,13899
15194: 14118,13599,15511,14194,13694
14389: 14184,15562
13775: 15073,14204,15541,14051,15474,15525
14005: 15111,12828,13154,13798,14592
14409: 13608,13260,13072,13636,13139,14993
13000: 13922,13826,13890,13600,13468
13975: 15143,14838,15738,12903,14923,15599,14512
15598: 13492,13227,15800,15034,12892,13485
13611: 15775,14685,15590,13690,13014
13912: 
14823: 
14100: 14336,13582,13599,14786
15458: 
15621: 15735,14703,15115,13375
14677: 15116,12877,14941,13995,12857,13085
15152: 13519,15499,14435,14865,12838
13555: 14944,13445,13248,14269,13498,15623
15776: 15645,12856,13263,12879
13258: 12958,15433,13964,15010,13164
13346: 13780,14587
12871: 13889,14071,15004,15121,13168,15716
14326: 12974,14394,14029,12914,15062
14836: 12950,14003,14349,13626,12861,14500
14091: 12922
12995: 13503,14369,14114,13512,12900
14138: 15211,14780,15095,14835
13871: 14181,15113,13628,14039,14721,15446,13635
14795: 14704,15564,15698,13777,13244,12972
13559: 14146,13195,15363,15603,13117,15786
14022: 12961,13100,13676,13302,13791,13971
14262: 15006,15715,14160
14463: 13976,14237,15662
15735: 15621,13598,13173
12955: 15788,15558,14398,13265,14604,14023
15022: 13090,14810
13786: 13216
14075: 13803,15393,14537,13887,12878
13073: 12820,14160,14713,14171
13741: 14391,15567,13134
15710: 14600
15639: 13026,14461,13530,13740,13256,14825
14651: 14579,14431
14563: 15792,13341,14374,15525,15073,13830,14757
13806: 14360,13876,15805
13457: 13107,14196,13539,13831
14348: 13150,14647,14506,13138,14462
14641: 15608,13634,15165,14761,14705,14736
14166: 14670
13872: 15519,12959,14633,15771,13215
13497: 13494,13084,13672,15292
15357: 14949,13387
14927: 15284,13809,15309,13100,13835,15317
15007: 15640,13320,13932,13501
13668: 13885
14764: 14882,13954,13747,14980,13973
13312: 14827,13355,14992,15514,12926,13893
14826: 14759,14556,14194,13220
14155: 14429,14942,14529,13855,15557,14507
13381: 13088,14380,13335,14679
14425: 14592,14126,13154,15416
14157: 14973,13926,15237,13643,13389
13880: 13660,15382,13667,14460
12876: 14356
13838: 15403,14361,13924,15379,14528,14076
13727: 13029,14616,13363
13900: 15403,14361,14271,15604,12965,15175,13376
15535: 15410,13868,15693,14739,15345,13883
15442: 14300,12987,14296,14367,14621,14746
15237: 14817,14819,14157,13402,13643
15416: 14624,14425,13154,15732,15088
15188: 13004
14545: 15208,13630,13537,13560
13493: 14486
13935: 14055,13942,14551,12909,13310,15084
15126: 
15122: 15562,15421
13370: 15344,14072,14755
13997: 14950,14520,13021,15573,15000
15121: 13225,15004,12871,15716,14976,13810
15606: 14803
15202: 15112,13031
15106: 13055,14939,15189,14601,12864,14026
14891: 12853
15758: 14876,13909,15746,15730
13338: 14832,13894,14319,15652,15623,14944
14919: 13984,13579,13865,14510,15243,14619
12870: 14671,15217,13888,15277,12982
15098: 13354,12924,15286,15678,14212
15499: 15152,14435
14473: 15622,13901,13143,13172,13187
14030: 13998,14424,15329,14148,13108,13368
15502: 
13165: 15594,13039,14701,14159,15243,13506
15633: 12980,13145,14603,13585,13001
14571: 13281,15494,14344,15486,13081,13197
14582: 14760
13392: 14252,14809,13336,14829,14245
14983: 14013,13726,13086,14943
13782: 13895,14395,13065,13967,14228,14574,13304
12962: 13262,14729,14207
15300: 13360,15760,12829,15445
13962: 14034,15790,13430,15542,14718
13989: 15650,13397,13070,13096
14176: 13764,14293
15446: 13832,14721,13628,13871,14039,13669,15787
13474: 14913,14546,14995,14886
13339: 14848,14187,15741,13568,15397,13649
15536: 12904
14622: 13141,15753,14915,15245
13352: 14451,14239,14133,13078,14216,12814
14885: 13459,13360,12975
14089: 15560,13245,15333,14278
14957: 
13590: 14496,14149,14364,14131
14202: 14879,15159,14791,14895,13870,15055
15609: 13757,13974,13946,13282,15340,13435
15517: 14146,13195,14515,13448,13356,15281
15318: 13380,13624,13677,15522,14872,13078
15075: 14655,13311,13682,14053,14752,13416
13921: 13728,12872,14904
13514: 
13614: 14611,13487,12830,14227,14653,13470
15281: 15305,15390,14146,13195,15517,13356
14459: 13267,14163
15392: 14892,13118,15671,13183,15725,13158
14147: 14631
13617: 15215,15325,14143,14704,14568,14479
12880: 15044,13911,15149,15236,12980,14357
13864: 14264,14488,13823,12985
15451: 14064,13447,12985,14237
13717: 12913,13245,14203,15293,14278
14041: 13443,13696,15494,13167,15349,15415
14190: 13565,14728,15641,14260,15744,14747
15078: 
14733: 13097,15246,13857,15012,15481,13754
12976: 15302,14245
14119: 15732,15088,15242,15719,14899
13149: 14015,15656,14713,14171
13078: 14872,14216,13380,15318,12814,13352
14712: 14101,13659
14693: 12983,14112,13411,13869
15782: 15274,15586,14522,12824,13364,14109
14731: 
15578: 13235
12881: 14458,14233
13780: 14587,13346,13377,13125
13558: 14476,15241,14804,14526,12959
14158: 14794,14313
15581: 12948,14857,14209,15270,13952,14987
15104: 15472,13252,14779
14045: 14125
15768: 15055,14481,15159,14217,14234,15447
13262: 12962,13466,15258,14850,13355
15167: 15018,13399,14881
14265: 15315
15713: 13866,13658,13059,14706,13217,14120
12856: 15645,15776,13087,12908
14632: 14940,13708,14486
13186: 
15203: 14667,15473,12860
13830: 15073,14204,15456,14714,14757,14563
13184: 12927,14578,13407,12984,15285,12816
15568: 15327,14452,14883,15464,14542,15580
14406: 15099,15173
15168: 14967
15417: 13691,13261,13529
13729: 13793,13910,15118
13274: 14603,13528,15591,15503,14816
14831: 14001,15212,15404,13591,14347,15263,13309
12861: 14349,13648,13918,13906,14836,12950
15797: 13879,14354,13757,15109,14074,15129
12854: 13603,14966,13023,13015,14637
13573: 13610,15467,12920,15002,14646,14378
13813: 14096,15774
15793: 13472,14012,13940,14384
14207: 13709,12962
15010: 13964,14703,14679,13258
13328: 12865,14218,14322,14165,13095,14413
14889: 14945,13744
15676: 13092,15287,14645,15617,14014,15020
14288: 14837,14834,15344,14072,14863,14833
13030: 13250,14740,13447,14457
13552: 13752,15665,14332,15081,15424
15082: 14604,13953,13209,15647,14115,13735
13091: 13664,14844,15120,13159,15749,13504
14347: 13591,15263,12903,14427,14512,14831,13309
15263: 13591,14347,14840,15624,14001,15212,14831
15569: 15197
15070: 14666,15365,13522,14317
13015: 14254,15360,13603,12854
13142: 13421,14117,14910,13732,14929,15339
14604: 13953,15082,13209,15788,12955,14023
13586: 15276,15637,14007,15668
14397: 14598,13517,14757,13341,14374,14485,14709
15802: 14564,15460,14270
15177: 15137,13291,13498,15623,14319,13479
13706: 14638,14162,15728
15515: 13253,14019,13336
14773: 14277,13478,12999,13047,13769
15525: 15792,14563,13775,15073,15474,13099,14663
13253: 15515,15117,13424
13784: 13263,13943,14926,12998
15021: 
14073: 15235
12889: 15622,13901,12890,12996,15341,14978
14915: 15381,14615,15753,14622,15352
15211: 13152,14780,14138,13473,13111,15095
13362: 14370,13629,13616,15221,15209,14607
15470: 14205,14012,14467
14845: 13012,13682,12928,14371,15110,13311
14786: 14100,13582
13641: 
14386: 15138,14365,15544
15548: 14988,13966
14247: 13543,13043
14602: 13594,15646,13854,15155,13403
13251: 14292,12993,15204,14464,15626,15342
15221: 13616,14818,13362,14607
15556: 14720
15347: 15561,15129,13366,15195,13981,14692,13944
15696: 13758,14753
13289: 15182
13325: 14081
15671: 12996,15181,14978,14892,15392,13183
15430: 12931,13041,13892,12939
12981: 13427
15769: 13576,15492,13018,14456,15428
14687: 13618
15809: 14936,14852,15498,15663,15384
13500: 13946,13883,15584,15345,13442,14912
13584: 13602,14612,14455,15293
14586: 
14069: 13505,14483
14661: 12833,15033,15131,14625,13561,13652
13020: 14511,15171,13225,13593,13810,14873
14248: 15261
14510: 14919,13579,15354,14701,15243,15181,13856
13257: 
15360: 14254,13015,14376,15663,15384
13884: 13287,15675,13913,13657,15448
13033: 15777,13156,13011
15368: 13827
14418: 14284,13348,15184,14808
15047: 12907
13834: 13180,14574,12943,15072,14933,13908
14964: 14285,14208,13907,14280
13779: 13660,15382
14182: 14234,15447,13704,13867,14969,15331
14037: 13501,15489,13191,13613,15731
14605: 13260,13072,14302,13715,12948,14209,13848
13685: 15694,14362
14254: 15360,13015,14376,14164,13603
14479: 15655,13996,15215,13617,15551
14036: 13160,13159,14105,15414
13116: 
13650: 12922,13026
15310: 13408,13766,14884
13509: 14906
13220: 14682,14215,14826,14194
14167: 13713,13796
15053: 13266,15197,15523
13183: 14672,13856,15181,15671,15392,13158
13876: 13306,14694,13806
13429: 13043,15009
14909: 
15462: 15329,13703,14148,13628,13365,15113
12883: 12965,14996,15425,15604
12989: 14715,13275,14572,15615,13121
15555: 14465,14070,14825,15413,13256,14565
13375: 13173,13175,15115,15621,15405
13330: 14695
14311: 14337,13836,15625,13277
13703: 15329,15462,13365,14198,13956,14301
14126: 14592,14425,14164,13603
15607: 13634,13753,15165,15001,15080,14566
14137: 14453,13181
14447: 13467,15677,14024
13913: 14449,14833,13846,13886,13884,13287
15720: 14790,15584,13271,13115,15770,14659
15679: 
14814: 12941,14526,13984,15764,12986,14082
15695: 12855,13860,15200,14363,15747,14705
15367: 15629,13677,13445,14269,13094,13624
14430: 14584,14446,14408,14784,13017,13619
12943: 15714,13787,15072,14933,14392,13834
13811: 14821,13297,13768,14178
14332: 14660,13221,14788,15081,15424,13552
13145: 12980,14357,15633,14450,14509,13001
13306: 13876,13019,12825
15207: 14429,14942,14961,13423,13587,14443
14534: 12879,15311,14038,13263
15409: 15338,14738,15688,13123,14745,14762
14659: 15770,13518,14124,13442,15584,15720
13937: 13013,15136,15204,15475,14464,13612
15067: 15133,14822,14995,14520
13432: 14470,12837,15410,14643,13282,13974
14467: 14203,15470,14012,14937
13480: 14737,15397,13182,13649,14536,14454
13105: 13213,13914,15644,14794
15275: 14187,14026,14441,14444,15741,14797
14584: 13508,15001,15080,14430,14446,13017
15172: 14524,14242,13535
14378: 13986,13573,15467,15231,13950,14282
15165: 13634,13753,15607,14641,14736,15596
13689: 15182
13525: 14372,14189,12907
13308: 13556,14171,12820,15114
14123: 15398,13605,13435,13136,15561,14074
14636: 13231,14399,14494
14482: 15169,12882,15267,15083,15391,15244,14401
13532: 14276,14491,14381
13157: 13266,14649,14650,14839,13701
13335: 15773,13208,13750,13381,14679
15245: 14421,15453,14622,13463
15395: 15236,13374,15017,14732,14410,15220
15673: 15724,13135,12936,15086,14652,14185
15274: 13815,15782,15586,13832,13540,12824
15379: 13994,13924,13838,13851,14663,14528
15030: 13437,13464,12890,15374,13812,14750,15622
13915: 15618,13114,15554
15197: 15569,13318,15053
15753: 15381,14915,13738,14622
14223: 12954,14638,14224,13284
13158: 15725,15392,14672,13183,14730,14445
12929: 14095,14413,14606,13095,13963
15678: 13120,15016,15098
13110: 13661,14433,12828,13898,13008
13100: 12961,14022,14927,15309,15317,13791
15597: 14676,13407,14055,13942,13665,13174
14583: 
15680: 14993,13828,13765,14428,13286
13108: 14169,15701,14424,14030,13368,14751
12877: 14677,15116,15738,12857,14955,15599
14600: 15710
15627: 12994,15779,13345,13461
14776: 14985,15468,13094,13290,15205,12902
15476: 12914,15062,12925,15227,15233
13980: 
15795: 15779,14557,13349,14541
15184: 14808,13348,14418,15801
14490: 13053,13932,15444,14861,13320
15518: 13866,13391,13340,13526,13508,14446
15711: 15612,15170
13327: 14179,13858,14560,14493,13236,13748
15339: 14562,14965,13142,14910,14929
15097: 14936,13379,14415,13040
13054: 14914,13314
14960: 14913,14453,15148,13280
13582: 14100,14786,15620
14240: 13219
13082: 15012,15539,13792,13140,13761,13754
15464: 15180,12973,13715,14883,15568,14542
14539: 14683,12935,14161
15219: 13238,15646,13854,15390,15002,14646
13783: 14257,13928,14894,14483
14501: 14112,15040
14208: 12918,13577,14358,14280,14964
13379: 14898,13301,15097,13040
13365: 13703,15462,14198,15284,13835,15113
14449: 13846,13913,14183,13287,13841
15161: 
14156: 
13616: 15221,13629,14484,15441,13362
13037: 14346,12852,15103,14937
14875: 
14658: 15481,13761,13754,15139,13640,15296
14946: 15257,13315
15811: 14765,15702
15694: 14253,13685
13466: 13262,14827,13355,13941
13592: 14249,13513,13840,14669
13391: 15518,13866,14572,13340,13121,14706
13639: 14611,13044,14436,15174,14544
14724: 13518,14124,15591,13460,15096,13035
14180: 14904,12894,15376,15217,15077
13404: 14621,15175,13376,15593,14259,14273
13909: 14876,15758,15734,14882
13193: 13981,13944,12841,13412,13479,14708,13291
14932: 13718
15080: 15001,14584,13017,13344,15607,14566
14400: 14771,14140,12910
13046: 13177,14912,13801,13693,15340,15398
15144: 13581,12970,14025,14766
14611: 13614,13487,13639,13044,14653,15174
14413: 12929,14606,13328,13491,14322,13095
12842: 15364,14035,12904
13155: 15715,15490,14689
14979: 14304
14987: 13977,13952,15270,15240,15412,15581
14362: 13169,13685
12993: 14292,13251,13163,15204,15763,12960
15276: 13586,13041
13807: 14569,14411,13395,15142,13210,14325
15182: 13289,13689
15018: 15167,15061,13891,14820
15218: 
13845: 15375,13824,15506,15068
15775: 14685,13611,14916,14436,14544,13690
13597: 13725,13212
15008: 15552,15813,14768,13777,14476,15564
14110: 13358,13273,13066,15153
13322: 13904,13399,14871,15751,14238
14198: 13058,13956,15284,15226,13703,13365
14908: 14331,15346
14638: 14162,13706,14223,12954
13136: 14123,13605,15561,14074,15195,15558,13265
13439: 13687,13791,14353,14181,15317,13635
12996: 15181,15341,15671,14978,12889,15354
13903: 14842,12926,14531,14410,13673,13374
15604: 13204,15425,12965,12883,13900,14271
13264: 13632,13670,13719
15565: 15807,13963,14095,15585,13218
15630: 13231,12815,13191,13613
13860: 12855,13171,14828,15695,15747,14103
14969: 15419,13955,15331,14092,14182,14234,14097
15359: 13125,15526
15381: 14615,15753,14915,15303,12853
15191: 15724,13085,15086,14290,13097,14396
15189: 14601,14655,14441,13416,15106,14026
14989: 
13115: 13127,13271,14226,15720,15278,15770
15544: 14323,14365,14386,15138
12988: 13991,14766,14841,12971
14768: 15008,15813,15740,15785,14804,14476
14270: 15336,15802,13071
14848: 12864,14187,13339,13310,15084,15397
15212: 14001,14831,14840,15263,14407,13049
13433: 13972,13926,13389,13185,15772
13801: 13046,13177,14912,13518,13442,13460
13954: 14882,14764,14414,13218,14980
14097: 14434,15428,13800,15298,14092,14969,15419
14591: 13273,15682,13534,13699,14579
14765: 15266,15234,15811
15570: 14422
15039: 13647
13139: 14993,13828,14409,13626,13636
13246: 13679,15101,13919,13316,14206
12863: 15334,15239
13294: 14412
14827: 13355,14992,13312,13466,14968
13577: 12918,14208,14294,14553
14106: 15653,14121,15642
15117: 13805,14186,13424,13253
14018: 15554,13305,14682
15079: 13016,13718
13910: 13729,13434
15603: 15363,13948,14991,14146,13195,13559
13644: 13393,13132,14327,13446,13852,15528
14981: 15523,13571
15132: 13011,13651,15437,15482
13069: 15527,13485,13233
13671: 13164,13598,15433,13153,14557,14541
14597: 
14910: 13440,14610,14117,13142,14562,15339
12933: 15253,14390
15461: 14258,13982,13695,14059,12994
15595: 13967,13722,15137,12957,14090,13065
14890: 15684,15508,14285,15483,14696
13721: 13090
14181: 13835,15113,15317,13871,13439,13635
13001: 14450,15240,13145,15633,14603,15503
13805: 15117,15534
14576: 14522,13356,15305,14573,12920
13424: 15117,14252,13253,13482
13326: 14011,12971,13401,13413
13090: 15022,13721
15505: 13934,14599,12885,15787,13815,13400
14779: 15104,14508
13074: 13736,13893,13673,13374,15017,13737,15249
15447: 14182,14234,13704,14217,13923,15768
13367: 13371,14948,15532,12818,13820,15740
15181: 12996,15671,15354,14510,13856,13183
14970: 15038,14502,14042,14674,12987,12921
15672: 15288,13130,15778
15495: 14391,14310,15454,14127,12886
13696: 13443,14041,13908,13546,15415,14895
15408: 
13787: 15714,14023,13945,12943,15072,13209
13242: 15006,15058
15660: 14186,14595,14967
15496: 14609
13667: 15550,13880,15382
14709: 14498,13778,14397,13341,14374,14485,13711
14200: 13437,13464,15163,14548,14432,13999,14982
13333: 13459,15027
12909: 13055,15566,13310,15295,14055,13935
14873: 12897,14824,13996,14511,13020,13810
12908: 13027,12998,12856,13755
14230: 14546,13181,13021,15133,14995
13712: 13720
14914: 13314,14767,13054
14266: 12899,15389
13539: 13723,14869,13457,13831
14259: 15593,15657,13404,13089,14273,13792
14299: 14287
15019: 13759
13622: 14846
15229: 14343,13934,14599,14628,15386,13237
14911: 14008
15487: 13713,13637,15778,12979
14995: 15133,14822,15067,14230,14546,13474
12951: 13663,13896,14993,14642,13765
14701: 15354,14159,15426,15243,13165,14510
15613: 14398,15351,13551,14152,15714,14392
15285: 14744,15465,14719,14578,13184,12816
14704: 15564,15698,14795,14568,13617,14143
13859: 15373
13904: 13322,14871,14238,14127,14722
15738: 13975,14838,14185,12857,15599,12877
14431: 12888,15783,13507,13747,14651
14066: 14175,14408,14784,14475
15064: 
14070: 14465,15555,14774,14565,15069
14521: 14421,15453,14608,15729,15041
15783: 14431,12888,13747,15644
15171: 14511,14078,13020,14451,14239,13593
15522: 14942,14961,15557,13677,15318,14872
15521: 13949,13615
13828: 13139,15680,13626,14500,14428
15173: 15099,14406,14860,15337,15649
14204: 13775,15073,13830,14665,15541,14714
13524: 14782,14968,14281,13941
14735: 15102,12983,13869
13680: 13292,14529,14832,15135,14662,15629,14507
13736: 13893,13673,13074,14992,13147,15249
13201: 13441,15687,13200,15796,14088
13593: 13225,13396,14225,14451,15171,13020
14856: 15640,13152,14780,13501,15489,14517
14536: 14221,13868,14643,13480,14737,14454
13762: 13314
13549: 13360,14767
15062: 12914,15476,12925,14326,14029,15045
12818: 13731,13469,15532,13510,13367,13820,14061
13323: 12858,13620,13295
15162: 13781,15092,12997,12899,13317
14120: 15608,14363,13675,15713,13658,13217
13673: 13736,13893,13074,12926,13903,13374
13649: 13182,13822,13339,13568,13480,15397
14783: 13243,14956,15134
15577: 14241,13543,14366
13162: 14009,14419
15302: 14245,12976,15052,14519
13606: 15704,13199
15450: 14426,13268,15508
14958: 13530,12862,14715
15346: 14331,14908,13431,15708,14329
15083: 14741,14628,15089,15391,12882,14482
14862: 14255,13521,14328
14128: 14807,15370
13337: 14197
12947: 13342
15734: 13909,15807,15583
14427: 14955,15599,14512,14347,13309,15641
15457: 
13122: 14350,15057,13025,15372,14471,14535
14789: 13482,14809,15183,15176
13192: 12934,14713,15715,14160
15378: 12839
13502: 15791,12923
14654: 15401,14098
12815: 13456,13191,12917,15630
14355: 
14241: 15577
13343: 14560,14493,13153,13087,13755
15704: 13606
13670: 13372,13307,13719,13264
14154: 15727,13920
15452: 12850,13329
15262: 
15304: 13646,15011
15546: 13351,12869
15113: 14181,13835,13871,15462,13628,13365
13112: 15264,13490
15186: 14189
14579: 14770,13507,13534,14591,14651
15206: 
13137: 15312,14523,14289,13002,13968
14302: 13260,14605,14283,13848,13648
14972: 14423,15725,14370,14445,13221,15209
12862: 13530,14958,14715,15615,14465,14825
15111: 14005,13154,15088,13898
13021: 14806,14230,13997,14520,15133
13951: 14879,15159,15543,14086,12836,14217
14697: 14358,14664,14472,15066,13489
13983: 15511,15727,14020
15240: 14450,15270,13001,15503,15412,14987
15642: 14104,13496,14121,15653,13024,14106
15674: 14805,15801
13350: 15727
13722: 14708,13551,15137,13291,14090,15595
14468: 14439,15205,12902,12978,12848,14403
12874: 15444,14063,12935,14151
14625: 13014,15131,13607,14661,12833,12849
14082: 15764,13984,13579,14672,14814
12844: 14565,15069,12868
14481: 15055,15736,15768,14092,14234,13800
15588: 13600,13468,13240,13733
13849: 13450
12922: 13650,14091,12847
13214: 13969,14555,15688,14334,12911,14745
14475: 15063,14784,14054,14066
13856: 14672,13183,15181,13579,14510
15423: 
13943: 13263,13784,14822,15530
14043: 15361,12817,13875,13662,13681
14868: 14884,13005,13038
13453: 
15479: 13173,13175,13533,15400,13664
13832: 14721,15446,13540,15787,15274,13815
15217: 12870,13888,14180,12894,15277
15702: 14316,15266,15811,15703
13933: 14547,14046,15393,13307
14225: 13960,14403,12814,14451,13396,13593
14067: 13523,15805,14242,13853,14986
15273: 15547,15427,15396,13621,15372,14535
15054: 14399,14497,13060,14231
13006: 13655,15691,14251,15247,15091,14849
14550: 13879,14354,14668,13569,13049,14305
15748: 13185,15772,13919,13467,15101
14320: 14457,13441
15174: 13743,14544,14611,13639,14653,15492,13018
15131: 13014,14625,15590,15033,14661
15306: 13426,13358,12940
15279: 14726,13826,13890,12972
14675: 13292,14529,13688,14645,15601
14109: 15374,13812,14573,15782,14522,13364
14619: 13731,13469,13506,15243,14919,13865
14608: 15573,15000,14068,14421,14521
12967: 13409,13249,14798,15089,13393,13132
14317: 12944,13745,15070,14787
14699: 13129,15154,15043,13403,13063
13026: 15639,14461,13650
15665: 13552,15081,14214,15280,14084
14567: 15651,12816,13665,14812,12866,14744
13216: 13786
13890: 13826,15279,15358,13000,13922
14486: 14632,13493
14280: 14358,14664,14208,14964
15282: 13920,13917,13958
15105: 13698,14165,14286,15247,13553,15380
14750: 13812,14573,13610,15030,13437,15163
15812: 14629,13458,14640,15587
13840: 15443,14229,13592
12945: 13855,15601,13101,13092,14327,15528
14986: 14984,15394,14067,15805,14360,13853
14858: 
13252: 13511,14613,14977,15104
15798: 
15751: 13134,13064,14238,13322,13399
13097: 14396,14733,15246,13857,14290,15191
13008: 13415,13661,13110,13898,13739
13628: 15462,14148,15113,13871,14039,15446
15272: 12845,13417,15806
13996: 14511,15215,12897,15551,14873,14479
14192: 15187,13672
13692: 15297,13063,15355,14013
15187: 14192,14506,13988
14994: 13862
14342: 
14822: 15067,14995,14886,13943
13529: 14469,13691,15417
15421: 15436,15122
13756: 15655,14232,15551,14533,13002,13495
12887: 14554,15759,12832,14372
13714: 12991
14950: 13997,14520,15000,13207,15455
13382: 
13043: 14340,13429,14247
13804: 14711
12900: 14883,13512,12995,14114,14402
15134: 12940,13229,14956,14783
14878: 13450
14678: 
14805: 15674,13596
13751: 
15138: 14386,12826,15544,14111,13645
13634: 15165,15607,15001,15608,13675,14641
14341: 14667,14291,14696
13371: 14952,13367,14948,15740,12992,15348
13715: 15180,15464,12948,14542,13848,14605
14947: 
14973: 13926,13789,14157,12930,13982,14817
13399: 13322,15751,15167
14869: 13539
12949: 13881,15154,14870
13788: 15391,13237,15268,13143,13187,15244
14197: 13337
13999: 14892,14432,13118,14200,14213,14982
15180: 12973,15464,13715,15717,12948,14857
14562: 15339,14965,13475,14910,13052,14268
15561: 15347,14074,15129,15195,14123,13136
15044: 14877,12880,15220,13911,15654,15236
13423: 13587,14443,13428,15532,13510,15207
14000: 
13893: 13736,13673,13074,12926,14992,13312
14745: 12911,13992,14762,15409,15688,13214
15739: 14380,14963,15773
15559: 15324,14116,14024,13679,15101,14279
13770: 
14144: 13745,15574,12838,13519,15648,14787
14184: 14389,14971
12944: 14488,14317,14666,15560
14669: 13128,15369,13592
13603: 14966,12854,14254,13015,14164,14126
13881: 12949
14524: 15172,13083,15645,13858
13052: 14251,13007,13440,14562,14849,14268
14628: 14741,15083,15386,15229,15391,13237
13660: 13880,15382,13779,12956
14993: 13139,15680,13608,14409,13896,12951
12885: 15505,13934,15787,14751,13669,15356
13114: 14417,15389,13317,15554,13915
12888: 14431,15783,13700,13034
13049: 14407,14305,14840,13569,14550,15212
13661: 13278,13110,14433,13057,13008
14042: 14970,14502,12921,13998,14301,15048
14859: 13776,14866,15737,14256
15449: 15463,14435,13823,14237
15001: 13508,15080,14584,13658,13675,13634,15607
15320: 13313,13229
13279: 13190,14387
15746: 13914,13973,15758,15692,15730
13506: 13469,14619,13165,15594,13583,15243
13647: 15039,15406,15614
15020: 14260,13688,13178,15617,15676,14645
13120: 15185,15016,12982,15678
14105: 12916,13504,15414,15005,13159,14819,14036
12937: 14830
13771: 14577,13261,13126
13280: 13938,15148,14913,14960,12898
13036: 15077,15277,15689,13827
13605: 14123,15398,13136,13693,15670,15558
14315: 13415,13739,12966,15050
14160: 13073,13192,14262
14904: 14180,12894,15799,12872,13921,15376
13053: 13932,14490,14984,13957
14094: 13239,14246
12923: 12913,12852,13502
13803: 14075,15393,14513,14547
13374: 15017,15395,13903,14410,13673,13074
14017: 13941,14729,14379,15765,15721
13799: 14032,14412
13536: 13716,14215,14118
13688: 14260,15744,15020,14645,13292,14675
13676: 12961,14022,13821,13302
13270: 13863,13608,14209,13952,13452,13072
15663: 15498,14297,15809,15384,15360
14603: 13274,15278,13528,13585,15633,13001
13290: 13380,13624,14776,13094,12902,13960
14942: 14429,14155,15522,14961,15207,15557
15303: 15381,12846,12853
14790: 15584,15720,15345,13595,15693,13271
15358: 13244,15003,12972,14585,13890
15175: 14621,13404,13376,14296,12965,13900
15752: 13527,13609
13516: 14736,14308,15596,14578,15065,15465
12845: 15272,13417,15806,14183,13841,15661
13730: 14321,14211,14807
14368: 14760
14081: 13325
14924: 13113
13865: 14919,13984,13731,14619,14061,12941
14673: 15576,13817,13581,14474
13988: 12956,15187
14796: 13565,14728,13449,15404,15652,13894
13377: 14170,13780
13731: 13469,12818,14619,13865,13820,14061
14588: 14801,13625,14357,14781,12906,14509
14913: 13474,14960,13280,14886,12898
13358: 14110,15306,13034
14737: 15084,13480,15397,14551,14221,14536
14339: 13283
13172: 13438,13143,13364,15374,15622,14473
13626: 14349,13636,13139,13828,14836,14500
15643: 13107,14196,13124,12868,12855,13171
14665: 12970,15541,14025,15145,14714,14204
14205: 15470,13378,13940
14954: 13939,13875,14494,13734
13384: 14759
13092: 15676,15287,14645,14327,12945,15601
12891: 14108
14065: 
15501: 14163,15572
14356: 12876
13418: 15290,14525,12999,15658
15112: 14596,15202
15549: 
12893: 14442,14458,14800
13077: 15723,12896,13202,13686,15592,15214
12850: 15452,14558,14575
13979: 15668,13473,13152
15227: 13104,14438,13707,15476
14260: 15744,14747,15020,13688,13178,14190
13946: 13500,13883,13282,15609,14912,15340
15124: 15009
15531: 14395,14086,14439,12978,12836,12884
15683: 14853,14920,14426
14044: 14344,15486,14504,13230,15431
13958: 13917,15282
15000: 15573,14608,14950,13997,13207
13023: 14966,12854,14637,14717
15572: 13499,15501
14211: 15504,13730
13829: 
15690: 15469
14010: 
14682: 14215,13220,14018
12983: 14693,14499,14735
15345: 14790,15584,15693,15535,13500,13883
15657: 15332,15593,14259,15156,15539,13792
15009: 15124,15087,13429
13088: 13381,15728,14703,14679,13109
14092: 14481,14234,14097,13800,14969
13574: 15377,15307,14050,14132,14276
13504: 14105,13349,15749,15005,13091,13159
13883: 13946,13500,13282,15410,15535,15345
12872: 15799,14136,14904,13921
15507: 
14335: 14513,15164
13153: 14560,13343,15433,13671,14557
15215: 15325,13617,13996,14078,14479
14937: 15103,14012,14467,13037
14792: 12936,14076,15086,14199,14290,14756
15087: 15009,14785
15586: 15274,13815,15782,13400,13438,13364
14319: 13479,15269,15652,13338,15177,15623
13564: 14543
14151: 14007,14861,12874
13608: 13863,14409,13270,13896,13072,14993
13723: 13539,15238,13831,15258
15298: 14434,14097,15419,13007,15091,15316
15722: 13841,15661,12895,15043,14373
14313: 13949,14158,14338
14088: 13397,15796,15260,13201,15687
14906: 13509,15635
14087: 
13576: 15769,15492,14743,13440,14610,13627
13750: 14802,13335,15222,13964,14679
13831: 13902,15258,13457,14196,13539,13723
15362: 13674,14340
13517: 14598,15342,14397,14318,14485,15151
14104: 13496,13797,15642,15669,14121,14631
15632: 15119
13984: 14919,13579,13865,12941,14814,14082
13707: 13600,14726,14438,15227
14961: 14942,15522,15207,13587,14872,15762
13292: 13680,14675,14529,15744,13688,15135
15159: 14879,14202,13951,14217,15055,15768
15230: 15029,13451,13206
14955: 14427,15599,15116,12877,15641,14747
14617: 14837,14834,13353,13821
13772: 14031
14907: 13174,13481,14739,13942,14551,14221
14078: 14511,15171,14239,13067,15215,15325
15439: 14419
14055: 13942,13935,15295,12909,14676,15597
14333: 
14880: 13494,15292
15031: 15166
14966: 13603,12854,13023,13303,14717
13757: 15609,13974,15109,15797,13435,14074
14153: 13204,15425,15407,13817
15563: 13394,15225,13401,14570,15076
13940: 15733,13378,14205,15793
14516: 13596,14518,12931,13554
15616: 15364,15575
15724: 12857,15191,15673,13085,15086,14185
14640: 13842,15587,13029,15812
15225: 15563,13394,14053,14752,14570,15076
15327: 14852,15568,12892,14452,13227
14239: 14451,13352,14133,13067,15171,14078
15655: 13756,14289,14479,15551
13341: 15792,14563,14374,14999,14397,14709,13778
13234: 14774,13059,13121,14706,15615,14465
15232: 15484,15808
12980: 14357,13145,15633,12880,13911,13585
14754: 13653
15425: 13204,14153,15604,12883
15349: 13197,12830,15494,14041,15415,14227
14657: 13144,12834
15393: 14075,13803,13933
15647: 15082,14115,13735,14504,15486,13281
14358: 14697,14664,14280,14208
15125: 14803,14233
15541: 14474,12970,14665,13775,14204,14051
12851: 
15410: 13868,15535,14643,13432,13883,13282
13150: 14348,14647,14506,14172,15248
15387: 12837,14454,15529,13182,13123,14762
13349: 14541,15749,15795,15005,13504
13450: 13849,14878
13620: 13323,14249,13295,13462
13610: 13573,15467,12920,14750,14573,15163
15316: 15091,13553,15298,15419,13955,14286
15013: 
14171: 13556,13308,13149,13073,12820
15324: 14116,14024,15559,14016,13572,14267
14863: 13886,13241,14834,14288,15707,14833
15130: 15523,14649,13970
14096: 13813
13048: 14711,15032
14306: 
15243: 14701,13165,13506,14619,14919,14510
13800: 14434,14097,15428,15736,14481,14092,14456
13452: 13977,13952,15060,13863,13270
14376: 14254,15360,14297,15471,13918
15649: 15173
15592: 14566,13686,15214,13753,13077,14487
14290: 14199,13857,14792,15086,15191,13097
14327: 13644,13393,13092,15287,12945,15528
13041: 15801,15430,13892,15276
13638: 13076,15200,13217,14774,13059,15069
14452: 14883,14402,12892,15327,15568
13651: 15132,13011,15777,13385
13615: 13949,15521,15706
13247: 13213,15199
15005: 13461,13349,12916,14105,13504
14882: 14764,13954,13218,13909
13064: 13134,15751,15625,13277
14575: 15294,12850,13930
12924: 15098,15286,14212,15210
14135: 
15624: 14840,13969,14555,13226,13591,15263
13895: 13782,14395,14228,15468,14439,15205
13792: 15012,15539,13082,15657,14259,13089
13691: 13261,15417,14775,13529
12866: 14567,13665,14812,13595,13174,13481
14387: 15689,13279
13462: 14634,13005,13620
14048: 14492,12905,14250,14684
13645: 14111,15516,15138,13738,13189
15747: 13767,14761,14705,14103,13860,15695
14664: 14358,14697,14280,13489,14667
14159: 14701,15426,15169,14401,13165,13039
13949: 14313,15521,14338,13615
13508: 15001,14584,14446,15518,13866,13658
15331: 14969,13955,14182,13867,15434
15703: 15702,14316
14052: 14847
14717: 13303,14966,13023,15335
12972: 13244,15358,15698,14795,15279
13919: 15748,15772,15101,13246
14967: 15168,14595,15660
13686: 15592,13077,13202,12927,14487,12984
13265: 14398,15351,13136,15195,15558,12955
13748: 13345,14179,13327,13236,13566
15580: 14542,14283,15568,15498,15024
13093: 13483,13286,15366,13765,13978,15201
12971: 14841,14011,13326,12988
14173: 13269,15638
13013: 13937,15136,15204,13839,13163,13455
13971: 13687,13791,14022,13302,13948,14951
13185: 15748,15772,13972,13433,14896,13467
13567: 14549,15666,13161,14489,15185
13927: 15115,15553,15307,14132,15405
15756: 14864
15289: 14976,15093,14824,15810
12985: 13823,13864,15108,13447,15451
15628: 
13746: 14285,15158,15684
13955: 14969,15419,15331,13553,15316,14286
15715: 13155,15006,13192,14262
12834: 14657,14864
13217: 13638,15200,13059,15713,14363,14120
15033: 15015,15131,13652,14661
14422: 15570
12895: 13287,15675,13841,15722,13129,15043
14451: 14239,13352,14225,12814,13593,15171
12977: 14775,13305,15618,13068
15209: 15081,14214,14607,14972,13362,14370,13221
13991: 14025,12988,14766,15145,15475,14841
15648: 14787,14264,14144,13519,14435
14540: 
13095: 13698,14165,13328,14095,12929,14413
14113: 15321
12946: 14893,13133,14466
14453: 13272,14137,14960
14720: 13543,15556
13643: 13402,15237,14157,15422,13654
13609: 14309,15755,15752
14324: 
14349: 13626,13636,12861,13648,14836
15474: 14051,13994,13775,15073,15525,14663
15477: 
14014: 15617,14639,14437,13409,15676,15287
14308: 13516,14736,13767,14761,14531,15065
15512: 14835,15271,14671,14489,13161
15723: 12896,13077,13623,15295,13202,15566
15453: 14521,15245,15669,13463,13797,15729
15729: 14085,14210,14521,15453,13797
13665: 14567,12816,12866,13407,15597,13174
13545: 13936
14971: 14184
15204: 13937,13013,13163,14464,12993,13251
14903: 12939,12931,13554,13451
14741: 14628,15083,15089,15386,13249,15296