9266: 9602,9280,9523,9877,9718,9348
9886: 9413,9426,9694,9312,9832,9702
9339: 9553,9337,3482,9440,3680,3485
9882: 9745,10008,9840,2551,9895
9378: 9640,9545,9292,9420,9277,9456
5: 
5727: 5331,5826
2743: 3222,3715,9679,9704,3713,3615
4811: 4826,4719,4823,4004,4514,4626
3874: 3471,2148,9506,9433,3674,3578
5975: 5876,5683,5973,5587,5882
8475: 
9239: 9219,9560,9194,9567,9242,9038
10012: 10031,9880,9714,6967,6682,10009
9954: 2271,9451
9562: 9784,9249,5421,5338,5138,9429
3451: 3942
9482: 10013,9408,9352
10017: 9985,9808,9574,9871
10007: 
9833: 9953,9783
10011: 9891,10036,9932,9925,9576,9878
22: 
2280: 2189
9092: 8999
9962: 2511,2231,1611,9946,9879,9663
7010: 7195,6930,7198,9465,7014,9993
5215: 4606,4605,5010,5214,5417,5917
9354: 9402,9499,9310,9643,9458,9550
4218: 9269,9392,2540,3027,3506,3607
30: 
4867: 4164,4569,4269,4771,4968,5064
6358: 6823,6071,7360,6915,7532,6072
2036: 1270,1951,1950,2403,2133,1855
34: 
7009: 7117,9289,7292,7195,7794,9705
9294: 10025,9703,9523,9454,9480,9503
9663: 2321,9918,9758,9879,9962,2231
4306: 4611,4710,9397,9357,4514,4616
8694: 8631,8632,7478,9596,9971,8496
40: 
6085: 9379,7123,9696,9860,6280
9533: 9410,9394,4168,4771,5167,4968,9311
9362: 9529,9377,9244,9476,3771,10042
9782: 9460,9446,9338,9793,9907,10040
9265: 9909,5355,6335,9306,9968,9305
9317: 8995,8707,9297,8710,9982,9556
8878: 9217,9237,9120,9079,9238,8061
6884: 6886
7345: 7080
2600: 2321,2778,2047,9758,2585,2666
2524: 2336,2808,1973
3665: 4165,4566,4057
6347: 9964,5564,5070,6349,6155
9645: 3607,9717,9335,9813,3119,9709
4168: 9533,9394,4771,4266,3367,4475
56: 
8999: 9092
4322: 4525,4521,3506,9392,9633,4529
7739: 7570,6671,7821,7142,7581,7314
6767: 9274,7569,9631,6483,7050,6671
9945: 159,9826
8632: 8631,8694,7478,6284,6385,6665
9914: 9896,9341,9906,9685,9847,10016
64: 275
9943: 9647,9529,9435,9638,9920,9650
4893: 5578,5194,4284,4486,4590,5295
8150: 7911,7992,8075,8383,9448,7988
8661: 
9855: 6709,6517
7564: 9449,9885,7033,9497,9596,8631
9829: 9736,9760,9769,9655,9707,9798
7569: 9274,6767,6481,6093,7565,7570,6671
73: 336,283
9709: 9246,9761,9700,9335,9717,9645
8175: 
6338: 6244,6335,9490,6339,5355
4979: 6629,9502,9403,4072,3184,9607
3450: 1583
9854: 9889,9691,9438,9767,9926,9787
6658: 5585,5084,5086,5395,5192,5389
81: 
9398: 9810,9659,9463,9476,9325,9244
9765: 1838,9677
9699: 9950,9657,9775,9791,9883
9629: 9894,9556,9600,9297,10005,9960
6244: 9901,6335,6338,9490,9658,5856
5725: 5826
9814: 9328,9955,9935,9922,9897,9825
6403: 7152
7355: 
9691: 9889,9854,9787,9800,9292
9922: 9876,4330,9921,9955,9814,9897
93: 9851
9617: 8383,9795,9448,10029,9334,9938
7318: 7743,8222,8770,7581,7996,7314
9880: 10031,9977,10012,10009,7434,9517
9698: 9969,9883,9657,9804,9853,9440
9787: 9634,9892,9800,9438,9691,9854
3321: 3731,3821,9957,3517,3222,2836
100: 3786,3486,9441
9738: 5304,6849,5400,9754,9835,9846
7979: 8061,9081,7818,7899,9238,7737
4566: 2391,3665,4165,4057,4164,4269,4068
4165: 2391,3665,2772,4566,3166,3860,4057
9819: 9500,9972,9748,1506,9399,2689
6517: 9855
9565: 9487,9329,9806,9515,9272,9416
9918: 9295,9758,9528,9879,9414,9663
9788: 9321,10002,9940
4393: 4293,4387,4590,4498,5201,4697
5062: 4858,5150,5256,4462,4661,5755
9722: 9708,9335,9813,9296,9903,9715
5400: 5304,9738,5613,9846,5792,5302
3982: 3485,3683,4284,3983,3777,3680,3778
9761: 9246,9709,9700,9342,9357,3907
9852: 9754,9915,9453,9835,9622,9303
8189: 8192
1984: 1387,1894
1861: 9281,1180,9257,1594,1512,1428
9724: 9764,9801,9860,9309,9601,9696
121: 127
9609: 9579,9555,9327,9572,3755,4139
8119: 8261,7880
9405: 1178,1512,9551,872
9878: 9576,9255,9925,9500,9972,10011
4485: 5578,5194,4687,4891,5093,6375
127: 121
8301: 8451,9750,8309,9857,10030,9340
9964: 6347,5564,9873,9872,9776
6437: 6537,6249,9695,6155,9690
9838: 9870,9994,9689,9866,10000
9899: 9774,9874,9665,9374,9425,3458
9982: 8710,8373,10003,9317,9556,9571
4463: 4164,4569,4347,4255,4057
2333: 9430,9259,3207,3783,4196,9536
5765: 9578,5664,9872,5856,5564
9245: 9552,927,9363
9467: 9478,9290,6460,7019,9477,6931
9974: 9487,9933,9869,9837
9868: 4941
141: 
7181: 
9572: 9630,3850,9986,3755,9609,9327
5564: 9964,6347,5765,5664,5070,9872
1793: 9515,9706,1698,616,368,9806
3119: 9720,1727,3121,9813,9645
3540: 3345
7156: 7062
149: 
5870: 5281,5678,6724,5970,5084,5086
3121: 3119,1727,2540,3025,3607
9407: 9661,9019,9438,7888,8126,9892
5578: 4485,3778,4893,5194,4687,4284
9401: 6018,5917,6508,9911,9979,9668
155: 
156: 157
157: 156
9644: 5000,5207,6508,9896,9341,9911
159: 9945,9826
9246: 9761,9709,9335,9296,9443,9342
9985: 9808,10017,9632,9871,10018,9755
9957: 3517,10038,9990,10041,3731,3321
163: 
10002: 9788,9321,9388,9940,9557,9316
6003: 6583,7836,9517,9631,6389,6483
4529: 9633,9670,4525,4322,9280,9877
2858: 3835,3646
8192: 8189
9983: 8346
7934: 9683,9842
9485: 9585,9924,9333,9759,9697,9796
9324: 9428,9566,9527,9473,9431,9464
6007: 10016,9898,5904,9494,9684,5801
9446: 9782,9460,9803,9537,9338,9263
3607: 3506,9717,9645,3121,2540,4218
2194: 2286
9413: 9886,9426,9376,9733,9484,9312
9843: 9281,9770,9586,9856,9934
9523: 9602,9266,9454,9294,9703,9348
9736: 9829,9760,9821,9270,9769,9823
9648: 6984,9849,6009,9701,9400,9518
5084: 5585,6658,5086,5870,5775,5970
3504: 3701,4703,3998,3903,4504,2822,4603
5041: 
5750: 6041,9652
9581: 9844,9653,9881,9492
2236: 9676,10026,683,1611,2326,1622
9259: 9430,2333,3783,9366,9553,4083
9895: 9882,9840,2362,9780
8264: 
9367: 9578,9311,9410,9539,9490
7911: 8150,7992,9448,8376,9356,8309
9299: 9639,6665,9253,9636,6480,6093,9274
9893: 9437,9336,9786,9692
9433: 3874,9506,3674,9313,9330,9502
1950: 1428,1592,1180,2036,1951,2403
9450: 9976,9739,9828,9800,9545
5201: 5200,5295,4393,4590,4697,5202
7142: 7581,9260,9623,7050,6671,7739
9232: 9987
9650: 9920,9773,9647,9805,9943,6731
8450: 9789,10030,9340,9285
9669: 2585,2666,2685,9774,9874,9747
3731: 3821,3722,3321,9713,9957
5904: 9898,6007,6204,5801,9768,5813
2148: 3874,3471,3674,6348,5478,5965
5451: 5250
8812: 8868
2778: 2321,2509,2600,2585,9361,2136
9870: 9838,9693,9947,9994
9815: 10041,9771,9990
9586: 9281,1180,9843,9856,9956,9674,801
6071: 5873,6823,6358,5683,5973,6072
10000: 9797,9462,9838,9422,9994,9689
7080: 7520,7345
9849: 9648,6984,9726,9666,9861,9701
217: 616,368,9907,9326,9626,10040
9941: 9992,9792,9901,9658,9873,10035
9908: 9685,9278,9847,9309,9511,9469
9920: 9650,9839,9773,10042,9529,9943
9569: 9328,9262,9734
5167: 5755,4950,4968,5064,9311,9533
7901: 7742,8766,7737,9081,9037
9529: 9362,9377,9638,9920,10042,9943
7292: 7117,7009,9289,8186,7026,7383
9656: 9728,9769,9781,9798
9681: 9984,9844,9739,9828,9653
7494: 8513,7996,9284,9419,8222
6375: 9384,5093,4485,5194,5495,9475
6617: 
9716: 9653,9881,9995,9381,9864
9470: 2253,9557,9902,9316,2536,2721
233: 700,9345,9288,9464,834
5064: 5755,5167,4968,4462,4867,4569
9677: 1666,1838,9765
2044: 2212,2224,2311,9247,9372,1527
237: 
9261: 9476,3771,9325,9364,3670,4073
9248: 4087,4287,3486,9441,9590,9430
4115: 3805,3712,4232,9935,4331,9262
9965: 2974,2136,9542,3072,9671,10023
9667: 9884,9848,9301,9561,9603,10019
243: 
9593: 9379,7123,9588,9252,9915,9622
245: 
9373: 9452,9678,9998,9711,9434,9447
247: 
9570: 9330,9370,9900,3284,1295,9506
9594: 9340,9519,9750,9293
9637: 794,9382,9255,9251,2305,9415
2305: 9415,794,9637,2311,2492
5150: 5062,4858,5256,9302,9604
9575: 9511,9601,5395,5192,9384,5093,5509
9830: 9674,9956,9719,9276
2326: 3372,2609,1611,2699,2236,1622
9673: 9794,9811,9672,9863
8620: 
7560: 9477,6931,7811,9509,7973,7558
10035: 9867,9471,9305,9901,9992,9941
7899: 7565,7818,7570,7821,7979,7737
9406: 5775,5970,6350,9512,9540,9967
3755: 9591,4139,3850,9582,9572,9609
10006: 9992,9792,9817,9975
9822: 9510,9675,9662,10001,9611,10010
3778: 5578,4687,3983,3982,4284,5676
9917: 9334,9938,9353,9988
2391: 2772,4165,4566,2866,2968,4068
9832: 9694,9886,9702
9257: 9612,9551,9281,1861,9770,1512
7721: 7965,8046,7555,8126,8333,7885
5856: 9658,9872,9490,5765,6244
9582: 3850,9597,9375,10032,9591,3755
7757: 6585,7847,7413,7146,7505,6583,7836
274: 
275: 64
2476: 2196
9418: 9621,9912,9772
278: 387
8046: 7965,7721,9625,8126,9634,9892
7836: 6583,6003,8526,6585,7757,7413,6389
9592: 8376,9356,9336,9353,9437
2585: 9669,2666,2778,2600,9361,9747
283: 73,336
9969: 9698,9883,9807,9900,9440,1295
9546: 9749,9827,9564,9610,9560,9567
9909: 9265,5355,9755,9549,9404,9968
9793: 9383,9907,9338,9782
9481: 2538,3502,9250,9279,3205,9254
10037: 9803,9781,9798,9496,9655,9461
4196: 4287,9298,3898,9430,2333,9536
291: 344
3786: 4094,3486,100
3907: 4004,9357,4626,9761,9700,4307
3983: 3777,3680,3982,5676,3774,3778
9979: 9668,9726,9666,9401,10020,9911
5965: 6348,6629,2148,3674,9308,9543
7117: 7009,7292,7195,7198,6916,7026
9473: 2057,9439,9468,9324,9527,9464
299: 411
1892: 2072
9686: 9277,9618,9456,9984
9801: 6376,9724,9764,9309,9469,9417
10029: 9395,9740,9617,9795,9938
3372: 2777,3072,2609,2326,2699,2974
9755: 9909,9549,9985,9632,9404,10018
6138: 
307: 309
9772: 9332,9424,9418,9621,9620
309: 307
6339: 5051,9350,9404,5355,6338
9585: 2744,9319,9913,9485,9333,9697
9542: 9361,9630,2136,9965,9327,10023
5754: 5664,5070,9455,4876,5475,5466
9500: 9819,9972,9399,9878,9255,9382
9733: 9928,10024,9484,9951,9312,9413
316: 
9888: 9925,9682,9949,9931,9891
9291: 9812,9980,9363,9635,9264,9530
4068: 4269,4266,2391,4566,2968,2580
3860: 4255,4057,3953,3856,3166,4165
10025: 9294,9703,9480,9678,9711
7929: 7340,7248,8170
6155: 9710,9695,6349,6347,6437
9428: 9324,9566,9527,2893,9662,9611
8609: 
9503: 9480,9429,4826,5138,9454,9294
8779: 8891,9005
9714: 9768,9753,7252,6967,10031,10012
9597: 3850,4141,3458,9582,9425,9375,9396
9580: 9369,9626,10040,9393,9460,9323
9873: 9658,9872,9964,9792,9941,9776
9599: 9513,9498,9646,9887,9799,9522
9803: 10037,9781,9537,9263,9461,9446
334: 9850,9732,387
9327: 9579,1756,9609,9572,9630,9542,10023
336: 73,283
3998: 4498,3701,4703,1716,3504
5413: 5104,5202,5010,5207,5204,5214
3856: 3559,9256,3166,3860,3953
4826: 4719,4811,5138,4823,9454,9503
2699: 2511,2231,1611,2509,2974,3372,2326
4504: 9409,3903,3504,4603,4605,4301
2024: 3947,9283,9424,9374,9665
344: 291
8426: 
7340: 7929,8170
9926: 9930,10043,9767,9889,9854,9919
9826: 159,9945
3207: 2333,3783,9268,9536,4293,1716
9912: 9756,9744,9418,9621
7733: 7565,7818,8056,6474,7125,6481
10024: 9733,9928,9729,9472,9951
3345: 3540
9316: 9557,9470,9818,9940,10002,2536
10003: 8373,9982,9752,9762,9571,10039
9697: 9679,9796,9585,9913,9485,9304
6420: 5920
358: 
359: 9760,1027,1270,2133,9707,1525
9891: 10011,10036,9888,9925
4486: 3683,4284,4083,4387,4590,4893
2906: 2336,2244,2526
9757: 3991,3795,9865,9818,9746,9958
9911: 9896,10020,9644,6508,9401,9979
9987: 9232
9821: 9719,9270,9736,9823
6849: 5304,9738,7300,6376,9764,9835
368: 616,217,9626,683,9706,1793
3850: 4141,3458,9597,9986,9582,9572,3755
9628: 9616,9623,9271,9260,9904,9419
6140: 5455
372: 
9701: 9583,9785,9400,9861,9648,9849
9671: 9862,9970,10023,9965,3072,9742
9748: 9819,9972,872,1506,1178,9682
376: 492
9499: 9354,9402,9465,9550,6749,6930
9584: 7558,9444,7973,9497,9368,9660
5249: 5250
9476: 9261,3771,9325,9398,9362,9244
5204: 5000,5207,5200,5413,5202,4997
9463: 9398,9659,10033,9619,9608,9325
9813: 9708,9335,9722,9720,3119,9645
384: 839
9271: 9344,8081,9875,9616,9628,9904
9984: 9681,9844,9828,9686,9456
387: 278,334
9608: 2580,9364,9619,2968,9463,9325
9391: 9381,9641,7965,9625,9568,9349
5295: 5200,5201,5495,4590,4893,5194
9454: 9602,9523,4826,4823,9503,9294
1867: 9421,1525,2135,2224,9371,9372
9379: 7123,6085,9593,6564,5882,9588
394: 
9616: 6389,9623,9628,8526,9271,8081
9668: 9979,9726,6018,9401,5421,9784
397: 
1921: 
2364: 
6696: 6886,6695
9444: 9584,9563,9661,9019,9660
9194: 9219,9239,8989,9037,9038
6421: 5920
9311: 4950,5167,9533,9410,9539,9367
9242: 9615,9125,9567,9239,9038,8885
9540: 9647,9967,9543,9435,9512,9406
3485: 3982,3683,9553,9339,3680
9331: 4155,4146,9522,9799,9489,9797
9638: 9607,9308,9435,9529,9377,9943
9752: 9857,9762,8225,8373,10003
411: 299
9488: 9514,9264,9495,9388,1071,9365
7123: 9379,6085,9593,7300,9696,9915
3953: 4255,3860,9489,3856,9256,4155
9397: 3210,4306,4611,9320,9342,9357
4771: 4269,4266,4867,4968,9533,4168
9081: 8061,7979,8879,7737,7901
9640: 9378,9292,8205,9237,9420,9120
9900: 9570,9370,9385,9807,9969,1295
9679: 9697,9796,9704,2743,9304,3713
9038: 8885,8990,9239,9194,8989,9242
4094: 3786,3486,3795,4287,3898
8868: 8812
424: 1529
7821: 7570,7739,7899,7742,7737,7314
9247: 9427,9372,2044,1527,9295,9528
2538: 9358,3502,9481,2165,2721,9250
3683: 3982,3485,4284,4486,4083,9553
2271: 9954,1996
7811: 7560,6931,7119,8356,7558,9563
9255: 9576,9878,9251,9500,9382,9637
9877: 9751,9718,9670,4529,9280,9266
1756: 9327,10023
3820: 2836,9927,3517,9966
9539: 9490,5051,4950,9311,9367
9309: 9511,9601,9908,9724,9801,9469
9551: 9612,9257,9405,1512
8885: 9039,9038,8990,9126,9125,9242
8513: 7988,7494,8372,8296,9284,8075
9797: 9489,9462,10000,9689,9799,9331
9693: 9834,9870,9947
442: 634
6520: 6804
10008: 9745,9882,9840
5801: 9768,9753,9684,6007,5904,5408
446: 
6307: 6598
9942: 9447,9651,9963,9998,9457,9531
449: 
6018: 5417,5917,9401,5421,4929,9668
9448: 9617,8383,9334,8150,7911,9356
7958: 
9371: 9427,9642,9372,9421,9496,1867
454: 456
5792: 9846,7033,6284,5400,5995,5302,7563
456: 454
9988: 9938,9917
9120: 9237,8878,9079,8205,9640
7609: 
9938: 9334,9917,10029,9988,9617
9365: 1071,1225,9388,9488,2253,9557
5129: 6022
9300: 9288,9431,9385,9526,9315,9370
8991: 8989,9037,9130,8766,8064,8707
7737: 7742,7901,7899,7821,9081,7979
466: 807
9665: 9899,9874,2024,9415,9737,9374
6419: 
9432: 9475,4997,5000,9685,9278,9341
9615: 9125,9567,9242,9749,9548,9863
9670: 9633,4529,9459,9877,9751,9959
6335: 9901,6244,6338,9265,5355,9305
9850: 334,9732
9995: 9716,9881,9916,9864
475: 666,535
9171: 9173
477: 
2133: 1855,2135,2036,1270,359,1525
9414: 9323,9879,9393,884,9918,9528
480: 
9496: 9421,9655,10037,9642,9371,9461
9466: 9457,9559,9525,7417,9735
9840: 10008,9882,9895,9780,9937
9711: 9434,10025,9373,9678
9717: 3506,3607,9645,9709,9700,4521
6284: 7033,5792,7563,8631,8632,6385
8770: 7318,7743,8222,8296,8064,8995
9550: 6460,7646,6749,9458,9354,9499
4287: 4196,4087,9248,4094,3486,3898
4498: 4703,1716,3998,4293,4393,4697
7354: 7265
492: 687,376
5345: 
9037: 8989,8991,8766,7901,9194
3222: 2743,3715,3821,3321,9704,2836
3940: 
5395: 6658,5192,5389,5509,9575
5942: 9910
499: 
9524: 9282,9459,9959
501: 1052,978
5876: 5975,5683,5775,6350,5585,5587
9359: 9386,9712,9544,8596,7847,9505
8737: 
8627: 9112
9785: 9701,9583,9400,9452,9998,9531
6585: 7757,8596,7847,7413,7836,8526,8081
9427: 9642,9371,9247,9372,9528
7259: 
4134: 
9632: 9350,9404,9604,9985,9808,9755
7880: 8119
513: 
1849: 1583,2119
9531: 9457,9559,9785,9400,9998,9942
9603: 9301,5572,9839,9773,9884,9667
2822: 3903,3205,9493,3502,3701,3504
9416: 9775,9345,9565,9329,9272,700
9684: 9494,9417,6007,5508,5408,5801
9652: 5750,6041,9680
6041: 5750,9652,9680
9436: 9390,9534,7555,7641,9346,8333
2407: 9399,2689,2403,1855,2595,1676
9823: 9728,9769,9821,9973,9736
2738: 1556,9530,9624,2554,9635,9491
9286: 9479,9845,9532,9862,9997,9510
7026: 7383,8356,6916,7119,7117,7292
9621: 9418,9912,9756,3947,9424,9772
9903: 1225,2253,9902,9715,9708,9722
3482: 3284,9440,1295,4081,9339,3680
9474: 1384,9948
9871: 9820,10018,9985,10017
9310: 9508,6915,9643,7532,9458,9354
2836: 3820,3321,3517,3222,3715
535: 475
3903: 9409,4504,2822,3205,3504
537: 
9545: 9378,9292,9450,9828,9456
9393: 884,9263,9460,9323,9414,9580
9273: 1698,616,9326,9589,9809
7563: 5995,5302,9627,5792,6284,6385
9703: 9294,10025,9523,9348
9283: 3255,2024,3947,9251,9415
9278: 9685,9908,9384,9432,9475,9511
9507: 9672,9548,9387,9558,9802
3205: 9409,3903,2822,3502,9481,9254
5826: 5725,5727
2362: 1075,9606,9895,9780
9464: 9288,9431,9473,9468,233,9324
3431: 
9905: 9780,9937,9606,9267
9293: 9786,9692,9750,9594
10014: 9166
7179: 7176
9425: 9332,9374,9899,9396,3458,9597
9479: 9286,9411,9605,9845,9532,9595
5543: 
9825: 9897,10028,9328,9814
9267: 10021,9606,9905,9389,9961
4590: 4387,4393,4486,4893,5295,5201
561: 758,760
9756: 9912,9744,9932,3255,3947,9621
9614: 9306,9471,9343
4475: 4169,4773,3670,3367,9394,4168
4458: 4450,4462,4661,4448,4347,4569
9879: 9946,9323,9414,9918,9663,9962
9396: 9620,9375,9834,9332,9425,9597
6805: 6804
7195: 7010,7198,7014,7794,7117,7009
2468: 2189,2658
9404: 9350,9632,6339,9909,5355,9755
4929: 4616,5421,4710,6018,5417
9275: 9923,9598,9547
8989: 9037,9130,8991,9194,9038,8990
7198: 7010,7195,6930,6932,6916,7117
10034: 9690,9944,9936,9695,9643,9402
9844: 9984,9681,9581,9653
8550: 
9459: 9282,9524,9483,9633,9670,9959
8707: 8064,8995,9317,9297,9130,8991
9563: 7558,9444,7811,8867,8356,9019
9659: 9398,9810,9463,10010,10033,9675
9953: 9833,9687,9783,9472
1873: 1616
7014: 9989,9993,7542,7010,7195,7794
9977: 10031,9880,9779,9627,7434,9636
9898: 10016,6007,5904,6011,6204,9906
588: 645
9773: 9920,9650,9839,9301,6731,9603
5332: 5931
9657: 9699,9698,9883,9853
9618: 9686,9277,9613,9610
9767: 10043,9926,9660,9661,9438,9854
9672: 9548,9507,9863,9673,9802
9904: 9284,9649,9419,9628,9271,9875
596: 664,731
7050: 9623,6483,6767,6671,7142
9308: 9607,9543,9435,9638,6629,5965
8318: 
4837: 9777
9281: 1861,1180,9770,9843,9586,9257
9676: 2236,683,9991,9706,9439,1622
9298: 9746,9380,3898,4196,9536,9577
4301: 4606,4605,9409,4504,3210,4611
5755: 4950,5167,5064,4462,5062,5256
9377: 9529,9362,9244,2678,4072,9607,9638
4710: 4306,4611,4606,5417,4616,4929
2481: 
9955: 4232,3615,9935,4330,9922,9814
9114: 9214
9740: 9395,9505,10029,9344,9875,9795
4611: 3210,4306,4710,9397,4606,4301
9251: 9576,9255,9637,3255,9283,9415
614: 886
9718: 9877,9751,9721,9266,9929,9348
616: 1698,9273,217,368,9326,1793
9579: 9351,9555,9609,9327,9535
9287: 9313,9526,9315,9445,9322,9403
9653: 9716,9881,9681,9844,9581
9605: 9411,9479,9541,2772,9595,2866
9422: 10032,9994,9591,9462,10000,9442
2685: 2881,2492,9737,9874,9669,2666
9386: 9712,9359,9544,9778
9288: 9431,9464,9300,233,9385,834
4444: 4146,9522,9498,4650,4450,4448
9867: 10035,9471,9992,9343
9861: 9784,9249,9726,9849,9701,9583
3795: 3991,9757,4094,9746,3898
8596: 6585,7847,9359,9344,8081,9505
630: 978,910
3502: 9358,2538,9481,9493,2822,3205
7641: 7555,7888,7723,8186,9436,9534
9358: 2538,3502,9380,2165,9577,9493
634: 442
3578: 3777,3284,3874,3471,9506
3037: 
5466: 5475,9884,9848,5070,5754,6349
8801: 
9297: 9317,8707,9130,9629,9556,9600
6823: 5873,6358,6071,9805,7360,6731
9388: 9321,10002,9488,9514,9557,9365
9636: 7434,9253,9627,9977,9299,9639
9696: 7123,6085,7300,9860,9724,9764
9429: 9480,9360,9503,5138,9249,9562
645: 588
2928: 2540,3027,3025,2744,9913,3612
7770: 7936
3072: 2777,3372,2974,9965,9671,9742
9967: 9647,9540,9805,9406,6350,5873
2136: 2974,9965,2509,2778,9361,9542
4269: 4771,4068,4266,4566,4164,4867
2777: 3072,3372,2609,2987,2800,9742,2893
9948: 1384,9474
4331: 3810,9521,9734,3805,4115,9262
9816: 9731,9759,9790,10021,9520,3722
7936: 7770
9333: 9924,9491,9624,9319,9585,9485
4073: 5574,4271,9261,3771,4169,3670
9509: 9449,9303,7973,9453,9477,7560
2658: 2468
5426: 5328
6537: 9776,9725,9817,6437,6249
9526: 9313,9315,9287,9300,9330,9370
664: 596,666
9559: 9457,9466,9531,9400,9525,9518
666: 475,664
9370: 9330,9570,9900,9300,9385,9526
4757: 4641,4650,4661,4448,4855,4858
5849: 
4164: 4463,4867,4569,4057,4566,4269
9818: 9865,9940,9757,9958,2536,9316
9260: 7142,7581,7996,9623,9628,9419
9758: 9918,9295,2047,2321,9663,2600
4387: 4293,4393,4590,3783,4486,4083
7439: 
9989: 7014,9993,7542,9314,9347,9763
9502: 6629,4979,9403,9313,9433,3674
9642: 9427,9371,9496,884,9461
2733: 1901,1820,9495,1556,1071,1553
9285: 9340,9519,9939,8450
2387: 
8526: 7836,6585,6389,9616,8081
683: 9676,2236,10026,9369,9626,368,9706
3712: 3805,4115,9304,3713,4232
8006: 7761
3491: 
687: 492
9491: 9924,9859,9333,2738,9624,2554
9560: 9219,9504,9239,9564,9546,9567
9661: 9407,9019,9438,9444,9767,9660
9256: 3856,3559,9442,9489,9462,3953
9770: 9281,9843,10004,9934,9612,9257
4139: 9591,3755,9555,9609,3559,9442
9384: 5093,6375,9475,9511,9575,9278
9771: 9516,9990,9815
9786: 9293,9692,9893
2554: 2738,927,9635,9554,9859,9491
698: 
7742: 8766,7737,7314,7901,7821,7743
700: 9272,9468,233,9345,9416
9651: 9447,9942,9963,9831
9695: 9710,9936,6155,6437,9690,10034
9925: 9888,9682,9972,9891,10011,9878
9290: 9478,9252,9467,9453,9622,9477
2196: 2476
9244: 9362,9377,9398,9810,2678,9476
707: 
9952: 7505,9735,10022,7847,9544
709: 1068
2580: 3367,9364,9608,2968,4068,4266
5086: 6658,5084,5192,4891,5678,5870
9513: 9498,9599,9646,9723,9258,9538
9315: 9526,9287,9566,9431,9300,9445
10013: 9573,9412,9482,9352
2772: 2391,4165,3166,9541,9605,2866
2866: 9619,9595,2968,9605,2391,2772
2509: 2321,2778,2231,2699,2974,2136
9576: 9878,9255,9251,10011,9932,3255
9440: 3482,1295,9698,9969,9804,9337,9339
9889: 9691,9854,9919,9926,8205,9292
9340: 9519,9594,9285,10030,8301,9750,8450
722: 
723: 792
3783: 2333,9259,3207,4083,4293,4387
8081: 9271,9344,8526,6585,8596,9616
9173: 9171
6348: 5478,6724,9512,5965,2148,9543
2293: 2198
2953: 2662
9350: 9632,9404,9604,5256,5051,6339
731: 596
3517: 9957,10038,3321,3820,2836
733: 
10022: 9831,9778,9963,9952,9735,9544
3098: 
9272: 9468,700,9991,9515,9565,9416
2800: 9742,9997,2777,2893,9662
9430: 2333,9259,4196,9248,9366
7455: 
9337: 9366,9553,9339,9804,9590,9440
9219: 9504,9560,9239,9194,8879
6724: 6348,5478,9512,5281,5870,5970
7937: 
4641: 4757,4650,9538,9573,4855,9352
7191: 
746: 
6405: 6507
9622: 9852,9915,9453,9593,9290,9252
10019: 9710,9936,9848,9667,9561,9508
2002: 2090
7413: 6585,7757,7836
7360: 9301,6731,9561,6823,6358,6915
8309: 8451,8301,7911,7992,8376,9857
9804: 9441,9590,9853,9698,9440,9337
9906: 9896,10020,9914,10016,9898,6011
9356: 9592,8376,9448,9334,9353,7911
9347: 9989,9314,9725,6249,9763,10015
758: 973,561,760
6072: 7532,6639,6358,6071,5973,6265
760: 561,758,973
9217: 9237,8878,8061,8879,9307,9504
9574: 9808,10017,9408,9302
9992: 9792,9941,10006,10035,9867
9743: 9812,9980
9783: 10015,9314,9833,9953,9687
8179: 
9706: 9991,9515,1793,368,9676,683
9664: 10005,9824,9960
4697: 5104,5202,4393,4498,4703,5201
6665: 9299,6385,9639,8632,7478,6480
6385: 9639,6665,6284,9627,7563,8632
9390: 9436,9486,9534,9928,9484,9346
9304: 3612,3712,9913,9697,9679,3713
9806: 9565,9487,1698,9869,9515,1793
3942: 3451
4823: 4826,4811,4626,4937,9602,9454
6931: 9477,7560,7811,9467,7019,7119
7818: 7733,7565,7899,9238,8056,7979
9417: 9469,9494,9684,6376,9801,5508
1894: 1067,1984
781: 
9423: 9568,9349,9688,8033,9836,9587
9655: 9421,9496,9707,9829,10037,9798
9781: 10037,9803,9798,9656,9537
9412: 9573,10013,9258
9639: 9299,6385,6665,9627,9636
2893: 9428,9527,2777,2987,2800
8395: 
9795: 9617,8383,9875,9740,10029,9649
5495: 5200,5295,5194,6375,9475,4997
9936: 9710,10019,9695,9508,9643,10034
792: 793,723
793: 792
794: 9382,9637,1676,2212,2311,2305
7617: 7794,9729,9705,9472,7542,9687
9306: 9614,9968,9265,9471,9305
9620: 9396,9834,9332,9772
7019: 6932,7119,6460,6749,9467,6931
10021: 9267,9520,9961,9816,9731
8485: 8273,8346
801: 9674,1180,9586,874,1951
9383: 9793,9326,9598,9589
8273: 8485
5574: 5572,4073,4271,4169,4876,5475
2536: 9958,2165,2721,9818,9470,9316
9913: 2744,9585,9697,2928,3612,9304
807: 466
4293: 4387,4393,3207,3783,4498,1716
6389: 9616,9623,6483,7836,6003,8526
9363: 927,9635,9552,9245,9291,9980
6350: 5775,9406,9967,5873,5876,5683
4626: 4004,3907,4937,4307,4811,4823
9284: 9904,9649,9419,8075,7494,8513
6983: 
9553: 9366,9337,9339,9259,3485,3683,4083
8064: 8995,8707,8766,7743,8770,8991
8376: 9592,9356,9336,7911,8451,8309
3810: 4331,9521,3027,3612,3805,9269
9937: 9780,9905,9840
6984: 9648,9849,6009,9666,6011,6204
6316: 6022
8695: 8199
9725: 6537,9817,6249,10015,9975,9347
3255: 3947,9283,9932,9576,9251,9756
8970: 8555
5587: 5389,6280,5585,5975,5876
8972: 8921
8372: 7988,8513,8296,8225,8710,8373
9487: 9565,9329,9806,9974,9869,9837
9972: 9500,9819,9748,9925,9682,9878
6093: 6480,7125,6481,9299,9274,7569
9336: 9592,8376,9437,9893,8451,9692
9820: 9871,10018
834: 9385,9807,233,9345,9791,9288
5417: 6018,5917,5215,4606,4710,4929
9400: 9701,9785,9648,9518,9559,9531
7300: 7123,9696,9764,9915,9835,6849
9625: 7965,8046,9634,9391,9641,9976
839: 384
840: 1216
9389: 9554,9961,1075,9606,9267
9897: 9825,10028,9890,9922,9921,9814
2806: 
9305: 10035,9471,9265,9901,6335,9306
9501: 9387,9085,9558,9318
6508: 5207,9644,5214,5917,9401,9911
8205: 9079,8499,9889,9919,9640,9120
848: 
5873: 6823,6071,9967,9805,6350,5683
3497: 3991,9865
9810: 9398,9659,10010,3279,2678,9244
7646: 9550,6460,6639,9458,9355,9478
3559: 3856,9256,9442,4139,9555
5256: 5062,5150,5755,4950,9350,5051
7248: 7929
6531: 
9947: 10032,9994,9693,9375,9834,9870
7847: 7839,6585,7757,8596,7505,9952,9359,9544
10030: 9857,9762,8301,9789,8450,9340
6118: 
861: 864
4057: 4255,3860,3665,4165,4566,4164,4463
9387: 9085,9501,9558,9126,9507
864: 861
8962: 
9528: 9918,9295,9427,9247,9414
9375: 9396,9834,9597,9582,9947,10032
9282: 9524,9459,9483,9521,9734
10041: 9815,9990,9957,10038
9442: 3559,9256,9422,9591,4139,9462
9049: 
872: 1340,1178,9405,9682,9949,9748
6349: 9710,6155,5070,5466,9848,6347
874: 1270,1951,9674,801,9276,1027
9270: 9821,9719,9276,9736,9760,1027
5338: 5138,9562
9940: 9865,9818,9788,10002,9316
9019: 9407,9661,8867,9563,9444,7888,7723
4330: 9876,9922,3715,9955,3615
9719: 9821,9276,9270,9830
1727: 9720,3119,3121,1901,2649,3025
7555: 7888,7641,8126,9436,8333,7721
9591: 3755,4139,9582,10032,9422,9442
884: 9393,9263,9461,9642,9414
9262: 9328,9569,4115,9935,4331,9734
886: 614,965
9710: 9936,10019,9695,6349,6155,9848
888: 
2119: 1849
8061: 9081,7979,8879,9238,9217,8878
9707: 9421,9655,1525,9829,9760,359
9837: 9487,9329,9974,9950
9598: 9923,9275,9589,9383
3615: 3713,4232,9955,2743,3715,4330
9504: 9219,9560,9217,8879,9307,9564
5775: 5970,9406,6350,5585,5084,5876
9558: 9387,9501,9507,9802
9999: 10027,9866
9841: 2848,9654
9831: 10022,9778,9651,9963
9419: 9904,9284,9628,9260,7996,7494
9688: 9423,9349,9587,9916,9864
5970: 5775,9406,6724,9512,5870,5084
8631: 8632,8694,7564,7033,6284,9596
10027: 9999,9866,9887,9646
6204: 9898,5904,6011,6984,6009,5813
9335: 9722,9813,9296,9246,9709,9645
9471: 10035,9867,9305,9306,9614,9343
9472: 7617,9729,9953,9687,10024
910: 630
9835: 9852,9754,9915,7300,9738,6849
9091: 
9856: 9934,9956,9843,9586
9808: 9985,10017,9574,9302,9632,9604
9604: 9350,9632,9302,5150,9808
9538: 4641,4650,9258,9513,9498,9573
9264: 9488,9514,9495,9291,9812,9530
7743: 7318,8770,7742,8766,7314,8064
9126: 9039,8885,9125,9387,9085
4719: 4826,4811,5138,4514,4616
9567: 9615,9242,9560,9239,9749,9546
4616: 4929,4306,4710,4514,4719
9827: 9749,9546,9811,9858,9610
2090: 2002
9351: 9579,9970,9535,9411,9845
10040: 9626,9580,9782,9460,9907,217
927: 9363,9635,9245,9554,2554
9403: 4979,9502,9322,9313,9287,3184
5192: 6658,5086,5395,4891,5093,9575
9796: 9697,9679,9704,9759,9790,9485
9789: 9727,9939,10039,8450,9762,10030
9530: 1556,2738,9291,9635,9264,9495
9764: 6376,9724,9801,7300,9696,6849
5931: 5332,5633
9950: 9699,9329,9837,9775
2189: 2280,2468
9611: 9445,10001,9428,9566,9822,9662
9477: 7560,6931,9290,9467,9453,9509
9921: 9876,9922,9766,9897,9890
2526: 2153,1709,2244,2906
3991: 3497,3795,9757,9865
3027: 2928,2540,3612,4218,9269,3810
943: 
944: 
5995: 9779,5302,9627,7563,5403,5792
4858: 5062,5150,4757,4661,4855
7383: 7026,8867,8356,7292,8186,7723
3251: 
9981: 9836,9702,9587
9368: 9497,9596,9584,10043,9660,9971
9439: 2057,9473,1622,9676,9991,9468
9715: 9250,9279,9902,9903,9722,9296
4155: 4347,4146,9331,9489,4255,3953
9552: 9245,9980,9363
5633: 5931
8499: 9079,8205,8498,6474,9919,8056
6323: 
7992: 8150,7911,8225,7988,9857,8309
959: 965,1042
6460: 9550,7646,6749,9478,9467,7019
9250: 9279,9715,2721,9902,2538,9481
9923: 9598,9275,9589,9547,9933,9809
4271: 5574,5572,4073,3771,9839,10042
9269: 4218,9392,9483,3027,3810,9521
965: 959,886
2224: 2044,2212,2135,2595,1867,9372
8044: 8199
9902: 2253,9470,2721,9903,9250,9715
9812: 9291,9980,9743,9514,9264
5678: 5281,5676,5870,4687,5086,4891
3674: 3874,2148,9433,6629,9502,5965
972: 
973: 758,760
9249: 9784,9861,9562,9429,9360,9583
9800: 9634,9787,9691,9976,9450
1838: 9765,9677
8867: 7383,8356,9563,7723,9019
978: 630,1052,501,1286
3224: 3628
9568: 9423,9349,7719,7885,8033,7965,9391
9876: 4330,9922,9921,9927,9766
7558: 9584,9563,7560,7811,7973
5683: 5975,5876,5973,6350,5873,6071
9720: 3119,1727,1553,1901,9708,9813
9790: 9816,9759,3821,3722,9796,9704
9366: 9553,9337,9590,9430,9259
9930: 10043,9926,9971,8498,8496,9919
9332: 9424,9374,9772,9425,9620,9396
9845: 9286,9411,9479,9351,9862,9970
10009: 7146,6682,9880,10012,6583
8807: 8917
8950: 
9451: 9954
9573: 10013,9412,9258,4641,9538,9352
4266: 4269,4771,4068,2580,3367,4168
9578: 9367,5765,9410,5664,9455
9381: 9391,9641,9349,9864,9716
2057: 9473,9439,1622,2987,2609,9527
5355: 9265,9909,9404,6339,6335,6338
9495: 9488,9264,1556,9530,1071,2733
9630: 9361,9572,9747,9542,9986,9327
7855: 
9536: 9268,9577,4196,9298,2333,3207
9320: 9443,9254,9342,9409,3210,9397
5000: 5207,5204,9644,9432,4997,9341
1006: 1078
9557: 2253,9470,9316,10002,9388,9365
10016: 9898,6007,9847,9906,9914,9494
7719: 9346,8333,7885,8033,9376,9568
8891: 9005,8779
5093: 9384,6375,4485,5192,4891,9575
7570: 6671,7739,7821,7569,7565,7899
1013: 1251,9741
1014: 
4232: 3713,9955,3615,9935,3712,4115
6583: 7836,6003,7146,10009,9517,7757
9039: 8885,8990,9126,9894,9600,9085
9872: 9658,9873,5856,5765,9964,5564
1019: 1340
9344: 9271,8081,9875,8596,9740,9505
9349: 9423,9568,9688,9381,9391,9864
9811: 9749,9827,9858,9794,9673,9863
9727: 9789,9939,10039,9824
9602: 9280,9266,9523,9454,4937,4823
1917: 
8199: 8695,8044
1027: 9760,359,9276,9270,874,1270
2987: 2057,2777,2609,9527,2893
9997: 2800,9742,9862,9286,9510,9662
7885: 8333,7719,7965,7721,9568
9766: 9927,9978,9876,9921
8261: 8119
5207: 5000,5204,9644,5214,6508,5413
9631: 9517,9253,6003,9274,6767,6483
7060: 6967,9525,9518,6009,5813,7252
3805: 3612,3712,4115,4331,3810
10018: 9820,9871,9985,9755,9549
5841: 
2944: 3137
7417: 7146,6682,9466,7505
10038: 9957,3517,10041
1042: 959
9323: 9946,9879,9414,9393,9369,9580
1044: 1616,1617,1446
4347: 4155,4146,4255,4450,4458,4463
5585: 6658,5084,5775,5876,5389,5587
3839: 3646
2649: 1901,1820,2744,9319,1727,3025
9334: 9938,9917,9353,9617,9448,9356
9862: 9671,9970,9742,9997,9286,9845
3680: 3983,3777,3482,4081,9339,3982,3485
1052: 501,1286,978
9978: 9966,9927,9766
9731: 9816,9759,9961,10021,9924,9859
9721: 9751,9718,9929
8496: 8498,8211,8694,7478,9930,9971
9775: 9345,9416,9791,9329,9950,9699
9635: 927,9363,9291,2738,9530,2554
9634: 9787,9892,9800,9625,8046,9976
6930: 7010,7198,9499,9465,6749,6932
9361: 9630,9747,9542,2585,2778,2136
9214: 9114,9074
9279: 9250,9715,9481,9296,9443,9254
9641: 9381,9391,9625,9976,9739
2336: 2808,2906,1973,2244,2524
4083: 3683,4486,9553,9259,3783,4387
1067: 1805,1894
1068: 709
1069: 
7888: 7555,7641,7723,8126,9407,9019
1071: 9365,1225,1553,9488,9495,2733
9543: 9308,9435,6348,9512,5965,9540
9742: 2800,9997,2777,3072,9862,9671
9890: 9897,10028,9921
1075: 2362,9606,9389
1076: 1477
9352: 9408,4855,9573,10013,4641,9482
1078: 1006,1152
9649: 9904,9284,8075,9875,8383,9795
9961: 9389,9554,10021,9267,9859,9731
9292: 9378,9640,9545,9889,9691
5070: 5664,5754,5466,6347,5564,6349
9963: 9651,9942,9457,9735,10022,9831
9626: 9369,9580,10040,217,368,683
4169: 4475,4876,4773,3670,5574,4073
9571: 10005,9824,9982,10003,9556,10039
7775: 
8170: 7765,7340,7929
1089: 
9011: 
9607: 9308,9638,4072,6629,4979,9377
9986: 3850,3458,9774,9572,9630,9747
5421: 4929,6018,9668,9784,9562
9583: 9701,9785,9249,9861,9360,9452
9683: 9842,7934
9746: 9298,9380,3898,3795,9757,9958
9660: 10043,9767,9584,9444,9368,9661
9322: 9445,10001,9287,3279,3184,9403
1805: 1067
2212: 2044,2224,2311,2595,794,1676
9554: 9389,9961,927,2554,9859
9512: 6348,6724,9543,9540,5970,9406
4569: 4164,4463,4867,4462,4458,5064
9452: 9373,9678,9998,9360,9583,9785
9341: 9896,9914,9432,5000,9644,9685
1909: 
4939: 
9751: 9877,9718,9721,9670,9959
9939: 9789,9727,9285
4072: 3279,2678,3184,4979,9377,9607
9780: 9905,9937,9895,9840,2362,9606
9866: 9689,9887,9838,9999,10027
9314: 9989,7542,9347,10015,9783,9687
2689: 2407,9399,2403,1506,1592,9819
9927: 3820,9978,9876,9766
4703: 4498,3998,3504,5104,4697,4603
5664: 5070,5754,9455,9578,5765,5564
9522: 4146,9331,4444,9799,9498,9599
9514: 9488,9264,9812,9321,9388
9237: 9217,8878,9420,9120,9640,9307
6249: 6537,9725,6437,9690,9763,9347
9760: 9829,9736,359,1027,9270,9707
9624: 1556,2738,9491,9333,1820,9319
9492: 9881,9581
9610: 9564,9613,9618,9827,9546
9791: 9775,9345,9699,834,9807,9883
5331: 5727
9928: 9733,10024,9484,9729,9390,9486
9125: 9615,9242,8885,9126,9548
9441: 9804,9590,9853,100,3486,9248
3279: 2678,4072,3184,10001,9322,9810,10010
1132: 9933
4307: 4525,4937,4521,9700,3907,4626
7176: 7179
2403: 2407,2689,1592,1950,2036,1855
9675: 9510,9822,9532,9659,10010,10033
6280: 5389,5587,9860,5509,6085
9345: 9775,9416,9791,700,233,834
8373: 8710,9982,10003,8372,8225,9752
6474: 8498,8211,7125,8499,7733,8056
9402: 9354,9499,9465,9643,10034,9944
9289: 7009,7292,8186,9705,9486,9534
9887: 9689,9866,9799,10027,9599,9646
9692: 9293,9786,9336,9893,8451,9750
9702: 9836,9981,9886,9426,9832
3612: 3805,9304,9913,2928,3027,3810
3210: 4611,9397,9409,9320,4606,4301
8928: 
9759: 9816,9731,9790,9924,9485,9796
9777: 4837
7532: 6072,6639,9458,6358,9310,6915
1152: 1477,1078
9956: 9856,9586,9674,9830
9447: 9651,9942,9373,9998,9434
9991: 9515,9706,9676,9439,9272,9468
9690: 10034,9944,9763,9695,6437,6249
9958: 2536,2165,9757,9818,9746,9380
9619: 9595,2866,2968,9463,10033,9608
9532: 9286,9479,9510,9675,9595,10033
6265: 5882,9355,9588,5973,6072,6639
4650: 4641,4757,9538,9498,4444,4448
3284: 3482,1295,4081,9570,9506,3578
9678: 9452,9373,9480,9360,10025,9711
9589: 9923,9598,9383,9326,9273,9809
9355: 6265,9588,6639,7646,9478,9252
8838: 
9456: 9686,9277,9828,9378,9545,9984
8990: 9039,9038,8885,8989,9130,9600
1169: 
1170: 
9453: 9852,9622,9290,9477,9509,9303
9326: 9383,9907,9589,616,9273,217
9369: 9626,9580,9946,9323,10026,683
9805: 9647,9967,9650,6731,5873,6823
5138: 4826,4719,5338,9562,9429,9503
7062: 7156
9449: 9509,9303,7564,9885,7973,9497
1178: 1506,1594,9405,1512,872,9748
9457: 9559,9466,9531,9942,9963,9735
1180: 9281,1861,9586,801,1428,1950,1951
5302: 5995,7563,5400,5613,5403,5792
9357: 4004,4514,3907,9342,9761,4306,9397
9704: 9679,9796,9790,3821,2743,3222
4773: 4475,4169,4876,9394,9455
2321: 2509,9663,2778,2600,9758,2231
9330: 9570,9370,9313,9526,9506,9433
8333: 9346,7719,7885,9436,7555,7721
9296: 9335,9722,9279,9715,9443,9246
9085: 9387,9501,9039,9126,9894,9318
3643: 
9975: 10015,10006,9725,9817
9774: 9899,9874,9669,3458,9986,9747
2662: 2758,2953
9443: 9254,9320,9342,9279,9296,9246
6978: 
8555: 8970
9768: 5801,9714,9753,5813,7252,5904
9951: 9733,10024,9312
5250: 5451,5249
2244: 1709,2526,2336,2906,1973
3628: 3224,3226
4450: 4458,4448,4347,4146,4444
9380: 9746,9298,9958,2165,9577,9358
9980: 9291,9812,9743,9552,9363
8766: 7742,7901,7743,9037,8991,8064
6886: 6696,6884
9654: 2848,9841
9263: 9393,884,9461,9803,9460,9446
9475: 9432,4997,5495,9384,6375,9278
8056: 7733,7818,9238,6474,9079,8499
2459: 2551,9745
9865: 9818,9940,3497,3991,9757
9799: 9689,9887,9797,9599,9331,9522
9017: 
2669: 
1216: 840
9875: 9271,9344,9740,9904,9649,9795
8451: 8301,9750,8309,8376,9336,9692
10031: 9977,9880,10012,9714,9753,9779
9919: 9889,9930,9926,8498,8205,8499
9966: 9978,4332,3820
9839: 9920,9773,10042,5572,4271,9603
9828: 9450,9739,9545,9984,9681,9456
6480: 7125,6093,7478,9299,6665,8211
1225: 1071,9365,1553,9903,2253,9708
7086: 
7152: 6403,6507
1996: 9730,2271
9303: 9449,9509,9885,9852,9754,9453
3771: 9476,9261,9362,4073,4271,10042
9462: 9489,9797,10000,9422,9256,9442
7542: 9989,7014,9314,9687,7794,7617
9312: 9694,9951,9733,9413,9886
9511: 9309,9601,9575,9384,9278,9908
9555: 9579,9609,4139,3559,3460,9535
8186: 9289,7292,7383,9534,7641,7723
8710: 8373,9982,8372,8296,8995,9317
2165: 9958,2536,2721,9380,9358,2538
9313: 9526,9287,9330,9502,9403,9433
1240: 
4521: 4525,4307,4322,9700,3506,9717
9005: 8891,8779
3486: 3786,4094,100,9441,4087,4287,9248
9254: 9443,9320,9481,9279,9409,3205
9556: 9629,9317,9297,9982,10005,9571
1246: 1494
9932: 10011,10036,9576,9756,9744,3255
6639: 7532,6072,9458,9355,6265,7646
10023: 9671,9970,9542,9965,1756,9327
9901: 6244,6335,9658,10035,9305,9941
1251: 9741,1013
3646: 3839,2858
6622: 
9438: 9407,9661,9767,9787,9892,9854
8225: 7992,7988,8372,8373,9752
10036: 9891,10011,9932,9744
8917: 8807
4997: 9432,9475,5200,5495,5000,5204
4605: 5215,4606,4301,4504,5010,4603
7478: 8632,8694,6665,8211,8496,6480
7780: 
9420: 9237,9378,9640,9277,9307,9613
1855: 2133,2135,2595,2036,2407,2403
8126: 7555,7888,9407,7721,8046,9892
9307: 9564,9613,9217,9237,9420,9504
9238: 7818,8056,9079,8878,8061,7979
7002: 
3184: 3279,2678,4072,9322,4979,9403
5973: 5975,5683,6071,6072,5882,6265
1270: 874,2036,1951,359,1027,2133
9853: 9804,9441,9657,9698
9493: 9268,9577,9358,3502,3701,2822
9643: 9310,9508,9936,10034,9354,9402
9548: 9672,9507,9863,9615,9125
9846: 7033,5792,9754,9738,5400,9885
9600: 9629,9894,9130,9297,9039,8990
10039: 9789,9727,10003,9762,9571,9824
3641: 3545
3533: 
4255: 3860,4057,3953,4347,4155,4463
5917: 6018,5417,9401,5215,5214,6508
7565: 7733,7818,7899,6481,7569,7570
3898: 9746,9298,4094,3795,4196,4287
9874: 9899,9774,9665,9737,2685,9669
9834: 9620,9375,9396,9693,9947
1286: 1052,978
2808: 2336,2524
7996: 7581,9260,9419,7318,8222,7494
9395: 9740,9505,10029,9712
7119: 6932,7019,6916,6931,7811,7026,8356
9537: 9338,9803,9781,9446
9601: 9309,9511,9575,9860,5509,9724
4891: 5086,5192,5678,4485,4687,5093
9343: 9614,9867,9471
1295: 3284,3482,9440,9969,9570,9900
4284: 3982,3683,4486,5578,3778,4893
1297: 
9360: 9480,9429,9249,9583,9452,9678
9935: 4232,9955,4115,9328,9262,9814
2881: 2047,1527,2492,2685,2666
9505: 9395,9740,8596,9712,9359,9344
8921: 8972
9321: 9788,10002,9388,9514
6507: 6405,7152
2974: 2136,9965,2509,2699,3072,3372
2758: 2662
10001: 9445,9611,9322,9822,10010,3279
9857: 9752,9762,10030,7992,8301,8309
9566: 9428,9324,9431,9445,9611,9315
2609: 2777,3372,2326,2057,1622,2987
4603: 5104,5010,4703,3504,4504,4605
1312: 
9713: 9516,9990,9520,3731,3722
1314: 
9408: 9302,4855,9352,9482,9574
2678: 3279,4072,3184,9810,9377,9244
8383: 9617,9795,9448,9649,8075,8150
9712: 9386,9359,9395,9505
6598: 6307,6695
4968: 5167,5064,4867,4771,9533
9410: 9533,9394,9311,9578,9367,9455
4855: 9408,9302,9352,4641,4757,4858
8033: 7719,9426,9376,9836,9423,9568
9525: 7060,6967,9518,9559,9466
5389: 5587,6280,5509,5585,6658,5395
3367: 2580,9364,4266,4168,4475,3670
5676: 5281,5678,3774,3983,3778,4687
9130: 8989,8991,8707,9297,8990,9600
8222: 7318,8770,7996,7494,8296
10004: 9934,9612,9770
9590: 9804,9441,9248,9366,9337
7314: 7742,7739,7821,7581,7318,7743
3166: 9541,3856,3860,2772,4165
7353: 
9778: 10022,9831,9386,9544
2492: 1527,2881,2685,2311,2305,9737
9996: 9858,9794
2540: 2928,3027,3025,3121,3607,4218
9729: 7617,9705,9472,9928,10024,9486
1340: 872,1019,9949
2153: 2526,1709
5200: 5295,5201,5495,5202,4997,5204
9519: 9340,9594,9285
10033: 9659,9463,9532,9675,9619,9595
9588: 5882,9355,6265,9379,9593,9252
5304: 9738,6849,5400,6376,5508,5613
9424: 9332,9374,9772,2024,3947,9621
9468: 9272,700,9991,9473,9439,9464
6022: 6316,5129
4687: 5578,4485,3778,5678,5676,4891
9527: 9428,9324,2893,2057,9473,2987
9807: 9385,834,9791,9969,9883,9900
4081: 3284,3482,3680
9295: 9918,9758,9528,9247,2047
9276: 9719,9270,9674,9830,874,1027
9627: 9779,5995,7563,9977,6385,9639,9636
9934: 9856,10004,9770,9843
3774: 5281,5676,3471,3983,3777,5478
9864: 9916,9349,9688,9381,9716,9995
3701: 1716,3998,3504,9268,9493,2822
6967: 7060,9525,9714,7252,10012,6682
8391: 
9685: 9278,9908,9847,9432,9341,9914
9842: 9683,7934
9338: 9537,9782,9446,9793
5214: 5207,6508,5413,5010,5215,5917
2253: 9557,9470,9902,9365,1225,9903
3506: 3607,9717,4218,9392,4521,4322
10005: 9571,9824,9629,9556,9960,9664
9737: 9415,2492,2685,9874,9665
5281: 5678,5676,5870,3774,5478,6724
6695: 6598,6696
9885: 9449,9303,7564,9754,9846,7033
9960: 9318,9629,9894,10005,9664
1375: 
3818: 
2286: 2194
9596: 9497,9368,7564,8631,8694,9971
9881: 9653,9716,9995,9581,9492
7125: 6480,6481,6093,6474,8211,7733
9185: 
9437: 9893,9592,9336
9726: 9979,9668,9666,9784,9861,9849
1384: 9948,9474
7965: 7721,9625,8046,7885,9568,9391
6009: 9648,6984,6204,5813,7060,9518
1387: 1984,2072
3722: 3731,3821,9520,9713,9816,9790
5813: 9768,7252,5904,6204,6009,7060
9478: 9290,9252,9467,9355,6460,7646
1740: 
9112: 8627
9561: 7360,9301,9667,10019,9508,6915
9274: 7569,6767,9299,9253,9631,6093
3458: 3850,4141,9597,9986,9425,9899,9774
7679: 7680
5010: 5104,5413,4603,5215,4605,5214
10028: 9897,9825,9890
3025: 2928,2540,2649,2744,1727,3121
9302: 9408,4855,5150,9808,9574,9604
9521: 4331,3810,9734,9269,9483,9282
3545: 3641
5613: 5508,5408,5403,5304,5400,5302
3715: 2743,3222,2836,3615,4330
9385: 834,9807,9288,9300,9370,9900
6682: 7146,7417,10009,6967,10012
8343: 
9949: 9888,9682,9931,1340,872
9944: 9690,10034,9763,9402,9465,9993
5104: 4697,5413,5202,5010,4603,4703
4131: 
9587: 9836,9981,9423,9688
9277: 9686,9618,9456,9378,9420,9613
1414: 
6376: 9764,9801,9417,5304,6849,5508
7252: 9768,9714,5813,7060,6967
3137: 2944
9883: 9698,9969,9791,9699,9657,9807
1419: 
1420: 
1901: 2649,2733,1820,1553,9720,1727
8658: 
9809: 9933,9869,9923,9589,1698,9273
9415: 2305,9737,9251,9637,9283,9665
9079: 8205,8499,9238,8056,8878,9120
9646: 9513,9599,10027,9887,9723
9535: 3460,9541,9351,9579,9555,9411
1428: 1592,1950,1861,1180,1594
4141: 3850,3458,9597
9779: 5995,9627,5403,9753,10031,9977
9329: 9565,9487,9837,9775,9416,9950
9694: 9312,9886,9832
7865: 
9847: 9685,9908,9914,9469,9494,10016
9460: 9782,9446,9393,9263,9580,10040
9595: 9619,2866,9479,9605,9532,10033
9445: 10001,9611,9322,9566,9315,9287
8211: 8498,6474,8496,7478,6480,7125
2198: 2293
7146: 6682,7417,10009,7505,6583,7757
2595: 1855,2135,2407,1676,2212,2224
7988: 8513,8372,8075,8150,8225,7992
9836: 9702,9981,9587,9426,8033,9423
9319: 2744,9585,9624,9333,2649,1820
9734: 4331,9521,9262,9569,9282
1446: 1617,1044
9933: 9869,9809,9923,9547,1132,9974
9301: 7360,6731,9561,9603,9773,9667
6564: 9379
6804: 6805,6520
4146: 4347,4155,9331,4444,9522,4450
9869: 9933,9809,1698,9487,9806,9974
9497: 9368,9596,9449,7564,7973,9584
9769: 9728,9656,9823,9829,9736,9798
3226: 3628
2666: 9669,2585,2047,2881,2685,2600
9708: 9722,9813,1225,1553,9903,9720
6915: 9310,9508,7360,9561,6358,7532
5920: 6421,6420
6629: 4979,9502,3674,9607,9308,5965
9455: 5664,5754,9410,9394,4773,9578
9469: 9494,9417,9309,9908,9847,9801
5736: 
5478: 6348,6724,3471,2148,5281,3774
9508: 9310,6915,9643,9561,9936,10019
9658: 9873,9872,5856,9901,6244,9941
9666: 9979,9726,10020,6011,6984,9849
9763: 9690,9944,6249,9989,9993,9347
4937: 4525,4307,4626,4823,9602,9280
2523: 
9860: 6280,5509,9601,6085,9696,9724
8498: 6474,8211,8496,9930,9919,8499
5509: 5389,9860,6280,5395,9601,9575
9325: 9476,9261,9398,9463,9364,9608
9489: 9797,9462,9256,4155,9331,3953
9687: 9953,9783,7542,9314,7617,9472
1477: 1152,1076
9547: 9923,9275,9933
1729: 
7870: 
7434: 9517,9253,9636,9977,9880
7265: 7354
1483: 
9606: 1075,2362,9780,9905,9389,9267
3777: 3983,3578,3680,3471,3982,3774
4876: 4169,4773,5574,5754,5475
8616: 
9498: 9513,9599,4444,9522,4650,9538
8356: 7026,7383,8867,6916,7119,7811,9563
7839: 7847,9544
3835: 2858
7033: 9846,5792,6284,7564,9885,8631
3713: 4232,3615,9679,2743,3712,9304
1494: 1246
9074: 9214
9858: 9827,9811,9996,9794
1497: 2483
9268: 9536,9577,9493,3207,3701,1716
7581: 7142,9260,7996,7739,7314,7318
5408: 5508,5613,5403,9684,5801,9753
9392: 4218,9269,9483,3506,4322,9633
2511: 9962,2231,1611,2699
9784: 9249,9861,9562,5421,9668,9726
9633: 9670,4529,9392,9483,4322,9459
9544: 9386,9359,9952,10022,9778,7839,7847
1506: 1594,1178,1592,9819,9748,2689
5475: 5466,9884,4876,5574,5572,5754
9802: 9672,9507,9558
9754: 9852,9835,9738,9303,9885,9846
5640: 
2761: 3743
1512: 1594,1178,9405,9551,9257,1861
2968: 9619,2866,2391,4068,2580,9608
3294: 3295
3471: 3874,2148,3777,3578,5478,3774
6916: 6932,7119,7198,7117,7026,8356
9516: 9771,9713,9990,9520
1973: 2336,2244,2524
9682: 9888,9925,9949,872,9972,9748
9990: 9771,9713,9516,10041,9815,9957
9534: 9390,9436,9486,9289,8186,7641
7794: 7617,9705,7014,7542,7195,7009
6481: 7125,6093,7569,7733,7565
9372: 9427,9371,9247,1867,2044,2224
1525: 9421,9707,1867,359,2133,2135
9435: 9308,9543,9638,9647,9540,9943
1527: 2881,2492,2044,2311,9247
9376: 9413,9426,9484,9346,7719,8033
1529: 424
10010: 9810,9659,9675,9822,10001,3279
9483: 9269,9392,9521,9633,9282,9459
9394: 9533,9410,4168,4475,4773,9455
5403: 5408,5613,9753,9779,5995,5302
9674: 801,9830,9956,9586,9276,874
1820: 1901,2649,2733,1556,9624,9319
9577: 9268,9536,9493,9298,9380,9358
9910: 5942
2047: 2881,9295,9758,2666,2600
9515: 9991,9706,1793,9565,9806,9272
8879: 8061,9081,9217,9219,9504
9461: 884,9263,9496,10037,9803,9642
4606: 5215,4605,4301,3210,4611,4710,5417
7505: 9952,7146,7417,7757,7847
9258: 9723,9513,9573,9412,9538
9817: 9776,6537,9725,9792,10006,9975
9970: 9862,9671,10023,9351,9845
9364: 2580,3367,9608,9261,9325,3670
9739: 9976,9450,9828,9641,9681
6912: 
9374: 9332,9424,9425,2024,9899,9665
9968: 9306,9265,9909,9549
3947: 3255,2024,9283,9756,9621,9424
1553: 1071,1225,1901,2733,9708,9720
9735: 9952,9457,9466,9963,10022
4525: 4937,4307,4521,4322,4529,9280
1556: 2738,9530,9624,9495,2733,1820
9382: 794,9637,1676,9500,9399,9255
9732: 334,9850
7973: 9449,9509,7560,9584,7558,9497
6483: 6389,9623,7050,9631,6003,6767
2135: 2133,1855,2595,1525,1867,2224
2721: 2536,2165,9470,9902,2538,9250
6731: 7360,9301,9650,9773,9805,6823
9421: 9496,9655,9707,1525,1867,9371
9859: 9924,9491,9554,9961,2554,9731
8296: 8513,8372,8222,8770,8995,8710
9994: 9947,10032,9422,9870,9838,10000
9689: 9866,9887,9799,9838,9797,10000
2231: 9962,2511,2699,2321,2509,9663
8995: 8064,9317,8707,8770,8296,8710
1571: 
4661: 4462,4458,4448,4757,5062,4858
9915: 9852,9835,9622,7123,9593,7300
10032: 9947,9422,9994,9375,9582,9591
5882: 6265,9588,5975,5973,9379
8471: 
9851: 93
9916: 9864,9688,9995
9753: 5801,9768,9714,5408,5403,9779,10031
5508: 5408,5613,6376,9417,9684,5304
9884: 5475,5466,9848,9667,5572,9603
9924: 9859,9491,9333,9731,9759,9485
1583: 1849,3450
9973: 9728,9823
5551: 
9253: 7434,9517,9631,9636,9299,9274
4448: 4450,4458,4661,4444,4757,4650
9745: 10008,9882,2551,2459
6749: 9550,6460,9499,6930,6932,7019
7765: 8170
5455: 6140
1592: 1428,1950,1506,1594,2689,2403
9705: 7794,7617,9729,7009,9289,9486
1594: 1506,1178,1512,1861,1428,1592
9541: 3166,9535,9411,9605,2772
9892: 9634,9787,8126,9407,9438,8046
9480: 9429,9360,9503,9294,10025,9678
9564: 9307,9613,9610,9504,9560,9546
5194: 5578,4485,4893,5295,5495,6375
9490: 9539,9367,6244,6338,5856
9166: 10014
9971: 9930,10043,9368,9596,8694,8496
8614: 8677
7081: 
8794: 
9458: 7532,6639,9310,9354,9550,7646
9342: 9443,9320,9246,9761,9397,9357
2311: 2044,2212,794,2305,1527,2492
4087: 4287,9248,3486
9431: 9288,9464,9300,9324,9566,9315
1611: 9962,2511,2699,9946,2236,10026,2326
8676: 8677
9426: 9413,9886,9376,8033,9836,9702
9613: 9307,9564,9610,9420,9277,9618
2744: 9319,9585,9913,2649,2928,3025
1616: 1044,1873
1617: 1446,1044
7184: 
1619: 
3928: 
9486: 9390,9534,9729,9705,9289,9928
1622: 2057,9439,9676,2236,2609,2326
4950: 5755,5167,9311,5256,9539,5051
3670: 4475,4169,3367,9364,9261,4073
5572: 5574,4271,9839,5475,9884,9603
9946: 9323,9879,9369,9962,1611,10026
9145: 
9647: 9540,9967,9805,9943,9435,9650
9741: 1251,1013
1630: 
9662: 9510,9822,2800,9997,9428,9611
8677: 8614,8676
9762: 9857,9752,10030,10003,9789,10039
9484: 9733,9928,9390,9413,9376,9346
5051: 9539,6339,5256,4950,9350
3460: 9535,9555
9728: 9769,9656,9823,9973
4941: 9868
9929: 9348,9718,9721
9348: 9929,9266,9523,9718,9703
9794: 9673,9811,9858,9996
4514: 4004,9357,4306,4616,4719,4811
5202: 5104,4697,5413,5200,5201,5204
9346: 8333,7719,9484,9390,9436,9376
9723: 9258,9513,9646
8075: 9284,9649,8383,7988,8513,8150
9749: 9827,9546,9811,9615,9567,9863
9848: 5466,9884,9667,9710,10019,6349
8346: 9983,8485
8392: 
9894: 9629,9600,9039,9085,9318,9960
10015: 9975,9783,9725,9314,9347
5328: 5426
9494: 9469,9417,9684,9847,10016,6007
7761: 8006
9959: 9670,9524,9459,9751
10042: 9920,9839,3771,9529,9362,4271
8844: 
9863: 9672,9548,9749,9811,9615,9673
4332: 9966
3295: 3294
4462: 4458,4661,4569,5062,5755,5064
4004: 9357,4514,3907,4626,4811
7680: 7679
9318: 9960,9894,9085,9501
1666: 9677
9612: 9551,9257,10004,9770
9824: 10005,9571,9727,10039,9664
9998: 9452,9373,9785,9531,9447,9942
2072: 1387,1892
9680: 6041,9652
6932: 7019,6916,7119,6749,6930,7198
9520: 10021,9713,9516,9816,3722
6671: 7570,7739,7569,6767,7050,7142
9700: 9761,9709,9717,3907,4307,4521
1676: 794,9382,2407,9399,2595,2212
9518: 7060,9525,9648,6009,9400,9559
9750: 8451,8301,9293,9692,9340,9594
7520: 7080
6011: 9898,6204,10020,9906,9666,6984
3821: 3731,3722,3321,9790,9704,3222
9549: 9909,9755,10018,9968
9510: 9675,9822,9662,9997,9286,9532
10043: 9930,9767,9926,9660,9971,9368
9747: 9361,9630,9774,9669,2585,9986
8020: 
2483: 1497
9328: 9262,9569,9814,9935,9825
9776: 6537,9817,9873,9964,9792
9976: 9450,9739,9625,9634,9800,9641
9798: 10037,9781,9829,9769,9656,9655
9792: 9992,9941,10006,9873,9776,9817
9252: 9478,9290,9355,9588,9593,9622
1951: 874,2036,1270,1180,801,1950
8904: 
6709: 9855
9411: 9479,9605,9845,9351,9541,9535
1698: 616,9273,9869,9809,1793,9806
9506: 3874,9433,9330,9570,3284,3578
9931: 9888,9949
9434: 9711,9373,9447
9896: 10020,9341,9906,9911,9914,9644
9409: 3903,4504,3205,9254,9320,4301,3210
7723: 7888,7641,8186,7383,8867,9019
9353: 9334,9917,9592,9356
9744: 9912,9756,10036,9932
6516: 
9517: 7434,9253,9631,9880,6583,6003
1709: 2244,2153,2526
9993: 9989,7014,9944,9763,9465,7010
8599: 
10020: 9896,9906,9911,9979,9666,6011
2551: 2459,9745,9882
2848: 9654,9841
10026: 2236,683,9946,9369,1611
1716: 4498,3701,3998,3207,9268,4293
9623: 6389,9616,6483,7050,9628,7142,9260
3743: 2761
9399: 2407,2689,9500,9819,9382,1676
9730: 1996
9280: 9602,9266,4525,4937,4529,9877
9907: 9793,9326,9782,10040,217
9465: 9402,9499,9944,9993,7010,6930