9266: 9454,9523,9602,9877,9718,9348
9886: 9413,9312,9426,9832,9702,9694
9339: 4891,4893,3777,9440,9804,9337
9882: 9895,9245,9474,9745,9840
9378: 9640,9545,9292,9456,9277,9420
9556: 9297,9317,9571,9982,9629,10005
6507: 7152
3486: 9974,9940,3786,9837,9487,9865
4811: 5138,9503,4603,3210,4719,9454
3874: 9384,9575,4485,9506,3471,5870
5975: 6731,5876,9355,9805,9379,9588
8475: 
9376: 8033,9426,9484,9346,7719,9413
10012: 10009,6967,10031,9768,9714,9880
9954: 9451,9948,9474,9730,3491,3991
9562: 9249,9784,9409,3903,5138,9429
1556: 9530,9554,9495,2733,9491,1225
9482: 9352,9408,9574
10017: 9985,9808,9574,9871
10007: 8970
9833: 9783,9953,9687
10011: 9932,10036,9576,9891,9925,9878
9394: 5574,9455,9533,4169,2968,9410
2280: 2189
9092: 10014
9962: 9663,9879,2699,10026,9439
7010: 9289,9534,9465,9993,9499,7014
9690: 9944,9763,6155,10034,9695,6249
9354: 9550,9402,9458,9499,9310,9465
4218: 3121,3607,4525,2540,9269
30: 
9774: 9874,9899,9425,9669,9986,9747
9768: 6009,9714,9898,10031,9684,10012
9848: 10019,9884,5475,5070,5466,9710
9958: 9818,9757,9865,9380,9746,9298
7009: 7014,6930,6916,7292,9436,7641
9294: 9454,9523,9503,10025,9480,9703
9663: 9962,9879,2699,9758,9918,2778
9392: 3907,4004,9483,9269,9633
8694: 9919,6665,9930,6385,9623,9260
40: 
6085: 7123,9860,9512,5478,6280,9406
9533: 4347,4164,2968,9410,9311,9394
9362: 9244,9476,9398,10042,9529,9377
9782: 9537,9338,9446,9907,217,9460
9265: 5856,9909,9549,9968,9305,9306
9317: 9297,9556,8770,7901,9982
9588: 9379,9622,9593,5975,9355,9252
6884: 
7345: 7080
2600: 2685,9669,9295,9247,2585,9758
9633: 9459,9670,4004,9392,9483,9280
9280: 4322,9602,4004,9670,9877,9633
7176: 
9645: 9335,9717,3119,2649,9813,9709
9295: 9528,9918,9427,9247,2600,9758
56: 
1740: 
4322: 9280,4719,6018,9602,4004
9469: 9847,9494,9309,9801,9908,9417
5010: 3504,4498,3982,6508,9668,9401
9945: 9821,9719,9826
9779: 9753,10031,5408,9627,9977,9880
9914: 10016,9847,9341,9685,9896,9906
9851: 687,492
9943: 9650,9647,9920,9638,9529,9435
4893: 4891,9339,9553,9337,4697,5202
8150: 9692,9336,9750,9356,9592,8309
5475: 9848,9884,5754,9364,9261,5070
9855: 6695
9566: 9315,9431,9324,9428,9611,9445
9829: 9655,9798,9736,9270,9760,9707
9434: 9447,9373,9711
73: 336
9709: 9761,9246,9645,9335,9717,9700
4891: 9339,4893,3777,9475,9432,4697
9519: 9594,9340,10030,9285
4979: 2678,10001,9810,10010
9325: 9364,9261,9463,10033,9476,9398
9854: 9926,9889,9767,9787,9691,9800
9508: 9561,9643,9310,9301,7360
10023: 9671,9965,9542,9579,9327,9970
9398: 9362,9244,9476,10033,9659,9325
9765: 3743,9677
9699: 9883,9775,9329,9950,9345,9791
9629: 9600,9894,9960,9297,9556,10005
9415: 2492,9737,9637,9251,9283
9510: 9997,9862,9286,9822,9675,10010
9814: 9935,9955,9922,9825,9897,9328
5640: 
7355: 
9691: 9450,9545,9800,9292,9854,9889
9922: 9955,9814,9876,9766,9921,9897
9853: 9804,9441,9746,9657,9698,9440
9617: 9938,10029,9795,8513,7988
7318: 7581,8766,7899,9284,9649
9880: 9977,9517,10031,9779,10009,10012
9698: 9883,9657,9807,9853,9969,9440
9787: 9438,9634,9892,9854,9767,9800
3321: 3715,9957,3722,9790,9704,3712
2523: 9547,9275,9743
9738: 6849,5400,9764,9835,9754,9846
8710: 8225,9752,8296,8770,10003,9982
9907: 9793,9326,9338,9782,217,9273
9754: 9835,9852,9738,9885,9303,9846
9819: 359,1950,9972,9748,9500,9399
9857: 8309,9340,10030,7992,9752,9762
9565: 9775,9416,9515,9806,9329,9487
9918: 9528,9295,9414,9663,9879,9758
9788: 9940,10002,9321,3786,9547,9933
8225: 7992,9752,8710,9448,8296,7988
9426: 9836,8033,9376,9413,9886,9702
9722: 9715,9708,9720,9813,9335,9296
5400: 6849,5408,9738,5403,9627,9846
3982: 5010,3504,4498,6508,4083,9259,2333
9761: 9342,9246,9709,4937,9700,9357
9852: 9835,9754,9915,9622,9593,9303
9456: 9686,9984,9828,9545,9378,9277
9858: 9827,9794,9996,9811
6682: 7417,9714,9525,9466,6967
9724: 9309,9801,9601,9860,9696,9764
10010: 9810,9675,9510,9822,2678,10001,4979
9609: 9579,9555,9327,9582,9572,4139
9729: 9472,10024,9705,7617,9486,9928
9405: 9612,9257,9551,9949,9682,9748
9878: 9255,9500,9925,9972,9576,10011
4485: 9384,9475,3874,3983,3284,3471
127: 
7119: 7383,7641,8867,9019,6916
9964: 5564,5466,9872,9873,9776,6349
9713: 3722,9520,9990,9516,9957
9838: 9994,9870,9866,9689,10000
9899: 9774,9874,9425,9665,9374,9332
9982: 9571,10003,8770,8710,9317,9556
4463: 4347,4164,4146,4155,4255,4569,5064
2333: 9259,9366,9430,4083,3701,3982
1729: 
9245: 9882,9895,9363,9552,9980
9467: 6071,9478,9290,7811,6460,9477
9974: 3486,9869,9806,3786,9487
9868: 4941
141: 
9884: 9848,10019,5475,9261,9667,9603
9572: 9630,9986,9597,9582,9327,9609
5564: 5070,5466,9964,9578,5754,9455,9872
1793: 9626,683,10040,616,9869,9806
3119: 9645,9717,9913,2649,1727,3607
3540: 3345
9431: 9315,9566,9324,9300,9464,9288
9619: 9595,9605,2580,4169,9608,9463
5870: 5478,6280,9433,9506,6348,9575,3874
3121: 3607,4218,2928,1727,9935,2540
9407: 9438,9892,9019,9661,9563,8867
10033: 9595,9659,9532,9325,9463,9398
9401: 9726,9979,9668,5010,6508,9911
155: 
156: 
9708: 9715,9722,9720,1553,9903,2721
9644: 10020,9911,9896,5202,4486,9341
9382: 2133,9399,9255,9500,9637,2305
9246: 9761,9342,9709,9335,9443,9296
9985: 9632,9808,10017,9871,10018,9755
9957: 3715,3321,10038,9990,10041,9713
8921: 
10002: 9788,9940,9321,9388,9818,9316
9606: 9389,9635,9780,9905,9267,927
9692: 8150,9336,9750,9893,9786,9293
2858: 3835,9741
1225: 9624,9491,1553,1556,2733
9983: 8346
7934: 9683,9842
9485: 9759,9796,9924,9333,9697,9585
9324: 9566,9431,9527,9473,9464,9428
9319: 9333,9624,9585,2649,9720,9813
9446: 9537,9782,9803,9461,9263,9460
3607: 3121,4218,4525,1727,9717,3119
2194: 
9413: 9312,9886,9484,9733,9376,9426
9843: 9281,9586,9770,9934,9856
9523: 9454,9266,9294,9348,9703
9736: 9798,9829,9270,9821,9769,9823
9648: 9400,9701,9849,9666,6204,9518
8766: 7581,7318,7899,7565,9081,8991
3504: 5010,4498,3982,4083,9481,9254,4293
9601: 9724,9309,6280,9511,9575,9860
9253: 9977,9517,9636,9299,9274,9631
9581: 9492,9881,9653,9844
9596: 9971,8631,9497,9639,5792,9368
9259: 9366,9553,2333,3982,6508,4486
9895: 9882,9245,9363,9840,9635,9780
8264: 
9367: 9410,9311,9578,9539,9490
9258: 9538,9573,9412,9513,9723,9498
9299: 8631,6385,9636,9639,9253,9274
9893: 9437,9692,9336,9786
9433: 5478,5870,9313,9506,9330,6348,9502
1950: 359,874,9819,9281,1592,9748
9450: 9545,9691,9800,9976,9739,9828
9741: 3835,2858
9881: 9581,9492,9716,9995,9653
9700: 3907,4937,9717,4525,9761,9709
9650: 9805,9647,9920,9773,9943,6731
4941: 9868
9669: 2685,2600,9774,9874,9747,2585
9369: 9946,9991,9323,9580,9626,9706
9976: 9625,9641,9739,9634,9450,9800
9385: 9345,9288,9791,9300,9370,9900
9662: 9822,9428,9611,9742,9997
1594: 
2778: 9361,2509,2585,9663,2699,9758
9870: 9994,9947,9838,9693
9815: 10041,9990,9771
9586: 9281,1592,9843,9856,9956,9674
6071: 9467,9478,5882,9550,9458,6460
10000: 9462,9797,9422,9994,9838,9689
7080: 7345
9849: 9648,9701,9666,9726,9979,9861
217: 9460,10040,9782,9907,9273,616
9941: 9992,9792,9873,9901,9658,10035
9908: 9309,9278,9511,9685,9847,9469
9920: 9650,9773,9943,10042,9529,9839
9569: 9825,9262,9328
9544: 9386,9952,10022,9778,9359,9712
7901: 9081,8990,8991,9297,9317
9529: 9638,9377,9362,10042,9920,9943
7292: 9346,7719,9436,7009,7641,8333
9656: 9728,9769,9537,9338,9781
9681: 9653,9844,9739,9984,9828
9887: 9689,9799,9599,9866,10027,9646
7965: 8033,9423,7719,8333,9568
8904: 
9716: 9995,9864,9381,9653,9881
9470: 9902,2721,9557,9365,9358,9577
9515: 9706,9806,9416,9565,9272
5064: 4569,4448,5256,4347,4463,4771
9677: 3743,9765
9769: 9656,9728,9823,9798,9736,9781
9462: 9797,10000,9422,9442,9489,9256
9261: 9364,9325,9476,9884,5475,9603
9248: 9590,9430,9268,9536,9441,9298
9970: 9845,9351,9579,9671,10023,9862
9965: 9671,9742,10023,9542,2509
9667: 9839,9603,9301,10019,9884,9561
9461: 9803,9496,9642,9446,9393,9263
9593: 9379,9622,9588,5775,9852,9915
8391: 
9373: 9434,9447,9452,9711,9678,9998
9723: 9513,9258,9412
9570: 9506,9330,9370,9900,3284,3471
9594: 9519,9750,9293,9340
9637: 9415,9251,9255,9382,9372,2305
2305: 9372,9371,9421,2133,9382,9637
9971: 8631,6385,9596,10043,9368,9930
9575: 9384,9511,3874,6280,5870,9601
9830: 9956,9674,9826,9276,9719
9445: 10001,9322,9611,9315,9566,9287
9673: 9672,9863,9811,9794
9612: 9257,9405,9551,10004,9770
9516: 9990,9771,9713,9520
10035: 9471,9305,9941,9992,9901,9867
7899: 7318,8766,9284,6483,9079,7565
9406: 5775,9540,9967,9512,7123,6085
9824: 9664,10005,9571,10039,9727
10006: 9975,9992,9792,9817,9725
9822: 9611,9662,9997,9510,10010,10001
10031: 9753,9779,9684,9768,9880,10012
9917: 9386,9353,9712,9988,9334,9592
2391: 9541,3166,3860,4255,4057,2580
9832: 9702,9694,9981,9886
9257: 9612,9405,9281,9770,9748
9296: 9279,9443,9715,9722,9335,9246
5856: 9265,4950,9909,5051,9305,9901
9582: 10032,9375,9572,9597,9591,9609
9874: 9774,9899,9665,9737,2685,9669
274: 
275: 
2476: 
9418: 9772,9424,9621
9486: 9289,9534,9705,9729,9390,9928
8046: 7383,8333,7723,9391,9568,9625
2609: 9527,2699,9742
9592: 9356,9334,9353,9917,8150,9336
2585: 9361,9747,2778,2600,9669,9758
3471: 3983,3284,9506,9570,3874,4485
9969: 3983,3284,9698,9807,3777,9440
9546: 9567,9749,9560,9564,9610,9827
9909: 5856,9265,4950,9404,9549,9755
9793: 9907,9326,3491,2806,9338
9481: 4083,3502,9250,9254,9279,3504
10037: 9803,9496,9655,9798,9421,9781
9494: 10016,9847,9469,9753,9684,9417
6695: 9855
3786: 9788,9940,3486,9869,9974,9933
3907: 4004,9392,4937,9700,4525
3983: 9969,3284,3471,3777,9475,4485
9979: 9726,9401,10020,9911,9849,9666
9726: 9979,9668,9401,9784,9861,9849
10042: 9362,9476,9529,9839,9603,9920
9473: 9464,9468,9676,9439,9527,9324
299: 411
9613: 9277,9618,9420,9564,9307,9610
9686: 9456,9984,9277,9618
9801: 9724,9309,9469,6849,9764,9417
10029: 9938,9617,9988,9795,9395,9740
9307: 9504,9564,9237,9079,9613,9420
9755: 10018,9549,9632,9985,9404,9909
8296: 8513,7988,7996,8770,8225,8710
9682: 9972,9748,9949,9405,9888,9925
9772: 9418,9424,9374,9620,9332
10036: 9932,10011,9891,9744
9836: 8033,9423,9426,9702,9688,9587
9585: 9697,9913,2649,9485,9333,9319
9542: 9965,10023,9630,9361,2509,9327
5754: 9455,9608,9364,5070,5564,5475
9500: 9878,9255,9972,9819,9399,9382
9733: 9484,9928,10024,9951,9413,9312
316: 
9888: 9891,9931,9925,9949,9682
9291: 9812,9264,9363,9635,9530,927
9712: 9359,9395,9386,9917,9544,9988
3860: 4155,4255,9489,3166,2391,9256
10025: 9711,9678,9480,9294,9703
9916: 9995,9864,9688,9587
6155: 9776,9817,6349,9695,6249,9690
9428: 9611,9662,9527,9566,9324
9410: 9367,9311,9578,9533,9455,9394
9503: 5138,9429,4811,9454,9294,9480
9411: 9845,9351,9541,9535,9605,9479
9714: 9768,6009,9525,6967,10012,6682
9597: 9572,9986,9396,9425,9582,9375
9580: 9460,10040,9323,9263,9369,9626
9873: 9941,9792,9658,9872,9964,9776
9599: 9887,9799,9513,9646,9522,9498
9803: 9461,9496,10037,9537,9446,9781
3533: 
9327: 9579,9609,9572,9630,10023,9542
336: 73
9643: 9561,9508,9310,10034,9936,9402
9420: 9613,9277,9640,9237,9378,9307
9753: 10031,9779,9684,9417,9494,5408
9951: 10024,9733,9312
2699: 9663,9962,2509,2778,2609
9778: 10022,9831,9386,9544
2024: 9665,9283,9374,3947,9756,9424
3722: 9713,9816,9520,3321,9790
9744: 9912,9932,10036,9621,9756
7340: 
9926: 9854,9889,9767,10043,9919,9930
9826: 9830,9945,9719
8333: 8046,7383,7641,7719,7292,7965
9912: 9744,9621
6731: 5975,5876,7360,9650,9805,9773
10024: 9472,9729,9928,9733,9951
3345: 3540
9316: 9577,9380,10002,9388,9557,9818
10003: 9571,10039,9982,9762,9752,8710
9697: 9913,9585,9796,9485,9679,9304
6420: 
7581: 7318,8766,8513,7996,8991
359: 874,1950,9819,9760,9707,9399
9891: 9888,9931,9925,10036,10011
4486: 9644,9911,5202,9259,9553,6508
2906: 2244
9757: 9958,9865,9837,9950,9657,9746
9911: 9644,10020,4486,6508,9979,9401
9987: 9214
9821: 9945,9719,9270,9736,9823
6849: 5408,5400,9738,9764,9801,9417
9689: 9887,9799,9866,9838,9797,10000
9541: 9535,3166,2391,9411,2580,9605
9628: 9419,9260,9616,9623,9271,9904
6140: 
9289: 9486,9534,7010,9993,9705,9989
9701: 9648,9400,9849,9861,9785,9583
9671: 9965,9742,10023,9970,9997,9862
9748: 9972,9682,9257,9405,1950,9819
376: 492
9499: 9354,9550,9465,7010,7014,6930
9584: 9368,9660,9509,9449,9497,9444,9661
9329: 9837,9950,9487,9775,9565,9699
9476: 9362,9398,10042,9325,9261,9603
9929: 9721,9718,9348
9463: 9364,9325,10033,9595,9619,9608
9813: 9722,9720,9319,2649,9645,9335
9330: 9506,9570,9370,9313,9526,9433
9271: 9344,6389,9616,9628,9904,9875
9984: 9456,9686,9828,9681,9844
9276: 9270,9760,9830,9674,874,9719
9608: 5754,4169,9619,9364,9463
9391: 9349,9568,8046,9625,9641,9381
8879: 7565,9081,8990,9560,9504,9219
9454: 9523,9266,9294,4719,9602,9503,4811
9455: 5574,5754,9394,9410,9578,5564
9379: 9593,9588,9805,5775,9967,5975
2459: 
9616: 9274,9623,9631,9271,6389,9628
9668: 9726,9401,5010,4498,3903,9784
9312: 9413,9886,9733,9951,9694
7723: 9634,9892,8046,7383,8867,9625
2364: 
9549: 10018,9755,9265,9909,9968
9444: 9661,9477,9563,9509,9584
9975: 10006,9725,10015,9783
9145: 
9311: 9410,9367,4347,9533,9539,4771
1996: 
9540: 9406,9967,9512,9543,9435,9647
9802: 9507,9548,9672
9331: 4155,9489,9799,9797,9522,4146
9638: 9529,9377,9607,9308,9435,9943
9752: 8225,7992,8710,9857,10003,9762
411: 299
9488: 9388,9557,9264,9514,9365,9495
7123: 9860,9696,6085,5775,9406,9915
9646: 9513,10027,9887,9599
9397: 4603,9357,3210,9342,9409,9320
4771: 9539,9350,5064,4347,9311
9081: 7565,8990,8879,8991,7901,8766
9640: 9237,6480,9378,8205,9292,9420
9900: 9570,9370,9385,9791,9807,3284
9679: 3612,9704,9796,9697,9304,3810
9343: 9867,9614,9471
9847: 10016,9494,9914,9469,9685,9908
9303: 9449,9885,9622,9852,9754,9453
424: 1529
9555: 9579,9609,3559,4139,9535,9351
9247: 9295,9427,2492,9372,2685,2600
9595: 10033,9619,9605,9479,9532,9463
9968: 9549,9265,9306
10039: 9571,10003,9762,9789,9727,9824
7811: 6460,9019,6916,9467,9477,9563
9255: 9878,9500,9576,9382,9637,9251
9877: 9751,9670,9280,9602,9266,9718
10026: 9946,9991,9962,9879,9676,9439
3820: 3715,9966,9978,3712,9927
9539: 9350,9404,4771,9367,9311,4950
9309: 9724,9801,9908,9601,9511,9469
9551: 9612,9405,9949
8885: 9126,9125,9219,8990,9297,9600
8513: 8296,7988,7996,9617,7581
9797: 9462,10000,9689,9799,9331,9489
9693: 9834,9870,9947
9017: 
9996: 9794,9858
10008: 9745,9840,9937
9517: 9977,9253,9880,10009,9631,7146
3743: 9765,9677
9784: 9249,9562,9861,3903,9726,9668
9942: 9531,9998,9457,9447,9963,9651
449: 
6018: 4322,4719,4004,4937,9357,3210
9448: 9356,9334,9938,7988,8225,7992
7958: 
9371: 9372,9421,2305,9496,9642,9427
9973: 2806,3295,9728,9823
5792: 9639,5403,9846,9885,9497,9596
456: 
9988: 9938,10029,9395,9712,9917,9334
9666: 9648,9849,10020,9979,6204,9906
9933: 9869,9809,9923,9547,9788,3786
9938: 9617,10029,9988,9334,9448,7988
9365: 9495,2733,9488,9557,9470,2721
5129: 
9300: 9315,9431,9385,9288,9526,9370
8991: 9081,7901,7581,8766,7996
9360: 9452,9583,9249,9429,9678,9480
466: 
9665: 2024,9283,9374,9737,9874,9899
9475: 9384,9278,4485,3983,4891,3777,9432
9432: 9341,4697,9685,4891,9278,9475
9615: 9567,9749,9125,9863,9548,9387
9670: 9459,9751,9877,9633,9959,9280
9561: 9508,9643,10019,9667,9301,9936
9850: 1619,9732
9995: 9716,9864,9916,9881
9408: 4855,9302,9574,9573,9482,9352
2540: 9262,9328,9935,3121,4218
9809: 9273,616,9589,9923,9869,9933
2133: 9707,9399,9382,9655,9421,2305
9414: 9323,9393,9528,9918,9879,9946
9449: 9885,9497,9303,9453,9509,9584
9496: 9803,9461,10037,9642,9371,9421
9466: 9525,9559,9457,7417,9735,6682
9840: 10008,9745,9937,9882,9895,9780
9711: 10025,9678,9434,9373
9717: 9645,3119,3607,4525,9709,9700
9946: 10026,9369,9991,9323,9414,9879
8770: 8296,7996,8710,9317,9982
9550: 9354,9458,9499,6071,6930,6460
9277: 9613,9618,9420,9378,9456,9686
4498: 5010,3504,3982,4293,3903,9668
9079: 6483,7570,9237,7899,9504,9307,7565
492: 376,687,9851
9777: 4131
9627: 9636,5403,5408,5400,9779,9977
1529: 424
9577: 9358,9536,9380,9316,9557,9470
1246: 
9527: 2609,9473,9439,9428,9324
1709: 2244,2153
9524: 9282,9459,9959
9739: 9641,9976,9450,9681,9828
5876: 6731,5975,9355,7360,5882
9359: 9505,9395,9712,9952,7847,9544
8737: 
3284: 3983,9969,3471,9807,9570,9900,4485
9785: 9452,9583,9400,9701,9531,9998
9842: 9683,7934
9427: 9528,9295,9247,9372,9371,9642
7259: 
4134: 
9632: 9985,9808,9350,9404,9604,9755
7880: 
513: 
9828: 9456,9984,9739,9450,9545,9681
9531: 9998,9942,9457,9400,9785,9559
9603: 9839,9667,9261,9476,10042,9884
9353: 9386,9917,9437,9592,9336
9416: 9775,9565,700,9272,9515,9468
9684: 9753,10031,10016,9494,9898,9768
9652: 7002,9910,9680
9252: 9290,9453,9355,9622,9588,9478
9436: 9346,7292,9534,7014,7009,9390
9805: 9650,9647,9967,6731,5975,9379
9823: 9728,9769,9821,9736,9973
9318: 9558,9894,9960
9286: 9510,9862,9845,9479,9675,9532
9564: 9560,9504,9307,9613,9610,9546
9621: 9418,9424,9912,9744,9756
9903: 9902,9715,9708,9250,9493
6916: 7811,6460,9019,6930,7009,7641,7119
9474: 9954,9948,9745,3991,9882
9871: 9985,10017,9820,10018
9310: 9508,9643,9354,9402,9458
6480: 9640,9237,8205,6665,7570,8496
535: 
3903: 9409,4293,4498,9668,9784,9562
537: 
9545: 9450,9691,9292,9378,9456,9828
9393: 9323,9263,9414,9461,9642,9528
9273: 616,9809,9589,9907,9326,217
9525: 9559,9466,9518,6009,9714,6682
9703: 9523,9294,10025
9283: 2024,9665,3947,9737,9415,9251
9278: 9384,9511,9475,9432,9685,9908
9507: 9802,9548,9387,9501,9558
7002: 9652,9680
2153: 1709
9919: 6665,8694,9930,9926,9889,8205
9464: 9473,9468,700,9431,9324,9288
9807: 9883,9698,9791,9900,9969,3284
9905: 9606,9780,9937,9267
9293: 9786,9692,9750,9594
10014: 9092
9518: 9525,9559,6204,9648,9400,6009
9425: 9774,9899,9332,9396,9986,9597
9479: 9595,9605,9845,9411,9286,9532
4146: 9522,4450,4155,9331,4569,4463
9825: 10028,9897,9814,9328,9569
9267: 10021,9961,9389,9606,9905
9658: 9490,9872,5051,9941,9873,9901
561: 760
9756: 2024,3947,9744,9932,9424,9621
9614: 9471,9306,9343
9883: 9657,9698,9807,9699,9950,9791
4448: 4569,5064,5256,9538,4450,4855
9879: 9663,9962,9918,9414,9946,10026
9396: 9620,9332,9834,9425,9375,9597
9991: 9946,10026,9369,9706,9676,9272
10004: 9934,9612,9770
9402: 9354,10034,9643,9310,9944,9465
9404: 9539,9350,9632,9755,4950,9909
2721: 9902,9470,9365,2733,1553,9708
9275: 9923,9547,2523,9743,9552,9598,9980
9587: 9688,9836,9702,9981,9916
10015: 9725,9347,9975,9783,9314,9687
10034: 9936,9695,9643,9944,9690,9402
9844: 9653,9681,9984,9581
4004: 3907,9392,4937,4322,9280,6018,9633
9459: 9670,9633,9959,9483,9282,9524
9687: 9314,7617,10015,9833,9783,9953
9563: 9444,9661,9477,7811,9019,9407
9659: 9810,9675,9532,10033,9244,9398
9953: 9833,7617,9687,9472
1873: 
7014: 6930,7009,9499,9534,7010,9436
9977: 9517,9253,9880,9779,9636,9627
9898: 6204,9906,10016,9684,9768,6009
9537: 9338,9782,9446,9781,9656,9803
9773: 9650,9920,9839,9301,6731,7360
5332: 
9657: 9883,9698,9950,9757,9853,9746
9618: 9613,9277,9686,9610
9767: 9926,9854,10043,9660,9438,9787
9672: 9863,9673,9802,9548
9904: 9875,9649,9271,9628,9419,9284
6280: 5478,5870,9575,9860,6085,9601
8614: 
9308: 9543,9502,9435,9403,9638,9607
8318: 
9763: 9944,9993,9690,9347,6249,9989
9281: 9586,1592,9843,9770,9257,1950
9676: 9473,9468,9439,10026,9991,9272
9298: 9441,9746,9958,9536,9380,9248
9447: 9434,9373,9998,9942,9651
9678: 9711,10025,9480,9452,9360,9373
9377: 9638,9529,9607,2678,9362,9244
9956: 9830,9674,9856,9586
9409: 4293,9320,3903,4603,9397,9562
9955: 9935,9814,9922,9876,2928,3810
9750: 9692,8150,9293,8309,9340,9594
9740: 9505,9395,9344,9875,10029,9795
3210: 4603,9357,9397,4719,6018,4811
9251: 9415,9637,9576,9255,9283,3947
614: 
9718: 9929,9721,9348,9751,9877,9266
616: 9273,9809,217,10040,1793,9869
9579: 9555,9327,9609,10023,9351,9970
9287: 9403,9313,9526,9315,9322,9445
9653: 9681,9844,9716,9581,9881
9605: 9595,9619,9479,9541,9411,2580
9422: 9462,10000,9994,10032,9442,9591
2685: 2600,9669,2492,9737,9874,9247
9386: 9353,9917,9544,9778,9712
9288: 9345,9385,9464,700,9431,9300
3835: 2858,9741
9867: 9343,9471,10035,9992
9861: 9249,9784,9726,9701,9849,9583
1592: 9281,9586,9674,874,1950
8596: 9344,6389,7146,7505,7847,9505
3295: 9730,9973
3502: 4083,9481,9250,3701,9493,9268
7641: 7383,7119,8333,7009,6916,7292
9358: 9577,9536,9902,9470,9268,9493
634: 
7353: 
2678: 10001,9322,4979,9810,10010,9244,9377,9607
5466: 5070,5564,9964,9848,6349,9710
9685: 9432,9341,9278,9908,9847,9914
9297: 9317,9556,7901,8885,9600,9629
9468: 9473,9464,9676,9416,700,9272
9388: 9488,9557,9514,10002,9321,9316
9636: 9639,5403,9627,9977,9253,9299
9696: 7123,9860,9724,9835,9915,9764
9429: 5138,9503,9249,9562,9360,9480
645: 
2928: 9304,1727,3810,9935,9955,3121
9493: 3502,9250,3701,9358,9902,9903,9268
5051: 9490,9658,5856,4950,9901
9967: 5775,9540,9406,9805,9647,9379
9894: 9600,9629,9960,9501,9318
9342: 9761,9246,9443,9320,9357,9397
7565: 9081,8879,9079,8766,7899,9504
9948: 9954,9451,9474,9745
4255: 3860,4155,2391,4164,4463,4057
9816: 3722,9520,10021,9731,9759,9790
7936: 
9333: 9624,9491,9319,9924,9485,9585
9438: 9787,9892,9407,9661,9660,9767
9509: 9290,9453,9449,9444,9477,9584
2658: 
5426: 
9511: 9384,9278,9575,9309,9908,9601
9526: 9287,9313,9315,9300,9330,9370
9776: 6155,9817,6349,9964,9792,9873
9559: 9525,9466,9518,9400,9531,9457
9372: 9371,2305,2492,9637,9427,9247
9370: 9570,9330,9900,9300,9385,9526
9443: 9254,9279,9296,9342,9246,9320
9623: 9274,9616,6385,8694,9628,9260
4164: 4347,4463,9533,4255,4057,2968
9818: 9958,9865,9940,10002,9380,9316
9260: 9628,9419,9623,6665,8694,8496
9758: 9663,2600,9918,9295,2778,2585
3701: 4083,3502,9493,9430,9268,2333
7439: 
9989: 9705,9314,9347,9993,9763,9289
9502: 6348,9543,9308,9403,9313,9433
9642: 9461,9496,9371,9528,9427,9393
2733: 9365,9495,1556,1553,1225,2721
9285: 9789,9939,10030,9519
9506: 9570,9330,3471,5870,9433,3874
9480: 10025,9678,9503,9429,9294,9360
683: 1793,9806
3712: 3612,9704,3715,3820,3321,9927
9924: 9859,9731,9759,9485,9333,9491
3491: 9793,9383,2806,9730,9954
687: 9851,492
9491: 9333,9624,1225,1556,9924,9859
9560: 9504,9564,8879,9567,9546,9219
9661: 9444,9563,9584,9660,9438,9407
9256: 3166,9462,9442,3559,3860,9489
9770: 9281,9843,10004,9934,9612,9257
4139: 9442,3559,9591,9555,9609
9384: 9278,9511,9475,9575,3874,4485
9771: 9990,9516,9815
9786: 9293,9893,9692
7152: 6507
9326: 9793,9907,9383,9273,9589
9532: 9675,9659,9286,10033,9595,9479
700: 9775,9416,9464,9468,9345,9288
9651: 9831,9963,9942,9447
9695: 10034,9936,9710,6155,6349,9690
9925: 9888,9891,9972,9682,10011,9878
9290: 9453,9509,9252,9467,9478,9477
9934: 10004,9843,9770
9244: 9362,9398,9810,9659,2678,9377
707: 
9952: 7417,7847,9735,10022,9359,9544
709: 9841,9654
2580: 4057,4169,2968,9541,2391,9619,9605
9869: 9974,9806,9933,616,9809,1793,3786
9513: 9646,9723,9599,9258,9498
9315: 9566,9431,9300,9445,9287,9526
10013: 9412,9352
9458: 9354,9550,9310,6071,5882
9437: 9893,9353,9336
2509: 9361,2778,2699,9965,9542
9576: 9932,10011,9878,9255,3947,9251
9440: 9339,3777,9698,9804,9853,9969
9889: 9926,9854,9919,9691,9292,8205
9340: 9857,8309,10030,9750,9594,9519
9274: 9616,9623,9631,9253,6385,9299
9892: 9438,9634,9787,7723,9407,8867
9395: 9359,9505,9712,9740,10029,9988
3612: 9704,9679,3712,9876,9927,3810
9173: 
6348: 9512,9543,9502,5478,5870,9433
10001: 2678,9322,4979,9445,9822,9611,10010
2953: 
9350: 9539,9404,4771,9604,9632
731: 
3517: 10041,10038
9896: 9644,10020,9341,9914,9906
10022: 9831,9963,9778,9952,9735,9544
4131: 9777
9272: 9416,9991,9515,9706,9468,9676
9735: 7417,9952,9466,9457,10022,9963
9430: 9248,9590,9268,3701,9366,2333
9863: 9672,9673,9811,9615,9749,9548
9337: 9366,9553,9804,9590,9339,4893
9219: 9125,8885,9560,8990,8879,9567
9521: 9483,9282,9269,9262,9734
10028: 9825,9897,9890
9435: 9543,9308,9638,9647,9943,9540
7191: 
5478: 6280,5870,9433,6348,9512,6085
3715: 3820,9957,3321,10038,3712
9622: 9593,9588,9852,9453,9252,9303
10019: 9848,9884,9667,9936,9710,9561
4855: 9408,9302,9538,4448
9465: 9944,9993,9354,9402,9499,7010
7360: 6731,5876,9301,9773,9508
8309: 9857,9340,9356,8150,9750,7992
9804: 9441,9853,9590,9339,9440,9337
9906: 9898,6204,10020,9896,10016,9914,9666
9356: 9334,9448,9592,8150,7992,8309
9347: 9725,10015,6249,9763,9314,9989
1553: 9624,1225,2733,2721,9708,9720
9399: 9707,2133,9382,359,9819,9500
760: 561
9864: 9716,9995,9381,9916,9349,9688
9574: 9408,9302,9482,9808,10017
9992: 9941,9792,10035,9867,10006
9743: 9547,2523,9275,9812,9980,9514,9321
9783: 9833,9975,10015,9687
9910: 9680,9652
9706: 9515,9626,9369,9991,9272
9664: 9824,10005,9960
4697: 9432,9341,4891,4893,5202
6665: 9919,8694,9260,6480,8205,8496
6385: 9971,8631,9299,9274,9623,8694,9930
9390: 9484,9928,9486,9534,9346,9436
9304: 2928,1727,3810,9679,9697,9913
9806: 9869,9974,9515,683,1793,9565,9487
9348: 9929,9718,9523,9266
6009: 9768,9714,9898,6204,9525,9518
2198: 
9457: 9531,9942,9559,9466,9735,9963
9417: 9753,9801,9494,9469,6849,5408
9959: 9459,9751,9670,9524
9254: 9279,9443,9481,3504,4293,9320
9423: 9836,8033,7965,9349,9568,9688
9655: 9798,9829,9707,2133,9421,10037
9781: 9537,9798,9656,9769,9803,10037
9412: 9573,9258,9723,10013,9352
9639: 9636,5403,5792,8631,9299,9596
9859: 9924,9731,9961,9554,9491
9338: 9537,9782,9656,9793,9907
9795: 9617,10029,9740,9875,9649
9817: 9776,6155,9792,10006,9725,6249
9936: 10034,9695,9710,10019,9561,9643
9901: 9941,5856,9658,5051,10035,9305
9705: 9314,7617,9989,9289,9486,9729
8346: 9983,8970
7617: 9705,9314,9687,9953,9472,9729
9306: 9471,9305,9265,9968,9614
9620: 9332,9396,9834,9772
9737: 2492,9415,9665,9283,9874,2685
10021: 9267,9961,9816,9520,9731
9534: 9289,9486,7010,7014,9390,9436
9313: 9403,9287,9526,9330,9502,9433
9383: 9326,3491,9598,3991,9589
9497: 9449,9885,5792,9584,9368,9596
5574: 9455,9394
9263: 9323,9393,9461,9446,9460,9580
9913: 9697,9585,2649,9304,1727,3119
9268: 9248,9430,9358,9536,3502,3701,9493
4293: 9409,9320,3903,9254,3504,4498
6389: 9271,8596,9344,7146,9616,9631
9363: 9895,9245,9635,9812,9980,9291
9674: 9956,9830,9586,1592,874,9276
2244: 1709,2906
9284: 7318,7899,9419,9904,9649,6483
9730: 2806,3295,9954,9451,3491
9553: 9259,9366,9337,4893,5202,4486
7265: 
7996: 8513,8296,8770,7581,8991
3810: 9304,2928,3612,9679,9876,9955
9937: 10008,9840,9780,9905
9915: 9835,9852,5775,7123,9696,9593
9798: 9655,9829,9736,9769,10037,9781
8695: 
9725: 10015,9347,6249,9817,9975,10006
9998: 9531,9942,9452,9785,9447,9373
8970: 10007,8346
9944: 9465,9993,9690,9763,10034,9402
9932: 10036,9576,10011,9744,3947,9756
9345: 9385,9288,9791,9775,700,9699
9487: 9329,9837,3486,9974,9806,9565
9972: 9682,9748,9925,9819,9878,9500
9704: 3612,9679,3712,3321,9796,9790
9336: 9692,8150,9353,9437,9893,9592
9820: 9871,10018
10043: 9368,9660,9971,9926,9767,9930
7146: 8596,6389,9517,10009,7505,9631
9400: 9648,9701,9785,9559,9518,9531
1340: 1019
9625: 9641,9976,8046,9634,7723,9391
2968: 4057,2580,4169,4164,9533,9394
9865: 9958,9818,9757,3486,9940,9837
9389: 9606,9267,9961,9554,927
9897: 10028,9825,9921,9890,9814,9922
2806: 9730,9973,9728,9793,3491
9305: 9471,10035,9306,5856,9265,9901
9501: 9507,9387,9126,9600,9894,9558
6508: 5010,3982,9259,9911,4486,9401
8205: 9640,6480,9889,9919,6665,9292
848: 
5408: 6849,5400,9753,9779,9417,9627
9302: 4855,9408,9574,5256,9808,9604
9810: 9675,9659,10010,2678,4979,9244
4603: 3210,9397,9409,5138,4811
3559: 9442,4139,9555,9535,3166,9256
5256: 5064,4448,9302,9604
7248: 
6531: 
9947: 9994,9870,9693,9834,10032,9375
7847: 7417,9952,7505,8596,9359,9505
10030: 9857,9340,9519,9762,9285,9789
6118: 
861: 
4057: 2580,2968,4255,2391,4164
9387: 9507,9548,9501,9615,9126,9125
5882: 6071,9478,5876,9355,9458
9548: 9507,9802,9387,9615,9672,9863
9528: 9918,9295,9427,9642,9393,9414
9375: 9582,10032,9396,9834,9947,9597
9282: 9521,9483,9734,9524,9459
10041: 3517,9815,9990,9957,10038
9442: 3559,4139,9591,9462,9422,9256
9049: 
9321: 9788,10002,9547,9743,9514,9388
6349: 9776,6155,5466,9964,9695,9710
874: 359,1950,1592,9674,9760,9276
9270: 9760,9276,9821,9719,9829,9736
9747: 9361,2585,9774,9669,9630,9986
9940: 9788,10002,3786,3486,9818,9865
9019: 7811,6916,9563,8867,7119,9407
9600: 9629,9894,9297,9126,8885,9501
9719: 9945,9821,9830,9826,9270,9276
1727: 9304,2928,9913,3119,3121,3607
9505: 9359,9395,9740,7847,8596,9344
9591: 9442,4139,9582,10032,9422
9520: 9713,3722,9816,9516,10021
9262: 2540,9328,9569,9521,9734
9424: 9772,9418,9621,2024,9374,9756
9710: 9936,9695,5466,9848,10019,6349
10020: 9644,9911,9896,9979,9906,9666
9647: 9650,9805,9943,9435,9540,9967
9732: 978,9850
9707: 2133,9399,359,9760,9655,9829
9837: 9329,9950,9487,3486,9757,9865
9598: 9552,3991,9383,9589,9923,9275
9498: 9522,4450,9513,9599,9538,9258
9504: 9560,9564,9307,9079,7565,8879
5775: 9406,9967,7123,9379,9593,9915
9558: 9318,9507,9501
9999: 9866,10027
9841: 709,9654
9831: 10022,9963,9778,9651
9419: 9628,9260,9904,6483,8496,9284
9688: 9587,9836,9423,9349,9864,9916
9846: 5403,5792,9754,5400,9738,9885
8631: 9971,6385,9299,9596,9639
10027: 9999,9866,9646,9887
6204: 9898,9906,9648,9666,6009,9518
9335: 9645,9722,9813,9296,9246,9709
9471: 10035,9305,9306,9614,9343,9867
9472: 10024,9729,9953,7617
6483: 7570,9079,8496,9419,7899,9284
9835: 9852,9754,9915,9696,9738,9764
9993: 9944,9465,9763,9989,9289,7010
9856: 9586,9843,9956
9808: 9632,9985,10017,9302,9574,9604
9604: 9350,9302,5256,9632,9808
9538: 9573,9258,4450,9498,4855,4448
9264: 9812,9291,9514,9530,9488,9495
4937: 3907,4004,9700,9761,9357,6018
9126: 9125,8885,9600,9387,9501
4719: 4322,6018,9602,3210,4811,9454
9567: 9615,9546,9749,9560,9125,9219
2551: 
9827: 9610,9858,9546,9749,9811
1619: 9850
9351: 9845,9411,9970,9579,9555,9535
10040: 217,9460,9580,616,9626,1793
927: 9530,9554,9389,9635,9606,9291
9403: 9287,9313,9322,9607,9502,9308
3777: 4891,9339,9440,3983,9969,9475
9796: 9759,9485,9790,9704,9679,9697
9789: 9285,9939,9727,10030,10039,9762
9530: 9554,1556,927,9264,9291,9495
9764: 6849,9738,9696,9724,9801,9835
9960: 9629,9894,9664,10005,9318
9950: 9329,9837,9757,9883,9657,9699
2189: 2280
9611: 9822,9428,9662,9566,10001,9445
9477: 9444,9563,9467,9290,9509,7811
9921: 9766,9890,9922,9897
9355: 5975,5876,9588,9478,5882,9252
3991: 9552,9598,9954,9474,9383
9453: 9290,9509,9252,9622,9449,9303
9949: 9405,9551,9888,9682
4450: 9522,4146,9498,9538,4569,4448
2492: 9737,9415,9372,2685,9247
9490: 9658,9872,5051,9367,9578
7383: 8046,7641,8867,7119,8333,7723
9357: 3210,9397,9761,9342,4937,6018
9981: 9832,9702,9587
9368: 9584,10043,9660,9497,9971,9596
9439: 9473,9676,9962,10026,9527
9715: 9708,9722,9903,9250,9279,9296
4155: 3860,4255,9331,9489,4146,4463
9552: 9598,3991,9245,9275,9980
5633: 
6967: 10009,7505,10012,9714,7417,6682
6323: 
7992: 8225,9752,9356,9448,9857,8309
959: 
6460: 7811,6916,9550,6071,9467,6930
9250: 9481,3502,9493,9903,9715,9279
9923: 9547,9275,9598,9809,9589,9933
9380: 9577,9536,9316,9958,9818,9298
9269: 9521,9483,4218,4525,9392
10032: 9582,9375,9994,9947,9422,9591
9794: 9996,9858,9673,9811
8044: 
9902: 9903,9470,2721,9358,9493
9812: 9980,9264,9291,9514,9363,9743
9745: 10008,9840,9948,9474,9882
9875: 9904,9649,9271,9344,9740,9795
5138: 9503,9429,4811,4603,9562
8033: 9836,9423,7965,9376,9426,7719
9249: 9784,9562,9861,9429,9583,9360
9800: 9450,9691,9634,9787,9854,9976
9364: 9325,9261,9463,5754,9608,5475
8867: 7383,7119,9019,9892,7723,9407
978: 9732,1052
9374: 2024,9665,9772,9424,9332,9899
9568: 9391,9349,8046,9423,7965
9876: 9927,9766,3612,3810,9955,9922
9483: 9521,9282,9269,9392,9459,9633
9421: 9371,2305,2133,9655,9496,10037
9720: 9708,9722,9813,9624,1553,9319
9790: 9759,9796,3722,9816,3321,9704
9366: 9259,9553,2333,9337,9590,9430
9930: 9919,8694,10043,9971,6385,9926
9332: 9620,9396,9772,9374,9899,9425
9845: 9351,9411,9970,9862,9286,9479
10009: 6967,7505,10012,9517,9880,7146
8807: 8917
4950: 5856,9909,9539,9404,5051
9451: 9954,9948,9730
9573: 9538,9258,9412,9352,9408
3545: 
9578: 9410,9367,9455,9490,9872,5564
9381: 9716,9864,9391,9349,9641
9460: 217,10040,9580,9782,9446,9263
9799: 9887,9689,9599,9797,9522,9331
9495: 9365,2733,9264,9530,1556,9488
9630: 9572,9986,9361,9747,9327,9542
9547: 9923,2523,9275,9743,9933,9788,9321
9536: 9358,9577,9380,9298,9248,9268
9320: 9409,4293,9254,9443,9342,9397
9728: 9656,9769,9823,2806,9973
1006: 
9557: 9388,9488,9365,9577,9316,9470
10016: 9847,9494,9914,9898,9906,9684
7719: 9346,7292,8333,8033,7965,9376
9792: 9941,9992,9873,9776,9817,10006
9749: 9615,9567,9546,9827,9863,9811
7570: 6483,9079,8496,9237,6480
7988: 8513,8296,9938,9617,9448,8225
9762: 10039,10003,9752,9857,10030,9789
2669: 
9328: 2540,9262,9935,9814,9825,9569
9834: 9620,9396,9693,9947,9375
9872: 9490,9658,9578,5564,9964,9873
1019: 1340
9344: 9271,8596,6389,9505,9740,9875
9349: 9391,9568,9423,9688,9864,9381
9811: 9863,9673,9827,9858,9749,9794
9727: 9789,9939,10039,9824
9602: 4322,9280,4719,9877,9454,9266
8658: 
9484: 9390,9928,9733,9346,9413,9376
5403: 9636,9639,9627,9846,5792,5400
9478: 6071,9467,5882,9355,9290,9252
9997: 9510,9862,9671,9742,9822,9662
9980: 9812,9552,9245,9363,9275,9743
9766: 9876,9927,9921,9978,9922
9759: 9796,9485,9790,9816,9924,9731
9702: 9832,9981,9886,9836,9426,9587
9631: 9274,9616,9517,9253,6389,7146
9860: 7123,9696,6085,6280,9724,9601
9301: 9839,9667,9773,9561,9508,7360
10018: 9549,9755,9871,9985,9820
5841: 
5202: 9644,4486,4893,9553,9341,4697
7417: 9952,7847,9735,6682,9466,6967,7505
10038: 3715,9957,10041,3517,9966
9675: 9810,9659,10010,9532,9510,9286
9323: 9393,9263,9414,9580,9946,9369
1044: 
4347: 4164,4463,9533,5064,4771,9311
9966: 9978,3820,10038
3839: 
2649: 9913,9585,9319,9813,9645,3119
9334: 9356,9448,9592,9917,9938,9988
9862: 9997,9510,9286,9671,9845,9970
9489: 3860,4155,9331,9462,9797,9256
1052: 978
9978: 9966,3820,9927,9766
9731: 9924,9859,10021,9961,9816,9759
9721: 9929,9718,9751
8496: 6483,7570,6665,9419,9260,6480
9775: 9416,9565,700,9329,9345,9699
9635: 9606,9780,9895,9363,9291,927
9634: 9787,9892,7723,9625,9976,9800
6930: 7014,7009,9550,9499,6460,6916
9361: 2509,9747,2778,2585,9630,9542
9214: 9987
9279: 9254,9443,9296,9715,9481,9250
9641: 9625,9976,9739,9391,9381
9885: 9449,9497,9303,9754,9846,5792
4083: 9481,3502,3701,2333,3504,3982
8990: 9081,8879,7901,8885,9219
9346: 7719,7292,9436,9390,9484,9376
9839: 9667,9603,9301,10042,9920,9773
9734: 9262,9521,9282
9535: 9541,3166,3559,9555,9351,9411
9543: 6348,9512,9502,9308,9435,9540
9742: 9671,9965,2609,9997,9662
9890: 9921,10028,9897
9680: 9910,7002,9652
9994: 9870,9947,9838,10032,10000,9422
9352: 9482,10013,9573,9412,9408
9654: 709,9841
9649: 9904,9875,9795,7318,9284
9961: 10021,9267,9389,9554,9859,9731
9292: 9545,9691,9889,9640,9378,8205
5070: 5564,5466,5754,9848,5475
9963: 10022,9831,9651,9942,9457,9735
9626: 9706,1793,10040,9580,9369
4169: 2580,2968,9619,9394,9608
9571: 10039,10003,9982,9556,9824,10005
7775: 
4525: 3607,4218,9717,3907,9700,9269
5250: 
9011: 
9607: 9638,9377,2678,9322,9403,9308
9986: 9572,9630,9597,9774,9425,9747
9590: 9248,9430,9804,9441,9366,9337
9583: 9452,9785,9360,9249,9861,9701
9683: 9842,7934
9746: 9441,9853,9298,9958,9757,9657
9660: 9584,10043,9368,9661,9438,9767
9322: 2678,10001,9445,9403,9287,9607
3947: 2024,9283,9756,9932,9576,9251
9990: 9516,9771,10041,9815,9713,9957
9554: 9530,1556,927,9389,9961,9859
9512: 6348,9543,5478,9540,9406,6085
4569: 5064,4448,4146,4450,4463
9452: 9785,9583,9360,9678,9998,9373
9341: 9432,4697,9685,9644,9896,5202,9914
9935: 9955,9814,2928,3121,2540,9328
3166: 9541,9535,2391,9256,3559,3860
9751: 9670,9877,9959,9721,9718
9939: 9285,9789,9727
7505: 10009,6967,7417,7847,8596,7146
9780: 9635,9606,9905,9840,9937,9895
9866: 9999,10027,9838,9887,9689
9314: 9705,7617,9687,9989,10015,9347
8917: 8807
9927: 9876,9766,3820,9978,3612,3712
10005: 9824,9664,9556,9571,9629,9960
9694: 9832,9312,9886
9522: 4146,4450,9498,9799,9599,9331
9514: 9812,9264,9743,9321,9388,9488
9237: 9640,6480,7570,9079,9420,9307
6249: 9725,9347,6155,9817,9690,9763
9760: 9270,9276,359,874,9707,9829
9624: 9333,9491,1553,1225,9319,9720
9492: 9581,9881
9610: 9827,9613,9618,9564,9546
9791: 9345,9385,9883,9807,9699,9900
5331: 
9928: 9390,9484,9733,9486,10024,9729
9125: 9126,8885,9219,9615,9567,9387
9441: 9804,9853,9746,9298,9248,9590
9589: 9273,9809,9326,9383,9598,9923
9931: 9888,9891