9266: 9877,9718,9454,9602,9523,9348
9886: 9832,9694,9413,9312,9702,9426
9339: 9440,3284,3471,9337,9553,3485,3777
9882: 9245,1630,1892,9745,9840,9895
9378: 9640,9292,9420,9545,9456,9277
5: 
5727: 5331
2743: 4330,3715,3321,9704,3615,3712
4811: 4525,4937,4626,4004,4826,4823
3874: 3777,3983,5478,3471,9506,5870
5975: 5876,9588,9805,9967,5775,9379
8475: 
9376: 7719,9346,8033,9413,9484,9426
10012: 10031,6967,9714,10009,9880,7146
9954: 2153,9730,2526,9451
9562: 5138,4616,5421,9249,9784,9429
1556: 2733,9554,9859,1225,1820,9491
9482: 9574,9408,9352
10017: 9871,9574,9808,9985
10007: 8970,8555
9833: 9783,9953
10011: 9878,9576,9925,10036,9891,9932
9394: 4073,4068,4773,9533,9410,9455
2280: 2189
9092: 
9962: 9879,9946,9663,2231,2699,1622,10026
7010: 6930,9465,9289,9993,7014,9534
5215: 3210,4605,5214,5010,5917
9354: 9402,9643,9550,9458,9310,9499
4218: 3506,3607,3121,2540,9269,9392
30: 
4867: 5064,4569,4463,4347,4771
6358: 5882,6823,7360,9458,6071,9310
9848: 5475,5572,9884,9710,5466,10019
34: 
7009: 7292,7014,9436,7195,8126,8186
9294: 9703,10025,9523,9503,9454,9480
9663: 9758,9918,2321,2231,9879,9962,2699
9392: 9483,9269,3506,4218,4322,9633
8694: 8496,6385,8631,9971,9930,8498
40: 
6085: 5775,6280,9860,7123,9379,9696
9533: 4771,9311,9410,4164,9394,4068
9362: 9529,9377,9244,9476,9398,10042
9782: 9907,217,9338,10040,9460,9446
9265: 9549,9968,9305,5856,9909,9306
9317: 8995,9982,8770,8991,9297,9556
8878: 7979,9079,7565,9237,9504,9307
6884: 
7345: 7080
2600: 9758,2321,2585,9669,2685
9633: 9670,9459,9280,9483,9392,4322
9280: 9633,9670,4937,4322,9602,9877
6347: 9964,6155,5564,5070,6349,5466
9645: 9813,2649,3119,9335,9717,9709
4168: 2391,2968,2772,4057,4164,4068
56: 
1740: 
4322: 4525,4937,3506,9392,9633,9280
9469: 9494,9417,9309,9847,9908,9801
5010: 5214,6508,4603,4605,5215,5207
9945: 9826,886,965
9779: 9753,10031,5408,5995,9977,9880
9914: 9896,9906,9341,9685,9847,10016
9851: 93
9943: 9920,9650,9638,9529,9435,9647
4893: 3778,3982,4485,4891,9475,5578
8150: 8225,9356,8309,9448,7992
5475: 5572,5574,9848,5070,5754,5466
9855: 6517
7564: 9885,5792,9596,9497,9846,7563
9829: 9798,9769,9736,9760,9707,9655
9434: 9711,9447,9373
73: 336
9709: 9700,9717,9761,9645,9246,9335
2135: 9382,9399,1525,2133,1867
5509: 9601,9860,6658,9575,5585,6280
4979: 9502,9403,3184,9607,9308,3674
9325: 9476,9398,9463,9364,9608,9261
9854: 9800,9787,9691,9767,9889,9926
6658: 9512,5970,5084,5585,5509
7870: 
9398: 9476,9325,9463,9659,9362,9244
9765: 9677
9699: 9329,9950,9775,9791,9883,9657
9629: 9297,9600,9556,10005,9894,9960
8343: 
9510: 9286,9997,9822,9675,9532,10010
9814: 9922,9897,9955,9328,9825,9935
5640: 
7355: 
9691: 9800,9854,9889,9545,9450,9292
9922: 9814,9897,9921,9876,9955
93: 9851
9617: 9795,10029,8383,9938,9448,7988,7494
7318: 7742,7581,7996,8766,8222
9880: 7434,10009,9977,10031,9779,10012
9698: 9883,9853,9440,9969,9804
9787: 9800,9854,9438,9767,9634,9892
3321: 9790,3722,9704,3731,2743,3715
2523: 9275,9547,3991,9743,9788,9321
9738: 5508,5400,9846,9835,9754,6849
7979: 8878,7565,7818,9081,9504,8879
9907: 217,9273,9782,9326,9793,9338
9754: 9738,9846,9835,9852,9303,9885
9819: 9399,2403,2689,9972,9748,9500
6517: 9855
9565: 9416,9775,9806,9515,9487,9329
9918: 9663,9758,9295,9528,9414,9879
9788: 9940,3786,2523,9547,9321,10002
5613: 5403,5408,6849,9684,9417,5508
9426: 9836,9702,9413,9376,8033,9886
9722: 9708,9720,9715,9813,9296,9335
5400: 5508,9738,9846,5403,5792,5302
3982: 4893,9259,3778,4498,4486,5578
9761: 9700,9709,9246,9342,9357,3907
9852: 9622,9303,9453,9915,9835,9754
8189: 8192
9858: 9827,9811,9794,9996
1861: 9405,9551,9949,9888,9682
9724: 9801,9764,9696,9309,9601,9860
10010: 3279,9810,9510,10001,9822,9675
9609: 9555,4139,9572,9327,9579
8119: 8261,7880
9405: 1512,9257,9551,1861,9682,9748
9878: 9576,10011,9972,9925,9500,9255
4485: 3485,3983,4893,3778,5676,4891
127: 
1494: 1246
9964: 6347,6155,9776,5564,5664,9873,9872
6437: 9690,9695,6249,6155,6349,6537
9838: 9866,9689,9870,9994,10000
9899: 9425,9374,3458,9665,9874,9774
9982: 8710,8995,9317,9556,9571,10003
4463: 4255,4057,4164,4347,4867,4771
2333: 2822,3207,3783,9430,9366,9259,3998,4083
1729: 
9245: 9882,1630,9552,9895,9363,9635
9467: 9478,9290,6639,7646,7811,9477
9974: 9487,9869,9933,3786,3486,9837
9868: 4941
141: 
7181: 
9572: 9986,3850,9630,9609,9327
5564: 9964,6347,5664,5070,5754
1793: 683,9806,616,10040,217
3119: 9645,2649,3121,1727,9717,3607
3540: 3345
9431: 9464,9288,9324,9315,9300,9566
8498: 9919,8499,9930,8496,8694,8211
5870: 9433,9506,6348,3874,5478,5970
3121: 3025,1727,3119,2540,3607,4218
9407: 8867,7723,9019,9438,9661,9892
5578: 9432,9475,4893,3982,4486,4697
9401: 5214,6508,9668,9979,9911,9726
155: 
156: 
9708: 9722,9720,9715,1553,9903
9644: 5207,5202,6508,9896,9341,9911
9382: 2135,9637,9500,9255,9399
9246: 9443,9296,9342,9335,9709,9761
9985: 9632,9755,10018,9808,10017,9871
9957: 10038,3517,10041,9713,9990,3731
163: 
10002: 9321,9388,9940,9788,9818,9316
9606: 927,2554,9389,9780,9905,9267
5920: 6420
2858: 3835,3646
8192: 8189
9983: 8346
7934: 9683,9842
9485: 9585,9333,9759,9924,9796,9697
9324: 9431,9464,9473,9527,9428,9566
9319: 9813,2744,2649,9624,9585,9333,9720
9446: 9460,9263,9803,9537,9338,9782
3607: 3506,4218,4521,3119,3121,9717
2194: 
9413: 9733,9484,9312,9376,9886,9426
9843: 9856,9934,9770,9281,9586
9523: 9703,9294,9454,9266,9348
9736: 9769,9829,9821,9823,9270,9760
9648: 9400,9701,9666,9849,6204,9518
5084: 5676,5395,5478,5970,6658
3504: 4590,3998,4498,4083,4486,4603,3903,5413
5041: 
9253: 9274,9631,9636,7434,9517,9299
9581: 9844,9653,9881,9492
2236: 9991,9369
9259: 3778,3982,9366,9553,2333,4498,4083
9895: 9840,9780,9882,9245,9635,927
8264: 
9367: 9578,9490,5755,9311,9410,9539
9258: 9412,9723,9513,9573,9538
9299: 6665,6385,9636,9639,9274,9253
9893: 9692,9336,9437,9592,9786
9433: 9506,5870,6348,9330,9502,9313
1950: 1592,2689,801,2403,2407
9450: 9545,9828,9800,9691,9739,9976
9741: 1251
1512: 9405,9257,1592,9281,2689,9748
9700: 9717,9709,9761,4521,3907,4626
9650: 9920,9773,9943,9805,9647,6731
4941: 9868
9669: 2585,2685,9874,9774,2600,9747
3731: 9713,9957,3517,3722,3321,3715
9976: 9739,9641,9625,9634,9800,9450
9385: 9807,834,9288,9300,9370,9900
9662: 9822,9611,9742,2987,9428,9997
1594: 1178
2778: 2974,2699,2509,2585,2321,9361
9870: 9693,9947,9838,9994
9815: 9771,10041,9990
9586: 1592,9281,9843,9956,9674
6071: 9458,6639,6358,5882,9355,9478
10000: 9422,9994,9838,9689,9797,9462
7080: 7345
9849: 9726,9861,9979,9666,9701,9648
217: 9907,9273,9782,10040,1793,616
9941: 9658,9873,9901,10035,9992,9792
9908: 9685,9847,9278,9309,9511,9469
9920: 9650,9773,9839,10042,9943,9529
9569: 9328,9262,9734
9544: 10022,9778,9386,9952,9359
7901: 7737,9081,7742,9194,8766,9037
9529: 9638,9377,9362,9920,10042,9943
7292: 7009,9436,8126,7719,9346,7885,8333
9656: 9728,9798,9769,9781
9681: 9844,9653,9739,9828,9984
7494: 8513,7988,7996,9649,9795,9617,8383,7581
7965: 7721,8333,9568,8046,9625,9391
8904: 
9716: 9995,9381,9864,9653,9881
9470: 2721,9902,9358,9365,2536,9557
9515: 683,9706,9272,9416,9565
5064: 5256,4867,4448,4569,4858
9677: 9765
9769: 9798,9829,9736,9823,9728,9656
237: 
9261: 9603,9884,9364,9476,9325,5572
9248: 9298,9441,9268,9536,9590,9430
9970: 10023,9579,9671,9845,9351,9862
9965: 2609,9671,9542,2974,2509,10023
9667: 9603,9884,9839,9561,10019,9301
9461: 9642,9496,10037,9803,9263
9593: 7123,9379,9915,9588,9252,9622
245: 
9373: 9447,9998,9452,9678,9434,9711
9723: 9258,9513,9646
9570: 9330,9370,9900,3284,3471,9506
9594: 9293,9340,9750,9519
9637: 9382,9255,9251,2305,9415
2305: 9415,2492,9637,9372,9247
9971: 10043,9368,9930,9596,8631,8694
9575: 5395,9384,5509,9601,9511
9830: 9276,9674,9719
9445: 10001,9611,9287,9315,9566,9322
9673: 9672,9811,9863,9794
9612: 9770,10004,9257,9551
9516: 9520,9713,9990,9771
10035: 9471,9867,9901,9305,9941,9992
7899: 6483,7570,9260,9419,7818,7737,7821
9406: 5775,5585,6280,9512,9967,9540
9824: 10039,9727,9571,10005,9664
10006: 9992,9792,9817,9975
9822: 10001,9662,9611,9510,9997,10010
3778: 4893,9259,3982,9553,3485,4485
9917: 9938,9334,9988,9353
2391: 4168,2772,3860,3166,9541,4057
9832: 9886,9694,9702,9981
9257: 9405,1512,9551,9770,9612,9281
7721: 7965,8333,7641,8126,7723,8046
5856: 9901,9305,5051,9909,4950,9265
9582: 3850,9597,9375,10032,9591
8020: 
274: 
275: 
2476: 2196
9418: 9621,9912,9772
9486: 9390,9928,9705,9729,9289,9534
8046: 9625,9634,9892,7723,7721,7965
7836: 6583,7505,6389,8081,8596
9592: 9437,9353,9334,9356,9336,9893
2585: 9669,2321,2600,9747,9361,2778
1630: 9882,9245,3295,1892,9552
9969: 9440,3284,9807,9883,9698,9900
9546: 9567,9749,9610,9560,9564,9827
9909: 5856,9755,4950,9404,9549,9265
9793: 9338,9907,9326
9481: 9279,3205,9254,3502,9250,3701
10037: 9496,9655,9798,9781,9803,9461
9494: 9684,9417,9469,9847,10016,5801
291: 
3786: 9940,9788,3486,9547,9974,9933
3907: 4710,4626,4004,9700,9761,9357
3983: 3874,3485,3777,5478,4485,5676
9979: 10020,9911,9666,9401,9726,9849
9726: 9861,9849,9784,9401,9668,9979
7117: 6460,6916,6749,7195,7383,8186
9473: 9464,9324,9439,9468,9676,9527
299: 411
1892: 9474,9745,9882,1630
9686: 9984,9456,9277,9618
9801: 6376,9764,6849,9724,9309,9417,9469
10029: 9795,9617,9395,9740,9988,9938
3372: 9527,2987,2974,9439,1622,2609
9755: 9985,9632,10018,9404,9549,9909
8296: 8372,8710,8995,8513,7996,8222
9682: 9972,9925,9748,1861,9405,9888
9772: 9332,9620,9418,9424,9621
309: 
9836: 9702,9587,9426,9423,8033,9688
9585: 9485,9333,9697,2744,2649,9319,9913
9542: 9630,9361,2509,10023,9327,9965
5754: 5664,5070,9455,4773,5475,5574,5564
9500: 9382,9255,9972,9399,9819,9878
9733: 9413,9484,9312,9928,9951,10024
316: 
9888: 9931,9949,1861,9682,9925,9891
9291: 9363,9635,9530,9812,2554,9264
4068: 4073,9394,4164,4168,2968,9533
3860: 9489,9256,3166,4255,4057,2391
10025: 9703,9294,9480,9678,9711
9916: 9995,9587,9864,9688
6155: 9964,6347,9776,6349,6537,6437
9428: 9527,2987,9324,9662,9611,9566
8609: 
9503: 4826,5138,9454,9480,9429,9294
9411: 9479,9845,9351,9535,9541,9605
9714: 6009,6967,9768,7252,10031,10012
9597: 3850,9582,9396,9425,9375
9580: 9369,9626,9393,10040,9460,9323
9873: 9658,9872,9941,9964,9776,9792
9599: 9513,9646,9498,9887,9799,9522
9803: 9781,9537,10037,9461,9446,9263
334: 9850,9732,387
9327: 10023,9579,9572,9542,9630,9609
336: 73
3998: 3504,4498,4083,2822,3783,2333,4293,3903
5413: 5207,5202,4697,4590,3504,4486,4603
9753: 10031,9779,9684,5801,9768,5408
4826: 5138,9503,4719,4004,4811,9454,4823
2699: 2974,2509,2778,9663,2321,2231,9962,1622
3294: 3491,9552,3295
2024: 9283,3255,9424,3947,9374,9665
3722: 9790,3321,9520,9713,3731,9816
8426: 
7340: 
9926: 9919,9889,9767,10043,9930,9854
9826: 614,886,9945
3207: 3701,2822,2333,9430,9268
9912: 9621,9756,9744,9418
6731: 5882,6823,9650,9773,9805,5876
10024: 9951,9472,9928,9729,9733
3345: 3540
9316: 2536,2165,9557,9388,10002,9818
10003: 10039,8710,9982,9752,9762,9571
9697: 9679,9796,9585,9485,9913,9304
6420: 5920
7581: 7318,9284,9649,7996,7494
359: 2407,9760,9707,1525,2133,874
9891: 10036,9931,9888,9925,10011
4486: 4590,3504,4498,3982,5578,5413,4697
2906: 2244,2526
9757: 9958,9865,9950,9837,9657,9746
9911: 9979,10020,9644,9401,6508,9896
9987: 9214
9821: 9823,9719,9270,9736
6849: 6376,9801,9764,9417,5508,9738,5613
9689: 9838,9866,9887,10000,9799,9797
3850: 9572,9986,9597,9582
9628: 9904,9419,9623,9616,9271,9260
6140: 5455
1666: 
9701: 9400,9785,9648,9583,9861,9849
9671: 9742,9965,10023,9970,9862
9748: 9972,9682,9405,1512,2689,9819
376: 492
9499: 6930,9465,9354,9402,9550,6460,6749
9584: 9449,9444,9497,9661,9660,9368
9329: 9950,9699,9837,9487,9775,9565
9476: 9398,9325,9362,9603,9261,10042
9929: 9348,9718,9721
9463: 9398,9325,9619,10033,9659,9608
9813: 9645,2649,9319,9722,9720,9335
384: 
9271: 8081,9616,9344,9628,9904,9875
9984: 9686,9828,9456,9844,9681
387: 334
9608: 4271,9364,4169,9619,9325,9463
9391: 9349,9381,7965,9568,9625,9641
8879: 9194,9219,7979,9081,9560,9504
9454: 9602,4823,4826,9503,9266,9294,9523
1867: 9371,9421,9372,1525,2135
9379: 9593,7123,6085,5775,9588,5975
394: 
9616: 6389,8081,9271,9631,9623,9628
9668: 5917,5421,5214,9401,9726,9784
397: 
7723: 8867,9407,7641,7721,8046,9892
2364: 
9549: 9968,9265,9755,10018,9909
9444: 9449,9584,9509,9563,9019,9661
9194: 9038,8879,9219,9081,7901,9037
9145: 
9311: 4771,9533,9410,5755,9367
9242: 8885,9125,9038,9219,9567,9615
9540: 9967,9647,9543,9435,9512,9406
3485: 3777,3983,4485,9339,9553,3778
9331: 9799,9522,9797,9489,4146,4155
9638: 9529,9377,9607,9435,9308,9943
9752: 7992,9857,9762,8372,8710,10003
411: 299
9488: 9264,9495,9365,9388,9514,9557
7123: 9593,9379,9915,6085,9696
9646: 9513,9599,10027,9887,9723
9397: 9320,6018,9357,9342,3210
4771: 9533,9311,4463,4164,4867
9081: 7818,7737,7901,7979,9194,8879
9640: 6480,9292,9420,9378,8205,9237
9900: 9570,9370,9807,9385,3284,9969
9679: 9796,9697,9704,3712,3612,9304
9038: 9194,9219,8990,9037,9242,8885
9847: 9685,9908,9914,9494,9469,10016
8868: 
424: 1529
7821: 7742,7899,9419,9284,7737
9247: 9295,9427,9372,2305,2492
2538: 3502,9250,9903,9902,9358,9493
9968: 9549,9265,9306
2271: 1996
7811: 9563,7119,9477,9467,6916,7646
9255: 9382,9637,9500,9878,9576,9251
9877: 9751,9718,9266,9670,9280,9602
10026: 9439,1622,9946,9962,9676
3820: 4330,3715,3517,9966,9927
9539: 4950,5755,9490,9367,5051
9309: 9601,9511,9908,9801,9724,9469
9551: 9405,9257,9612,1861
8885: 9126,9242,9125,9038,8990,9039
8513: 7988,7996,7494,8225,8296,8372
9797: 9331,9799,9689,10000,9489,9462
9693: 9870,9947,9834
442: 634
6520: 6804
10008: 9745,9948,9937,9840
5801: 10016,9898,9768,9684,9494,9753
3743: 2761
9784: 9726,9861,9249,5421,9668,9562
9942: 9963,9651,9531,9447,9998,9457
449: 
6018: 9397,9357,4710,5917,5421,4616
9448: 9938,9334,9617,7988,8225,9356,8150
7958: 
9371: 1867,9421,9372,9496,9427,9642
9973: 9823,9728
5792: 7564,5400,9846,9627,5302,7563
456: 
9988: 9712,9395,10029,9938,9917
9666: 9979,10020,9849,6011,6204,9648
7609: 
9938: 9334,9917,9448,9988,10029,9617
9365: 9488,9495,1225,9557,2721,9470
5129: 
9300: 9526,9315,9431,9288,9385,9370
8991: 8770,8990,9037,9317,9297,9039
7737: 7818,9081,7901,7899,7742,7821
466: 
9665: 9374,9899,9283,2024,9737,9874
9166: 10014
9432: 9475,5578,5202,4697,9685,9278,9341
9615: 9567,9749,9863,9242,9125,9548
9670: 9633,9459,9280,9959,9877,9751
9561: 9508,10019,9667,7360,9301
9850: 334,9732
9995: 9716,9916,9864,9881
475: 535
9171: 9173
9809: 9923,9589,9273,616,9869,9933
2133: 2407,359,1525,9399,2403,2135
9414: 9393,9528,9918,9879,9323
480: 
9496: 10037,9655,9371,9421,9461,9642
9466: 9457,9735,9559,9525,6682,7417
9840: 9937,9780,9895,9745,10008,9882
9711: 9434,9678,10025,9373
9717: 9700,9709,9645,3119,3607,4521
1622: 9439,10026,9962,2974,2699,3372
8770: 8766,8222,8991,9037,8995,9317
9550: 9458,6639,9354,9499,6460,7646
9277: 9613,9618,9456,9420,9378,9686
4498: 3504,3998,4083,4486,9259,3982
9079: 8878,7565,9237,8211,6671,6480
492: 687,376
8599: 
9037: 8770,8766,8990,8991,7901,9038,9194
1529: 424
3940: 
5395: 5676,5084,9384,4891,9575
5942: 9910
1709: 2244,2526,2153
9524: 9959,9282,9459
9739: 9641,9976,9828,9450,9681
5876: 9355,9588,5975,9805,6731,5882
9359: 9505,9395,7847,9544,9386,9712
8737: 
8627: 
9785: 9531,9400,9701,9583,9998,9452
6585: 7847,7505
9427: 9295,9247,9371,9372,9642,9528
7259: 
4134: 
9632: 9985,9755,9604,9808,9404,9350
7880: 8119
513: 
1849: 1583
9531: 9400,9785,9998,9457,9559,9942
9603: 9884,9667,9261,9476,9839,10042
2822: 3701,3207,3783,2333,3205,3998,4083,4293
9416: 9345,9775,9565,9515,9272
9684: 9494,9417,5801,5408,5613,9753
9652: 9680,6041
6041: 9680,9652
9436: 7292,7014,7009,9534,9390,9346
2407: 359,2133,1950,801,874,2403
9823: 9821,9973,9769,9736,9728
9318: 9894,9960
9286: 9510,9862,9997,9479,9845,9532
9564: 9560,9504,9307,9610,9613,9546
9621: 9424,3947,9756,9912,9418,9772
9903: 2538,9250,9902,1553,9708,9715
6916: 6460,7117,7646,7811,7119,7383
9474: 1892,9745,9948
9871: 10017,9985,10018,9820
9310: 9458,9508,6358,7360,9354,9643
1419: 
535: 475
3903: 4293,4605,9409,3504,3998,4603
537: 
9545: 9828,9450,9456,9691,9292,9378
9393: 9414,9460,9263,9323,9580
9273: 9907,217,9326,9589,9809,616
7563: 9639,9627,7564,5792,9596,8631
9703: 10025,9294,9523
9283: 3255,2024,9251,9415,9737,9665
9278: 9685,9908,9384,9432,9475,9511
9507: 9387,9558,9548,9672,9802
3205: 9254,9481,3701,2822,4293,9409
5455: 6140
5572: 5475,5574,9848,9364,9884,9261
9464: 9431,9288,9324,9473,700,9468
8995: 8296,8710,9317,9982,8770,8222
9905: 9937,9780,9606,9267
9293: 9786,9692,9750,9594
10014: 9166
9518: 6204,9400,9648,6009,9525,9559
9425: 9374,9899,3458,9396,9332,9597
9479: 9411,9845,9286,9595,9605,9532
4146: 4569,4450,9331,9522,4155,4347
9825: 9328,9814,9897,10028
9267: 10021,9905,9389,9606,9961
4590: 3504,4486,5413
561: 760
9756: 9621,3947,9912,10036,9744,9932
9614: 9343,9471,9306
9883: 9657,9698,9699,9807,9791,9853,9969
4448: 4569,4450,4650,4858,4855,5064
9879: 9323,9946,9962,9414,9663,9918
9396: 9332,9620,9425,9375,9834,9597
1446: 1617,1044
7195: 6930,7117,6749,7014,7009,8186
2468: 2189,2658
9404: 4950,9350,9632,9755,9909
2721: 9470,9902,9365,1225,1820,1553
9275: 2523,9547,9923,9598
9587: 9836,9702,9688,9981,9916
10015: 9314,9347,9687,9725,9975,9783
10034: 9402,9643,9936,9690,9695,9944
9844: 9681,9653,9581,9984
4004: 4710,3907,4626,4811,4826,4719
9459: 9633,9670,9483,9282,9524,9959
9687: 10015,9314,9783,9953,7617
9563: 7811,7119,9477,9019,9444,9509
9659: 10033,9675,9810,9398,9463,9244
9953: 9833,9783,9687,9472
1873: 1616
7014: 7009,9436,9534,7010,6930,7195
9977: 7434,9880,5995,9779,9636,9627
9898: 10016,5801,9768,9906,6011,7252
588: 645
9773: 9920,9650,9839,6731,6823,9301
5332: 
9657: 9883,9950,9699,9757,9746,9853
9618: 9610,9613,9277,9686
9767: 9438,9660,10043,9854,9787,9926
9672: 9673,9863,9507,9548,9802
9904: 9628,9419,9284,9649,9875,9271
596: 731
7761: 
9308: 9543,9435,3674,4979,9638,9607
8318: 
4837: 
9281: 1592,9586,9770,9843,1512,9257
9676: 9468,9991,9439,10026,9473
9298: 9248,9441,9746,9958,9380,9536
6671: 8211,7478,6483,7570,9079,7565
5755: 5256,9311,9350,9539,9367
9377: 9638,9529,9362,9607,9244,2678
4710: 3907,4004,6018,9357,4719,4616
9409: 4293,3210,4605,3903,3205,9254,9320
9955: 3615,4232,9922,9814,3810,9935
9750: 8451,9340,9692,8376,9293,9594
9740: 9505,9344,9395,9875,9795,10029
1571: 
9251: 9283,3255,9576,9637,9255,9415
614: 886,9826
9718: 9877,9751,9266,9721,9929,9348
616: 9806,1793,217,9273,9809,9869
9579: 10023,9970,9327,9555,9609,9351
9287: 9526,9315,9445,9322,9403,9313
9653: 9844,9681,9581,9881,9716
9605: 9595,2580,9541,9411,9479,2772
9422: 9442,9591,9994,10000,10032,9462
2685: 9669,9874,2492,9737,2600
9386: 9544,9778,9359,9712
9288: 9431,9464,700,834,9385,9300
3835: 2858
9867: 10035,9343,9471,9992
9861: 9583,9726,9249,9849,9784,9701
1592: 1950,9281,2689,9586,1512,801
8596: 9505,9344,7836,7847,8081
630: 910,978
3502: 2538,9250,9268,9493,3701,9481
7641: 7383,8126,8186,8867,7723,7721
9358: 9470,9902,2536,9577,9493,2538
634: 442
1387: 
3037: 
5466: 9710,6349,5070,5475,9848,6347
2231: 9663,9962,2699
9297: 9600,9039,9629,8991,9317,9556
6823: 6731,6358,5882,7360,9301,9773
9388: 9321,10002,9514,9488,9316,9557
9636: 9639,9627,7434,9977,9299,9253
9696: 9764,7300,9724,6085,9860,7123
9429: 9480,9360,5138,9503,9562,9249
645: 588
2928: 3027,4331,3810,2540,3612,3025
7770: 7936
5051: 9901,5856,4950,9539,9490,9658
9967: 9805,9647,9540,5775,9406,5975
9894: 9501,9318,9600,9629,9960
9342: 9443,9246,9761,9320,9397,9357
2761: 3743
9948: 9745,10008,9474
4331: 2928,3027,3810,9262,9935
9816: 9759,9731,10021,9520,9790,3722
7936: 7770
9333: 9585,9485,9924,9624,9491,9319
4073: 9394,4068,4773,2968,4271,4169
9509: 9449,9444,9303,9453,9563,9477
2658: 2468
5426: 
6537: 9817,9725,6155,9776,6437,6249
9526: 9287,9315,9300,9330,9370,9313
664: 
9559: 9457,9466,9518,9531,9400,9525
9372: 9371,1867,2305,9427,9247
9370: 9330,9570,9900,9385,9526,9300
4757: 4650,9538,9573,9352,9408,4855
9623: 9274,9631,9616,9260,6093,9628
4164: 4057,4463,4168,4771,9533,4068
9818: 9958,9865,9940,10002,9380,9316,2165
9260: 6483,7899,6093,9623,9628,9419
9758: 9663,9918,2321,2600,9295
1583: 1849
7439: 
9989: 9289,9993,9763,9314,9347,9705
9502: 4979,9403,9313,9433,6348,3674
9642: 9461,9528,9371,9496,9427
2733: 1556,9554,9530,9495,1225
9285: 9939,9519,9340,10030,9789
9506: 9433,5870,9330,9570,3471,3874
9480: 9678,9360,9429,9503,10025,9294
683: 9806,1793,9515,10040,9706,9626
3712: 3615,3612,4232,9704,2743,9679
9924: 9759,9731,9859,9491,9485,9333
3491: 3294,2806,3991
687: 492
9491: 9624,1820,1556,9859,9924,9333
9560: 9564,9504,8879,9219,9567,9546
9661: 9438,9660,9019,9444,9584,9407
9256: 3860,9489,9462,9442,3166,3559
9770: 9612,10004,9843,9934,9257,9281
4139: 9555,9609,9442,9591,3559
9384: 5395,4891,9575,9475,9511,9278
9771: 9815,9516,9990
9786: 9293,9692,9893
2554: 927,9389,9606,9291,9635,9530
698: 
7742: 7821,7318,9284,7737,7901,8766
700: 9464,9288,9468,9272,9345,834
9651: 9963,9942,9831,9447
9695: 9690,6437,9710,6349,9936,10034
9925: 9972,9682,9888,9891,9878,10011
9290: 9478,9467,9252,9622,9453,9477
2196: 2476
9244: 9377,9362,9659,2678,9810,9398
707: 
9952: 7417,7847,9735,10022,9544
709: 
2580: 9595,9619,9605,2968,2772,4169
9869: 9974,9487,9933,9809,9806,616
9513: 9646,9599,9498,9258,9723,9538
9315: 9287,9526,9300,9566,9431,9445
10013: 9573,9352,9412
2772: 4168,2391,2968,9541,2580,9605
9437: 9353,9592,9893
2509: 2974,2699,2778,9542,9361,2609,9965
9576: 9878,10011,9932,9255,3255,9251
9440: 3284,9339,9969,9698,9337,9804
9889: 9919,8205,9926,9854,9691,9292
9340: 8451,9750,10030,9594,9285,9519
722: 
723: 792
3783: 2822,2333,3998,4083
8081: 6389,9616,9271,7836,8596,9344
9173: 9171
6348: 9433,5870,9502,3674,5970
2293: 
2953: 2662
9350: 9404,9604,5256,5755,9632
731: 596
3517: 10038,9957,3731,9966,3715,3820
9896: 9906,9914,9341,9644,10020,9911
10022: 9544,9778,9735,9963,9831,9952
4131: 
9272: 9468,9991,9706,9515,9416,700
9735: 9457,9466,9963,7417,9952,10022
9430: 3207,2333,9248,9268,9590,9366
9863: 9749,9615,9811,9672,9673,9548
9337: 9590,9366,9804,9553,9440,9339
9219: 9038,9194,8879,9560,9567,9242
9521: 9483,9269,3027,9262,9734,9282
10028: 9890,9897,9825
9435: 9543,9308,9638,9943,9647,9540
7191: 
5478: 3874,3983,5870,5970,5676,5084
3715: 2743,4330,3820,3731,3517,3321
9622: 9852,9453,9252,9593,9915,9290
10019: 9936,9508,9561,9848,9884,9667,9710
2002: 1909
9465: 7010,6930,9499,9944,9402,9993
7360: 6358,6823,9301,9508,9561,9310
8309: 8150,8376,7992,9857,8451
9804: 9590,9337,9698,9441,9853,9440
9906: 9896,9914,10020,10016,9898,6011
9356: 8150,9334,9448,9592,9336
9347: 10015,9314,9725,6249,9989,9763
1553: 9624,1820,2721,9902,9903,9708
9399: 9819,2403,2133,2135,9382,9500
760: 561,973
1820: 9624,1553,9491,1225,1556,2721
9574: 9482,9408,9302,9808,10017
9992: 9792,10006,9941,10035,9867
9743: 9980,3991,9812,2523,9321,9514
9783: 9833,9975,10015,9687,9953
9910: 5942
9706: 9369,9626,683,9515,9991,9272
9664: 9960,10005,9824
4697: 5413,5202,4486,9432,9475,5578
6665: 8496,9299,6385,9274,7478,6093
6385: 8496,6665,9299,8631,8694,9639
9390: 9486,9928,9436,9534,9484,9346
9304: 3025,1727,9679,9697,3612,9913
9806: 683,1793,616,9487,9869,9565
9348: 9929,9718,9266,9523
4823: 9454,9602,4937,4811,4826
2198: 
7818: 7737,9081,7570,7899,7979,7565
9417: 9684,9494,9469,6376,9801,6849,5613
9959: 9524,9670,9459,9751
6804: 6520
9423: 9836,8033,7885,9568,9349,9688
9655: 9496,10037,9707,9798,9829,9421
9781: 9803,9537,9798,9656,10037
9412: 9258,10013,9573
9639: 9636,9627,7563,9299,6385,8631
9859: 1556,9554,9924,9731,9961,9491
8395: 
9795: 10029,9617,8383,9740,9649,9875,7494
9817: 6537,9725,9975,9776,9792,10006
9936: 9508,10019,9710,9695,9643,10034
792: 723
9705: 9486,9729,9314,9989,9289,7617
8346: 9983,8485
7617: 9472,9314,9687,9705,9729
9306: 9968,9265,9305,9471,9614
9620: 9772,9396,9332,9834
6376: 9801,6849,9417
10021: 9267,9520,9731,9961,9816
8485: 8970,8273,8346
801: 9276,874,9674,1950,1592,2407
9383: 9326,9589,9598
8273: 8485
5574: 5475,5572,4773,4271,9364,5754
2536: 9316,2165,9577,9557,9470,9358
9913: 2649,9585,9697,1727,9304
9268: 9536,9493,9248,3502,3701,3207,9430
4293: 9409,3903,2822,3205,3998
6389: 8081,9616,9517,6583,7836,9631
9363: 9291,9635,9552,9245,9980,9812
9674: 9276,801,9830,9956,9586
4626: 3907,4004,9700,4521,4525,4811
9284: 9904,9419,9649,7742,7581,7821
9730: 9954,9451
9553: 9337,9366,9339,3485,9259,3778
7265: 
8376: 9692,9336,8309,8451,9750
3810: 2928,4331,3612,4232,9955,9935
9937: 9840,9780,10008,9905
1617: 1446,1044
9798: 9769,9829,9656,10037,9655,9781
8695: 
9725: 9817,6537,9975,6249,10015,9347
3255: 9283,2024,9251,9932,9576,3947
8970: 8485,10007,8555
9944: 9690,9402,10034,9993,9763,9465
8972: 8921
8372: 8296,8710,8513,8225,7992,9752
9487: 9974,9869,9806,9565,9329,9837
9972: 9682,9925,9748,9819,9878,9500
6093: 6483,9260,6665,9274,9623,7478
9336: 9692,9893,8376,9592,9356
9820: 9871,10018
834: 9807,9385,9791,9345,9288,700
7146: 6583,7505,10012,6967,6682,10009
9400: 9531,9785,9701,9648,9518,9559
7300: 9764,9696,9835
9625: 8046,9634,7965,9391,9641,9976
2968: 4168,2772,2580,4073,4068,4169
840: 
9389: 2554,9606,9267,9554,9961
9897: 9922,9814,9921,9890,10028,9825
2806: 3491
9305: 9901,5856,9265,9306,10035,9471
9501: 9894,9126,9600,9387,9558
6508: 5214,9401,5010,5207,9644,9911
8205: 9919,8499,9889,6480,9640,9292
848: 
5408: 5403,5613,5995,9684,9753,9779
9302: 4858,9604,9808,4855,9574,9408
9810: 10010,2678,3279,9675,9659,9244
7646: 6460,6916,9550,6639,9467,7811
3559: 9535,3166,9442,9555,4139,9256
5256: 5064,5755,4858,9604,9350
7248: 
6531: 
9947: 9375,10032,9834,9870,9693,9994
7847: 9952,6585,8596,9505,9359
10030: 8451,9340,9857,9762,9789,9285
6118: 
861: 864
4057: 4255,4463,4164,3860,4168,2391
9387: 9507,9558,9548,9126,9125,9501
864: 861
8962: 
9528: 9642,9414,9295,9427,9918
9375: 9947,10032,9834,9396,9597,9582
9282: 9734,9483,9521,9459,9524
10041: 9815,9990,10038,9957
9442: 9422,9591,4139,9256,9462,3559
9049: 
7865: 
6349: 9710,5466,6347,6155,9695,6437
874: 9276,801,9270,2407,9760,359
9270: 9821,9719,9276,874,9760,9736
9747: 9630,9361,2585,9669,9774,9986
9940: 3786,9788,3486,10002,9818,9865
9019: 9563,7119,9444,8867,9407,9661
4330: 2743,3715,3820,9876,9927,3615
9719: 9821,9270,9830,9276
1727: 3025,3121,9304,2649,3119,9913
3025: 3121,1727,9304,3612,2928,2540
9591: 9422,9442,10032,9582,4139
9520: 9516,9713,10021,9816,3722
9262: 9328,9569,3027,4331,9521,9734
886: 614,9826,9945,965
9710: 6349,5466,9848,9936,10019,9695
10020: 9979,9911,9666,9896,9906,6011
9647: 9805,9967,9540,9435,9650,9943
9732: 334,9850
9707: 9760,359,1525,9829,9421,9655
9837: 9329,9950,9974,9487,3486,9757,9865
9598: 9923,9589,9383,9275
3615: 3712,4232,9955,2743,4330,9876
9504: 9560,9564,9307,8878,7979,8879
5775: 6085,6280,9406,9967,5975,9379
9558: 9387,9507,9501
9999: 10027,9866
9841: 1152,1078,9654
9831: 9963,9651,10022,9778
9419: 9628,9904,9284,9260,7899,7821
9688: 9349,9864,9836,9587,9423,9916
5970: 9512,6658,5870,6348,5478,5084
8631: 6385,8694,9596,9639,7563,9971
10027: 9999,9887,9866,9646
6204: 6011,9518,7252,9666,9648,6009
9335: 9296,9246,9722,9813,9645,9709
9471: 10035,9343,9867,9614,9305,9306
9472: 7617,9953,9729,10024
910: 630
9835: 9738,9754,9915,9764,7300,9852
9993: 9989,9289,9763,9944,7010,9465
9856: 9843,9934,9956
9808: 9302,9604,9574,10017,9985,9632
9604: 9302,4858,9808,5256,9632,9350
9538: 4757,4650,9258,9513,9498,9573
9264: 9488,9495,9812,9291,9530,9514
4937: 4525,4811,4322,9280,9602,4823
9126: 8885,9125,9600,9039,9387,9501
4719: 4826,5138,4616,4710,4004
9567: 9749,9615,9546,9560,9219,9242
4616: 5138,4719,9562,6018,4710,5421
9827: 9858,9610,9749,9811,9546
1619: 
9351: 9411,9845,9555,9970,9579,9535
10040: 9460,217,9782,9626,9580,683,1793
927: 2554,9606,9780,9895,9635
9403: 9502,4979,9313,9287,3184,9322
3777: 3874,3485,3983,9339,3471
9796: 9679,9697,9759,9790,9704,9485
9789: 10039,9727,9762,10030,9285,9939
9530: 9291,2554,9264,9495,2733
9764: 9801,9696,6849,7300,9724,9835
3458: 9425,9899
9950: 9329,9699,9837,9757,9657
2189: 2280,2468
9611: 10001,9662,9822,9445,9428,9566
9477: 7811,9563,9290,9467,9453,9509
9921: 9922,9897,9876,9766,9890
2526: 1709,2244,2153,9954,2906
3991: 9980,9743,3491,2523
3027: 2928,4331,2540,9262,9269,9521
943: 
944: 
5995: 5403,5408,9779,9627,5302,9977
4858: 9302,9604,4855,4448,5064,5256
7383: 7641,8186,7117,6916,7119,8867
3251: 
9981: 9832,9702,9587
9368: 9971,10043,9584,9596,9497,9660
9439: 1622,10026,9676,9527,3372,9473
9715: 9708,9722,9250,9903,9279,9296
4155: 4255,4347,9331,9489,4146
9552: 3294,9245,1630,9980,9363
5633: 
8499: 8498,9919,8205,8211,6480
6323: 
7992: 9857,9752,8225,8150,8309,8372
959: 965
6460: 7117,6916,6749,7646,9550,9499
9250: 3502,2538,9903,9715,9279,9481
9923: 9589,9809,9598,9275,9547,9933
4271: 9364,4169,9608,4073,4773,5574
9269: 9483,9521,9392,3027,2540,4218
965: 959,886,9945
9794: 9996,9858,9811,9673
8044: 
9902: 2721,9470,9358,1553,2538,9903
9812: 9980,9743,9291,9363,9514,9264
9745: 10008,9948,1892,9474,9882,9840
3674: 9543,9308,9502,4979,6348
972: 
973: 760
9249: 9583,9861,9784,9562,9360,9429
9800: 9854,9787,9691,9634,9976,9450
9364: 4271,9608,9325,5572,5574,9261
8867: 9407,7723,7119,9019,7641,7383
978: 1052,1286,630
9374: 9425,9899,9665,9424,2024,9332
9568: 7965,8333,7885,9423,9349,9391
9876: 9927,9766,4330,3615,9922,9921
9483: 9269,9521,9392,9282,9633,9459
9421: 9371,1867,9707,1525,9496,9655
9720: 9708,9722,9624,9813,9319
9790: 3722,3321,9704,9759,9816,9796
9366: 9590,9337,9553,2333,9430,9259
9930: 9971,10043,8694,8498,9919,9926
9332: 9772,9396,9620,9424,9425,9374
9845: 9411,9479,9351,9970,9286,9862
10009: 7434,9517,9880,10012,7146,6583
8807: 8917
4950: 9404,9539,5051,5856,9909
9451: 9954,9730
9573: 10013,9352,9412,9258,4757,9538
3545: 3641
9578: 9490,9367,9410,5664,9455,9872
9381: 9349,9391,9864,9641,9716
9460: 10040,9446,9263,9393,9782,9580
6749: 6460,7117,6930,9499,7195
9495: 9264,9488,9365,1225,9530,2733
9630: 9542,9747,9361,9572,9986,9327
9547: 2523,9275,9923,9933,3786,9788
9536: 9268,9493,9380,9577,9298,9248
9320: 9397,9254,9443,9342,3210,9409
9728: 9656,9823,9973,9769
1006: 1078
9557: 9316,2536,9388,9488,9365,9470
10016: 9898,5801,9847,9906,9914,9494
7719: 9376,9346,8033,7885,7292
9792: 9992,10006,9873,9941,9776,9817
9749: 9567,9615,9811,9863,9546,9827
7570: 6483,7899,6671,7565,7818
7988: 8513,7494,9617,9448,8225
9762: 9857,9752,10030,9789,10039,10003
4232: 3615,3712,3612,9955,3810
6583: 7146,7836,7505,9517,10009,6389
9039: 9297,9600,8990,8991,9126,8885
9872: 9658,9873,9578,9490,5664,9964
1019: 1340
9344: 8596,9505,9740,8081,9271,9875
9349: 9391,9381,9864,9688,9568,9423
9811: 9749,9863,9858,9827,9794,9673
9727: 9789,10039,9824,9939
9602: 9454,4823,4937,9280,9877,9266
8658: 
9484: 9733,9413,9390,9928,9376,9346
5403: 5408,5613,5995,5508,5400,5302
2987: 9527,9428,3372,9742,2609,9662
9997: 9286,9510,9862,9742,9662,9822
7885: 7719,8033,7292,8333,9568,9423
9766: 9876,9927,9978,9921
8261: 8119
5207: 5413,5202,9644,4603,6508,5010
9631: 9274,9623,9253,9517,6389,9616
9860: 5509,9601,6085,6280,9696,9724
9301: 6823,7360,9667,9773,9839,9561
10018: 9985,9755,9871,9820,9549
5841: 
5202: 5413,5207,9644,4697,9432,9341
7417: 9952,6682,9735,9466,7505
10038: 9957,3517,10041,9966
1525: 9707,359,2133,2135,1867,9421
9323: 9879,9946,9393,9414,9369,9580
1044: 1616,1617,1446
4347: 4255,4463,4155,4569,4146,4867
5585: 6280,9406,9512,6658,5509
3839: 3646
2649: 9813,9645,2744,9319,3119,9913,9585,1727
9334: 9938,9917,9448,9353,9592,9356
9862: 9286,9997,9970,9742,9671,9845
9489: 3860,9256,9462,9331,9797,4155
1052: 978,1286
9978: 9927,9766,9966
9731: 9759,9924,9961,9816,10021,9859
9721: 9751,9718,9929
8496: 6665,6385,8694,8498,8211,7478
9775: 9345,9416,9565,9329,9699,9791
9635: 9291,9363,9245,9895,927,2554
9634: 8046,9625,9892,9800,9787,9976
6930: 7010,9499,9465,7195,6749,7014
9361: 9542,9747,9630,2585,2509,2778
9214: 9987
9279: 9254,9481,9250,9715,9443,9296
9641: 9739,9976,9625,9391,9381
2336: 
4083: 3504,3998,4498,2822,3783,2333,9259
1067: 
9346: 9376,7719,9390,7292,9436,9484
1069: 
9734: 9282,9569,9262,9521
9535: 3166,9541,3559,9555,9411,9351
9543: 9435,9308,3674,9512,9540
9742: 2609,9671,2987,9862,9997,9662
9890: 10028,9897,9921
9680: 6041,9652
9994: 9422,10000,9870,9947,10032,9838
9352: 10013,9573,4757,9482,9408
1078: 1006,1152,9841
9649: 9904,9284,9875,9795,7581,7494
9961: 9731,9389,10021,9267,9554,9859
9292: 9640,9378,9691,8205,9889,9545
5070: 5754,5475,6347,5564,5466
9963: 9651,9942,9831,9457,9735,10022
9626: 9369,9706,9580,10040,683
4169: 4271,9608,2968,9619,2580,4073
9571: 9556,10005,9982,10039,9824,10003
7775: 
4525: 4937,4811,4322,3506,4521,4626
1089: 
9011: 
9607: 9638,9377,2678,3184,4979,9308
9986: 9572,3850,9774,9747,9630
5421: 5917,9668,6018,4616,9562,9784
9583: 9861,9249,9360,9785,9701,9452
9683: 9842,7934
9746: 9298,9441,9853,9757,9958,9657
9660: 9438,9661,9767,9584,10043,9368
9322: 3279,3184,10001,9445,9287,9403
3947: 9424,9621,9756,9932,3255,2024
9990: 9516,9713,9771,9815,10041,9957
9554: 1556,2733,9859,9389,9961
9512: 5970,6658,9543,9540,5585,9406
4569: 4448,4450,4146,4347,5064,4867
9452: 9373,9998,9583,9678,9360,9785
9341: 9896,9914,9432,5202,9644,9685
1909: 1996,2002
8392: 
9751: 9877,9718,9670,9959,9721
9939: 9285,9789,9727
7505: 7146,6583,7836,6682,7417,6585
9780: 9937,9840,9895,9905,927,9606
9866: 9838,9689,10027,9999,9887
9314: 10015,9347,9687,9989,7617,9705
2689: 1950,1592,1512,9748,9819,2403
9927: 9876,9766,9978,9966,4330,3820
2744: 2649,9319,9585
5664: 5754,9455,9578,9872,9964,5564
9522: 9331,9799,9599,9498,4450,4146
9514: 9321,9388,9743,9812,9264,9488
9237: 8878,9079,6480,9640,9420,9307
6249: 9690,6437,6537,9725,9347,9763
9760: 9707,359,874,9270,9829,9736
9624: 1820,1553,9491,9333,9720,9319
9492: 9581,9881
9610: 9613,9618,9564,9827,9546
9791: 9807,834,9345,9775,9699,9883
5331: 5727
9928: 9486,9390,9729,10024,9733,9484
9125: 9126,9242,8885,9615,9387,9548
9441: 9298,9248,9746,9853,9590,9804
3279: 10010,2678,9810,3184,9322,10001
9931: 9949,9888,9891
9915: 9593,7123,9852,9622,9835
7176: 
2403: 9399,9819,1950,2689,2407,2133
9675: 10033,9659,9532,9510,10010,9810
6280: 6085,5775,5585,9406,5509,9860
9345: 9416,9775,700,834,9791
9490: 9578,9367,9539,5051,9658,9872
9497: 7564,9885,9596,9449,9584,9368
9402: 9354,9643,10034,9944,9499,9465
9289: 9989,9993,7010,9486,9705,9534
9887: 10027,9866,9689,9646,9599,9799
9692: 9336,9893,8376,9786,9293,9750
9702: 9836,9587,9426,9832,9886,9981
3612: 3712,4232,9679,3025,9304,2928,3810
3210: 4605,9409,5215,9320,9397
6483: 7570,9260,7899,6093,6671,7478
9759: 9924,9731,9816,9790,9485,9796
9777: 
9541: 9535,3166,9411,2391,2772,9605
1152: 9841,1078
9956: 9856,9586,9674
9447: 9373,9998,9434,9651,9942
9991: 9468,9676,9272,2236,9369,9706
9690: 9695,6437,9944,6249,10034,9763
9958: 9757,9818,9865,9380,9298,9746
9619: 9595,2580,10033,4169,9608,9463
9532: 10033,9675,9479,9286,9510,9595
9252: 9355,9588,9593,9478,9290,9622
4650: 4757,9538,9498,4448,4450,4855
3284: 9440,9339,3471,9969,9570,9900
9678: 9480,9360,10025,9373,9452,9711
9589: 9923,9809,9598,9383,9273,9326
9355: 5876,9588,9252,5882,6071,9478
5882: 6731,6358,6823,5876,9355,6071
9456: 9545,9828,9378,9984,9686,9277
8990: 8991,9037,9038,8885,9039
9744: 10036,9756,9912
9946: 9879,9323,9962,9369,10026
9453: 9852,9622,9303,9290,9477,9509
9326: 9907,9273,9793,9383,9589
9369: 9706,9626,9580,9323,9946,9991,2236
9805: 9967,9647,9650,6731,5876,5975
5138: 4826,9503,4719,4616,9562,9429
9884: 9603,9667,9261,5572,9848,10019
9449: 9444,9584,9509,9303,9885,9497
1178: 1340,1594
9457: 9735,9466,9559,9531,9963,9942
8211: 6671,7478,8496,8498,8499,6480,9079
5302: 9627,5400,5403,5995,5792
9357: 6018,9397,9342,9761,4710,3907
9704: 9790,3321,2743,9679,9796,3712
4773: 4073,9394,4271,5754,9455,5574
2321: 9663,9758,2600,2585,2699,2778
9330: 9570,9370,9526,9313,9433,9506
8333: 7721,7965,9568,7292,8126,7885
9296: 9443,9246,9335,9722,9715,9279
2551: 
9478: 9290,9467,9355,9252,6071,6639
9975: 9817,9725,10006,9783,10015
9774: 9669,9874,9899,9986,9747
2662: 2953
9443: 9296,9246,9342,9279,9254,9320
6978: 
8555: 8970,10007
9768: 9898,5801,7252,9753,10031,9714
9951: 10024,9733,9312
5250: 
2244: 1709,2526,2906
9328: 9569,9262,9825,9935,9814
4450: 4448,4569,4146,9498,9522,4650
9380: 2165,9577,9958,9818,9298,9536
9980: 3991,9743,9812,9552,9363
8766: 8770,8222,9037,7901,7742,7318
9498: 9513,9599,9522,4650,9538,4450
9654: 9841
9263: 9460,9446,9803,9461,9393
9475: 9432,5578,4893,9384,4891,4697,9278
9998: 9447,9373,9452,9531,9785,9942
2459: 
9865: 9757,9958,9818,9940,3486,9837
9799: 9331,9522,9797,9887,9689,9599
9017: 
2669: 
1216: 
9875: 9904,9649,9271,9344,9740,9795
8451: 9340,9750,10030,8309,8376,9857
10031: 9753,9779,10012,9768,9714,9880
9919: 8498,8499,8205,9889,9926,9930
9966: 10038,3517,3820,9927,9978
9839: 9920,9773,10042,9603,9667,9301
9828: 9545,9450,9456,9739,9681,9984
6480: 9640,8499,8205,8211,9079,9237
1225: 9495,9365,1556,2733,2721,1820
7086: 
7152: 6507
1996: 1909,2271
9303: 9852,9453,9754,9449,9509,9885
6682: 6967,9525,9466,7146,7505,7417
9462: 9489,9256,9422,9442,10000,9797
7434: 9517,10009,9977,9880,9636,9253
9312: 9733,9413,9951,9886,9694
9511: 9309,9601,9384,9575,9908,9278
9555: 9609,4139,9579,9535,3559,9351
8186: 7641,7383,8126,7195,7117,7009
8710: 8296,8372,8995,9982,9752,10003
2165: 9380,9316,2536,9577,9818
9313: 9502,9403,9287,9526,9330,9433
1240: 
4521: 3506,3607,9700,9717,4626,4525
9005: 
3486: 9940,3786,9974,9837,9865
9254: 9279,3205,9481,9443,9409,9320
9556: 9571,10005,9317,9982,9297,9629
1246: 1494
9932: 10036,9576,10011,3947,9756,3255
6639: 9550,9458,6071,9478,9467,7646
10023: 9970,9327,9579,9542,9965,9671
9901: 9305,5051,5856,9658,9941,10035
1251: 9741
3646: 3839,2858
9458: 9550,6071,6639,9310,6358,9354
9438: 9661,9660,9767,9407,9892,9787
8225: 8150,9448,8513,7988,8372,7992
10036: 9744,9891,9932,10011,9756
8917: 8807
9933: 9974,9869,9923,9809,9547,3786
4605: 3210,9409,3903,5215,4603,5010
7478: 8211,6671,8496,6665,6483,6093
7780: 
9420: 9640,9378,9237,9613,9277,9307
3928: 
8126: 7641,8186,7292,7009,7721,8333
9307: 9564,9504,9420,8878,9237,9613
9415: 2305,2492,9737,9637,9283,9251
7002: 
3184: 2678,3279,9322,4979,9403,9607
9455: 5664,5754,9410,9394,4773,9578
9534: 7014,9436,9289,7010,9486,9390
9853: 9441,9746,9883,9657,9698,9804
9493: 9268,9536,9577,9358,3502,2538
9643: 9354,9402,10034,9936,9508,9310
9548: 9387,9507,9615,9863,9125,9672
9846: 9738,5400,9754,7564,9885,5792
9600: 9297,9039,9629,9126,9501,9894
10039: 9789,9727,9824,10003,9762,9571
3641: 3545
3533: 
4255: 4057,4463,4155,4347,3860
5917: 5421,9668,5215,6018,5214
7565: 8878,7979,9079,6671,7570,7818
3471: 3284,9339,9570,9506,3874,3777
9874: 9669,2685,9774,9737,9899,9665
9834: 9947,9375,9396,9620,9693
1286: 1052,978
10043: 9971,9368,9930,9660,9767,9926
7996: 8513,7494,7581,7318,8222,8296
9395: 9505,9359,9740,9712,9988,10029
7119: 7811,9563,9019,6916,7383,8867
9537: 9781,9803,9338,9446
9601: 9309,5509,9860,9511,9575,9724
4891: 5676,5395,9384,4485,4893,9475
9343: 9471,9867,9614
9892: 8046,9634,9407,7723,9438,9787
9595: 9619,2580,9605,9479,10033,9532
7252: 6011,6204,9898,9768,6009,9714
9360: 9480,9678,9429,9583,9249,9452
9935: 9328,9955,9814,4331,3810
9613: 9610,9277,9618,9420,9564,9307
9505: 8596,9344,9395,9359,9740,7847
8921: 8972
9321: 9388,10002,9514,2523,9743,9788
6507: 7152
2974: 2699,2509,2778,1622,2609,9965,3372
3295: 3294,1630
10001: 9822,9611,9445,10010,3279,9322
9857: 7992,9752,9762,8309,8451,10030
9566: 9315,9428,9431,9324,9611,9445
2609: 9742,9965,2974,2509,2987,3372
4603: 3504,4605,3903,5413,5207,5010
9353: 9437,9592,9334,9917
9713: 9516,9520,9990,3731,9957,3722
9694: 9832,9886,9312
9408: 9574,9482,9352,4757,9302,4855
2678: 3279,9810,3184,9377,9607,9244
8383: 9795,9617,7494
9712: 9988,9386,9395,9359
9508: 9936,9561,10019,7360,9643,9310
4968: 
9410: 9533,9311,9394,9578,9367,9455
4855: 9302,4858,4757,4650,4448,9408
8033: 9376,7719,7885,9836,9426,9423
9525: 6009,6967,6682,9518,9466,9559
9274: 9631,9623,9253,6665,9299,6093
10042: 9920,9839,9476,9529,9362,9603
5676: 5395,5084,4891,3983,5478,4485
9802: 9672,9507
8222: 8770,8766,7318,7996,8296,8995
10004: 9770,9612,9934
9590: 9337,9366,9804,9248,9441,9430
6009: 6967,9525,9714,6204,9518,7252
3166: 9535,9541,3559,3860,9256,2391
7353: 
9778: 10022,9544,9386,9831
2492: 2305,9415,9737,9247,2685
9996: 9794,9858
2540: 2928,3027,3025,3121,4218,9269
9729: 9486,9928,9705,9472,7617,10024
1340: 1178,1019
2153: 9954,1709,2526
10032: 9947,9375,9582,9422,9591,9994
9519: 9285,9340,9594
10033: 9675,9659,9532,9595,9619,9463
9588: 5876,9355,5975,9252,9593,9379
8614: 
9424: 9621,3947,2024,9772,9332,9374
9468: 9676,9991,9272,9464,9473,700
9949: 9931,9888,1861
5508: 9738,5400,6849,5403,5613
9527: 2987,9428,3372,9439,9324,9473
9807: 834,9385,9791,9883,9900,9969
9517: 7434,10009,6583,9631,9253,6389
9295: 9427,9247,9528,9758,9918
9276: 801,874,9674,9830,9719,9270
9627: 9636,9639,5302,7563,5995,5792,9977
9934: 9843,9856,9770,10004
1616: 1044,1873
9864: 9349,9381,9688,9995,9716,9916
3701: 2822,3207,9268,3502,3205,9481
6967: 6009,9525,6682,9714,10012,7146
8391: 
9685: 9847,9908,9278,9432,9914,9341
9842: 9683,7934
9338: 9793,9537,9446,9907,9782
5214: 9401,6508,5010,5215,5917,9668
9763: 9989,9993,9690,9944,6249,9347
3506: 3607,4218,4521,9392,4525,4322
10005: 9556,9571,9629,9824,9960,9664
9737: 9415,2492,9283,9665,2685,9874
9776: 9964,6155,9873,9792,9817,6537
6695: 
9885: 7564,9497,9303,9846,9754,9449
9960: 9664,9629,10005,9894,9318
6011: 6204,7252,9906,10020,9666,9898
3818: 
9658: 9873,9872,9941,9490,9901,5051
9596: 7564,9497,7563,9971,9368,8631
9881: 9653,9581,9995,9716,9492
9577: 9380,2536,2165,9358,9536,9493