9266: 9877,9718,9454,9602,9523,9348
9886: 9832,9694,9413,9312,9426,9702
9339: 9440,9337,9804,4891,3777,4893
9882: 9895,9474,9745,9840,9245
9378: 9277,9420,9640,9292,9456,9545
9556: 9571,9982,9317,9297,9629,10005
6507: 7152
3486: 9837,9940,9865,3786,9487,9974
4811: 9454,9602,4719,5138,9503,3210
3874: 3471,9575,9506
5975: 6731,9379,9805,5876,9355,9588
8475: 
9376: 8033,9426,7719,9484,9346,9413
10012: 10009,6967,9714,10031,9880,9768
9954: 3491,9451,9730,9948,9474
9562: 5138,9409,3903,9784,9249,9429
9512: 6348,6085,5478,9540,9543,9406
9482: 9574,9352,10017
10017: 9871,9574,9482,9808,9985
10007: 8970
9833: 9783,9910,9652,9687,9953
10011: 9878,9576,9925,9932,9891,10036
9394: 9533,9410,9608,4169,9455,5754
2280: 2189
9092: 10014
9962: 10026,9439,9663,9879,2699,2609
9590: 9366,9337,9804,9248,9441,9430
9690: 9944,9763,10034,9695,6249,6155
9354: 9310,9402,9465,9458,9499,9550
4569: 9302,4448,9604,4146,5256,4463
9990: 9957,10041,9771,9815,9713
9774: 9747,9669,9899,9874,9425,9986
9768: 9684,9898,6009,10012,9714,10031
9848: 5475,5070,9884,9710,10019,5466
9958: 9746,9757,9865,9818,9298,9380
7009: 9499,9534,6930,9436,7641
9294: 9703,9523,10025,9503,9454,9480
9663: 2778,9758,9918,9879,2699,9962
9392: 4937,9483,9269,4004,6018,9633
8694: 9623,9260,6385,9919,9930,8496
40: 
6085: 9860,9512,5478,9696,9915,9406
9533: 9410,9394,9311,4347,2968,4169
9362: 9244,9377,9398,9476,9529,10042
9782: 9460,9446,9537,9338,9907,217
9265: 9909,9549,9968,9305,9901
9317: 8770,7901,8296,9982,9556,9297
9588: 9622,9252,5975,9379,9593,9355
6884: 
9746: 9757,9958,9657,9298,9441,9853
2600: 9758,9295,2685,9247,2585,9669
9633: 9459,9670,9392,9483,4004,9280
9280: 4322,4004,9633,9670,9602,4719,9877
9322: 9403,9607,10001,9445,9287,2678
9645: 2649,9813,9335,9709,9717
9295: 9758,9918,2600,9427,9247,9528
9607: 9308,9403,9322,9377,2678,9638
1740: 
4322: 4004,6018,9280,9357,3210,4719
9469: 9417,9494,9309,9908,9847,9801
9935: 2540,3121,9328,2928,9955,9814
9945: 9826,9719,9821,3295
9779: 9977,5408,9627,9753,10031,9880
9914: 9906,9896,9341,9847,9685,10016
9851: 687,492
9943: 9638,9920,9529,9647,9435,9650
4893: 5202,4697,9553,9339,9337,4891
8150: 9692,9750,9592,9356,9336,8309
5475: 9848,5070,5754,9364,9261,9884
9855: 6695
9566: 9445,9315,9611,9324,9428,9431
9829: 9736,9270,9760,9707,9655,9798
9434: 9447,9373,9711
9683: 9842,7934
9709: 9335,9246,9761,9645,9717,9700
4891: 9432,9475,3777,9339,4697,4893
9519: 9594,10030,9340,9285
9928: 9390,9486,9484,10024,9729,9733
9325: 9398,10033,9476,9364,9463,9261
9854: 10043,9767,9926,9787,9691,9889
9508: 9561,9301,7360,9310,9643
10023: 9965,9542,9327,9579,9671,9970
9398: 9325,10033,9659,9476,9362,9244
9765: 3743,9677
9699: 9883,9329,9950,9775,9345,9791
9629: 9960,10005,9894,9556,9600,9297
9415: 9251,9283,9637,9737,2492,9372
9510: 10010,9862,9822,9997,9286,9675
9814: 9922,9955,9897,9328,9935,9825
5640: 
7355: 
9691: 9787,9800,9854,9292,9889
9922: 9955,9814,9876,9766,9897,9921
9853: 9440,9698,9746,9657,9441,9804
9617: 8513,7581,9795,10029,9938,7988
7318: 9284,9649,7565,8991,7581,9081
9880: 10009,10012,10031,9977,9779,9517
9698: 9969,9853,9440,9883,9657,9807
9787: 9800,9691,9438,9767,9854,9634
3321: 9704,3712,3715,9957,9790,3722
9931: 9949,9888,9891
9738: 9846,5400,9835,6849,9764,9754
8710: 8225,7988,8296,9752,9982,10003
9907: 9338,217,9326,9589,9782,9273
9754: 9885,9303,9852,9835,9846,9738
9819: 9500,9972,9748,1950,359,9399
9857: 10030,8309,7992,9752,9340,9762
9565: 9806,9487,9515,9416,9329,9775
9918: 9663,9758,9295,9528,9414,9879
9788: 9933,9547,9321,9940,3786,10002
8225: 7988,9448,8710,7992,9752
9426: 9376,8033,9413,9886,9702,9836
9722: 9715,9296,9720,9708,9813,9335
5400: 9846,5403,9738,6849,5408,9627
9660: 10043,9767,9444,9584,9368,9661
9761: 9709,9246,9700,9357,9342,6018
9852: 9754,9303,9593,9835,9915,9622
9456: 9984,9828,9545,9378,9277,9686
9858: 9811,9794,9827,9996
6682: 7417,9952,9466,9525,6967,9714
9724: 9764,9801,9860,9309,9601,9696
10010: 10001,9810,9510,9822,9675,9611
9609: 9582,9572,4139,9579,9591,9327,9555
9729: 9472,10024,7617,9705,9486,9928
9405: 9748,9257,9551,9612,9949,9682
9878: 10011,9576,9925,9500,9972,9255
4485: 9384,3471,9570,3284,9969,9475,3983
127: 
9514: 9388,9321,9743,9812,9488,9264
9964: 9776,9873,6349,9872,5564,5466
9713: 9516,9520,9957,9990,3722
9838: 9870,9866,9689,10000,9994
9899: 9374,9332,9665,9874,9425,9774
9982: 9571,9556,10003,8710,8296,9317
4463: 5064,5256,4255,4155,4146,4569
2333: 3502,4083,9259,9430,3701,9366
1729: 
9245: 9980,9363,9882,9895,9552
9467: 7811,6460,6071,9478,9477,9290
9974: 9806,9487,9869,9809,9933,3486,3786
9868: 4941
141: 
9884: 9261,9603,9848,5475,10019,9667
9572: 9582,9609,9597,9986,9327,9630
5564: 9872,9455,9578,5070,9964,5466
1793: 9869,10040,9626,9515,9706,9806
3119: 9913,4525,9304,2928,3121
3540: 3345
9431: 9464,9288,9324,9566,9315,9300
9619: 9605,2580,9595,9463,9608,4169
5870: 9506,9433,9575,6348,5478,6280
3121: 2540,9935,3907,2928,4525,3119
9407: 9438,9661,9892,9563,8867,9019
10033: 9398,9325,9659,9595,9532,9463
9401: 9911,4486,6508,9668,9979,9726
9441: 9248,9298,9746,9853,9590,9804
156: 
9708: 9720,1553,9902,2721,9903,9715,9722
9644: 5202,4697,9911,9896,9341,10020
9382: 2305,9637,9255,9500,9399,2133
9246: 9335,9709,9761,9296,9342,9443
9985: 9632,9808,9755,10017,9871,10018
9957: 3715,10038,10041,9990,9713,3321
8921: 
10002: 9316,9818,9788,9388,9321,9940
9606: 927,9635,9905,9780,9267,9961,9389
9692: 8150,9750,9336,9893,9293,9786
2858: 
1225: 9554,9491,9495,2733,1553,9624
9983: 8346
7934: 9683,9842
9485: 9924,9333,9585,9796,9759,9697
9324: 9473,9527,9428,9464,9431,9566
9319: 2649,9813,9333,9585,9720,9624
9446: 9263,9460,9803,9537,9782,9461
10005: 9960,9629,9571,9556,9824,9664
2194: 
9413: 9312,9733,9484,9376,9426,9886
9843: 9934,9770,9856,9281,9586
9523: 9703,9294,9454,9266,9348
9736: 9821,9270,9829,9823,9798,9769
9648: 9518,6204,9849,9666,9701,9400
9751: 9877,9718,9670,9959,9721
3504: 9254,4293,9481,3502,4083,4498
9601: 9511,9309,6280,9575,9860,9724
9253: 9274,9631,9517,9636,9299,9977
9581: 9881,9492,9653,9716,9681,9844
9596: 8631,9639,5792,9497,9368,9971
9259: 2333,4083,9366,9553,4486,6508
9895: 9882,9840,9780,9363,9245,9635
8264: 
9367: 9539,9410,9311,9490,4950,9578
9258: 9412,9573,9723,9513,9498,9538
9299: 9274,9253,9636,8631,9639,6385
9893: 9437,9692,9336,9786
9433: 9330,9506,5870,9313,9502,6348
1950: 1592,874,9748,9819,359
9450: 9800,9976,9739,9828,9545
9741: 
9881: 9492,9581,9716,9995
9700: 9717,4937,9709,9761,6018
9650: 6731,9773,9920,9943,9647,9805
4941: 9868
9669: 2585,9747,9774,2685,9874,2600
9369: 9626,9580,9946,9323,9706,9991
9976: 9625,9634,9800,9450,9739,9641
9385: 9370,9300,9288,9345,9900,9791
9662: 9822,9742,9997,2609,9527,9428
1594: 
2778: 9663,9758,9361,2585,2699,2509
9870: 9838,9947,9693,9994
9815: 9771,10041,9990
9586: 1592,9281,9843,9956,9856,9674
6071: 6460,9550,9467,9458,9478,5882
10000: 9689,9797,9838,9422,9462,9994
9583: 9701,9861,9249,9360,9785,9452
9849: 9979,9666,9726,9701,9861,9648
217: 9907,9460,9782,9273,10040
9941: 9901,10035,9792,9992,9658,9873
9908: 9847,9685,9278,9511,9309,9469
9920: 9943,9529,10042,9839,9773,9650
9569: 9825,9328,9262
9544: 9386,10022,9712,9952,9735,9359
7901: 8770,9317,8990,8885,9297
9529: 9638,9920,9943,10042,9362,9377
7292: 9346,9436,8333,7641,7719
9656: 9793,9728,9769,9781,9537,9338
9681: 9984,9828,9653,9739,9581,9844
9887: 9599,9646,10027,9866,9689,9799
7965: 9568,8046,9423,8333,8033,7719
8904: 
9716: 9381,9653,9864,9995,9881,9581
9470: 9902,2721,9365,9557,9577,9358
9515: 9416,9272,9706,1793,9806,9565
5064: 5256,4463,4255,4347,4057,4771
9677: 3743,9765
9769: 9798,9781,9736,9823,9728,9656
9462: 9442,9422,9797,10000,9489,9256
9261: 9603,9884,9364,9325,9476,5475
9248: 9298,9441,9536,9268,9590,9430
9970: 9671,9845,9862,9579,10023,9351
9965: 10023,9542,2699,2509,9671,9742
9667: 9561,9301,9839,9603,9884,10019
9461: 9393,9642,9496,9263,9446,9803
9593: 9379,5775,9915,9588,9622,9852
8391: 
9373: 9434,9447,9452,9678,9998,9711
9723: 9513,9412,9258
9570: 4485,3471,9370,9900,3284,9330,9506
9594: 9519,9750,9293,9340
9637: 2305,9382,9255,9251,9415,9372
2305: 9637,9382,2133,9421,9372,9371
9971: 9930,9926,9368,9596,8631,10043
9575: 9384,3874,3471,9506,5870,9511,9601,6280
9830: 9276,9719,9674,9956,9826
9445: 9287,9566,9315,9611,10001,9322
9673: 9811,9794,9672,9863
9612: 10004,9770,9551,9405,9257
9516: 9713,9520,9771
10035: 9941,9901,9992,9471,9305,9867
7899: 7570,9079,9419,9284,7565,9504
9406: 9915,9540,6085,9512,5775,9967
9824: 9664,9571,9727,10039,10005
10006: 9975,9792,9992,9725,9817
9822: 9662,9997,9428,10010,9510,9611
10031: 10012,9880,9753,9768,9684,9779
9917: 9334,9988,9386,9712,9353,9592
2391: 4057,2968,3860,3166,9541,2580
9832: 9694,9886,9981,9702
9257: 9748,9405,9612,9770,9281
9296: 9279,9715,9722,9335,9246,9443
9237: 7570,9079,8496,9640,9420,9307
9582: 9609,9572,9375,9597,9591,10032
9874: 2685,9737,9665,9899,9669,9774
274: 
9791: 9807,9900,9883,9699,9345,9385
2476: 
9418: 9424,9621,9772
9486: 9390,9928,9289,9705,9534,9729
8046: 7723,9568,7965,8333,7383,8867
2609: 2699,9439,9962,9662,9742,9527
9592: 8150,9356,9336,9353,9334,9917
2585: 9361,9747,9669,2778,9758,2600
3471: 9384,4485,3874,9575,9570,3284,9506
9969: 9440,9698,9807,3284,4485,3777,3983
9546: 9749,9827,9610,9564,9560,9567
9909: 9265,9549,9755,9404,4950
9793: 9728,2806,9656,9338,9326,9383
9481: 9254,3504,3701,9250,9279,3502
10037: 9798,9781,9421,9655,9496,9803
9494: 9753,9417,9469,9847,9684,10016
6695: 9855
3786: 3486,9940,9788,9933,9974
3907: 2540,3121,4525,4937,9269
3983: 9475,3777,3284,9969,9384,4485
9979: 9849,9666,9726,9911,9401,10020
9726: 9979,9849,9401,9784,9668,9861
10042: 9920,9529,9476,9362,9839,9603
9473: 9324,9527,9439,9676,9464,9468
299: 411
9613: 9307,9564,9277,9420,9618,9610
9686: 9618,9984,9456,9277
9801: 6849,9764,9724,9309,9417,9469
10029: 9740,9795,9395,9938,9988,9617
9307: 9504,9564,9613,9237,9079,9420
9755: 9632,9985,9404,9909,9549,10018
8296: 7988,8710,8513,8770,9317,9982
9682: 9949,9888,9748,9405,9925,9972
9772: 9374,9332,9418,9424,9620
10036: 9744,10011,9932,9891
9836: 9587,9702,8033,9426,9423,9688
9585: 9333,9485,9697,2649,9319,9913
9542: 10023,9965,9327,9630,9361,2509
5754: 5475,5070,9394,9364,9608,9455
9500: 9819,9972,9878,9399,9382,9255
9733: 9413,9312,10024,9928,9484,9951
316: 
9888: 9949,9931,9682,9925,9891
9291: 927,9635,9812,9363,9264,9530
9712: 9386,9544,9359,9395,9988,9917
3860: 9256,3166,4255,2391,4057
10025: 9703,9294,9480,9678,9711
9916: 9864,9688,9587,9995
6155: 6249,9817,9776,6349,9695,9690
9428: 9324,9527,9822,9662,9566,9611
9410: 9533,9394,9311,9367,9455,9578
9503: 5138,9454,4811,9480,9429,9294
9411: 9535,9351,9845,9541,9605,9479
9714: 6967,10012,9768,6009,6682,9525
9597: 9425,9986,9396,9375,9582,9572
9580: 9369,9626,9263,9460,9323
9873: 9776,9964,9658,9872,9941,9792
9599: 9887,9646,9513,9799,9522,9498
9803: 9446,9537,9496,9781,10037,9461
9624: 9720,1553,1225,9491,9333,9319
9327: 10023,9542,9630,9609,9572,9579
336: 
9643: 9310,9402,9936,9561,9508,10034
9420: 9378,9277,9640,9237,9307,9613
9753: 9417,9494,9684,9779,5408,10031
9951: 10024,9312,9733
2699: 2609,2509,9663,2778,9965,9962,9742
9778: 9386,10022,9831,9437,9353
2024: 9424,9756,9283,3947,9374,9665
3722: 9816,9790,9713,9520,3321
9744: 10036,9912,9932,9756,9621
7340: 
9926: 9919,9930,9971,10043,9854,9889
9826: 9945,9830,9719
8333: 7383,7641,7292,7719,7965,8046
9912: 9744,9621
6731: 7360,9773,5975,9650,9805,5876
10024: 9472,9729,9928,9951,9733
3345: 3540
9316: 9577,9818,10002,9388,9557,9380
10003: 9571,9982,8710,9752,10039,9762
9697: 9304,9679,9585,9485,9796,9913
6420: 
7581: 8513,8991,9617,9795,7318,9649
359: 9760,9707,9399,1950,874,9819
9891: 10011,9925,9931,9888,10036
4486: 9911,6508,9401,9259,5202,9553
2906: 2244
9757: 9746,9958,9657,9837,9865,9950
9911: 4486,9401,9644,5202,10020,9979
9987: 9214
9821: 9736,9270,9719,9945,9823
6849: 9764,9801,9417,5400,9738,5408
9689: 9797,10000,9799,9866,9838,9887
9541: 9605,2580,3166,9535,9411,2391
9628: 9623,9260,9616,9904,9271,9419
6140: 
9289: 9989,9993,9705,9534,9486
9701: 9861,9583,9849,9648,9400,9785
9671: 9862,9970,10023,9965,9742,9997
9748: 9405,9257,9682,1950,9819,9972
376: 492
9499: 7009,9354,9465,9550,6930
9584: 9497,9368,9449,9444,9509,9660
9329: 9699,9950,9775,9487,9565,9837
9476: 9398,9325,9362,9261,9603,10042
9929: 9348,9718,9721
9463: 9364,9608,9619,9595,9325,10033
9813: 9645,2649,9319,9720,9722,9335
9330: 9506,9433,9313,9370,9526,9570
9271: 9904,9875,9344,6389,9628,9616
9984: 9828,9456,9681,9844,9686
9276: 9830,9719,9674,874,9760,9270
9608: 9364,9463,4169,9619,9394,5754
9391: 7723,9568,9625,9349,9381,9641
8879: 9560,9081,8990,9219,7565,9504
9454: 9602,4811,9503,9266,9294,9523
9455: 5564,9578,9410,9394,5070,5754
9379: 5775,9593,9967,9805,5975,9588
9866: 9838,9999,10027,9887,9689
9616: 9628,9623,9274,9631,6389,9271
9668: 3903,9784,4498,6508,9401,9726
9312: 9413,9733,9951,9694,9886
7723: 9568,8046,9391,8867,9892,9625
2364: 
9549: 9909,9265,10018,9968,9755
9444: 9509,9477,9563,9584,9661,9660
9975: 10006,9725,9783,10015
9145: 
9311: 9533,9410,4347,9539,4771,9367
9780: 9905,9937,9895,9840,9606,9635
9540: 9647,9543,9435,9512,9967,9406
9802: 9672,9548,9507
9331: 4155,9489,4146,9797,9799,9522
9638: 9943,9529,9377,9308,9607,9435
9752: 9857,7992,8225,8710,10003,9762
411: 299
9488: 9495,9264,9388,9514,9365,9557
9760: 9707,359,874,9276,9270,9829
9646: 9887,9599,10027,9513
9397: 9320,9357,9342,5138,3210,9409
4771: 9539,9350,5064,5256,4347,9311
9081: 8990,8879,7318,7565,8991
9640: 9292,6480,9237,9378,9420
9900: 9807,3284,9791,9370,9385,9570
9679: 9304,3810,9697,3612,9704,9796
9343: 9471,9614,9867
9847: 9908,9685,9914,9469,9494,10016
9303: 9754,9885,9852,9453,9622,9449
424: 1529
9555: 9535,9351,9609,4139,9579,3559
9247: 9427,2492,9372,2685,2600,9295
9595: 9479,9532,9605,9619,9463,10033
9968: 9265,9549,9306,9305
10039: 9727,9789,9762,9571,10003,9824
7811: 6460,9467,9477,9563,9019,6916
9255: 9637,9382,9878,9576,9500,9251
9877: 9751,9718,9266,9280,9670,9602
10026: 9439,9676,9962,9946,9879,9991
3820: 9978,9927,3715,10038,9966,3712
9539: 9350,9404,4771,9367,9311,4950
9309: 9511,9601,9908,9801,9724,9469
9551: 9612,9949,9405
8885: 9126,9297,8990,9219,7901,9125
8513: 8991,9617,7581,7988,8296,8770
9797: 9689,10000,9799,9462,9331,9489
9693: 9947,9834,9870
9341: 9914,9896,9432,9644,4697,9685
9996: 9794,9858
10008: 9745,9840,9937
9517: 9253,9631,9977,10009,9880,7146
3743: 9765,9677
9784: 3903,9668,9562,9726,9861,9249
9942: 9963,9457,9531,9998,9447,9651
449: 
6018: 4322,4004,9761,9700,9392,9357
9448: 8225,7988,9938,9334,9356,7992
9492: 9881,9581,9844
9371: 9642,2305,9421,9496,9427,9372
9973: 9823,9730,9728,2806
5792: 9596,9639,9885,9846,5403,9497
456: 
9988: 9938,9334,9917,9712,10029,9395
9666: 9979,9849,9906,10020,9648,6204
9933: 9788,9923,9547,9809,9974,3786
9938: 9334,9988,10029,9617,7988,9448
9365: 2721,9470,9557,9488,9495,2733
5129: 
9300: 9370,9385,9526,9288,9431,9315
8991: 8513,7581,7318,9081,8770
9360: 9480,9678,9429,9583,9249,9452
466: 
9665: 9737,9874,2024,9283,9374,9899
9475: 9432,4891,3777,3983,9384,4485,9278
9432: 4891,9475,4697,9685,9278,9341
9615: 9567,9125,9387,9749,9548,9863
9670: 9459,9633,9280,9959,9877,9751
9561: 9508,9301,9667,9936,10019,9643
9850: 1619,9732
9995: 9916,9864,9716,9881
9408: 9574,9352,9573,9538,9302,4448
2540: 3121,9328,9935,3907,9262
9809: 9869,9273,9589,9933,9923,9974
2133: 9421,9655,9707,9399,2305,9382
9414: 9946,9323,9879,9393,9528,9918
9449: 9584,9497,9453,9885,9303,9509
9496: 9421,10037,9461,9642,9371,9803
9466: 9952,6682,9525,9559,9735,9457
9840: 9882,9895,9745,10008,9780,9937
9711: 9678,10025,9434,9373
9717: 4937,9700,9645,4525,9709
9946: 9323,9414,9879,9369,10026,9991
8770: 7901,9317,8513,8991,8296
9550: 6460,6930,6071,9354,9458,9499
9277: 9378,9420,9456,9613,9618,9686
4498: 3903,9668,4083,4293,3504,6508
9079: 9237,7570,7899,9307,9504
492: 376,687,9851
9777: 
9627: 9977,9779,5408,5400,5403,9636
1529: 424
9577: 9316,9470,9557,9536,9380,9358
1246: 
9527: 9324,9473,9428,2609,9439,9662
1709: 2244,2153
9524: 9959,9282,9459
9739: 9653,9641,9976,9450,9828,9681
5876: 5882,9355,6731,7360,5975
9359: 9505,7847,9952,9544,9712,9395
8737: 
3284: 9807,9900,9969,4485,3471,9570,3983
9785: 9531,9998,9400,9701,9583,9452
9842: 9683,7934
9427: 9247,9372,9642,9528,9371,9295
7259: 
7505: 7146,8596,10009,6967,7417,7847
9632: 9808,9985,9755,9604,9350,9404
7880: 
513: 
9828: 9984,9456,9545,9681,9450,9739
9531: 9998,9400,9785,9559,9942,9457
9603: 9839,9261,9884,9476,10042,9667
9353: 9437,9386,9778,9917,9592,9336
9416: 9515,9272,9565,700,9468,9775
9684: 9768,9898,10016,9753,9494,10031
9652: 9833,9910,9680
9252: 9588,9453,9622,9478,9355,9290
9436: 9346,7292,9534,7009,9390,7641
9805: 9379,9967,9647,6731,5975,9650
9823: 9973,9821,9736,9769,9728
9318: 9960,9894,9558
9286: 9479,9532,9675,9845,9862,9510
9564: 9307,9504,9613,9560,9546,9610
9621: 9424,9756,9912,9744,9418
9903: 9250,9715,9902,9708,9493
6916: 7383,9019,7641,7811,6460,6930
9474: 9882,9745,9948,3491,9954,3991
9871: 10017,9985,9820,10018
9310: 9354,9402,9643,9508,9458
6480: 9640,9292,9889,9919,8496
535: 
3903: 9784,9668,4498,4293,9562,9409
537: 
9545: 9828,9456,9450,9292,9378
9393: 9461,9642,9528,9263,9323,9414
9273: 9869,9809,10040,9907,217,9589
9525: 6682,9466,9559,9518,6009,9714
9703: 9294,9523,10025
9283: 9251,3947,9415,2024,9737,9665
9278: 9908,9685,9384,9432,9475,9511
9507: 9558,9387,9501,9802,9548
7002: 
2153: 1709
9919: 9930,9926,8694,6480,9889,8496
9464: 700,9288,9468,9431,9324,9473
9807: 9900,3284,9791,9883,9969,9698
9905: 9780,9937,9267,9606
9293: 9786,9692,9750,9594
10014: 9092
9518: 9648,9559,6204,6009,9400,9525
9425: 9597,9986,9396,9332,9899,9774
9479: 9286,9595,9532,9411,9845,9605
4146: 9331,4155,9522,4450,4569,4448,4463
9825: 9569,9814,10028,9897,9328
9267: 9905,9606,9961,10021
9658: 9490,9872,9941,9901,9873
561: 760
9756: 2024,9424,9621,9744,9932,3947
9614: 9471,9306,9343
9883: 9699,9950,9657,9807,9791,9698
4448: 4569,9302,4450,9538,4146,9408
9879: 9946,9414,9663,9918,10026,9962
9396: 9425,9597,9620,9332,9834,9375
9991: 9272,9706,9946,9369,10026,9676
10004: 9612,9770,9934
9402: 9354,9310,9643,9465,9944,10034
9404: 9539,9350,9632,9755,9909,4950
2721: 9902,9470,9365,2733,9708,1553
9275: 9552,9598,9980,9923,9547,9743
9587: 9981,9702,9836,9916,9688
10015: 9314,9687,9347,9975,9725,9783
10034: 9944,9690,9936,9695,9402,9643
9844: 9984,9681,9492,9581
4004: 4322,6018,9280,9392,9633
9459: 9633,9670,9483,9282,9524,9959
9687: 10015,9314,9833,9783,7617,9953
9563: 9444,9477,7811,9019,9407,9661
9659: 9398,10033,9532,9675,9810,9244
9953: 9472,7617,9833,9687
1873: 
9011: 
9977: 9779,9627,9880,9253,9517,9636
9898: 9768,9684,10016,9906,6204,6009
9537: 9446,9803,9782,9781,9656,9338
9773: 6731,7360,9650,9839,9920,9301
5332: 
9657: 9746,9757,9883,9950,9853,9698
9618: 9686,9277,9613,9610
9767: 10043,9660,9854,9438,9661,9787
9672: 9802,9548,9863,9673
9904: 9875,9271,9628,9419,9284,9649
6280: 9601,5870,9575,9860,5478
8614: 
9308: 9502,9403,9607,9638,9543,9435
8318: 
9763: 9944,9690,6249,9347,9989,9993
9281: 1592,9586,9770,9843,9257
9676: 10026,9439,9272,9991,9473,9468
9298: 9248,9441,9536,9380,9746,9958
9447: 9434,9373,9998,9942,9651
9678: 9360,9480,10025,9373,9452,9711
9377: 9362,9244,2678,9607,9638,9529
9956: 9856,9586,9830,9674
9409: 5138,9562,4293,9320,9397,3903
9955: 9922,9814,9876,3810,2928,9935
9750: 9692,8150,9293,8309,9340,9594
9740: 9795,10029,9395,9505,9875,9344
3210: 5138,9357,9397,4322,4811,4719
9251: 9283,3947,9415,9576,9637,9255
9694: 9832,9886,9312
9718: 9877,9751,9266,9721,9348,9929
8917: 8807
9579: 9609,10023,9327,9351,9555,9970
9287: 9445,9315,9526,9403,9322,9313
9653: 9381,9739,9716,9641,9681,9581
9605: 9541,2580,9619,9411,9595,9479
9422: 9442,9591,9462,10032,9994,10000
2685: 9737,9874,9247,2492,9669,2600
9386: 10022,9778,9544,9712,9353,9917
9288: 700,9464,9431,9345,9300,9385
9522: 9498,4450,9599,9799,9331,4146
9867: 9471,10035,9992,9343
9861: 9701,9583,9249,9784,9849,9726
1592: 1950,874,9281,9586,9674
8596: 7146,6389,7505,9505,7847,9344
3295: 9945
3502: 2333,4083,3701,3504,9481
7641: 8333,7383,6916,7009,6930,9436,7292
9358: 9493,9268,9577,9902,9470,9536
634: 
7353: 
2678: 9244,9377,10001,9810,9607,9322
5466: 9710,5564,9848,5070,6349,9964
9685: 9908,9847,9278,9432,9914,9341
9297: 9600,8885,7901,9317,9556,9629
9468: 700,9464,9676,9416,9272,9473
9388: 9321,9514,9488,9316,10002,9557
9636: 9253,9299,5403,9977,9627,9639
9696: 9835,9915,9860,6085,9764,9724
9429: 9360,9480,5138,9503,9562,9249
645: 
2928: 9304,3810,9955,3119,3121,9935
9493: 3701,9268,9358,9902,9250,9903
9554: 1225,9491,9859,9389,9495,9530
9967: 9379,5775,9805,9647,9540,9406
9894: 9960,9629,9600,9501,9558,9318
9342: 9320,9357,9397,9443,9246,9761
7565: 9284,7318,7899,9504,9081,8879
9948: 9451,9954,9474,9745
4255: 5064,4463,4155,3860,4057
9816: 9759,9790,3722,9520,9731,10021
7936: 
9333: 9924,9585,9485,9491,9624,9319
9438: 9407,9661,9892,9767,9634,9787
9509: 9444,9477,9290,9453,9584,9449
2658: 
5426: 
9511: 9309,9601,9384,9575,9908,9278
9526: 9370,9300,9287,9315,9330,9313
9776: 9873,6349,9964,9792,9817,6155
9559: 9518,9531,9400,9466,9525,9457
9372: 9427,9247,2492,9415,2305,9637,9371
9370: 9300,9385,9526,9900,9330,9570
9443: 9320,9342,9279,9296,9246,9254
9623: 9628,9260,9616,8694,6385,9274
9314: 10015,9687,9347,9989,9705,7617
9818: 9316,10002,9940,9865,9958,9380
9260: 9628,9623,8694,7570,9419,8496
9758: 9663,2778,9918,2600,9295,2585
3701: 9493,9268,9250,2333,3502,9430,9481
7439: 
9989: 9289,9993,9705,9763,9314,9347
9502: 9308,9403,9433,9313,9543,6348
9642: 9461,9393,9528,9371,9496,9427
2733: 9495,1225,2721,9365,1553
9285: 9939,10030,9519,9789
9506: 9330,5870,9433,3874,3471,9575,9570
9480: 9360,9678,9429,9503,9294,10025
9125: 9567,9615,9387,9219,9126,8885
3712: 3612,9704,3321,3715,9927,3820
9924: 9333,9485,9859,9731,9759,9491
3491: 9954,3991,2806,9474,9383
687: 9851,492
9491: 1225,9554,9859,9924,9333,9624
9560: 8879,9219,9504,9564,9546,9567
9661: 9438,9407,9444,9563,9660,9767
9256: 3860,3166,3559,9442,9462,9489
9770: 9612,10004,9843,9934,9257,9281
4139: 9609,9442,9591,3559,9555
9384: 4485,3471,9575,9475,3983,9511,9278
9771: 9815,9516,9990
9786: 9293,9893,9692
7152: 6507
9326: 9338,9907,9589,9793,9598,9383
9532: 9286,9595,9479,9675,10033,9659
700: 9464,9288,9468,9416,9775,9345
9651: 9831,9447,9942,9963
9695: 9710,9936,6349,6155,9690,10034
9925: 9878,10011,9891,9888,9682,9972
9290: 9509,9477,9478,9453,9252,9467
9934: 9843,10004,9770
9244: 9362,9377,2678,9810,9398,9659
707: 
9952: 7417,6682,9466,9735,9359,9544
709: 9654
2580: 9541,9605,9619,2391,2968,4169
9869: 1793,9273,9809,10040,9806,9974
9513: 9723,9599,9646,9258,9498
9315: 9445,9287,9566,9431,9300,9526
10013: 9352,9412,9573
9458: 5882,9354,9310,9550,6071
9437: 9893,9353,9778,9336
2509: 2699,9361,2778,9965,9542
9576: 9878,10011,9932,9251,3947,9255
9440: 9969,9853,9698,9339,9804,3777
9889: 9292,6480,9854,9919,9926,9691
9340: 9857,10030,8309,9750,9519,9594
9274: 9253,9631,9299,9623,9616,6385
9892: 9438,9407,8867,7723,9625,9634
9395: 9740,10029,9359,9505,9712,9988
3612: 9704,3712,9927,3810,9679,9876
9173: 
6348: 9512,5478,9502,5870,9433,9543
10001: 10010,9810,9445,9611,2678,9322
3947: 9251,9283,9576,9932,2024,9756
9350: 9539,9404,4771,9604,5256,9632
731: 
3517: 10041
9896: 9906,9914,9341,10020,9644
10022: 9386,9778,9544,9735,9963,9831
4131: 
9272: 9515,9416,9706,9991,9676,9468
9735: 9963,9457,9952,9466,10022,9544
9430: 2333,9248,3701,9268,9590,9366
9863: 9672,9548,9749,9615,9811,9673
9337: 9590,9366,9804,9339,4893,9553
9219: 9560,8990,8879,9567,9125,8885
9521: 9483,9269,9282,9262,9734
10028: 9890,9897,9825
9435: 9647,9540,9543,9308,9638,9943
9986: 9425,9597,9747,9774,9572,9630
5478: 6348,9860,6085,9512,5870,6280
3715: 9957,10038,3712,3321,3820
9622: 9588,9453,9252,9593,9303,9852
10019: 9710,9936,9848,9884,9561,9667
9610: 9827,9546,9564,9613,9618
9465: 9354,9402,9944,9993,9499
7360: 6731,9773,9508,9301,5876
8309: 9857,7992,9340,8150,9750,9356
9804: 9590,9337,9441,9853,9440,9339
9906: 9914,9896,10020,9666,9898,10016,6204
9356: 8150,9592,9334,9448,8309,7992
9347: 10015,9314,9725,6249,9763,9989
1553: 9720,9708,9624,2733,1225,2721
9399: 9707,359,9819,9500,9382,2133
760: 561
9864: 9349,9916,9688,9381,9716,9995
9574: 9408,9352,9482,9302,10017,9808
9992: 9941,10035,9792,10006,9867
9743: 9321,9514,9275,9812,9980,9547
9783: 9833,9910,9975,10015,9687
9910: 9833,9783,9652,9680
9706: 9515,9272,9991,9369,9626,1793
9664: 9824,9960,10005
4697: 9644,5202,4893,9432,4891,9341
9452: 9373,9583,9360,9678,9998,9785
6385: 9623,8694,8631,9274,9299,9930
9390: 9486,9928,9484,9534,9346,9436
9304: 3810,9679,2928,9697,9913,3119
9806: 9487,9565,9974,1793,9869,9515
9348: 9929,9718,9266,9523
6009: 9518,6204,9768,9898,9714,9525
2198: 
9457: 9942,9735,9963,9559,9531,9466
9417: 9753,9469,9494,6849,9801,5408
9959: 9524,9459,9670,9751
9254: 4293,3504,9481,9279,9320,9443
9423: 9568,7965,8033,9836,9349,9688
9655: 2133,9421,9707,9829,9798,10037
9781: 9798,9769,10037,9656,9803,9537
9412: 9573,9258,9723,10013
9639: 9596,8631,5792,5403,9636,9299
9859: 9961,9731,9389,9554,9491,9924
9338: 9907,9326,9793,9656,9537,9782
9795: 9740,10029,9875,9649,9617,7581
9817: 9725,6249,6155,9792,9776,10006
9936: 9710,9695,10019,9561,10034,9643
9901: 9941,10035,9265,9658,9305
9705: 9289,9989,9314,9729,7617,9486
8346: 9983,8970
7617: 9472,9729,9953,9314,9687,9705
9306: 9471,9305,9614,9968
9620: 9332,9772,9834,9396
9737: 2685,9665,9874,9283,9415,2492
10021: 9961,9731,9267,9520,9816
9534: 9289,7009,9390,9486,9436
9313: 9330,9433,9287,9526,9502,9403
9383: 9552,9598,9793,3491,9326
9497: 9584,9368,9449,9885,9596,5792
5331: 
9263: 9460,9446,9461,9393,9323,9580
9913: 3119,9585,9304,9697,2649
9268: 3701,9493,9358,9248,9536,9430
4293: 9254,3504,9320,3903,4498,9409
6389: 7146,8596,9631,9616,9271,9344
9363: 9812,9980,9245,9895,9291,9635
9674: 9830,9276,9956,1592,874,9586
2244: 1709,2906
9284: 7318,9649,7565,9904,7899,9419
9730: 9451,9973,2806,9954
9553: 5202,4893,9366,9337,9259,4486
7265: 
9939: 9285,9727,9789
3810: 9304,9679,2928,3612,9955,9876
9937: 9905,9780,10008,9840
9915: 9835,9696,9406,6085,5775,9593,9852
9798: 9769,9781,10037,9736,9829,9655
8695: 
9725: 6249,9817,9975,10006,10015,9347
9998: 9531,9785,9447,9373,9452,9942
8970: 10007,8346
9944: 9763,9690,10034,9402,9465,9993
9932: 10011,9576,9744,10036,9756,3947
9345: 9699,9775,700,9288,9385,9791
9487: 9806,9565,9974,9837,3486,9329
9972: 9819,9500,9682,9748,9878,9925
9704: 3612,3712,3321,9790,9796,9679
9336: 9692,8150,9592,9437,9893,9353
9820: 9871,10018
10043: 9660,9767,9854,9368,9926,9971
7146: 8596,6389,7505,10009,9631,9517
9400: 9531,9785,9701,9648,9559,9518
1340: 1019
9625: 9634,9976,9892,7723,9391,9641
2968: 2391,4347,4057,2580,9533,4169
9865: 9837,3486,9940,9818,9757,9958
9389: 9961,9859,9606,927,9530,9554
9897: 10028,9890,9921,9922,9814,9825
2806: 9793,9728,9973,9730,3491
9305: 9471,9306,9265,9968,9901,10035
9501: 9600,9126,9387,9894,9558,9507
6508: 4486,9401,4083,9259,9668,4498
3166: 3860,9256,3559,9535,2391,9541
848: 
5408: 9779,9627,6849,9753,9417,5400
9302: 4569,4448,9604,9574,9408,9808
9810: 10010,10001,9675,9659,9244,2678
5250: 
3559: 9256,3166,9442,4139,9535,9555
5256: 5064,4463,4569,9604,9350,4771
7248: 
6531: 
9947: 9834,9375,9693,9870,10032,9994
7847: 9359,9505,7417,8596,7505
10030: 9857,9340,9519,9789,9762,9285
6118: 
861: 
4057: 2391,4347,2968,3860,5064,4255
9387: 9125,9615,9126,9501,9548,9507
5882: 5876,9458,9478,9355,6071
9548: 9672,9802,9863,9615,9387,9507
9528: 9393,9642,9427,9918,9295,9414
9375: 9947,9834,9597,9396,10032,9582
9282: 9521,9483,9734,9459,9524
10041: 9957,10038,9990,9815,3517
9442: 9591,9422,9462,4139,9256,3559
9049: 
9321: 9388,9514,9743,9788,9547,10002
6349: 9776,9964,9710,9695,5466,6155
874: 1950,1592,9276,9674,9760,359
9270: 9821,9736,9829,9276,9719,9760
9747: 9361,2585,9669,9774,9986,9630
9940: 3486,9865,3786,9788,9818,10002
9019: 7383,8867,6916,7811,9563,9407
9600: 9126,9501,9297,9629,9894
9719: 9830,9276,9826,9945,9821,9270
9927: 9978,9766,3820,3612,3712,9876
9505: 9359,7847,8596,9344,9740,9395
9591: 9442,9422,10032,9582,9609,4139
9520: 9713,9516,10021,9816,3722
9262: 2540,9328,9569,9521,9734
9424: 2024,9756,9621,9418,9374,9772
9710: 9936,9695,10019,5466,9848,6349
10020: 9906,9896,9644,9911,9979,9666
9647: 9540,9435,9943,9650,9967,9805
9732: 978,9850
9707: 9760,359,9399,9829,2133,9655
9837: 3486,9865,9487,9329,9950,9757
9598: 9552,9275,9383,9326,9589,9923
9498: 9522,4450,9538,9513,9599,9258
9504: 9307,9564,9079,7899,7565,9560,8879
5775: 9379,9593,9967,9915,9406
9558: 9507,9501,9894,9318
9999: 10027,9866
9841: 9654
9831: 9651,9963,10022,9778
9419: 7570,7899,9628,9260,9904,9284
9688: 9349,9916,9864,9423,9587,9836
9846: 5400,5403,9738,9754,9885,5792
8631: 9596,9639,9299,9930,9971,6385
10027: 9999,9866,9887,9646
6204: 9648,9518,6009,9906,9666,9898
9335: 9709,9246,9645,9813,9722,9296
9471: 9306,9305,9614,10035,9343,9867
9472: 10024,9729,7617,9953
6249: 9725,9817,6155,9763,9690,9347
9835: 9696,9915,9764,9754,9852,9738
9993: 9289,9989,9944,9763,9465
9856: 9956,9843,9586
9808: 9632,9985,9574,9302,9604,10017
9604: 4569,9302,5256,9632,9808,9350
9538: 9498,4450,9573,9258,9408,4448
9264: 9488,9495,9530,9812,9291,9514
4937: 9717,9700,9392,4525,3907,9269
9126: 9600,9501,8885,9125,9387
4719: 9602,4811,9357,4322,9280,3210
9567: 9125,9615,9560,9219,9749,9546
2551: 
9827: 9749,9546,9610,9811,9858
1619: 9850
9351: 9535,9555,9411,9579,9845,9970
10040: 1793,9869,9273,9460,217,9626
927: 9606,9291,9635,9389,9530
9403: 9308,9502,9607,9322,9287,9313
3777: 4891,9475,3983,9969,9440,9339
9796: 9485,9759,9790,9704,9679,9697
9789: 9727,10039,9762,10030,9939,9285
9530: 9495,9264,9291,927,9389,9554
9764: 6849,9801,9724,9835,9696,9738
9960: 9629,10005,9894,9664,9318
9950: 9883,9329,9699,9837,9757,9657
2189: 2280
9611: 9445,9566,9822,9428,10010,10001
9477: 9444,9509,9290,9563,7811,9467
9921: 9890,9897,9766,9922
9355: 5876,9478,5882,5975,9588,9252
3991: 3491,9474
9453: 9622,9252,9303,9509,9290,9449
9949: 9931,9888,9682,9551,9405
4450: 9522,9498,9538,4146,4448
2492: 9247,9372,9415,2685,9737
9490: 4950,9658,9367,9872,9578
7383: 8333,8867,9019,7641,6916,8046
9357: 9342,9397,9761,4322,6018,3210,4719
9981: 9587,9702,9832
9368: 9584,9497,9596,10043,9660,9971
9439: 10026,9676,9962,2609,9473,9527
9715: 9250,9279,9903,9722,9296,9708
4155: 9331,9489,4146,4463,4255
9552: 9598,9275,9383,9980,9245
5633: 
6967: 10009,10012,9714,7417,6682,7505
6323: 
7992: 9857,8309,9752,9356,8225,9448
959: 
6460: 7811,9550,9467,6930,6071,6916
9250: 9279,9903,9715,3701,9493,9481
9923: 9933,9547,9589,9598,9275,9809
9380: 9298,9536,9316,9577,9818,9958
9269: 9521,9483,3907,4937,9392
10032: 9591,9422,9994,9947,9375,9582
9794: 9811,9673,9858,9996
8044: 
9902: 2721,9470,9708,9493,9358,9903
9812: 9980,9363,9291,9514,9743,9264
9745: 9882,9474,9840,9948,10008
9875: 9904,9271,9344,9740,9795,9649
5138: 9503,3210,9562,9409,9397,4811,9429
8033: 9376,9426,7719,7965,9423,9836
9249: 9861,9583,9784,9562,9360,9429
9800: 9787,9691,9450,9634,9976
9364: 9463,9608,9325,5475,5754,9261
8867: 7383,9019,9407,9892,7723,8046
978: 9732,1052
9374: 9332,9899,9772,2024,9424,9665
9568: 7723,7965,8046,9423,9391,9349
9876: 9922,9955,3612,9927,9766,3810
9483: 9521,9269,9282,9392,9459,9633
9421: 2133,9655,9496,2305,10037,9371
9720: 9708,1553,9624,9813,9319,9722
9790: 9759,9816,3722,9704,3321,9796
9366: 9590,9337,2333,9259,9430,9553
9930: 9919,9926,9971,8631,8694,6385
9332: 9374,9899,9772,9620,9425,9396
9845: 9862,9970,9351,9411,9286,9479
10009: 6967,10012,9880,9517,7146,7505
8807: 8917
4950: 9490,9539,9404,9367,9909
9451: 9730,9948,9954
9573: 9412,9258,9538,9408,9352,10013
3545: 
9578: 9872,5564,9455,9367,9410,9490
9381: 9653,9716,9641,9391,9349,9864
9460: 9263,9446,9782,217,9580,10040
9799: 9689,9797,9887,9599,9522,9331
9495: 9488,2733,9264,9530,1225,9554,9365
9630: 9542,9327,9986,9361,9747,9572
9547: 9788,9933,9923,9275,9321,9743
9536: 9248,9298,9380,9577,9268,9358
9320: 9342,9397,9443,9254,4293,9409
9728: 9793,2806,9656,9823,9973,9769
1006: 
9557: 9470,9365,9388,9488,9316,9577
10016: 9684,9898,9847,9906,9914,9494
7719: 9376,8033,9346,7292,8333,7965
9792: 9941,9992,9776,9873,10006,9817
9749: 9827,9546,9567,9615,9811,9863
7570: 9237,9079,7899,9419,8496,9260
7988: 8225,9448,8710,8296,9938,8513,9617
9762: 9789,10039,9857,10030,9752,10003
2669: 
9328: 2540,9935,9262,9814,9569,9825
9834: 9947,9375,9693,9620,9396
9872: 5564,9578,9490,9658,9873,9964
1019: 1340
9344: 9875,9271,8596,6389,9505,9740
9349: 9864,9688,9568,9423,9391,9381
9811: 9794,9673,9858,9749,9827,9863
9727: 9789,10039,9939,9824
9602: 9454,4811,4719,9280,9877,9266
8658: 
9484: 9390,9928,9346,9413,9733,9376
5403: 9846,5400,9627,9639,5792,9636
9478: 5882,9355,9252,9467,6071,9290
9997: 9822,9662,9742,9671,9862,9510
9980: 9812,9363,9245,9552,9275,9743
9766: 9978,9927,9922,9876,9921
9759: 9816,9790,9731,9924,9485,9796
9702: 9981,9587,9836,9426,9832,9886
9631: 9274,9253,9517,7146,6389,9616
9860: 6085,5478,9601,6280,9696,9724
9301: 9561,9508,9667,9839,7360,9773
10018: 9549,9871,9985,9755,9820
5841: 
5202: 9644,4697,4893,9553,9911,4486
7417: 9952,6682,6967,7505,7847
10038: 3715,9957,10041,3820
9675: 9286,9532,10010,9810,9510,9659
9323: 9946,9414,9393,9263,9369,9580
1044: 
4347: 4057,2968,5064,4771,9533,9311
9966: 9978,3820
9589: 9907,9326,9598,9273,9809,9923
2649: 9645,9813,9319,9585,9913
9334: 9938,9988,9917,9592,9356,9448
9862: 9671,9845,9970,9997,9286,9510
9489: 9331,4155,9797,9462,9256
1052: 978
9978: 9927,9766,3820,9966
9731: 9961,9859,10021,9759,9816,9924
9721: 9751,9718,9929
8496: 9237,7570,9919,9260,8694,6480
9775: 9329,9699,9345,9416,9565,700
9635: 9606,9291,927,9895,9780,9363
9634: 9625,9976,9438,9892,9787,9800
6930: 6460,9550,9499,7009,7641,6916
9361: 2585,9747,2778,9542,9630,2509
9214: 9987
9279: 9250,9715,9296,9254,9481,9443
9641: 9381,9653,9739,9391,9625,9976
9885: 9754,9303,9846,9497,9449,5792
4083: 2333,3502,9259,3504,6508,4498
8990: 9081,8879,9219,7901,8885
9346: 9436,7292,9390,9484,9376,7719
9839: 9603,9920,10042,9301,9667,9773
9734: 9262,9521,9282
9535: 9351,9555,9411,3166,3559,9541
9543: 9540,9435,9308,9502,6348,9512
9742: 9662,9997,9965,2699,2609,9671
9890: 10028,9897,9921
9680: 9910,9652
9994: 9422,10032,9870,9838,9947,10000
9352: 9574,9408,9482,10013,9573
9654: 709,9841
9649: 9284,7318,9904,9875,9795,7581
9961: 9859,9731,9389,10021,9267,9606
9292: 9640,6480,9889,9691,9545,9378
5070: 9848,5475,5754,5564,9455,5466
9963: 9942,9735,9457,9651,9831,10022
9626: 9369,9580,1793,10040,9706
4169: 9608,2968,2580,9619,9533,9394
9571: 9982,9556,10003,10039,10005,9824
7775: 
4525: 3119,3121,3907,9717,4937