9266: 9602,9523,9348,9280,9877,9718
9886: 9413,9426,9694,9312,9832,9702
9339: 3485,9553,9337,3482,9440
9882: 2072,9745,9840,10008,9895
9378: 9456,9545,9277,9292,9640,9420
5: 
5727: 5331,5826
2743: 9704,9679,3222,3715,3713,3615
4811: 4826,4823,4514,4004,4626,4719
3874: 9433,3674,9506,3578,3471,2148
5975: 5876,5683,5973,5587,5882
8475: 
9239: 9219,9560,9567,9038,9194,9242
10012: 10009,9714,6967,10031,9880
9954: 2271,1996,9451
9562: 9784,9249,5421,5138,9429
3451: 3942
9482: 10013,9352,9408,9574
10017: 9985,9808,9871,9574
10007: 8970,8555
9833: 9783,9953
10011: 9576,9878,9932,9925,9891,10036
22: 
2280: 2189
9092: 8999
9962: 2699,9946,1611,10026,9879,9663,2231
7010: 7195,6930,7198,9465,7014,9993
5215: 4606,4605,5010,5214,5417,5917
9354: 9402,9499,9310,9643,9458,9550
4218: 3506,3607,3121,2540,9269,9392
30: 
4867: 4569,4269,4771,4164,5064,4968
6358: 6823,6071,7360,6915,7532,6072
2036: 1270,1951,1950,2133,1855,2403
34: 
7009: 9705,7014,7542,7195,9289
9294: 9480,9454,9503,9523,9703,10025
9663: 2321,2231,9918,9758,9879,9962
4306: 9357,4514,4710,9397,4611,4004,4616
8694: 8631,8632,7478,9596,9971,8496
40: 
6085: 7123,9696,9379,9860,6280
9533: 9410,9394,9311,4968,4168,4771
9362: 9529,9377,9244,9476,3771,10042
9782: 9460,9446,9338,9793,10040,9907
9265: 9968,9909,6335,5355,9306,9305
9317: 9297,8707,8995,8710,9556,9982
8878: 9079,9120,9238,9237,8061,9217
6884: 6886
7345: 7080
2600: 2321,2585,2666,9758,9669,2685
2524: 2336,1973
9280: 4525,4937,4529,9602,9266,9877
6347: 9964,5564,5070,6349,6155
9645: 9335,9813,3119,9709,9717,3607
4168: 9533,9394,4771,4266,3367,4475
56: 
8999: 9092
4322: 4525,4529,3506,4521,9392,9633
7739: 7570,7821,6671,7142,7581,7314
6767: 9274,7569,6671,9631,7050,6483
9945: 159,9826
8632: 8631,8694,7478,6284,6385,6665
9914: 9896,9906,9341,9685,9847,10016
64: 275
9943: 9647,9650,9529,9638,9435,9920
4893: 5578,3778,4486,4284,5295,4590
8150: 8383,8075,9448,7988,7911
8661: 
9855: 6517
7564: 9449,9885,7033,9497,9596,8631
9829: 9655,9798,9760,9769,9736,9707
7569: 9274,6767,6671,6481,7565,7570
73: 336,283
9709: 9700,9761,9717,9335,9645,9246
8175: 
6338: 6244,6335,5355,9490,6339
4979: 3184,9502,9403,4072,9607,6629
3450: 1583
9854: 9926,9767,9438,9787,9889,9691
6658: 5192,5084,5086,5389,5585,5395
81: 
9398: 9659,9463,9810,9476,9325,9244
9765: 1838,9677
9699: 9950,9657,9775,9883,9791
9629: 9894,9960,9600,9297,9556,10005
6244: 9901,6335,6338,5856,9658
9510: 9675,9286,9532,9997,9822,9662
9814: 9935,9955,9922,9328,9825,9897
6403: 7152
7355: 
9691: 9889,9292,9854,9787,9800
9922: 9876,9921,9814,9955,4330,9897
93: 9851
9617: 8383,9448,10029,9795,9938,9334
7318: 8222,8770,7581,7996,7314
9880: 10031,9977,10009,10012,7434,9517
9698: 9969,9883,9657,9804,9853,9440
9787: 9634,9800,9438,9892,9854,9691
3321: 3731,3821,9957,3517,2836,3222
100: 3486,2523,3786
9738: 5304,6849,5400,9754,9835,9846
7979: 9238,7818,7899,8061,9081,7737
4566: 2391,4165,4057,4269,4068,4164
4165: 2391,4566,2772,4057,3860,3166
9819: 9399,2689,9500,1506,9748,9972
6517: 9855
9565: 9487,9806,9515,9272,9416,9329
9918: 9295,9758,9528,9414,9879,9663
9788: 9940,9321,10002
4393: 4293,4387,4498,5201,4697,4590
5062: 4858,5150,5256,4661,4462,5755
9722: 9296,9715,9903,9335,9708,9813
5400: 5304,9738,5613,9846,5792,5302
3982: 3983,3777,3680,3485,3683,4284
9761: 9700,9709,9342,9246,9357,3907
9852: 9754,9915,9835,9453,9622,9303
8189: 8192
1984: 1387,1894
1861: 1428,1592,1506,9257,1512,1594
9724: 9764,9801,9860,9309,9601,9696
3821: 3731,3321,9790,3722,9704,3222
9609: 9555,9579,9327,9572,3755,4139
8119: 8261,7880
9405: 1512,1178,1594,9551,872
9878: 9576,10011,9972,9925,9500,9255
4485: 5093,6375,4891,5578,4687,5194
127: 
8301: 9340,9750,8309,8451,9857,10030
9964: 6347,5564,9873,9872,9776
6437: 9690,6249,6155,9695,6537
9838: 9994,9870,9866,9689,10000
9899: 9425,9374,9665,9774,9874,3458
9982: 9556,8373,10003,9571,8710,9317
4463: 4569,4255,4347,4057,4164
2333: 3207,9259,9536,9430,9366,9268
5765: 9578,5856,5664,9872,5564
9245: 9552,1075,9363,9635
9467: 9478,9290,6460,7019,9477,6931
9974: 9837,9933,9487,9869
9868: 4941
141: 
7181: 
9572: 9986,9630,3850,3755,9609,9327
5564: 9964,6347,5765,5664,5070,9872
1793: 9515,9706,368,616,1698,9806
3119: 1727,3121,9720,9813,9645,3607
3540: 3345
7156: 7062
149: 
5870: 5084,5086,6724,5678,5970
3121: 3025,3119,1727,2540,3607,4218
9407: 9661,9438,9892,7723,9019,7888,8126
5578: 4687,3778,4893,5194,5295,4485
9401: 6018,5917,6508,9911,9979,9668
155: 
156: 157
157: 156
9644: 5000,5207,6508,9896,9911,9341
159: 9945,9826
9246: 9443,9342,9296,9335,9761,9709
9985: 9808,10017,9871,9632,10018,9755
9957: 3731,3321,9990,10041,10038,3517
163: 
10002: 9388,9321,9557,9788,9316,9940
6003: 6583,9517,8526,9631,6389,6483
4529: 4525,4322,9280,9633,9670,9877
2858: 3835,3646
8192: 8189
9983: 8346
7934: 9683,9842
9485: 9585,9697,9333,9924,9759,9796
9324: 9431,9464,9566,9473,9428,9527
6007: 10016,9898,5813,9494,9684,5801
9446: 9782,9460,9338,9537,9263,9803
3607: 3506,4218,9645,3119,3121,9717
2194: 2286
9413: 9886,9426,9376,9733,9484,9312
9843: 9281,9770,9934,9856,9586
9523: 9602,9266,9348,9454,9294,9703
9736: 9823,9769,9821,9760,9270,9829
9648: 6984,9849,6009,9701,9400,9518
5084: 6658,5086,5870,5775,5970,5585
3504: 4703,3998,3903,4504,4603
5041: 
5750: 6041,9652
9581: 9844,9881,9653,9492
2236: 9676,683,9369,10026,2326,1622
9259: 3207,2333,9553,9366,4083,3783
9895: 2362,9882,9840,9780
8264: 
9367: 9578,5856,9410,9311,9539,9490
7911: 7992,7988,8150,9448,9356,8376,8309
9299: 9639,6665,9636,9253,6480,6093,9274
9893: 9437,9336,9786,9692
9433: 3874,3674,9506,9313,9330,9502
1950: 2036,1951,1180,1428,1592,2403
9450: 9828,9739,9800,9976,9545
5201: 5200,5295,5202,4697,4590,4393
7142: 7581,9260,6671,7050,9623,7739
9232: 9987
9650: 9647,9805,9943,9920,9773,6731
1716: 4498,3998,3207,3701,4293,3783
9669: 9774,9874,2685,2600,2585,9747
3731: 3821,3321,9957,9990,9713,3722
9976: 9634,9800,9625,9641,9450,9739
2148: 6348,5965,3874,3674,3471,5478
5451: 5250
8812: 8868
2778: 2321,2585,2231,2136,9361,2509
9870: 9947,9838,9994,9693
9815: 9771,9990,10041
9586: 9674,801,9956,9856,9281,9843,1180
6071: 5873,6823,6358,5683,5973,6072
10000: 9689,9797,9838,9994,9422,9462
7080: 7520,7345
9849: 9648,6984,9726,9666,9861,9701
217: 616,9907,10040,9626,368
9941: 9992,9792,9901,9658,9873,10035
9908: 9685,9278,9847,9309,9511,9469
9920: 10042,9839,9773,9529,9943,9650
9569: 9328,9734,9262
5167: 5755,4950,5064,9311,4968,9539
7901: 7742,8766,7737,9037,9081
9529: 9362,9377,9638,9920,10042,9943
7292: 7117,9534,9289,8186,7195,7026,7383
9656: 9781,9769,9728,9798
9681: 9828,9739,9653,9984,9844
7494: 8296,8372,8513,7996,9284,9419,8222
6375: 9384,5093,4485,5194,9475,5495
6617: 
9716: 9995,9881,9653,9381,9864
9470: 2721,2536,9316,9557,2253,9902
233: 834,9288,700,9345,9464
5064: 5755,5167,4462,4867,4569,4968
9677: 1666,1838,9765
2044: 2212,2224,2311,9372,9247,1527
237: 
9261: 9476,3771,9325,9364,3670,4073
9248: 4196,9430,9441,9590
4115: 3805,3712,3810,4232,9935,4331,9262
9965: 9542,2136,2974,10023,9671,9742
9667: 9301,9561,9603,9848,9884,10019
243: 
9593: 7123,9379,9588,9252,9915,9622
245: 
9373: 9452,9998,9678,9434,9711,9447
247: 
9570: 9330,9370,9900,3284,1295,9506
9594: 9340,9750,9293,9519
9637: 794,9382,9251,9255,2305
2305: 794,9637,2311,9415,2492
5150: 5062,4858,5256,9302,9604
9575: 9511,9601,5192,9384,5093,5509,5395
9830: 9719,9276,9674
2326: 3372,2699,10026,2236,1622,2609
9673: 9794,9811,9863,9672
8620: 
7560: 9477,6931,7811,7973,9509,7558
10035: 9867,9471,9305,9901,9992,9941
7899: 7570,7821,7979,7818,7565,7737
9406: 5775,5970,9512,9540,9967,6350
3755: 9591,4139,3850,9582,9572,9609
10006: 9992,9792,9817,9975
9822: 10001,9611,9662,9510,9675,10010
3778: 5578,4687,4893,3983,4284,5676
9917: 9988,9938,9334,9353
2391: 4566,2772,4165,2968,2866,4068
9832: 9694,9886,9702
9257: 9281,9770,9612,1512,1428,1861
7721: 7965,8046,8333,7555,8126,7885
5856: 9578,9367,5765,9490,6244
9582: 3850,9597,9375,10032,9591,3755
8020: 
274: 
275: 64
2476: 2196
9418: 9912,9621,9772
278: 387
8046: 7965,7721,9625,8126,9892,9634
7836: 6585,7146,7505,6583,8526
9592: 8376,9353,9356,9437,9336
2585: 2321,2600,2778,9669,9747,9361
283: 73,336
9969: 9698,9883,9807,9900,1295,9440
9546: 9610,9564,9560,9567,9827,9749
9909: 9968,9755,9549,9265,9404,5355
9793: 9326,9782,9338,9383,9907
9481: 2538,3502,9250,9279,9254,3205
10037: 9655,9798,9781,9461,9496,9803
4196: 9248,4287,3898,9746,9298
291: 344
3786: 4094,4287,2523,100,3486
3907: 4004,4626,4307,9700,9761,9357
3983: 3777,3982,4284,5676,3774,3778
9979: 9668,9726,9666,9401,10020,9911
5965: 6348,2148,9543,3674,9308,6629
7117: 7292,7195,7198,6916,7026
9473: 9468,2057,9439,9527,9324,9464
299: 411
1892: 2072
9686: 9618,9456,9277,9984
9801: 6376,9724,9764,9309,9469,9417
10029: 9395,9740,9795,9938,9617
3372: 2777,2326,2509,2974,2699,2609
9755: 9909,9549,9985,9632,9404,10018
1698: 9809,616,9273,1793,9806,9869
307: 309
9772: 9332,9424,9621,9418,9620
309: 307
6339: 5051,9350,9404,5355,6338
9585: 2744,9485,9913,9697,9333,9319
9542: 2136,9965,9361,9630,9327,10023
5754: 5664,5070,9455,4876,4773,5475,5466
9500: 9399,9819,9972,9878,9382,9255
9733: 9928,9484,9951,10024,9312,9413
316: 
9888: 9931,9949,9682,9925,9891
9291: 9812,9363,2554,9635,9264,9530
4068: 4269,4266,2391,4566,2968,2580
3860: 4165,4057,3166,3856,4255,3953
10025: 9703,9480,9294,9678,9711
7929: 7340,7248,8170
6155: 9710,6349,9695,6347,6437
9428: 9527,2893,9324,9566,9611,9662
8609: 
9503: 4826,9454,5138,9480,9429,9294
9411: 9605,9479,9845,9970,9541,9351
9714: 9768,9753,6967,10031,10012
9597: 3850,9582,3458,9425,9375,9396
9580: 10040,9626,9460,9323,9393,9369
9873: 9658,9872,9964,9792,9941,9776
9599: 9513,9498,9646,9887,9799,9522
9803: 9461,9263,10037,9537,9781,9446
334: 9850,9732,387
9327: 9579,9609,9572,9630,9542,10023
336: 73,283
3998: 4498,3504,4703,1716,3701,2822,3903
5413: 5104,5010,5202,5204,5207,5214
3856: 9535,3166,3559,9256,3953,3860
4826: 9454,4811,4823,5138,9503,4719
2699: 9962,10026,2231,2326,3372,2509
4504: 9409,3903,3210,3504,4603,4605,4301
2024: 9283,9415,3947,9424,9374,9665
344: 291
8426: 
7340: 7929,8170
9926: 10043,9767,9854,9930,9919,9889
9826: 159,9945
3207: 2333,9259,9268,3701,4293,3783,1716
9912: 9744,9756,9621,9418
7733: 9238,7818,8056,7565,6474,7125,6481,9079
10024: 9951,9472,9729,9733,9928
3345: 3540
9316: 9818,9940,10002,9557,2536,9470
10003: 8373,9982,9571,9752,9762,10039
9697: 9485,9585,9913,9679,9796,9304
6420: 5920
358: 
359: 1027,9760,1270,2133,1525,9707
9891: 10036,9888,9925,10011
4486: 4083,3683,4284,4387,4893,4590
2906: 2336,2244,2526
9757: 3898,3795,9818,9865,9746,9958
9911: 9896,10020,6508,9644,9401,9979
9987: 9185,9232
9821: 9719,9270,9823,9736
6849: 5304,9738,7300,6376,9764,9835
368: 1793,9706,9626,217,616,683
3850: 9582,3458,9597,9986,9572,3755
9628: 9271,9616,9623,9260,9904,9419
6140: 5455
372: 
9701: 9583,9785,9400,9861,9648,9849
9671: 10023,9970,9965,9742,9862,9845
9748: 9682,9972,1178,1594,1506,9819
376: 492
9499: 9354,9402,9465,9550,6749,6930
9584: 9497,9368,9660,7973,9444,7558
5249: 5250
9476: 9261,3771,9325,9398,9362,9244
5204: 4997,5200,5202,5413,5000,5207
9463: 9398,10033,9659,9619,9608,9325
9813: 9720,9335,9708,9645,9722,3119
384: 839
9271: 9344,9628,9616,9875,8081,9904
9984: 9844,9828,9681,9456,9686
387: 278,334
9608: 9619,2968,9463,2580,9364,9325
9391: 9381,9641,9568,7965,9625,9349
5295: 5200,5201,4590,5578,4893,5194,5495
9454: 4826,4823,9503,9602,9523,9294
1867: 9421,1525,2135,2224,9372,9371
9379: 7123,6085,9593,5882,9588
394: 
9616: 9271,9628,8526,8081,6389,9623
9668: 9979,9726,6018,9401,5421,9784
397: 
7723: 7383,8867,9019,7888,7641,9407
2364: 
6696: 6886,6695
9444: 7558,9563,9019,9660,9584,9661
9194: 9038,9037,9219,9239
6421: 5920
9311: 9533,9410,4968,5167,9539,9367
9242: 9615,9125,9239,9567,9038,8885
9540: 9647,9967,9435,9543,9406,9512
3485: 9553,9339,3482,3680,3982,3683
9331: 9522,4146,9797,9799,9489,4155
9638: 9607,9308,9435,9529,9377,9943
9752: 9857,9762,7992,8225,8373,10003
411: 299
9488: 9495,9264,9388,9514,9365,1071
7123: 7300,6085,9696,9593,9379,9915
3953: 4255,4155,9256,9489,3856,3860
9397: 9357,4306,3210,9342,9320,4611
4771: 4269,4266,4867,9533,4968,4168
9081: 8061,8879,7979,7737,7901
9640: 9237,9420,9292,8205,9120,9378
9900: 9570,9370,9385,9807,9969,1295
9679: 9704,9796,2743,9697,3713,9304
9038: 9194,8990,9239,9242,8885
4094: 3786,4287,3898,3795
8868: 8812
424: 1529
7821: 7570,7899,7739,7314,7742,7737
9247: 9427,9372,2044,1527,2047,9295
2538: 9481,3502,9250,2721,2165,9358
3683: 4486,4083,4284,3485,9553,3982
2271: 9730,1996,9954
7811: 7560,6931,7119,8356,7558,9563
9255: 9382,9637,9251,9500,9576,9878
9877: 9751,9718,4529,9280,9670,9266
10026: 9962,2699,9946,1611,2236,9369,2326
3820: 9927,3517,9966,2836
9539: 9490,5051,4950,5167,9311,9367
9309: 9511,9601,9908,9724,9801,9469
9551: 9612,9405,1512
8885: 9039,9126,9038,8990,9125,9242
8513: 8372,7494,9284,8075,7988,8225
9797: 9689,9799,10000,9462,9489,9331
9693: 9834,9947,9870
442: 634
6520: 6804
10008: 9840,9745,9882
5801: 9768,9753,9684,6007,5813,5408
3743: 2761
6307: 6598
9942: 9447,9651,9963,9998,9457,9531
449: 
6018: 5417,5917,9401,5421,4929,9668
9448: 9617,8383,8150,9334,9356,7911
7958: 
9371: 9427,9372,9421,1867,9642,9496
454: 456
5792: 9846,7033,6284,5400,7563,5302
456: 454
9988: 9938,9917
9120: 9079,8205,8499,8878,9237,9640
7609: 
9938: 9988,9917,10029,9617,9334
9365: 2253,9388,9557,9488,1071,1225
5129: 6022
9300: 9385,9288,9431,9315,9526,9370
8991: 8766,9037,8064,8707,9130
7737: 7742,7901,7979,7899,7821,9081
466: 807
9665: 9899,9374,9415,2024,9737,9874
6419: 
9432: 9475,4997,5000,9685,9278,9341
9615: 9125,9863,9242,9548,9567,9749
9670: 9633,9459,9959,4529,9877,9751
6335: 9901,6244,5355,6338,9265,9305
9850: 334,9732
9995: 9716,9881,9864,9916
475: 666,535
9171: 9173
477: 
2133: 1855,2135,2036,1270,359,1525
9414: 9323,9879,9393,884,9918,9528
480: 
9496: 9642,9461,9421,10037,9655,9371
9466: 9457,9559,9525,6682,7417,9735
9840: 10008,9882,9895,9780,9937
9711: 9434,10025,9373,9678
9717: 9700,9709,9645,3506,3607,4521
6284: 7033,5792,7563,8631,8632,6385
8770: 7318,8995,8222,8064,7742,8766,8296,8707
9550: 6460,7646,6749,9458,9354,9499
4287: 3786,4094,3486,3898,4196
4498: 4703,1716,3998,4293,4393,4697
7354: 7265
492: 687,376
8599: 
9037: 8766,7901,9194,8991
3222: 2836,3715,3821,3321,9704,2743
3940: 
5395: 5389,5509,5192,6658,9575
5942: 9910
499: 
9524: 9734,9282,9459,9959
501: 1052,978
5876: 5975,5683,6350,5775,5587,5585
9359: 9386,9712,9505,9544,7847,8596
8737: 
8627: 9112
9785: 9701,9583,9400,9452,9998,9531
6585: 7847,8081,8596,7836,7505,8526
9427: 9372,9371,9247,9642,9295,9528
7259: 
4134: 
9632: 9350,9604,9404,9985,9808,9755
7880: 8119
513: 
1849: 1583,2119
9531: 9457,9559,9785,9400,9998,9942
9603: 9301,9667,5572,9839,9773,9884
2822: 3701,9493,3502,3998,3903,3205
9416: 9775,9345,9329,9565,9272,700
9684: 9494,9417,6007,5508,5408,5801
9652: 5750,6041,9680
6041: 5750,9652,9680
9436: 8333,9346,9390,9534,8186
2407: 9399,2689,1676,1855,2403
9823: 9769,9736,9821,9728,9973
2738: 9491,9554,2554
9286: 9510,9532,9997,9862,9479,9845
7026: 7383,8867,8356,6916,7117,7292
9621: 9756,3947,9912,9418,9424,9772
9903: 2253,9902,1225,9715,9722,9708
3482: 3284,1295,9440,3485,9339,3680
9474: 1384,9948
9871: 9985,10017,9820,10018
9310: 9508,6915,9643,7532,9458,9354
2836: 3222,3715,3321,3517,3820
535: 475
3903: 9409,4504,3205,2822,3504,3998
537: 
9545: 9378,9456,9292,9828,9450
9393: 9414,9323,9263,9460,9580
9273: 616,9907,9326,9589,9809,1698
7563: 5995,5302,9627,5792,6284,6385
9703: 10025,9523,9348,9294
9283: 9415,2024,9251,3255,3947
9278: 9685,9908,9384,9432,9475,9511
9507: 9672,9802,9548,9387,9558
3205: 9409,3903,9254,2822,9481,3502
5826: 5727
2362: 9895,1075,9606,9780
9464: 9324,9431,9468,700,9473,233,9288
3431: 
9905: 9780,9937,9606,9267
9293: 9786,9692,9750,9594
10014: 9166
7179: 
9425: 9899,9374,9332,9396,3458,9597
9479: 9605,9411,9595,9845,9286,9532
5543: 
9825: 9328,9814,9897,10028
9267: 9961,9606,9905,9389
4590: 5295,5201,4486,4387,4393,4893
561: 758,760
9756: 3255,3947,9621,9932,9912,9744
9614: 9306,9471,9343
4475: 4169,4773,3367,3670,9394,4168
4458: 4450,4448,4661,4462,4569
9879: 9414,9323,9918,9663,9962,9946
9396: 9620,9375,9834,9332,9425,9597
6805: 6804
7195: 7010,7198,7014,7009,7117,9289,7292
2468: 2189,2658
9404: 9350,9632,6339,9909,9755,5355
4929: 4616,5421,4710,6018,5417
9275: 9598,9923,9547
2483: 1497
7198: 7010,7195,6930,6932,6916,7117
10034: 9690,9944,9695,9936,9643,9402
9844: 9984,9581,9681,9653
8550: 
9459: 9633,9670,9959,9483,9282,9524
8707: 9297,9317,9130,8995,8770,8064,8991
9563: 9444,7558,9019,7811,8867,8356
9659: 9398,10033,9463,9675,10010,9810
9953: 9472,9687,9783,9833
1873: 1616
7014: 9989,9993,7542,7010,7195,7009
9977: 10031,9880,9779,9627,7434,9636
9898: 10016,6007,6204,6011,5813,9906
588: 645
9773: 9920,9839,9650,9301,9603,6731
5332: 5931
9657: 9699,9698,9883,9853
9618: 9686,9277,9610,9613
9767: 9926,10043,9854,9660,9661,9438
9672: 9802,9507,9863,9548,9673
9904: 9284,9419,9271,9628,9875,9649
596: 664,731
7050: 6389,9623,6483,6767,6671,7142
9308: 9607,9638,9435,6629,5965,9543
8318: 
4837: 9777
9281: 9843,9770,9257,9586,1428,1180
9676: 2236,683,9706,1622,9439,9991
9298: 9746,9380,4196,9536,9577
4301: 4606,4605,4611,4504,3210
5755: 4950,5167,5064,4462,5062,5256
9377: 9529,9362,9244,2678,4072,9607,9638
4710: 4306,4514,4606,4611,5417,4616,4929
9409: 3903,4504,9254,3205,3210,9320
9955: 9935,9814,3615,4330,4232,9922
9750: 9340,8301,9594,8451,9293,9692
9740: 9395,10029,9795,9505,9344,9875
4611: 4606,4301,3210,4306,4710,9397
9251: 9637,9255,9576,3255,9283
614: 886
9718: 9877,9751,9721,9266,9348,9929
616: 217,9273,1698,1793,368
9579: 9555,9609,9327,10023,9970,9351
9287: 9445,9315,9526,9313,9403,9322
9653: 9716,9881,9681,9581,9844
9605: 9411,9479,9595,9541,2772,2866
9422: 9591,10032,9994,10000,9462,9442
2685: 9669,9874,2666,2881,9737,2600
9386: 9712,9359,9778,9544
9288: 9385,834,233,9300,9431,9464
4444: 9522,4146,9498,4650,4450,4448
9867: 10035,9471,9992,9343
9861: 9784,9249,9726,9849,9701,9583
3795: 9757,3898,3991,4094
8596: 7847,6585,8081,9359,9505,9344
630: 978,910
3502: 9481,2538,9493,9358,2822,3205
7641: 7555,7888,8186,7383,7723
9358: 9577,9493,9380,2165,2538,3502
634: 442
3578: 3777,3680,3471,3284,3874,9506
3037: 
5466: 5475,9848,9884,4876,5070,5754,6349
8801: 
9297: 8707,9317,9130,9556,9629,9600
6823: 5873,6358,6071,9805,7360,6731
9388: 9321,10002,9514,9557,9488,9365
9636: 7434,9253,9627,9977,9299,9639
9696: 7300,7123,6085,9860,9724,9764
9429: 9480,9360,5138,9503,9249,9562
645: 588
2928: 3612,3027,2540,2744,9913,3025
7770: 7936
1951: 874,2036,1270,1950,1180,801
9967: 9647,9540,9805,9406,5873,6350
2136: 9542,9965,9361,2778,2509,2974
4269: 4771,4068,4266,4164,4566,4867
2777: 3372,2974,2609,2800,9742,2987
9948: 1384,9474
4331: 9734,9262,9282,4115,3810,9521
9816: 9790,3722,10021,9520,9731,9759
7936: 7770
9333: 9485,9585,9624,9491,9924,9319
4073: 5574,4271,3670,9261,3771,4169
9509: 9449,7973,9303,9453,9477,7560
2658: 2468
5426: 5328
6537: 9776,9725,9817,6249,6437
9526: 9287,9315,9313,9300,9330,9370
664: 596,666
9559: 9457,9531,9466,9400,9525,9518
666: 475,664
9370: 9330,9570,9900,9385,9300,9526
4757: 4448,4661,4641,4650,4855,4858
9623: 6389,7050,6483,9628,9616,7142,9260
4164: 4269,4566,4057,4463,4867,4569
9818: 9316,9940,9865,9757,9958,2536
9260: 7142,7581,7996,9623,9628,9419
9758: 9918,9295,2666,2047,2321,2600,9663
4387: 4293,4393,3783,4486,4083,4590
7439: 
9989: 7014,9993,7542,9347,9314,9763
9502: 4979,9403,9313,9433,3674,6629
9642: 9461,9496,9427,9371,9528
2733: 1071,1553,9495,1556,1901,1820
9285: 9519,10030,9340,9789,9939
2387: 
8526: 6583,6003,6585,8081,7836,6389,9616
683: 9676,2236,9369,9626,9706,368
3712: 3713,3805,4115,3810,4232,9304,3612
8006: 7761
3491: 3991,3497
687: 492
9491: 1556,2738,9624,9554,9924,9859,9333
9560: 9219,9239,9567,9504,9564,9546
9661: 9407,9438,9444,9019,9660,9767
9256: 9462,3559,9489,9442,3856,3953
9770: 9281,9843,9257,9934,10004,9612
4139: 9591,3755,9555,9609,3559,9442
9384: 5093,6375,9475,9511,9575,9278
9771: 9990,9713,9815,9516
9786: 9293,9692,9893
2554: 927,9554,9635,9291,9530,2738
698: 
7742: 8766,7737,7901,7821,7314,8770
700: 9272,9468,9345,9416,9464,233
9651: 9447,9942,9963,9831
9695: 9710,6155,9936,9690,10034,6437
9925: 9682,9972,9888,9891,9878,10011
9290: 9478,9252,9467,9453,9622,9477
2196: 2476
9244: 9362,9377,9398,2678,4072,9810,9476
707: 
9952: 7417,9735,7505,10022,9544,7847
709: 1068
2580: 3367,9364,2968,9608,4068,4266
5086: 5192,6658,5084,5870,5678,4891
9513: 9498,9599,9646,9723,9258,9538
9315: 9287,9445,9526,9431,9566,9300
10013: 9412,9352,9573,9482
2772: 2391,4165,3166,9541,9605,2866
2866: 9619,2968,9605,9595,2391,2772
2509: 3372,2974,2778,2231,2699,2136
9576: 9878,10011,9932,9251,9255,3255
9440: 3482,1295,9698,9969,9804,9337,9339
9889: 9691,9292,9926,9854,9919,8205
9340: 8301,9750,9594,10030,9519,9285
722: 
723: 792
3783: 4293,4387,3207,9259,4083,1716
8081: 6585,8596,8526,9271,9344,9616
9173: 9171
6348: 5965,6724,2148,9543,5478,9512
2293: 2198
2953: 2662
9350: 9632,9604,9404,5256,5051,6339
731: 596
3517: 10038,9966,3321,9957,2836,3820
9896: 10020,9911,9906,9914,9341,9644
10022: 9831,9778,9544,9963,9952,9735
3098: 
9272: 9468,700,9991,9515,9565,9416
2800: 9742,9997,9862,2777,2893,2987
9430: 9248,9590,9366,2333,9536
7455: 
9337: 9553,9339,9366,9804,9590,9440
9219: 9239,9560,8879,9504,9194
6724: 6348,5478,5970,9512,5870
7937: 
4641: 9538,9352,9573,4650,4757,4855
7191: 
746: 
6405: 6507
9622: 9852,9915,9453,9593,9290,9252
10019: 9710,9936,9848,9667,9561,9508
2002: 2090
9465: 9402,9499,9944,9993,7010,6930
7360: 9301,9561,6731,6823,6358,6915
8309: 8376,8451,7992,7911,9857,8301
9804: 9441,9590,9853,9698,9440,9337
9906: 9896,10020,9914,10016,9898,6011
9356: 9334,9353,9448,7911,9592,8376
9347: 9989,9314,9725,9763,6249,10015
758: 973,561,760
6072: 7532,6639,6358,6071,5973
760: 561,758,973
9217: 8061,8879,9504,8878,9307,9237
9574: 9408,9302,9482,9808,10017
9992: 9792,9941,10006,10035,9867
9743: 9980,9812,9321,9514
9783: 10015,9975,9833,9953,9687
8179: 
9706: 1793,9515,368,9676,683,9991
9664: 10005,9824,9960
4697: 5201,5202,4393,4498,4703,5104
6665: 9299,6385,9639,8632,7478,6480
6385: 9639,6665,6284,7563,8632
9390: 9436,9346,9486,9534,9928,9484
9304: 3713,3712,9913,9697,9679,3612
9806: 9565,9487,9869,1698,1793,9515
3942: 3451
4823: 4826,9454,4811,4626,4937,9602
6931: 9477,7560,7811,9467,7019,7119
7818: 7979,9238,8056,7565,7733,7899
9417: 9469,9494,9684,6376,9801,5508
1894: 1067,1984
781: 
9423: 9688,9349,9587,8033,9568,9836
9655: 10037,9798,9829,9421,9707,9496
9781: 9537,9656,10037,9798,9803
9412: 10013,9258,9573
9639: 9299,6385,6665,9627,9636
2893: 9428,9527,2987,2800,9997,9662
8395: 
9795: 9740,10029,9875,9617,8383,9649
5495: 9475,4997,5194,5200,5295,6375
9936: 9710,9695,10019,9508,9643,10034
792: 793,723
793: 792
794: 9382,9637,2305,1676,2212,2311
7617: 9729,9705,7542,9314,9472,9687
9306: 9614,9968,9265,9471,9305
9620: 9396,9834,9332,9772
7019: 6932,7119,6460,6749,9467,6931
10021: 9961,9520,9731,9816
8485: 8970,8273,8346
801: 9674,9586,874,1951,1180
9383: 9598,9589,9793,9326
8273: 8485
5574: 5572,4073,4271,4169,4876,5475
2536: 2721,2165,9470,9316,9818,9958
9913: 2744,9585,9697,2928,3612,9304
807: 466
4293: 4387,4393,3783,3207,4498,1716
6389: 7050,9623,6483,6003,8526,9616
9363: 9291,9812,9552,9245,9980,9635
6350: 5876,5683,9967,5775,9406,5873
4626: 4004,3907,4307,4937,4811,4823
9284: 9904,9419,9649,8075,8513,7494
9730: 2271,1996
9553: 3485,9337,9339,9366,9259,4083,3683
8064: 8770,8766,8991,8707
8376: 9592,8309,8451,9356,7911,9336
3810: 3805,3712,4115,3612,3027,9521,4331
9937: 9780,9905,9840
6984: 9648,9849,6009,9666,6204,6011
9798: 10037,9655,9829,9769,9781,9656
8695: 8199
9725: 6537,9817,6249,10015,9975,9347
3255: 9756,3947,9576,9932,9251,9283
8970: 8485,10007,8555
5587: 5389,6280,5585,5975,5876
8972: 8921
8372: 8296,8513,7494,8710,8225,8373
9487: 9565,9806,9869,9837,9974,9329
9972: 9748,9682,9925,9500,9819,9878
6093: 6480,7125,6481,9299,9274
9336: 9437,9893,9592,8376,8451,9692
9820: 10018,9871
834: 9385,9807,233,9288,9345,9791
5417: 6018,5917,5215,4606,4710,4929
9400: 9701,9785,9648,9518,9559,9531
7300: 7123,9696,9764,9915,9835,6849
9625: 7965,8046,9634,9976,9391,9641
839: 384
840: 1216
9389: 927,9554,9606,9267,9961
9897: 9890,10028,9814,9921,9922,9825
2806: 
9305: 10035,9471,9265,9901,6335,9306
9501: 9387,9558,9126,9085
6508: 5207,9644,5214,5917,9401,9911
8205: 8499,9120,9919,9889,9292,9640
848: 
5873: 6823,6071,9967,9805,5683,6350
3497: 3491,3991,9865
9810: 3279,2678,10010,9398,9659,9244
7646: 9550,6460,6639,9458,9355,9478
3559: 9256,9442,4139,9555,9535,3856
5256: 5062,5150,5755,4950,9350,9604
7248: 7929
6531: 
9947: 10032,9994,9870,9375,9834,9693
7847: 6585,8596,9952,7505,9544,9359
10030: 9857,9762,9340,8301,9789,9285
6118: 
861: 864
4057: 4566,4165,3860,4255,4463,4164
9387: 9558,9501,9125,9548,9126,9507
864: 861
8962: 
9528: 9918,9295,9427,9642,9414
9375: 9396,9834,9582,9597,9947,10032
9282: 4331,9734,9483,9521,9459,9524
10041: 9990,9815,9957,10038
9442: 9462,3559,9256,9591,4139,9422
9049: 
872: 1340,9405,1178,9949
6349: 9710,6155,5070,9848,5466,6347
874: 1270,1951,9674,801,9276,1027
9270: 1027,9760,9719,9276,9821,9736
9747: 9986,9630,9669,9774,2585,9361
9940: 9316,9818,9865,9788,10002
9019: 9444,9563,8867,7723,7888,9407,9661
4330: 9955,3615,3715,9876,9922
9719: 9830,9276,9821,9270
1727: 3025,3119,3121,1901,2649,9720
7555: 7888,7641,8126,8333,7721
9591: 3755,4139,9422,9582,10032,9442
884: 9414
9262: 4331,9734,4115,9935,9328,9569
886: 614,965
9710: 6349,6155,9695,9936,10019,9848
888: 
2119: 1849
8061: 9081,8879,9217,8878,7979,9238
9707: 9421,1525,359,9760,9655,9829
9837: 9974,9487,9329,9950
9598: 9383,9589,9275,9923
3615: 9955,4330,2743,3715,3713,4232
9504: 8879,9217,9307,9564,9219,9560
5775: 5970,9406,5084,5876,6350,5585
9558: 9387,9501,9507
9999: 10027,9866
9841: 9654
9831: 10022,9778,9651,9963
9419: 9904,9284,9628,9260,7996,7494
9688: 9423,9349,9587,9864,9916
5970: 5775,9406,9512,6724,5084,5870
8631: 8632,8694,7564,7033,6284,9596
10027: 9866,9887,9999,9646
6204: 9898,6011,5813,6984,6009,7252
9335: 9813,9645,9296,9722,9246,9709
9471: 10035,9867,9305,9306,9614,9343
9472: 9953,9687,7617,9729,10024
910: 630
9835: 9852,9754,9915,7300,9738,6849
9993: 9989,7014,9944,9763,9465,7010
9856: 9843,9586,9956
9808: 9985,10017,9302,9574,9632,9604
9604: 9350,9632,9302,5150,5256,9808
9538: 4641,9573,4650,9258,9513,9498
9264: 9488,9495,9530,9291,9812,9514
7520: 7080
9126: 9039,8885,9085,9125,9387,9501
4719: 4616,4514,4826,4811,5138
9567: 9239,9560,9546,9749,9615,9242
4616: 5421,4929,4719,4306,4514,4710
9827: 9858,9811,9749,9610,9546
2090: 1909,2002,9451
9351: 9535,9541,9555,9579,9970,9411
10040: 9626,9580,9782,9460,217,9907
927: 9554,2554,9635,9389,1075,9606
9403: 3184,4979,9502,9322,9287,9313
5192: 6658,5086,5093,4891,5395,9575
9796: 9704,9679,9759,9790,9485,9697
9789: 9727,9939,10039,9762,10030,9285
9530: 9495,9264,9291,2554,1556
9764: 6376,9724,9801,7300,9696,6849
5931: 5332,5633
9950: 9699,9837,9775,9329
2189: 2280,2468
9611: 9822,10001,9662,9428,9566,9445
9477: 7560,6931,9290,9467,9453,9509
9921: 9876,9922,9766,9897,9890
2526: 2153,1709,2244,2906
3991: 3491,3497,3795,9865
3027: 2928,3612,2540,3810,9269,9521
943: 
944: 
5995: 7563,5302,9627,5403,9779
4858: 5062,5150,4661,4757,4855
7383: 7026,8867,7723,7292,8186,7641
3251: 
9981: 9836,9702,9587
9368: 9497,9660,9584,9596,9971,10043
9439: 2057,1622,9676,9468,9991,9473
9715: 9296,9279,9722,9903,9902,9250
4155: 4255,4347,3953,9489,4146,9331
9552: 9245,9980,9363
5633: 5931
8499: 9079,8205,9120,8498,6474,9919
6323: 
7992: 7988,8225,7911,8309,9857,9752
959: 965,1042
6460: 9550,7646,6749,9478,9467,7019
9250: 9481,2538,2721,9902,9279,9715
9923: 9933,9809,9598,9589,9275,9547
4271: 5574,5572,4073,3771,10042,9839
9269: 9483,9521,9392,3027,2540,4218
965: 959,886
2224: 2044,2212,2135,1867,9372
8044: 8199
9902: 2253,9903,2721,9470,9250,9715
9812: 9291,9363,9743,9980,9514,9264
5678: 5676,4687,5086,5870,4891
3674: 3874,9433,9502,6629,5965,2148
972: 
973: 758,760
9249: 9784,9861,9562,9429,9360,9583
9800: 9634,9787,9976,9691,9450
1838: 9765,9677
8867: 7026,7383,8356,7723,9563,9019
978: 630,1052,501,1286
3224: 
9568: 8033,7885,7965,9423,9349,9391
9876: 9921,9922,9766,9927,4330
7558: 9444,9563,7560,7811,7973,9584
5683: 5975,5876,5973,6350,5873,6071
9720: 9708,9813,1553,1901,3119,1727
9790: 9816,3722,9759,3821,9704,9796
9366: 9553,9337,9590,9430,2333,9259
9930: 9926,10043,9971,8498,8496,9919
9332: 9424,9772,9425,9374,9620,9396
9845: 9411,9479,9671,9970,9862,9286
10009: 7146,10012,9880,6583,9517
8807: 8917
8950: 
9451: 1996,2090,9954
9573: 4641,9538,9352,9258,9412,10013
4266: 4269,4771,4068,2580,3367,4168
9578: 9367,5765,5856,9410,5664,9455
9381: 9391,9641,9864,9349,9716
2057: 1622,9439,2609,9473,9527,2987
5355: 6335,6338,9404,6339,9909,9265
9495: 9488,9264,9530,1556,1071,2733
9630: 9986,9572,9747,9542,9361,9327
7855: 
9536: 2333,9430,9298,9268,9577
9320: 9443,9342,9409,9254,3210,9397
5000: 5207,9644,9432,4997,5204,9341
1006: 1078
9557: 9388,10002,9316,9470,2253,9365
10016: 9898,6007,9847,9906,9914,9494
7719: 8033,7885,8333,9346,9376
9792: 9992,9941,10006,9873,9776,9817
5093: 9384,6375,4891,4485,5192,9575
7570: 7899,7739,7821,7569,6671,7565
1013: 1251,9741
1014: 
4232: 3713,3712,4115,9935,9955,3615
6583: 9517,6003,8526,7146,10009,7836
9039: 9126,8885,9085,8990,9894,9600
9872: 9658,9873,5765,9964,5564
1019: 1340
9344: 9271,9875,8081,8596,9505,9740
9349: 9423,9688,9568,9381,9391,9864
9811: 9858,9827,9749,9863,9673,9794
9727: 9789,9939,10039,9824
9602: 9523,9266,4937,9280,9454,4823
1917: 
8199: 8695,8044
1027: 359,9760,9270,9276,874,1270
2987: 9527,2893,2777,2057,2609,2800
9997: 2800,9862,2893,9510,9286,9662
7885: 8033,7719,9568,8333,7965,7721
9766: 9876,9921,9927,9978
8261: 8119
5207: 5000,6508,9644,5214,5413,5204
9631: 7434,9253,9517,6003,6767,6483
7060: 6967,9525,9518,6009,7252
3805: 3712,4115,3810
10018: 9820,9985,9871,9755,9549
5841: 
2944: 
7417: 9952,9735,7505,9466,7146,6682
10038: 3517,9966,10041,9957
1042: 959
9323: 9414,9879,9393,9580,9946,9369
1044: 1616,1617,1446
4347: 4255,4155,4146,4450,4463
5585: 5389,5587,5775,6658,5084,5876
3839: 3646
2649: 1901,9319,1820,2744,3025,1727
9334: 9353,9356,9938,9917,9617,9448
9862: 2800,9742,9997,9671,9845,9286
3680: 3777,3578,3982,3284,3482,3485
1052: 501,1286,978
9978: 9927,9966,9766
9731: 9924,9859,9759,10021,9961,9816
9721: 9751,9718,9929
8496: 8498,8211,9971,8694,7478,9930
9775: 9345,9416,9329,9950,9699,9791
9635: 927,2554,9245,1075,9291,9363
9634: 9787,9800,9976,9892,9625,8046
6930: 7010,7198,9499,9465,6749,6932
9361: 9542,2136,2778,2585,9630,9747
9214: 
9279: 9296,9715,9481,9250,9254,9443
9641: 9381,9391,9625,9976,9739
2336: 1973,2906,2244,2524
4083: 4486,3683,9553,9259,4387,3783
1067: 1805,1894
1068: 709
1069: 
7888: 7555,7641,8126,7723,9019,9407
1071: 1553,1225,2733,9488,9495,9365
9543: 6348,5965,9308,9435,9540,9512
9742: 2800,9862,9965,2777,2974,9671
9890: 9897,10028,9921
1075: 2362,9606,9245,927,9635
1076: 1477
9352: 4641,9573,10013,9482,9408,4855
1078: 1006,1152
9649: 8383,8075,9875,9795,9904,9284
9961: 10021,9267,9389,9859,9731
9292: 9889,9691,8205,9378,9545,9640
5070: 5664,5754,5466,6347,5564,6349
9963: 9651,9942,9457,9735,10022,9831
9626: 10040,9580,217,683,9369,368
4169: 4475,4876,4773,3670,5574,4073
9571: 9556,9982,10003,10005,9824,10039
7775: 
8170: 7765,7340,7929
1089: 
9011: 
9607: 9308,9638,6629,4072,4979,9377
9986: 9572,9630,9747,9774,3850,3458
5421: 4616,4929,6018,9668,9784,9562
9583: 9701,9785,9249,9861,9360,9452
9683: 9842,7934
9746: 9298,9380,9958,9757,3898,4196
9660: 9368,9584,9444,9661,10043,9767
9322: 3184,9403,10001,9287,9445,3279
1805: 1067
2212: 2044,2224,2311,1676,2595,794
9554: 927,2554,9389,2738,9491,9859
9512: 5970,9406,6348,6724,9543,9540
4569: 4463,4462,4867,4458,4164,5064
9452: 9373,9998,9678,9360,9583,9785
9341: 9896,9914,9432,5000,9644,9685
1909: 2090
4939: 
9751: 9877,9718,9721,9670,9959
9939: 9789,9727,9285
4072: 2678,3184,4979,9377,9244,9607
9780: 9937,9905,9840,2362,9895,9606
9866: 10027,9887,9999,9838,9689
9314: 9989,7542,9347,10015,9687,7617
2689: 2407,9399,9819,1592,1506,2403
9927: 3820,9978,9876,9766
4703: 4498,3504,3998,4697,5104,4603
5664: 5070,5754,9455,9578,5765,5564
9522: 4444,4146,9331,9799,9498,9599
9514: 9388,9321,9743,9812,9488,9264
9237: 9307,9640,9420,9120,8878,9217
6249: 9690,9763,6437,6537,9725,9347
9760: 359,1027,9270,9736,9707,9829
9624: 1556,9491,9319,1820,9333
9492: 9881,9581
9610: 9564,9613,9546,9618,9827
9791: 9883,9775,9345,9699,834,9807
5331: 5727
9928: 9733,9484,9486,9729,10024,9390
9125: 9615,9242,9548,9126,8885,9387
9441: 9804,9590,9853,3486,9248
3279: 2678,10010,9810,10001,3184,9322
9931: 9888,9949
4307: 3907,4626,9700,4521,4525,4937
7176: 
2403: 1855,1592,2036,1950,2407,2689
9675: 9510,9532,9822,10033,9659,10010
6280: 5389,5587,9860,5509,6085
9345: 9775,9416,700,834,233,9791
8373: 9982,10003,8372,8710,8225,9752
6474: 8498,8211,7125,9079,8499,7733
9402: 9354,9499,9465,9643,10034,9944
9289: 9534,7292,7195,9486,9705,7009
9887: 10027,9866,9689,9799,9599,9646
9692: 9293,9786,8451,9893,9336,9750
9702: 9981,9836,9886,9426,9832
3612: 2928,3027,9913,3712,3810,9304
3210: 9409,4504,9320,4301,4611,9397
8928: 
9759: 9924,9731,9816,9790,9485,9796
9777: 4837
7532: 6072,6639,9458,6358,9310,6915
1152: 1477,1078
9956: 9674,9586,9856
9447: 9651,9942,9373,9998,9434
9991: 9272,9468,9676,9515,9706,9439
9690: 10034,9944,9763,6249,6437,9695
9958: 9746,9380,9757,9818,2536,2165
9619: 2968,2866,9608,9595,10033,9463
9532: 9510,9675,9286,9479,9595,10033
9252: 9478,9290,9355,9588,9593,9622
4650: 4641,9538,9498,4444,4448,4757
3284: 3482,1295,9570,9506,3578,3680
9678: 9452,9373,9480,9360,10025,9711
9589: 9598,9383,9326,9273,9923,9809
9355: 9588,6639,7646,9478,9252
8838: 
9456: 9378,9545,9277,9828,9984,9686
8990: 9038,9130,9039,8885,9600
9744: 9912,10036,9932,9756
1170: 
9453: 9852,9622,9290,9477,9303,9509
9326: 9793,9383,9589,9273,9907
9369: 2236,683,9323,9626,9580,9946,10026
9805: 9647,9967,9650,6731,5873,6823
5138: 4826,9503,4719,9562,9429
7062: 7156
9449: 7973,9303,7564,9885,9509,9497
1178: 9405,1594,872,9949,9748,9682
9457: 9559,9531,9466,9942,9963,9735
1180: 1951,1950,9281,801,9586,1428
5302: 7563,5995,5400,5613,5403,5792
9357: 4306,9397,9342,9761,4004,3907
9704: 9679,9796,2743,9790,3821,3222
4773: 4475,4169,4876,9394,5754,9455
2321: 2600,2778,9663,2585,2231,9758
9330: 9570,9370,9526,9313,9433,9506
8333: 9436,9346,7555,7885,7719,7721
9296: 9279,9715,9722,9335,9443,9246
9085: 9039,9126,9894,9501,9318
3643: 
9975: 10015,9783,10006,9725,9817
9774: 9669,9874,9899,3458,9986,9747
2662: 2758,2953
9443: 9342,9320,9246,9296,9279,9254
6978: 
8555: 8970,10007
9768: 5801,9714,9753,7252,5813
9951: 10024,9733,9312
5250: 5451,5249
2244: 1709,2526,2336,1973,2906
9328: 9569,9825,9935,9814,9262
4450: 4448,4458,4444,4146,4347
9380: 9746,9298,9958,2165,9577,9358
9980: 9743,9552,9812,9363
8766: 7742,7901,9037,8770,8064,8991
6886: 6696,6884
9654: 9841
9263: 9461,9803,9460,9446,9393
9475: 9432,4997,5495,9384,6375,9278
8056: 9238,7818,7733,9079
2459: 
9865: 9818,9940,3991,3497,9757
9799: 9689,9797,9887,9599,9522,9331
9017: 
2669: 
1216: 840
9875: 9271,9344,9740,9795,9904,9649
8451: 8376,8309,9336,8301,9750,9692
10031: 9977,9880,9779,9714,9753,10012
9919: 8498,9926,9930,9889,8205,8499
9966: 10038,3517,3820,9978
9839: 9920,10042,9773,5572,4271,9603
9828: 9450,9739,9681,9456,9545,9984
6480: 7125,6093,7478,9299,6665,8211
1225: 1071,1553,2253,9903,9365,9708
7086: 
7152: 6403,6507
1996: 9451,2271,9730,9954
9303: 9449,9885,9509,9852,9754,9453
3771: 9476,9261,9362,4073,4271,10042
9462: 9256,9489,9442,9422,9797,10000
7542: 9989,7014,9314,7617,9705,7009
9312: 9694,9951,9733,9413,9886
9511: 9309,9601,9575,9384,9278,9908
9555: 9579,9609,4139,3559,9535,9351
8186: 9534,7292,7383,9436,7641
8710: 8296,8372,8995,9317,8373,9982
2165: 2721,2536,9380,9958,9358,2538
9313: 9287,9526,9330,9502,9403,9433
1240: 
4521: 3506,9700,9717,4307,4525,4322
9005: 
3486: 100,3786,4287,9441
9254: 9409,3205,9481,9279,9443,9320
9556: 9982,9571,9297,9317,9629,10005
1246: 1494
9932: 9576,10011,10036,9744,3255,9756
6639: 7532,6072,9458,9355,7646
10023: 9671,9970,9542,9965,9579,9327
9901: 6244,6335,9658,10035,9305,9941
1251: 9741,1013
3646: 3839,2858
6622: 
9438: 9407,9661,9892,9767,9854,9787
8225: 7992,7988,8372,8513,8373,9752
10036: 9891,10011,9932,9744
8917: 8807
4997: 9432,9475,5495,5204,5200,5000
4605: 5215,4606,4301,4504,5010,4603
7478: 8632,8694,6665,8211,8496,6480
7780: 
9420: 9307,9237,9640,9378,9277,9613
1855: 2133,2135,2403,2036,2407
8126: 7555,7888,9407,9892,7721,8046
9307: 9237,9420,9217,9504,9564,9613
9238: 7979,7818,8056,7733,9079,8878,8061
7002: 
3184: 4979,9403,9322,3279,2678,4072
5973: 5975,5683,6071,6072,5882
1270: 874,2036,1951,359,1027,2133
9853: 9804,9441,9657,9698
9493: 9268,3701,9577,9358,2822,3502
9643: 9310,9508,9936,10034,9354,9402
9548: 9615,9125,9863,9672,9507,9387
9846: 7033,5792,9754,9738,5400,9885
9600: 9629,9894,8990,9297,9130,9039
10039: 9789,9727,10003,9571,9762,9824
3641: 3545
3533: 
4255: 4155,4347,3953,4057,3860,4463
5917: 6018,5417,9401,5215,6508,5214
7565: 7818,7733,6481,7569,7570,7899
3898: 9757,3795,4094,4287,4196,9746
9874: 9669,9774,2685,9737,9899,9665
9834: 9620,9375,9396,9693,9947
1286: 1052,978
10043: 9926,9767,9930,9368,9660,9971
7996: 7581,9260,9419,7318,8222,7494
9395: 9740,10029,9712,9505
7119: 6932,7019,6916,6931,7811,8356
9537: 9781,9803,9446,9338
9601: 9309,9511,9575,9860,5509,9724
4891: 5093,4485,5678,4687,5192,5086
9343: 9614,9867,9471
1295: 3284,3482,9440,9969,9570,9900
4284: 4486,3683,3983,3982,3778,4893
1297: 
9360: 9480,9429,9249,9583,9452,9678
9935: 9814,9955,4115,4232,9262,9328
2881: 2666,1527,2492,9737,2047,2685
9505: 9712,9359,8596,9344,9395,9740
8921: 8972
9321: 9388,10002,9514,9788,9743
6507: 6405,7152
2974: 2777,3372,2509,2136,9965,9742
2758: 2662
10001: 9822,9611,9445,3279,10010,9322
9857: 9752,9762,10030,7992,8309,8301
9566: 9324,9431,9428,9611,9445,9315
2609: 2057,1622,2777,2326,3372,2987
4603: 5104,5010,3504,4703,4504,4605
9353: 9334,9356,9917,9592
9713: 9771,9990,9516,9520,3722,3731
1314: 
9408: 9302,4855,9574,9352,9482
2678: 3279,4072,9810,3184,9377,9244
8383: 9617,9649,8075,8150,9448,9795
9712: 9386,9359,9505,9395
6598: 6307,6695
4968: 9533,9311,4867,4771,5167,5064
9410: 9533,9394,9311,9578,9367,9455
4855: 9408,9302,4641,9352,4757,4858
8033: 7885,7719,9568,9426,9376,9836,9423
9525: 7060,6967,9518,9559,9466,6682
5389: 5587,6280,5509,5585,5395,6658
3367: 2580,9364,3670,4266,4168,4475
5676: 5678,3774,3983,4687,3778
9130: 9297,8707,8990,8991,9600
8222: 7318,8770,7996,8296,7494
10004: 9934,9612,9770
9590: 9804,9441,9430,9248,9337,9366
7314: 7581,7739,7821,7742,7318
3166: 9535,9541,3856,2772,4165,3860
7353: 
9778: 10022,9831,9544,9386
2492: 1527,2881,9737,2305,2311,9415
9996: 9858,9794
2540: 2928,3027,3025,3121,4218,9269
9729: 9486,7617,9705,9472,10024,9928
1340: 1019,872,9949
2153: 2526,1709
5200: 5295,5201,5202,5194,4997,5495,5204
9519: 9285,9340,9594
10033: 9659,9463,9595,9675,9532,9619
9588: 5882,9355,9593,9379,9252
5304: 9738,6849,5400,6376,5508,5613
9424: 9332,9772,3947,9621,2024,9374
9468: 9272,700,9991,9473,9439,9464
6022: 5129
4687: 5578,3778,5678,5676,4891,4485
9527: 9428,2893,2987,2057,9473,9324
9807: 9385,834,9969,9883,9791,9900
9517: 6583,6003,9880,10009,7434,9631
9295: 9918,9758,9528,9427,9247,2047
9276: 9830,9719,9674,874,1027,9270
9627: 7563,5995,9977,9779,9639,9636
9934: 10004,9843,9770
3774: 5478,5676,3983,3777,3471
9864: 9381,9688,9349,9916,9995,9716
3701: 9268,9493,2822,3207,1716,3998
6967: 7060,9525,9714,6682,10012
8391: 
9685: 9278,9908,9847,9432,9914,9341
9842: 9683,7934
9338: 9782,9446,9537,9793
5214: 5207,6508,5010,5413,5215,5917
2253: 9903,9365,9902,9557,9470,1225
3506: 3607,4218,4521,9717,9392,4322
10005: 9664,9824,9556,9571,9629,9960
9737: 2881,2492,9415,9665,9874,2685
9776: 6537,9817,9873,9964,9792
6695: 6598,6696
9885: 9449,9303,7564,9754,9846,7033
9960: 9629,9894,10005,9664,9318
1375: 
3818: 
2286: 2194
9596: 9497,9368,9971,7564,8631,8694
9881: 9995,9716,9653,9581,9492
7125: 6480,6481,6093,6474,8211,7733
9185: 9987
9437: 9893,9336,9592
9726: 9979,9668,9666,9784,9861,9849
1384: 9948,9474
7965: 7721,9625,8046,7885,9568,9391
6009: 9648,6984,6204,7252,7060,9518
1387: 1984,9745,2072
3722: 9816,9790,9520,9713,3731,3821
5813: 9898,6007,6204,5801,9768,7252
9478: 9290,9252,9467,9355,6460,7646
1740: 
9112: 8627
9561: 7360,9301,9667,10019,9508,6915
9274: 7569,6767,9299,9253,6481,6093
3458: 3850,9597,9899,9425,9774,9986
9549: 9968,9909,9755,10018
5010: 5104,5413,4603,5215,4605,5214
10028: 9897,9890,9825
3025: 1727,3121,2649,2744,2928,2540
9302: 9408,4855,9574,5150,9808,9604
9521: 9483,9269,3027,3810,4331,9282
3545: 3641
5613: 5508,5408,5403,5304,5400,5302
3715: 2836,3222,2743,3615,4330
9385: 834,9807,9288,9300,9370,9900
6682: 7146,6967,9525,9466,7417
8343: 
9949: 9888,9931,1340,872,1178,9682
9944: 9690,10034,9763,9402,9465,9993
5104: 5010,5413,4603,4703,5202,4697
4131: 
9587: 9423,9688,9981,9836
9277: 9378,9456,9420,9686,9618,9613
1414: 
6376: 9764,9801,9417,5304,6849,5508
7252: 9768,6204,5813,6009,7060
3137: 
9883: 9698,9969,9791,9699,9657,9807
1419: 
6011: 9898,6204,10020,9906,9666,6984
1901: 2649,1820,1553,2733,9720,1727
8658: 
9809: 9933,9923,1698,9589,9273,9869
9415: 9283,2024,2305,2492,9737,9665
9079: 8499,9120,8878,6474,9238,8056,7733
9646: 9513,9599,10027,9887,9723
9535: 3166,9541,9351,3856,9555,3559
1428: 1592,1861,9281,9257,1950,1180
1709: 2244,2153,2526
9779: 10031,9977,5403,9753,5995,9627
9329: 9775,9416,9565,9487,9837,9950
9694: 9312,9886,9832
7865: 
9847: 9685,9908,9914,9469,9494,10016
9460: 9782,9446,9263,9393,10040,9580
9595: 9605,9479,9532,9619,2866,10033
9445: 9287,9315,9566,10001,9611,9322
8211: 8498,6474,8496,7478,6480,7125
2198: 2293
7146: 6682,10009,7417,7505,6583,7836
2595: 1676,2212
7988: 7992,8225,7911,8075,8150,8513
9836: 9981,9702,9426,8033,9423,9587
9319: 2649,1820,9624,2744,9585,9333
9734: 4331,9262,9282,9569,9524
1446: 1617,1044
9933: 9923,9809,9547,9869,9974
9301: 7360,9667,9561,9603,6731,9773
2551: 
6804: 6805,6520
4146: 9522,4444,9331,4155,4347,4450
9869: 9487,9806,9933,9809,1698,9974
9497: 9368,9584,9596,9449,7973,7564
9769: 9823,9736,9728,9798,9829,9656
3226: 
2666: 2881,2047,9758,2685,2600
9708: 9720,9813,9903,1553,1225,9722
6915: 9310,9508,7360,9561,6358,7532
5920: 6421,6420
6629: 9607,9308,4979,9502,3674,5965
9455: 5664,5754,9410,9394,4773,9578
9469: 9494,9417,9309,9908,9847,9801
5736: 
5478: 3774,3471,6348,6724,2148
9508: 9310,6915,9643,9561,9936,10019
9658: 9873,9872,9901,6244,9941
9666: 9979,9726,10020,6011,6984,9849
9763: 9690,9944,6249,9989,9993,9347
4937: 4525,9280,4626,4307,4823,9602
2523: 100,3786
9860: 6280,5509,9601,6085,9696,9724
8498: 6474,8211,8496,9919,9930,8499
5509: 5389,9860,6280,5395,9601,9575
9325: 9476,9261,9608,9398,9463,9364
9489: 9462,9256,9797,9331,4155,3953
9687: 9472,9953,10015,9783,9314,7617
1477: 1152,1076
9547: 9275,9933,9923
1729: 
7870: 
7434: 9636,9253,9631,9977,9880,9517
7265: 7354
1483: 
9606: 2362,1075,9780,9905,927,9389,9267
3777: 3983,3578,3680,3471,3982,3774
4876: 4169,4773,5574,5754,5475,5466
8616: 
9498: 9513,9599,9522,4444,9538,4650
8356: 7026,8867,6916,7119,7811,9563
9907: 217,9273,9782,9793,9326,10040
3835: 2858
7033: 9846,5792,6284,7564,9885,8631
3713: 3712,4232,9304,9679,2743,3615
1494: 1246
9506: 3874,9433,9330,9570,3284,3578
9858: 9827,9811,9996,9794
1497: 2483
9268: 3701,9577,9493,3207,2333,9536
7581: 7142,9260,7996,7314,7739,7318
5408: 5508,5613,5403,9684,5801
9392: 9483,9269,3506,4218,4322,9633
10020: 9896,9911,9906,9979,9666,6011
9784: 9249,9861,9562,5421,9668,9726
9633: 9670,9459,9483,9392,4529,4322
9544: 10022,9778,9952,7847,9386,9359
1506: 1592,1861,1594,9748,2689,9819
5475: 9884,5466,4876,5574,5572,5754
9802: 9672,9507
9754: 9852,9835,9738,9303,9885,9846
5640: 
2761: 3743
1512: 9405,1594,9551,9257,1861
2968: 9619,2866,9608,2391,4068,2580
3294: 3295
3471: 3777,3578,3874,2148,5478,3774
6916: 6932,7119,7198,7117,7026,8356
9516: 9520,9771,9713
1973: 2336,2244,2524
9682: 9748,9972,9925,1178,9888,9949
9990: 9771,9713,9815,10041,3731,9957
9534: 9289,7292,8186,9486,9436,9390
8904: 
6481: 7125,6093,9274,7569,7565,7733
9372: 9427,9371,9247,1867,2044,2224
1525: 9421,1867,9707,359,2133,2135
9435: 9308,9638,9543,9647,9540,9943
1527: 2881,2492,2047,2044,2311,9247
9376: 9413,9426,9484,9346,8033,7719
1529: 424
10010: 3279,9810,9675,9822,10001,9659
9483: 9269,9521,9392,9282,9633,9459
9394: 9533,9410,4168,4475,4773,9455
5403: 5408,5613,9753,5995,5302,9779
9674: 801,9586,9956,9830,9276,874
1820: 1901,2649,9319,1556,9624,2733
9577: 9268,9493,9358,9298,9380,9536
9910: 5942
2047: 2666,1527,2881,9247,9295,9758
9515: 1793,9706,9565,9806,9272,9991
8879: 8061,9081,9217,9504,9219
9461: 9642,9496,9263,9803,10037
4606: 5215,4605,4301,4611,4710,5417
7505: 7417,9952,7146,7847,6585,7836
9258: 9723,9513,9412,9538,9573
9817: 9776,6537,9725,9792,10006,9975
9970: 10023,9671,9579,9351,9411,9845
9364: 2580,3367,3670,9608,9261,9325
9739: 9828,9450,9681,9976,9641
6912: 
9374: 9899,9425,9665,2024,9332,9424
9968: 9909,9549,9265,9306
3947: 3255,9756,9621,9283,2024,9424
1553: 1071,1225,2733,1901,9720,9708
9735: 7417,9952,9457,9466,9963,10022
4525: 4937,4529,4322,9280,4521,4307
1556: 9624,9491,9495,9530,2733,1820
9382: 794,9637,9255,9399,9500,1676
9732: 334,9850
7973: 9449,9509,7560,7558,9497,9584
6483: 6389,7050,9623,9631,6003,6767
2135: 2133,1855,1525,1867,2224
2721: 2536,2165,9470,9902,2538,9250
6731: 7360,9301,9773,9805,9650,6823
9421: 1525,1867,9707,9655,9371,9496
9859: 9924,9731,9554,9961,9491
8296: 8372,7494,8710,8995,8222,8770
9994: 9947,10032,9838,9870,9422,10000
9689: 9797,9799,10000,9838,9866,9887
2231: 2321,2778,9663,9962,2699,2509
8995: 8770,8296,8710,8707,9317
1571: 
4661: 4448,4458,4757,4462,5062,4858
9915: 9852,9835,9622,7300,7123,9593
10032: 9947,9994,9375,9582,9591,9422
5882: 9588,5975,5973,9379
8471: 
9851: 93
9916: 9688,9864,9995
9753: 5801,9768,9714,5403,10031,9779
5508: 5408,5613,6376,9417,9684,5304
9884: 5475,9848,5466,5572,9667,9603
9924: 9859,9731,9759,9491,9485,9333
1583: 1849,3450
9973: 9728,9823
5551: 
9253: 7434,9636,9631,9299,9274
4448: 4450,4458,4661,4757,4444,4650
9745: 1387,2072,9882,10008
6749: 9550,6460,9499,6930,6932,7019
7765: 8170
5455: 6140
1592: 1428,1506,1861,1950,2689,2403
9705: 9486,7617,9729,7009,7542,9289
1594: 9405,1512,1178,1506,1861,9748
9541: 9535,3166,9351,9605,9411,2772
9892: 9407,9438,8126,8046,9634,9787
9480: 9429,9360,9294,9503,10025,9678
9564: 9610,9613,9546,9307,9504,9560
5194: 5578,5200,5295,6375,4485,5495
9490: 9539,5051,9367,5856,6338
9166: 10014
9971: 9368,9596,8694,10043,9930,8496
8614: 8677
7081: 
8794: 
9458: 7532,6639,9310,9354,9550,7646
9342: 9443,9320,9246,9761,9357,9397
2311: 2044,2212,794,2305,1527,2492
9399: 2407,2689,9500,9819,1676,9382
9431: 9324,9464,9566,9288,9300,9315
1611: 9962,9946,10026
8676: 8677
9426: 9413,9886,9376,8033,9836,9702
9613: 9610,9564,9277,9307,9420,9618
2744: 9585,9913,2649,9319,3025,2928
1616: 1044,1873
1617: 1446,1044
9434: 9711,9373,9447
1619: 
3928: 
9486: 9729,9705,9534,9289,9928,9390
1622: 2057,9439,2609,9676,2236,2326
4950: 5755,5167,5256,9539,5051
3670: 3367,9364,9261,4475,4169,4073
5572: 5574,4271,9839,5475,9884,9603
9946: 9962,1611,10026,9323,9879,9369
9145: 
9647: 9540,9967,9805,9943,9650,9435
9741: 1251,1013
1630: 
9662: 9822,9611,9997,9428,2893,9510
8677: 8614,8676
9762: 9857,9752,10030,10003,9789,10039
9484: 9733,9928,9346,9390,9413,9376
5051: 9539,9490,6339,4950,9350
6516: 
9728: 9973,9823,9769,9656
4941: 9868
9929: 9348,9718,9721
9348: 9523,9266,9718,9703,9929
9794: 9673,9996,9858,9811
4514: 4306,4710,4004,4616,4719,4811
5202: 5200,5201,4697,5104,5413,5204
9346: 8333,9436,9390,9484,9376,7719
9723: 9258,9513,9646
8075: 8383,9649,8150,9284,8513,7988
9749: 9827,9811,9546,9567,9615,9863
9848: 9884,5466,9667,9710,6349,10019
8346: 9983,8485
8392: 
9894: 9629,9960,9600,9039,9085,9318
10015: 9975,9783,9725,9347,9314,9687
5328: 5426
9494: 9469,9417,9684,9847,10016,6007
7761: 8006
9959: 9670,9459,9524,9751
10042: 9920,9839,3771,9529,9362,4271
8844: 
9863: 9615,9548,9811,9749,9673,9672
4332: 
3295: 3294
4462: 4569,4458,4661,5062,5755,5064
4004: 3907,4626,9357,4306,4514,4811
7680: 
9318: 9085,9894,9960
1666: 9677
9612: 9551,10004,9770,9257
9824: 10005,9664,9571,9727,10039
9998: 9452,9373,9785,9531,9447,9942
2072: 9882,1387,9745,1892
9680: 6041,9652
6932: 7019,6916,7119,6749,6930,7198
9520: 9516,10021,9713,9816,3722
6671: 7569,6767,7050,7570,7739,7142
9700: 9761,9709,9717,4521,3907,4307
1676: 2407,9399,2595,794,9382,2212
9518: 7060,9525,9648,6009,9400,9559