9266: 9877,9280,9718,9348,9602,9523
9886: 9836,8336,9694,9702,9832
6467: 6371
3: 23,87
9378: 9456,9545,9277,9237,9292,9640
5: 
4797: 4697
6185: 6283,6282
8579: 9127,8995,8513,8296,8770,8710
6450: 6163,6260,6541,6357,6448
10: 9851,31,60
8276: 8422,8046,8044,7965,8199,8624
8460: 7759,7679,8387,8005,9735,8597
10012: 9714,9880,10031,10009
7073: 6982,6983,7164
9562: 5338,9429,5327,5129,9249
16: 9850,141
6262: 6165,6264,6164,6163,6359,6358
18: 
3625: 3624,3925,3425,3727,3826
8158: 7668,7918,7996,8727,9260,8234
10011: 3641,9932,10036,3347,3643,9891
22: 23,50
23: 3,22
5930: 5332,5931,5928,6128
9962: 9663,9879,9946,10026,1362
5277: 5278,5177
27: 56
5688: 
6147: 5956,6244,6437,6052,6148
30: 31,60
31: 30,10,9851,60
7801: 7877,7876,7962,7954,7719,7548,8042
33: 62,133
34: 135
7009: 6916,7008,7103,7010,7456,7014
9294: 9523,9703,10025,9454,9503,9480
3904: 3903,4004,3803
4306: 4305,4307
39: 40
40: 39
6085: 6084
42: 68,9732
7085: 6628,9964,6246,9817,9776
7319: 7581,7231,7494,7318
9265: 9305,6139,5453,6140,6336,9306
46: 81
8878: 8499,8636,8820,8984,8983,8701
6884: 7160,6886,7070
7345: 7431,7344,7080
50: 22
4010: 4216
3665: 3664,3666,3765,3764
7890: 7973,8497,7558,7557,8352,8560
9645: 9709,9335,9717,9813,1820
8540: 8338,8479
56: 27
57: 91
8960: 8619,8861,8743,9017
9001: 9091,9092,9170,9049
60: 30,31,10
9945: 77,9826
62: 33,133,134,135
9914: 10016,9906,9341,9685,9896,9847
64: 275
9943: 9638,9435,9920,9529,9650,9647
66: 386,387,334,446
8150: 7911,7992,7909,8225,8227
68: 9732,42,9850
9855: 6712
6593: 7252,7066,6303,6398
5893: 5793
5611: 5710
73: 336,283
8144: 7742,7741,8065,8066,8219,8221,8143
8175: 9842,9683,8097
4677: 
77: 9826,9945,115
7178: 
3789: 
6658: 
81: 46
9398: 9244,9476,9810,9463,9659,9325
9765: 9677,1494
4637: 4838,4839,4638
8120: 8042,8121,8616,9625,7962,8119
6244: 6147,5956,6437,6242,6436,6337
87: 3
7207: 7118,7117
6403: 6209,6307,6207,6974,6405
4949: 5051,4950,5150,4845,4852,4849
91: 57
9922: 9897,9814,9876,9955,9921
93: 133,175
9617: 8453,9448,9334,8455,9938
4480: 4580,4481
9880: 9977,10031,9517,7434,10009,10012
3897: 3997,3898,3998
9787: 9854,9438,9892,9634,9800,9691
99: 275,438,499
100: 181,980,1623,2333,2428
9738: 9835,9754,9846
7979: 8061,8363,8058,7818,8138,8213
4459: 4462,4559,4458,4259,4463
5490: 5390
6100: 6003
7162: 6979,9684,6978,7161
8587: 8776,8716,8891,8779,8655
9918: 9758,9663,9879,9528,9414,9295
9788: 9321,10002,9940
4393: 4293,4292,4493,4494
6703: 9847,9908,6607
7902: 7903,7821,7737,7901,8291,8292
5400: 5300,5299
6576: 6480,6575,6671,6672
115: 77,116
116: 115
4720: 4823,4719,4616,4621,4725,4730
118: 307,309
4565: 4463,4665,4566,4667
8792: 9544,8457,9359,8729,8596
121: 168,127
9609: 9579,9572
4427: 9269,4331,4320,4322,4526,9392
5422: 5224,5322,5520,5621,5424
9878: 9255,9500,9972,9925
126: 167
127: 9547,121,168
8478: 8475,8677,8614
9964: 9872,9873,6248,6246,9776,7085
6437: 6147,6244,6337,9872,6148,6248
131: 220,323
6021: 6118,5920,6022,5722,5724,6219
133: 93,33,62,134,175
134: 176,175,133,62,135
135: 34,62,134
5211: 5110,5312
4343: 9442,4139,9256,4045,4146,4240
9467: 9477,9290,8208,7560,9478,8357
9974: 9837,9869,9487
8946: 9091,9092,8947,8999
141: 16
7181: 9603,9301
9572: 9630,9327,9986,9579,9609
5720: 5620,5621,5722,5818,5819,5920
6461: 6556,6462
146: 234
147: 
7837: 8386,8526,8236,7756,7587,7836
149: 
150: 
6462: 6461
9407: 9019,9661,8866,8919,9438,9892
8882: 8705,8938,8991,8824,9037,8989
4660: 4658,4661,5062,4865,4664,4964
155: 10037,9803,156,157,9496,251
156: 417,157,155,811,251
157: 156,541,9446,155,9803
9644: 9341,9896,6038,9911
159: 
8463: 8168,8318,8603,8667
6712: 9855,6617
9957: 3335,3434,9990,9713,10041,10038
163: 208
7850: 7769,7936,7767,7601
6003: 5904,6004,6100
4529: 9633,9392,4526,4525,4630
167: 126
168: 121,127
6248: 6439,6148,6246,6437,9964,9872
7934: 7935,8015,7771
9485: 9759,9585,9796,9697
9324: 9566,9431,9527,9464,9473,9428
6007: 6105
8521: 8450,8654,8230,8378,8589,8451
175: 176,134,93,133
176: 134,175,323
9413: 8262,9376,9484,9733,9312,9426
9843: 9586,9956,9856,9934,9770,9281
9523: 9703,9294,9266,9348,9454,9602
7217: 7127,7128,7393
181: 2151,100,9502,9403,980
5084: 5185
8018: 7855,7937
6068: 5970,6067,6165
185: 228
9581: 9492,9881,9653,8681,8685
187: 283,285
9259: 9366,9553,834,1295,9430
5453: 5251,5253,6140,9306,5353,9265
9027: 8495,8627,9157,9112,9976
9367: 9311,9539,9578,6144,9490
8799: 8481,8679,8480
9299: 9636,9639,7252,7066,9274,9253
7007: 6916,7008,7095,9550,7532,7098
9433: 1133,1057,9506,9330,9502,9313
8380: 8307,8383,8382,8451,8452,8453
5724: 5722,5922,5426,6021,6219
4579: 4580
6067: 5970,6068,6162,6165,6164
9232: 9987,9211
9650: 9773,9920,9943,9805,9647
8450: 8521,8449,8654,9132,8378,8715
9669: 1758,9361,9747,9737,9874,1583
3731: 3533,3932,3734,3729,3829
6065: 6256,5966,6162,5870
206: 362,309
5451: 5752,5250,6238
208: 163,426,9275
8462: 8165,7763,8163,8599,9942
9870: 9947,9693,9994,9838
9815: 10041,9990,9771
3663: 3564,3664,3763
6071: 6072
10000: 9797,9689,9462,9422,9994,9838
7080: 7344,7520,7345
8005: 7761,8389,7759,8460,9735
217: 754,9326,371
9941: 9873,9792,9901,9658,10035,9992
3627: 3628,3527,3531,3431,3227,3425,3727
220: 131,324,323
9569: 9328,9262,4336,4132
5167: 4968,5064,5069,5267,5266
7901: 7818,7819,7737,7902,8061,8291
4736: 4837,4939
7292: 7631,7550,7462,7293
9656: 9728,9769,537,602
9681: 9844,9984,9828,9739
228: 185
6375: 6376
6617: 6712
9716: 8620,8485,9653,9381,9864,9995
9470: 1225,716,9557,9316,1306,1145
233: 700,9272,9416,9345,9969
234: 338,146
9677: 1578,1494,9765
5329: 5327,5328,5331,5725,5528,5727
237: 
238: 338,288
7130: 7039
240: 344,291
9965: 2389,10023,2022,9671
9667: 9848,10019,9884,9603,9301,9561
243: 
9593: 9915,9622,9588,9252,9379
245: 
246: 
247: 301
9570: 834,9330,9900,9370,9506
5312: 5413,5211
7145: 7146,7413,7325
251: 672,811,155,156,9642,9496
5150: 5051,4949,4845,5247,5148,5154
7393: 7565,7650,7217,7735
9830: 9276,9270,9719,9956,9674
7692: 7344,7520,7521
6238: 5948,5452,5250,5451
5251: 5453,5253,9909,9404,5352,5353
7560: 7646,9478,7298,7386,8208,9467
7939: 
7899: 8058,7650,7735,7818
4323: 4117,4320,4118,4328,4331
3755: 4053,3850,3856,3656,3956
10006: 9975,9817,9776,9792
8808: 8919,9102,8274,8490,8273
8153: 8230,8304,8074,8152,8154,8307
5224: 5125,5422,5124,5322,5123
7974: 7811,8357,7209,8208
8304: 8230,8153,8378,8152,8228,8376
4036: 3942,9597
7721: 7719,7548,7885,7550,7638,7804
5856: 5951,5957,6047,5662,5663,5761
5710: 5611,5709
7631: 7292,7550,7462,7713,7877,7548
274: 324
275: 99,438,498,64
8881: 8879,8639,8987,8703,9081,8704
9418: 9424,9621,9912
278: 387
8292: 8291,8365,8766,7903,7902,8142
7836: 7667,7670,7587,7837,8236
4405: 4305
6264: 6262,6165,6359,6265
283: 187,288,73,336
7777: 7268,7176
285: 338,187
9909: 5251,9755,9404,9968,5352,9549
4117: 4218,4320,4323,4118,4115,4318
288: 283,238,336
289: 
4196: 4197
291: 344,240
3786: 3686,3787
3907: 
3983: 4083,3982
9979: 9911,9668,9666,9726,9401
5965: 5964,6349,5868,5769,6062,5966
8417: 8555,8419,8681,8806
7884: 8044,7965,7719,7885,8042,8121
299: 408,411
5715: 5813
301: 247
8976: 8982,8813,8869,9063
10029: 9740,9795
7772: 7775,7516
9755: 9985,10018,9632,9404,9549,9909
4702: 
307: 118,309
9772: 9332,3536,9620
309: 362,206,118,307
6339: 6338,5852,9490,6242,6436
9585: 9333,9485,9913,9319,9697
312: 370
6934: 7026
9500: 9255,9878,9972,9399,9819,9382
9733: 9928,9484,10024,9951,9312,9413
316: 9275,9598,426,370
9888: 9682,2481,9931,9949,2576
318: 424,366,750,9946
319: 
7344: 7692,7520,7080,7345,7521,7431
10025: 9703,9294,9711,9480,9678
7929: 7248,8170,7340,7765
323: 131,324,220,176
324: 220,323,274
8609: 
4156: 4057,4255,4260,4256
8779: 8891,8835,9004,8587,8718,8655
9714: 10012,10031,9753,9768
329: 9445,9322,9611,1881,502
5505: 5604,5504
9873: 9964,9872,9792,9941,9658,9776
7079: 7169
9803: 10037,155,9781,9537,9446,157
334: 387,66,446
9327: 9542,9630,9572,9579,1497,1844
336: 73,288,283
3998: 3997,3897,3898
338: 285,234,238
3856: 3559,3656,3755,3857,3956
4826: 4934,4730,4823,4819,4821
341: 1216,1215,9248,1136,9430
4504: 4605
343: 455,397
344: 291,240
7550: 7292,7631,7467,7548,7721,7638
346: 519,648,650,647
9926: 9919,9767,9889,9930,10043,9854
9826: 77,9945
4298: 4399,4197
9912: 9621,9744,9418
7733: 8058,8056,7649,7650,8209,8498
10024: 9951,9472,9729,9928,9733
7618: 7279,8020,7791,7942,7455,7540
9316: 10002,9940,709,1145,9470,9557
7831: 7405,7579,7832,7913,7911
9697: 9796,9679,9585,9485,9913,9304
8137: 8138,8213,8211,8430,8502,8431
358: 9736,730,529,661
359: 1110,1187,9427,9371,1185,1108
360: 418,480,609
4486: 4485,4385
362: 309,206,420
7876: 7801,7962,7954,8033,7880
5983: 
9987: 9232
366: 9626,679,368,318,424,750
6849: 6848,6941,7033
368: 9626,366,10040,9907,487,424
3850: 3755,3950,3849,3651
370: 312,426,316
371: 424,487,9383,217,9326
372: 1124,1202,897,754,9273,1282
9701: 9648,5933,9849
8591: 8589,8452,9448,8590,8658,9356
9748: 943,728,9972,9819
376: 433,492
9499: 7276,7099,7098,9550,9354,9402
9584: 9368,9660,9563,8811,9497,9444
8947: 9046,8999,8949,8946
9476: 9398,9244,2777,9325,9261,3168
5204: 5104,5304
382: 561,499
383: 694,902,762
384: 565,630,566,838,768
385: 
386: 66,447
387: 278,334,66
9608: 2110,2392,9463,9619,9325,9364
8654: 8450,8521,8589,8715,8716,8590
390: 449
4354: 4259,4256,4349,4450,4453,4458
6163: 6260,6450,6262,6164,6357,6358
9379: 7813,9588,9593
394: 9791
395: 641,514
5124: 5031,5023,5123,5224,5125
397: 343,455
5761: 5765,5663,5957,5856,6055,5958
6575: 6576,6671
6696: 6886,6695,6890,9696,9764
9444: 9019,9661,9563,8867,9660,9584
402: 521,519
403: 9474,523
7103: 7011,7010,7009,6832,7195,7014
405: 
9540: 9435,9512,9543,9967,9647,9406
407: 410,411
408: 299
5044: 4641,4944,9352,9408,5047
410: 407
411: 407,299
412: 413
413: 412
3953: 4057,4053,3956,3957,4155
9397: 9342,9357,9409,9320,2170,1238
416: 477,808,9769,602,807
417: 156,888,811,886
418: 360,743,744
9900: 9570,834,9385,9807,9370
420: 480,362,544
9235: 8982,9071,8928
8560: 9563,8625,8352,7890,8811
8868: 9024,9069,8812
424: 318,371,487,366,368
4683: 4582,4783
426: 208,316,9275,370
5504: 5604,5505
3683: 3684,3782,3783
6744: 7019,6930,7020
430: 972,9933,686,827
7548: 7719,7721,7631,7550,7877,7801
8481: 8679,8480,8799
433: 437,376,492
434: 
8389: 8084,7761,8005,8163,8599
9309: 6510,6419,9469,9724,9601,9801
437: 433,498
438: 99,275,499,498,559
5868: 5672,5870,5769,5965,5966
6162: 6256,6065,6067,6260,6164
9693: 9870,9947,9834
442: 504,568,634
6418: 9898,6705
10008: 9840,9882,9745
6854: 6853
446: 334,66,447
447: 386,446
448: 
449: 390
450: 700,9272,512,839,9515
9448: 8453,9617,9334,8591,8452,9356
8066: 7825,8146,7742,8144,8221,8145
453: 641
454: 456
455: 343,397
456: 454
4845: 4949,5150,4944,4849,5047
5374: 5274,5375,5573
7609: 7161,7070
9938: 8593,9617,9334,9917,9988
4007: 4108,4006
6388: 6291,6483,6389,6387
9300: 9370,9526,9315,9385,9288,9431
4502: 4501,4603
7293: 7380,7467,7292
466: 874,1027,730,529,9586,9674
467: 666,475,531,535
5650: 5847,6043,5550,5649,5750
9432: 9341,9685,6327,6038,6326,9278
8987: 8881,8879,9081,9219,9122,9193
9670: 4630,4836,9633,9459,9959,9751
472: 473,537
473: 472
9995: 9864,9916,9716,9653,9881
475: 467,666,535
9171: 9173
477: 416,808
8703: 8061,8363,8365,8881,8639,8704
9414: 9528,9918,9879
480: 420,544,360,609
4667: 4766,4565,4665,4566
9466: 9559,9457,9525,7679
3847: 3947,3452,3550,3451,3942
484: 544,546,609
485: 9323,9393,612,9461,746,678
6284: 6283
487: 9907,9383,368,424,371
4494: 4393,4493
3782: 3683,3783
4498: 4497,4397
491: 687,619
492: 559,687,376,433
6590: 6588,6784,6688,6781,6973
9037: 9081,8824,8882,9161,9193,8989
8662: 8729,8596,8663,8081,9616,8527
7952: 7791,7625,9472,7191,7368,7279
8422: 8126,8046,8276,8688,8278,8624
498: 437,275,438
499: 99,438,559,755,382
9524: 9282,9459,9734,9959
501: 1052,762,978
502: 980,2148,1623,329,9322
9359: 8792,9544,8729,9505,9386,9712
504: 698,442,634
8627: 8495,9027
9785: 7062,9400,9531,7155,7680
6585: 6586
9427: 359,1110,9371,9642,672,740
3763: 3663,3664,3764
6784: 6688,9274,6590,9631,6973
511: 634,9806,568,839,768,9515
512: 839,838,450,1060,910
513: 640
514: 395
9531: 9785,9400,9559,9457
5027: 4821,4929,5036,5031,5023
6260: 6163,6350,6450,6162,6541,6164
518: 645,647,649
519: 346,648,402
9652: 6618,9680
521: 523,402,586,584
9436: 8186,8333,9534,9390,8033,9346
523: 521,403,586,9948
9823: 807,9973,9728,9769,876
4074: 4073
9286: 9532,9862,9510,9997,9845,9479
527: 9488,9495,997,9365,1148,1228
9621: 9756,9912,3444,9418,3339
529: 358,730,9276,661,9674,466
8452: 8589,8591,8451,8380,8453,9448
531: 535,467
7209: 7119,7386,8208,7974
9310: 9508,9643,7360,7092,9458,9354
3686: 3586,3786
535: 531,467,475
3903: 3904,4004,3803
537: 602,472,9656
5047: 5247,4944,5044,9408,4845
9393: 9323,485,9263,9461,9460,9580
4840: 9868,4941
541: 157,745,888,890
7804: 7638,7723,7721,7885,8126,8046
5573: 5572,5374,5574,5672
544: 484,480,420,609
7825: 7488,7743,8066,8146,7742
546: 609,484,678
5826: 5928,5727,6121,6028,6126
8919: 9102,8808,8866,9407,9892
9464: 9473,9288,9431,9324
5597: 5598,5497,5697
8645: 8440,8708,8830
9293: 9594,9692,9750,9786
10014: 9226
7179: 7176,7268
9425: 3940,3942,9332,9374,9396,9597
4700: 4699
5543: 5837,5639
9209: 
559: 492,687,438,499,755
4590: 
561: 382,758,760
9756: 9621,9744,9932,3742,3444
563: 760,973,694
564: 697,9807,9553
565: 384,566
566: 568,565,384,768
9396: 9582,9375,9597,9332,9425,9620
568: 566,442,634,511,768
7195: 7283,7014,7103,6832,6926,7371
9211: 9185,9232
571: 
4929: 4821,5027,5036,4934,5141,5142
6618: 9652,6138
8989: 8990,9194,9037,8991,8882,9161
7198: 7545,6926,6927,7019,7199,7460
10034: 9465,9402,9944,9643,9936,9695
577: 
8490: 8274,8808
9459: 9282,9524,9633,9483,9670,9959
8707: 8938,8439,8507,8369,8219,8440
6357: 6639,6823,6448,6163,6450,6358
9659: 9463,10033,9675,9398,9810
5398: 5298,5497
584: 521,586
7247: 7249,7248
586: 9948,521,523,584
9898: 10016,9906,6418
588: 783,645
4630: 4527,4836,9670,9633,4529
5332: 5930,5230,5528,5928
9657: 9853,9883
9618: 9613,9420,9277,9686
9767: 9926,9661,10043,9660,9854,9438
9672: 9802,9507,9548,9863,9673
9904: 9419,9628,9284,9875,9271,9649
596: 599,733,664,9821
7050: 
9308: 9638,9435,6629,9607,6820,9543
599: 596,666,664
5916: 5917,6114
9281: 9257,9770,9843,9586,801
602: 537,9656,9769,416
9298: 9536,9746,9380,9577
6148: 6439,6248,6147,6437,6249,7086
5755: 5657,9394,5361,5363,9533
9377: 6441,7086,9362,9607,9529,9638
5513: 5413
4256: 4259,4260,4354,4156,4255,4349
609: 546,480,484,544,360
9114: 9214,9072,9187
9740: 9795,10029,9395,9344,9875
612: 9323,485,746,890,614
9251: 9283,9415,9576,9255,9637
614: 965,9369,9323,612,889
9718: 9929,9348,9721,9751,9877,9266
616: 750,679
3986: 4087
9287: 9403,9313,9526,9315,9445,9322
619: 755,686,491,687
8688: 8422,8278,8867,8624,8866,9019
9422: 9591,10032,9994,9442,10000,9462
5887: 5886
8968: 8683,8861,9018
4260: 4259,4256,4156,4263
6586: 6585,6682
9867: 10035,9992,9471,9343
3589: 3489
9127: 8579,8995,8770,8830,9130,9600
7003: 6915,6912,7002,7092,7532,9458
630: 384,838,910
9170: 9133,9091,9001,9049
7641: 7557,8352,7888,7470,7555,7723
9358: 1302,9493,9577,9380,1068,1303
634: 511,442,504,9869,568
6548: 6359,6358,6639,6550,6549
6813: 6904,6624,6720,7083
6256: 6065,5966,6162,6062,6348,6350
4815: 4716,4817,4917
9297: 9556,9317,8995,8888,9600,9629
640: 707,513
641: 395,453
9636: 9299,9639,9627,9253,7434
9696: 6890,6984,9724,9860,6696,9764
9429: 9480,9360,5338,9503,9562,9249
645: 518,783,588
5307: 5308,5408,5207
647: 650,649,346,518
648: 346,519,650
649: 650,647,518
650: 647,649,346,648
4269: 4369,4168
8718: 8655,9005,9750,8779,9004,9340
4319: 4216,4318,4218,4314,4422
4331: 4427,9269,4330,4328,4320,4323
8378: 8230,8304,8376,8450,8521,8449
7936: 7850,7769,7770,7771
7625: 7952,9472,7368,9705,9729,7627
4442: 4338,4650,9522,9498,4438,4644
9509: 8565,9449,9303,9477,9453,8356
3717: 3818,3820,3517,3519,3715,3817
661: 9276,731,876,358,529
6537: 6629,9607,6155,6347,6056,6441
9526: 9370,9300,9315,9330,9313,9287
664: 733,666,9973,596,599
8748: 8807,8806,8555
666: 467,475,599,664
9370: 9300,9526,9385,9570,9330,9900
3792: 
6121: 5922,5725,5727,5826,6122
670: 955,9707,9760,1105,1027,1347
8565: 9509,9449,7973,8356,8497,8631
672: 811,884,251,9642,9427,740
7913: 7832,7831,7911,7993,8075
8029: 7703,7870,7704,7787,7949
6091: 6188
9989: 9763,9993,9347,8020,9314,7942
9502: 9403,9313,9433,181,1539
678: 746,744,546,485
679: 9626,366,9369,616,750
4388: 4288,4287,4387
9133: 9170,9049
8526: 7837,8386,8236,8727,9623,8527
683: 1280,9295,9758,1043,1611,1784
3712: 3711,3810,3713,3812
8006: 8163,8084,7763
686: 619,430,827,758
687: 492,559,491,755,619
9491: 9333,2554,2366,2463,9624
5185: 5186,5084,5285
4318: 4216,4319,4115,4117,4218
4897: 4997
9770: 9257,9281,9843,10004,9934,9612
4139: 9442,4343,4141,4045,9591
694: 902,1125,563,383
9771: 9990,9516,3036,9815
9786: 9893,9692,9293
697: 835,1060,9339,564
698: 504
7742: 7741,8144,7488,7825,8066
700: 450,233,9272,9969
8527: 9623,9616,8386,8526,8081,8662
9695: 9690,9710,9936,10034,9944
9925: 9878,9972
704: 9536,9441
8242: 8391,8318,8667
6290: 6387,6291
707: 640
9952: 9735,8597,10022,9544,9386,9778
709: 1068,9818,9940,9316,1145
710: 781
5086: 5087,4986,5186
9513: 9599,9498,9646,9258,9723,9538
8365: 8291,8766,8292,8703,8704
7312: 7311,7400
7325: 7413,7145,7146,7237,7673,7327
716: 1225,997,9470,9557,9365,1071
6028: 6226,6126,5928,5826,6128
718: 927,9635,1076,1075,1309
8874: 9236,8978,8821,9070,9157
9889: 9926,9919,9854,9691
9340: 9594,9004,8718,9750,9285,9519
722: 789
723: 792
724: 1506,1676,1340,9399,9382,794
8081: 7839,8160,8386,8527,8662,8596
4918: 5018,4819,4817,4917
6348: 6062,6631,6820,6256,6724,6350
728: 9748,943,10004,9405,9612
729: 1097,1178,872,9405,1510
730: 358,9736,529,1027,466,9760
731: 733,876,9276,661,9270
7949: 8474,7787,8029
733: 664,731,876,9973,596
10022: 9735,9952,9963,9778,9831
5220: 5121,5421,5123
9272: 450,700,233,9416,9565,9515
7832: 7750,7913,7494,7405,7831
9430: 1136,1295,9366,9259,9248,341
7455: 7540,7618,7791
740: 1111,1034,672,884,1110,9427
5958: 6155,5959,6056,5761,6055
6724: 9512,6541,9543,6348,6820,6350
743: 9446,9338,418,745,744
744: 746,745,678,418,743
745: 746,744,743,541,890
746: 745,744,678,485,612,890
6405: 6308,6598,9627,6403,6307
9622: 9915,9593,9852,9252,9290,9453
7279: 7618,8020,7617,7190,7791,7952
750: 616,366,679,318
7413: 7670,7587,7325,7145,7673
6637: 6911,9406,9512,6541,6448
8309: 8076,8234,8154,9419,9284,8383
754: 217,9326,9273,372,1045,1282
755: 619,559,687,499
9356: 9592,9353,8591,9448,9334,8658
3826: 3727,3829,3929,3625,3925
758: 973,827,686,561,760
6072: 5975,6071
760: 563,561,973,758
9217: 9218,9238,9120,9640,9420,9307
762: 977,1052,902,383,501
9992: 10035,9867,9792,9941
9743: 9812,9980
9783: 9687,9314,10015,9833,9953
8179: 8255
5023: 5124,5031,5027,5121
768: 839,838,566,568,511,384
7348: 7259,7349
6665: 6759
5266: 5267,5462,5363,5167,5657
9390: 9928,9486,9484,9436,9534,9346
9304: 2745,9913,9697,9679,2840,2841
774: 989,9268,840,9536,1216
7289: 7200,7375,7110,7462
4823: 4817,4719,4720,4826,4819
6931: 7023,6932,6930,7022,7020
7818: 7819,7901,7899,8061,7979
9417: 9494,9684,9469,9801
8984: 8821,9070,8820,8695,8878,8983
781: 710
5113: 5214,5013
783: 588,645
9781: 10037,9803,9537,9798
785: 923,848
7141: 7142,7231
787: 858,1006
8395: 8244
789: 722,860
5495: 5594,5395
9936: 9508,9643,9710,10019,9695,10034
792: 793,723
793: 792
794: 9382,1095,9637,724,1676
4328: 4123,4329,4323,4331,4330
796: 
8480: 8907,8481,8799
9060: 8962,9011
10021: 9267,9961,9731
4643: 4644,4853,4438,4642,4947,4955
801: 1025,948,1105,874,9257,9281
9383: 9589,487,371,9326
8273: 8271,8346,9140,8808
5574: 5475,5573,5672
6941: 7033,7300,6849,6848,7123
9913: 2745,2744,9319,9304,9585,9697
807: 9823,9769,876,416,808
808: 477,416,807
6389: 6388
9363: 9291,9980,9245,9552,9635
811: 672,884,251,156,417
4626: 4729,4523,4725,4525,4621,4527
813: 
5352: 9968,5251,9909,5948,5353
9553: 9366,9259,9337,9339,564
4263: 4364,4260
8376: 8301,8228,8304,8378,8649,8449
3810: 3711,3809,3712
6832: 6927,6647,7103,7195,6926
6180: 6278
6316: 6219,6122,6022,6223,9475,6320
6315: 9384,9575,6018,6118,6410,6508
823: 1529,1362,9758,9663,1280,1444
6651: 6930,6556
7819: 7818,7901,7735,7569,7737
5327: 5129,5328,5329,9562,9249
827: 1048,973,758,686,972,430
8372: 7909,7988,8225,8444,8069
5476: 5475
9972: 9878,9500,9925,9748,9819
6093: 5995
7118: 7207,7027,7117,7119
9820: 10018,9871
834: 9570,9900,9259,1295
835: 697,1060,910
6904: 6813,6624
7300: 6941,7033,7475,7563,7123,7562
838: 512,839,768,384,630,910
839: 512,838,768,9515,511,450
840: 9248,9590,9441,1216,774
7601: 7767,7599,9447,7850
5013: 5113
8058: 7899,7733,8056,8138,7979
9305: 9901,6139,9265,9471,9306,10035
9501: 9387,9126,9128,9318,9558
6508: 6797,6410,6315,9575,6984,9860
7516: 7775,7772
848: 996,785
5873: 5970,5871,5774
7858: 6973,6969,9631,7156,7152
9810: 9398,9244,9822,10010,9659
7646: 7560,9478,7298,7122,7475,9355
9111: 8921
5256: 5154,5355,5051,5054,9539
7248: 7929,7247,7340
6531: 6906
9947: 9870,9693,9834,9375,10032,9994
858: 860,787,1006,9745
10030: 9762,9857,9789,8776,8891
860: 858,789
861: 864,933
3994: 4094
3684: 3683,3783
864: 861,1087,933
8962: 9060,9010
9528: 9414,9372,9295,9247,9918
8964: 9011,9059
9282: 9524,9459,9734,9521,4336,9483
10041: 9815,9990,9957,10038
9442: 4343,4139,9256,9591,9422,9462
8431: 9079,8430,8137,8361,8499
872: 9551,9405,1427,1261,729,1510
3675: 3774,3674
874: 1105,1027,466,9586,801
7083: 6720,6528,6813
876: 733,731,807,9823,661
7386: 7209,8208,7298,7210,7560
9019: 9444,9407,9661,8688,8867,8866
6862: 6954,6768,6769
7518: 6979
4123: 3819,3821,4328,4329,3922
7555: 7638,7723,7380,7467,7470,7641
9591: 9422,10032,9582,4141,9442,4139
884: 672,811,959,1034,740
6128: 6037,9784,5930,5931,6028,6226
886: 966,417,888,889
4385: 4284,4285,4485,4486
888: 889,890,417,541,886
889: 888,614,965,966,886
890: 888,746,745,612,541
9707: 955,670,9760,9655,9829,9421
892: 1196,1042,965,966
6716: 6622
3615: 3514,3517,3612,3715,3713
6582: 6583
5775: 5676,5774,5776
897: 1124,372,972,9809,1048,9273
9999: 9866,10027
5839: 5933,5337,5536,5736
9831: 9778,10022,9963,9651
4440: 4338,4650,4444,4345,4448,4548
902: 694,1125,383,977,762
5970: 5873,6067,6068,5871
8228: 8301,8227,8376,7992,8152,8304
7704: 7865,7787,8029,7703
9067: 9109
9335: 9709,9645,9246,9296,9722,9813
9471: 9305,9306,9614,9343,10035,9867
9472: 7791,7952,7625,9729,10024
910: 835,1060,630,512,838
9835: 9738,9754,9915,9852
9091: 9001,9092,8946,9170
6320: 6414,9475,6416,6316,6223
9808: 9302,9574,10017,9985,9632,9604
915: 
6266: 6265
4644: 4853,4654,4643,4650,4442,4438
5278: 5277,5177,5379
4573: 4574,4675
4719: 4817,4823,4720,4616,4716
9567: 9749,9615,9560,9239,9162,9546
4616: 4514,4521,4621,4719,4720
923: 785
7470: 7383,7555,7557,7641
9351: 9411,9555,9535,9541
10040: 9782,9460,9580,9907,9626,368
927: 718,9530,1228,1309,1307
6188: 6091
929: 1078,9882,1477,1561,9895
9796: 9697,9679,9704,9485,9759,9790
9789: 9762,10030,10039,9727,9939
9530: 927,9635,9291,9495,9264
933: 864,861
5931: 5930,5633,6128,9784,9861
9950: 9775,9699,9837,9329
936: 
9611: 329,9445,9428,9566,1622,1881
938: 1014,9741
939: 9741,1014,1013
5375: 5374,5274,5475
941: 1248
6763: 6669
943: 9748,728,9405,1019,9819,1097
944: 
5997: 5898
4842: 
7383: 7296,7470,7557,7558
948: 1180,1025,801,9257,9551,1261
9981: 9702,9832,8412
3838: 3842,3154,3550,3741,3835,3940
7160: 6884,6886,6695,9779
8069: 7744,7909,7988,8372
4155: 3951,4146,4347,4053,3953,4255
7150: 6966,7237,7060,7417,7238
955: 670,9707,9371,9421,1347,1108
8499: 8361,8878,8636,8430,8431,8701
6323: 6223,6226,6126,6420
4934: 4826,4730,4936,5141,4821,4929
959: 884,1034,1272,1193
5481: 5480,5581
5807: 5709
3925: 3624,3822,3625,3826,3928
4346: 4349,4450,4345,4240,4347,4241
5110: 5211,5009,5010
965: 614,889,966,892
966: 886,889,965,1042,892
7649: 7565,7650,7478,8209,7733
9902: 9715,9903
9812: 9514,9743,9291,9980,9264
5678: 5776,5578
3674: 3675,3774
972: 430,9809,9933,1048,827,897
973: 1048,827,758,563,760,1125
9249: 5331,9583,9562,9360,9429,5327
9800: 9691,9634,9787
8655: 8718,9005,8587,8898,8779
977: 1052,1286,762,902,1203
978: 1367,1369,1052,501,1131,9706
7741: 7742,8144,7905
980: 1623,502,9322,9403,181,100
9876: 9955,3635,9927,9766,9922
982: 1134,1136,1295,1057,9506
5683: 
9720: 9813,1820,9708,2173,2451
8705: 8938,8882,8766,8507,8824
7296: 7383
5258: 5359,9533
5031: 5124,5023,5136,5027,5036
989: 774,1066,9268,1216,1297,1545
10009: 7155,9517,9880,10012
6056: 6155,5958,6055,6249,6441,6537
5956: 6147,6244,6048,6144,6242,5957,6047,6052
9451: 2190,9954,2098,2010,2189
6911: 6637,6910,6823,6448,6912,6731
4266: 4367,4165,4166
996: 848,1069
997: 716,9365,527,1071,1227,1148
4783: 4683
5355: 5154,5256,5151,5455,5852
3822: 3624,3925,3722,3821,3922,3928
3661: 3364,3860
6759: 6665,6853
9536: 704,9298,774,9268,9577
9320: 9279,9254,9443,9409,9342,9397
5000: 
1006: 1078,9745,787,858
1007: 1395
10016: 9906,9898,9914,9847
1009: 1160,1159
8891: 8779,8835,10030,8776,8587
5093: 5194,5092
7570: 7396,7569,7821,7737
1013: 939,1170,1169
1014: 938,939,9741
8191: 7958,9587,9426,8262,9836
6583: 6582
7023: 6932,6931,7022
9872: 9964,9873,6337,9658,6437,6248
1019: 9399,9819,943,1097,1507,1340
7462: 7292,7631,7289,7375,7713
4006: 4007
9811: 9863,9673,9794,9749,9827,9858
4029: 3928,4332,4030,4132,9262
9602: 5142,9454,5141,9280,9266,9523
1025: 1180,801,948,1105,1263
8199: 8274,8197,8044,8276,8624
1027: 1105,874,466,730,670,9760
7022: 7020,7199,7110,7023,6931
3779: 
7885: 7719,7721,7804,7884,7965,8046
3803: 3903,3904
8261: 8033,7880,9346,8110,9376
5419: 5421
1034: 1035,1111,740,884,959,1272
1035: 1111,1034,1438,1272,1436,1270
5294: 5394,5194,5295,5395
10018: 9985,9820,9755,9871,9549
5841: 
7707: 7451,7780,7703,7870
7539: 7451,7780,7452
10038: 10041,9957,3434
1042: 1196,892,966,1193,1276
1043: 1198,1527,9295,9247,683,1611
1044: 1045,10026,1281,1362
1045: 10026,1044,754,1282,1281
5585: 
3839: 3741,3835,3742,3837,3444,3743
1048: 973,827,972,1124,897,1125
9334: 9448,9617,9938,9353,9356,9917
9862: 9742,9671,9997,9845,9970,9286
3680: 3780
1052: 977,1286,762,501,1367,978
6303: 7252,6593
9731: 10021,9961,9924,9859,9816
9721: 9959,9751,9718,9929
5776: 5678,5775
1057: 1133,9433,9506,1709,1134,982
7877: 7801,7713,7954,7631,7548
8146: 7825,7743,8066,8145,8222,7988
1060: 697,835,910,512
4978: 4979
7309: 7396
6441: 9377,7086,6249,6056,9607,6537
9641: 9381,9391,9625,8908,8343
5177: 5277,5278
1066: 989,9268,9493,1545,1067
1067: 1548,1066,1302,9493
1068: 709,9958,9358,1303,1145
1069: 996
7888: 7641,8352,7723,8126,8278,8625
1071: 1387,1721,1227,1225,997,716
6847: 6939,7122,7123
5144: 9302,9408
9890: 9921,9897,10028
1075: 1076,1312,718,1309,1392
1076: 1312,1075,1152,9245,718,9635
9066: 9109
1078: 1006,929,1152
1079: 1396,9780,9905,1483
1080: 1395,9905,1483
5621: 5620,5520,5720,5422,5722
3606: 
9963: 8599,9942,10022,9831,9651
6270: 
7932: 8171,7770,8093
9571: 10005,10039,9824,9982,9556,10003
1087: 864
8170: 7929,7765,7425,7682
1089: 
5274: 5374,5375
9607: 6629,6537,6441,9377,9638,9308
1092: 1170,1169
5421: 5322,5220,5419,5520
9583: 9249,5230,5331,9360,9452
1095: 794,9637,9415,1336,1421
9746: 9958,9380,9757,9298
1097: 1507,1178,729,943,1019
9322: 329,9445,9403,9287,980,502
7562: 9588,9355,7300,7475,7563,7813
7903: 7821,7902,7739,8292,8064,8142
8869: 9063,8813,8976
9512: 6541,6724,9543,9540,6637,9406
4569: 
9452: 9678,9360,9583
1105: 874,1027,670,1025,801,1347
4665: 4565,4463,4462,4766,4667,4664
4939: 4736
1108: 1347,1185,955,9371,359
8369: 8219,8221,8296,8707,8440,8770
1110: 359,1187,9427,1111,740,1351
1111: 1035,1034,740,1110,1351,1270
7599: 7682,9998,9447,7601
4685: 
6414: 9475,6320,6416,9511,6510,6512
9927: 9978,3634,3734,9876,3635,9766
4703: 
5664: 5765,5663,5466,5564,5668
1118: 1276,1197,1196,9372
9514: 9812,9388,9321,9488,9264
8208: 7386,7209,7560,7974,8357,9467
6249: 6055,6052,6056,6148,6441,7086
9760: 670,9707,9736,730,9829,1027
7200: 7953,7289,7375,7460,7110,7630
1124: 1202,372,897,1048,1125
1125: 694,902,1048,973,1124
9791: 9775,9699,394,9345
3842: 3838,3154,3057,3646,3450,3741
6647: 6832,6645,6648,6552
5092: 5192,5093
9441: 840,9590,9804,704
1131: 9676,9706,1369,978,1619
1132: 9439,1619,1290,1211
1133: 1057,9433,1709,1539,1973
1134: 1709,1542,1375,982,1057
4853: 4644,4654,4643,4757,4855,4955
1136: 1295,9430,1215,341,1375,982
6280: 
9345: 9416,9791,9775,233
8373: 8301,8227,8225,9045,8647
7127: 7128,7037,7217
9402: 9465,10034,9643,9354,7276,9499
5951: 5856,6047,9578,9455,5662
4345: 4346,4450,4241,4444,4440,4448
6939: 6847,7122,7298
1145: 1303,1306,1068,709,9316,9470
3612: 3711,3514,3615,3713
6626: 6906
1148: 1472,1556,1228,997,527,1227
9759: 9485,9796,9790
9777: 4638
7532: 9550,9458,7003,6915,7095,7007
1152: 1076,1312,9245,1078,1477
9956: 9843,9586,9674,9830,9856
9447: 9434,9373,7599,9998,7601
9991: 9676,9706,9468
9690: 9695,9944,9763
9958: 9746,9380,9757,1068,9818
4491: 4391,4390
1159: 1009,1240,1314
1160: 1009,1240
4650: 4440,4338,4442,4548,4644,4654
4871: 4872,4870
9678: 9480,9360,10025,9711,9452
9589: 9383,9923,9809,9326,9273
8830: 8440,8770,8645,8708,9127,8886,9130
8838: 8837,8841
9456: 9545,9378,9277,9984,9686,9828
8990: 9038,8989,9194,8991,9039
1169: 1170,1092,1013
1170: 1092,1169,1013
8727: 9623,9260,8526,8236,8158,7918
9326: 754,217,9273,9383,9589,371
7092: 7360,7000,7003,7002,9310,9458
9805: 9967,9647,9650
4192: 4293,4292
5695: 
8453: 9448,9617,8380,8455,8382,8452
1178: 1097,1507,729,1594,1510,1767
9457: 9559,9466,9531
1180: 1025,948,1263,1428,1261,1514
5302: 5403,5202,5201
9357: 9342,1399,9761,9397,1238,1318
9704: 9796,9679,9790,2938,3333
4773: 
1185: 1108,359,1187,1515,1600
6058: 5964,6349,5961,6155,5959,6347
1187: 359,1110,1185,1602,1600,1351
6084: 6085
7276: 7190,7099,9499,9465,9402,7617
9140: 9102,8273,8419,8970
9975: 9817,10006,9725
6105: 6007
1193: 1439,1272,959,1042,1276
5852: 6338,6339,5355,6336,5455
6896: 6708,6516
1196: 1042,892,1276,1118
1197: 1276,1118,1439,1524
1198: 1043,1527,9247,1525,1610
5372: 5370,5467,5272
7328: 7238,7327,7757,7847,7505,7503
3628: 3627,3531,3335,3729,3727
1202: 1124,372,1203,1282
1203: 1282,1281,1202,977,1286
9980: 9291,9363,9743,9812
8766: 8365,8292,8142,8704,8824,8705
6291: 6388,6290,6387
6900: 
9263: 9461,9393,9460
9475: 6414,6320,6022,6316,9384,9511
4789: 4891,4892,4890
1211: 1291,1290,1132,9527,1706
9865: 9757,9818
4655: 4555,4858,4757,4553,4548,4654,4658
7237: 7150,7146,7325,7238,7327
1215: 1297,341,1136,1375,1800
1216: 1297,341,840,9248,774,989
9875: 9344,9271,9904,9649,9740,9795
8451: 8589,8452,8230,8307,8380,8521
10031: 9977,9880,9779,9753,10012,9714
5125: 5224,5225,5124,5136,5129
9966: 9978,3634,3239
9839: 9920,10042,9773
9828: 9984,9681,9450,9456,9545,9739
8821: 9070,8984,8983,9292,8874,9236
1225: 716,9470,1306,1806,1071,1721
7086: 6441,9377,9362,6249,6439,6148
1227: 1387,1071,1553,997,1472,1148
1228: 1148,1556,527,9495,927,1307
9303: 9509,9449,9453,9852,9754,9885
3771: 3772
9462: 9797,10000,9422,9442,9256,9489
7542: 7283,7014,7456,7368,7627
7052: 
9511: 9384,9575,6414,9475,9601,6510
5910: 6009
8186: 9436,8333,9534,8031,7953,8032
8710: 8647,8888,8513,8444,8579,8995
1238: 2262,1732,2170,9357,1399,9397
9313: 9502,9403,9287,9526,9330,9433
1240: 1160,1159
4521: 4514,4616,4621,4415,4417
3734: 3533,3731,3932,3634,9927,3635
6114: 5916,6117,5917,6215
5447: 5548,5647
9556: 9982,9317,9297,9629,10005,9571
1246: 1494
4236: 3934
1248: 941
10023: 9965,9671,9970
9901: 9305,6139,6335,9658,10035,9941
1251: 
3646: 3450,3153,3449,3743,3741,3842
6622: 6902,6716
9438: 9854,9787,9892,9407,9661,9767
3624: 3822,3526,3625,3925,3722
8357: 7811,7974,8208,9477,9467,8356
8917: 8916,8807,8805,9018
4997: 4897
7440: 7353,7265,7352
7478: 7564,7565,7649,8209
1261: 1428,1427,1180,948,872,9551
9420: 9613,9618,9307,9640,9217,9277
1263: 1347,1180,1025,1514
8126: 8422,8046,7804,7723,7888,8278
8278: 8625,8867,7888,8422,8126,8688
4839: 4638,4838,4637,4941
8178: 8101
7954: 8032,7713,8333,7877,7801,7876
8336: 9886,8265
1270: 1777,1436,1035,1111,1351
6645: 6550,6549,6552,6647
1272: 1438,1439,1193,959,1035,1034
9643: 9508,9310,9936,9354,10034,9402
9548: 9125,9242,9615,9863,9672,9507
9846: 9738,9754,9885
1276: 1197,1118,1196,1042,1439,1193
10039: 9571,9824,10003,9762,9789,9727
3641: 10011,9932,3347,3448,3545
8721: 8898
1280: 683,9758,823,1444,1698
1281: 1203,1282,1045,1044,1364
1282: 1203,1281,754,1202,372,1045
4364: 4263,4463
9874: 9737,9665,9899,9774,9747,9669
4694: 
1286: 977,1052,1203,1364,1367
8449: 8450,9132,8376,8378,8649
7996: 8158,7668,8075,8076,8234
9395: 9505,9344,9712,9740
1290: 1619,1704,1132,1620,1706,1211
1291: 1793,1211,9428,1706,1622
9601: 9724,9860,9575,9511,9309,6510
4891: 4789,4892,4890
9343: 9614,9471,9867
1295: 1136,9430,9259,834,982
4284: 4285,4385
1297: 1216,1215,989,1461,1545
9360: 9480,9678,9429,9452,9249,9583
9935: 4030,3733,9955,9328,9262,9814
3932: 3731,3734,3829,3929,3733,3635
9505: 9395,9344,8729,8663,9359,9712
1302: 9493,9358,1303,1384,1067,1548
1303: 1384,1306,1145,1068,1302,9358
4582: 4481,4683
7425: 7765,7428,8170,7682,9998
1306: 1303,1384,1145,1225,9470,1806
1307: 1309,1727,1473,927,1556,1228
8143: 8219,7905,8065,8144,8064,8439
1309: 1473,1307,927,718,1075,1392
6283: 6282,6185,6284
4603: 4502
1312: 1076,1075,1152,1477,1644,1476
9713: 9990,9516,9520,3531,3335,9957
1314: 1159
9408: 9302,9574,9352,9482,5044,5144,5047
4216: 4319,4318,4010
8383: 8307,8380,8309,8154,9284,8382
1318: 2728,2540,9357,1399,9761,9700
3819: 4123,3821,3817,3820,3915
8943: 8649,9045,8301,9982,9317
5036: 4929,5027,5142,5138,5031
8659: 
7670: 7413,7587,7836
5594: 5495
7190: 7276,7099,7191,7279,7617
1326: 1408,9730
1327: 
6628: 7085,9817,9725
5361: 5163,5363,5060,5159,5755
6246: 6439,6248,9964,7085
4559: 4462,4459,4458,4453,4661
7935: 8015,7934,7771
6706: 6516,6514
1334: 
6201: 
1336: 1502,1504,1419,9415,1095,1421
9045: 8373,8943
3586: 3686,3487,3486
6038: 9401,6326,9911,9341,9432,9644
1340: 1506,724,1019,9399,1507,1592
5833: 5633,5335,5533,5536,5933
6448: 6357,6823,6541,6450,6637,6911
9519: 9285,9594,9340
9008: 9007
9588: 9355,7562,9252,7813,9379,9593
5304: 5204
1347: 1108,1263,1105,955,670
9468: 9473,9676,9991,9439
6022: 6021,6118,6219,6316,9384,9475
4687: 4585
1351: 1602,1110,1187,1111,1270
5901: 5801,5902
9193: 9161,9239,8987,9081,9037,9219
9295: 9528,9247,9758,9918,1043,683
9276: 9830,661,9270,731,529,9674
5889: 5789
9024: 9069,8868,8921
3774: 3675,3674,3874
5601: 
3701: 3700
5392: 5393,5492
1362: 1529,823,1044,9962
9685: 9341,9432,9278,9908,9847,9914
1364: 1532,1446,1281,1286
9338: 743,9446,9537
6278: 6180
1367: 1449,1369,978,1052,1286
9012: 9059
1369: 1449,1367,978,1131,1619
7008: 7009,7007,6916,7098,7456,7102
5281: 5180
6695: 6696,6886,6890,6308,6598,7160
6043: 5650,5750,6041
5390: 5389,5490
1375: 1542,1134,1136,1215,1800
3818: 3820,3717,3722,3421,3519,3526
7763: 8462,8006,8163,8008
9596: 9971,9497,8496,8205,9368
9881: 9492,9581,9995,9653
6662: 
5121: 5220,5023,5123
9437: 9592,9353,9893,9336
5562: 5466,5564,5366,5462,5754
1384: 1303,1306,1302,1548,1549,1806
7965: 7884,8044,7885,8046,8276
6009: 6010,5910
1387: 1071,1553,1721,1227,1722
3957: 3857,3956,3858,4057,3953
5813: 5715,5812
4483: 
5649: 5550,5548,5650,5847
1392: 1729,1075,1309,1557,1816
9561: 9301,7360,7184,10019,9667,9508
9274: 6784,6688,7066,9299,9253,9631
1395: 1007,1080
1396: 1079,9780,9895,1561,1562
5010: 4910,5110
10028: 9897,9825,9890
1399: 9357,1732,1238,2822,2728,1318
9302: 9808,9574,9408,5144,5247,9604
9521: 4232,4336,9269,4330,9483,9282
5912: 
5663: 5765,5664,5761,5662,5564,5856
3715: 3713,3817,3615,3717,3812
6126: 6028,6223,6226,6323,5826,6122
1406: 1573,1572,1571
4493: 4393,4494
1408: 9730,1326
9070: 8821,8984,8695,8630,8978,8874
5104: 5204
4131: 
1412: 1841,1666
9277: 9456,9378,9640,9420,9618,9686
1414: 1418,1417,1500
6376: 6375
6327: 6420,6421,6326,9278,9432
1417: 1418,1414
1418: 1414,1417
1419: 9283,9415,1420,1502,1336
1420: 1500,9283,1419,9665
1421: 1849,1762,1095,1504,1336
8716: 8715,8776,8587,8654,8590
9809: 972,9933,9589,9923,9273,897
9415: 9283,1419,9251,1095,9637,1336
4438: 9538,4642,9498,4442,4644,4643
9646: 10027,9887,9513,9599,9723
1427: 1428,1261,872,1682,1512,1510
1428: 1427,1261,1180,1513,1514,1512
4141: 3949,3946,9591,4139
9779: 9977,10031,7160,9753
9329: 9416,9565,9487,9837,9775,9950
7905: 7740,7739,7741,8064,8143
7865: 7704,7787
8905: 8904
9460: 9782,10040,9580,9263,9393
1436: 1777,1270,1035,1438,1778
4045: 3949,3950,4343,4139,3951
1438: 1439,1272,1035,1436
1439: 1438,1272,1193,1276,1197
7146: 6964,7145,7237,7325
8008: 8165,7763
7988: 8372,7743,8146,7744,8069,8222
9836: 9886,8191,9587,9702
1444: 1698,1529,823,1280
6212: 6215,6797,6209,6307,6507
1446: 1532,1364,1529,1616
7673: 7327,7757,7413,7587,7325,7756
7037: 7128,7127
1449: 1367,1369,1532,1617
5142: 9454,5138,9602,5141,4929,5036
4146: 4155,3951,4347,4343,4240
9869: 9974,634,9806,9487
9497: 8282,8811,8496,9368,9584,9596
9769: 9656,9728,602,807,9823,416
5163: 5361,4964,5363,5062,5060
4716: 4815,4817,4719
9708: 9903,9722,9813,9720
8679: 8550,8412,8481,8799
5920: 6021,6118,5720,5722,5819,6018
6629: 9607,6537,6347,6631,6820,9308
1461: 2156,1800,1297,1630,1545
9469: 9309,6419,9801,9417,9494
5736: 5337,5839,5637
9236: 8874,9450,8821,9292,9545
9508: 9643,9310,9936,9561,7360,10019
9658: 6335,6337,9901,9872,9873,9941
9666: 9726,9849,9648,9979
9763: 9989,9993,9347,9690,9944
4314: 4415,4417,4319,4422
6439: 6148,6248,6246,7086,9362
9860: 9724,9601,6508,9575,6984,9696
1472: 1148,1556,1553,1227,1810,1899
1473: 1309,1727,1307,1816
9325: 9261,9364,9463,9398,9476,9608
9489: 9331,4241,4444,9256,9797,9462
1476: 1312,1644
1477: 1644,1561,929,1312,1152
9071: 10007,9235,8928
6733: 6917,6731,6639,6823,6549
7870: 8029,7703,7707
7434: 9253,9517,9636,9977,9880
7265: 7354,7440
1483: 2361,1079,1080
9606: 2552,2363,9389,9267
3777: 3678,3776,3778
5847: 5650,9680,5649
1487: 1738,1739
1488: 1566,1562,1644,1729
3639: 3345,3445,3643
7839: 8160,8081,7503,7757,8386,7756
3835: 3741,3839,3837,3838,9374,3940
7033: 6941,7300,7563,6849,7389
3713: 3715,3615,3711,3612,3712,3812
1494: 1246,9677,9765
9074: 9214,9072
9858: 9827,9811,9794,9996
1497: 1931,1755,9579,1582,9327,1844
8907: 8480
7581: 7319,7231,7494,7582,7750
1500: 1420,1414
9392: 9633,4529,9483,4427,9269,4526
1502: 1759,1504,1336,1419,9737,1583
5722: 5724,5621,5720,6021,5920
1504: 1502,1759,1336,1849,1421,1760
9544: 8792,8457,9359,9952,8597,9386
1506: 724,1676,1340,1592,1853,1851
1507: 1097,1178,1019,1340,1592,1767
9802: 9672,9507,9558
4468: 
1510: 1682,1594,872,1427,1178,729
5548: 5447,5649
1512: 1682,1428,1427,1513,1772
1513: 1599,1515,1514,1428,1512,1772
1514: 1513,1515,1180,1263,1428
1515: 1599,1513,1514,1185,1600
6916: 7009,7007,7008,6917,7095,7010
8213: 8138,8137,8363,7979,8502,8639
8015: 7935,7934
6720: 6528,6813,6624,7083
9990: 9516,9713,9771,9815,10041,9957
5159: 5060,4957,4856,5361,5157
7794: 8031,7630,9289,7545,7371,7711
6481: 6385,6480
1524: 1608,1525,1197
1525: 1608,1524,1198,1610
5966: 6256,6065,5965,5868,5870,6062
1527: 1198,1043,1782,1610,1611
9376: 8262,9413,9484,8261,9346,8110
1529: 823,1362,1446,1444,1616
10010: 9822,10001,2778,2973,9244,9810
9483: 9633,9392,9269,9521,9282,9459
1532: 1446,1364,1449,1617,1616
5403: 5302
3858: 3860,3857,3957
4177: 4176,4278
9577: 9493,9358,9536,9298,9380,9268
8457: 8792,9544,8161,8387,8596,8597
5370: 5372,5467,5171,5269,5272
1539: 2061,1973,9502,1133,2151
8879: 8881,8639,8987,8502,9080,9122
3780: 3680
1542: 1134,1375,1800,2065
7505: 7847,9525,7328,7503,8161,7675
9258: 9412,9723,9513,9538,9573
1545: 1630,1297,989,1066,1461
7711: 9705,7627,7283,7371,7794,9289
6514: 6705,6706
1548: 1067,1805,1302,1384,1549
1549: 1893,1894,1806,1384,1805,1548
6478: 
9968: 5352,9549,9909
7431: 7521,7164,7345,7344
1553: 1387,1227,1472,1897,1810
9735: 9952,8597,10022,8460,8005
4525: 4423,4526,4529,4523,4626,4527
1556: 1472,1148,1228,1727,1307,1899
1557: 1816,1729,1392
9732: 68,42,9850
7973: 8356,7890,8497,7558,7811,8565
6705: 6514,6418
1561: 1477,1644,929,1396,9895,1562
1562: 1488,1566,1644,1561,1396
3837: 3839,3835,3444,3339,3536,9374
9421: 9371,9642,9496,9655,955,9707
7627: 9705,7711,7368,7283,7542,7625
1566: 1488,1562
4069: 4169,4068
3915: 3812,4118,3817,3819
9229: 9185
8995: 8579,9127,8710,8888,9600,9297
1571: 1572,1406
1572: 1571,1573,1406,1740
1573: 1406,1572
10032: 9591,9422,9994,9582,9375,9947
5882: 
1576: 
9851: 10,31
1578: 9677
1579: 1836
5508: 5408,5509
4053: 3755,3950,3956,4155,3951,3953
1582: 9579,2387,2483,1755,1497
1583: 1935,9737,1502,1759,9669
5977: 5978,5878
5551: 5348,5848,5849
9253: 9517,7434,9631,9299,9636,9274
4448: 4453,4553,4548,4450,4345,4440
9745: 1006,9882,858,10008
6378: 6474,6282
8282: 8811,9497,8497,8496,8631
5455: 6140,6336,5151,5355,5852
1592: 1853,1855,1767,1507,1506,1340
7638: 7555,7804,7723,7550,7467,7721
1594: 1946,1682,1510,1178,1767,1769
5317: 5417
5087: 5086,4986
9480: 9678,9360,9429,9294,10025,9503
9564: 9610,9546,9504,9560,9613,9307
1599: 1513,1515,1687,1600,1772,1861
1600: 1602,1687,1185,1187,1599,1515
9166: 9167
1602: 1687,1600,1351,1187
8614: 8677,8478
5337: 5536,5736,5839
8794: 
9458: 9550,7532,9354,7092,7003,9310
9342: 9357,9761,9397,9320,9443,9246
1608: 1525,1524,1867
4087: 3986
1610: 1957,1782,1525,1198,1527
1611: 1784,1043,1527,683
4100: 4000,4201
4294: 4293
9157: 8495,9027,8978,8874,9976
6371: 6467,6275
1616: 1617,1529,1532,1446
1617: 1703,1616,1532,1449
3857: 3956,3957,3856,3858
1619: 1704,1290,1369,1131,1132
1620: 1878,1790,1706,1704,1290
9486: 9928,9390,9705,9729,9289,9534
1622: 2056,1881,1291,1793,9611
1623: 2240,980,2148,502,100,2333
5964: 6058,5965,6349,5961,5769
4838: 4837,4637,4839
5269: 5171,5070,5366,5370,5467
7268: 7777,7176,7179
3934: 3935,4236
8636: 8878,8499,8632,8429,8820
1630: 1716,1545,1461,2156,1978
9662: 9822,10001
8677: 8614,8478,8676
8861: 8683,8968,8960,8619,9017
5922: 5426,5725,6121,5724,6219
6843: 
7650: 7565,7649,7393,7735,7899,7733
4453: 4553,4448,4450,4354,4559,4458
4941: 4839,4840
9929: 9718,9348,9721
9348: 9718,9929,9266,9523,9703
5848: 6041,5551,5849
5550: 5649,5650,5750
5202: 5201,5302
1644: 1477,1561,1312,1476,1488,1562
9723: 9258,9646,9513
8075: 7993,8074,7913,7996,8076
9749: 9567,9615,9546,9827,9811,9863
9848: 9710,10019,9667,9884
4422: 4322,4423,4319,4218,4314,4417
8392: 8168,8603
1651: 2361,2270,1996
7630: 7794,8031,7545,7460,7953,7200
5328: 5327,5329,5225,5426,5725
9494: 9417,9684,9469,6607
7761: 8084,8005,8389,7759
7110: 7022,7199,7460,7200,7289
10042: 9920,9529,9839,9362
8597: 9735,9952,8387,8460,9544,8457
9863: 9811,9673,9749,9615,9548,9672
4332: 3922,3928,4029,4329,4232,4132
7953: 7200,7375,8031,7630,8186,8032
4462: 4459,4559,4463,4665,4661,4664
4004: 3903,3904,4104
7680: 7155,9785
9318: 9664,9960,9501,9128
1666: 1840,1412
9612: 9551,9405,10004,9257,9770,728
9824: 10005,9571,10039,9664,9727
9998: 7682,7599,7425,9447,9373
7380: 7467,7293,7555
9680: 5847,9652
7000: 7360,7092,7184,7002
9520: 3333,3431,3330,9516,9713,3531
6671: 6672,6575,6576
9700: 9709,9717,9761,2540,1318,2825
1676: 1506,724,794,1762,1851,2030
9518: 7847,9525,7419,7417,9400,9559
9750: 8718,9005,9692,9293,9594,9340
7163: 6886,6978
6011: 6010
5961: 5571,5668,5959,6058,5964
1682: 1946,1594,1512,1510,1427
9510: 9997,9532,2770,9286
8898: 8721,8658,9592,8655,9005,9336
7428: 7425,7775,9373
8020: 7618,7279,7617,9989,9993,7942
1687: 1602,1600,1599,1861
5300: 5400,5200,5299
4369: 4269,4470
5380: 5379,5280,5480
9798: 9655,9829,10037,9781
9792: 9873,9941,9992,10006,9776
3956: 3857,3957,3856,4053,3755,3953
8978: 8630,9070,8495,9157,8874
6215: 6797,6410,6117,6114,6212
4849: 4955,4947,4944,4949,4845,4852
7011: 7103,7010
1698: 1444,1280,1784
4585: 4687
9931: 2570,2669,9949,9888,2767,2576
1701: 
9896: 9341,9644,9906,9914,10020
1703: 1617,1704
1704: 1619,1290,1703,1620
9353: 9592,9356,9437,9334,9917
1706: 1878,1620,1290,1291,1793,1211
6516: 6706,6896,6708
9517: 9253,7434,9631,9880,10009
1709: 1134,1133,1057,1973,2153
9993: 9989,9763,9465,9944,8020,7617
5148: 5151,5145,5247,5150,5154
3997: 3897,3998
8624: 8866,8422,8276,8688,8199,8274
9018: 8683,8805,8968,8917
8743: 9016,9010,9017,8960
1716: 1630,1978,1890,1803
9623: 8727,9616,9260,8527,8526,9628
3743: 3545,3449,3646,3741,3839,3742
9399: 1019,9819,9500,9382,724,1340
9730: 1408,1326
1721: 1387,1071,1225,1894,1806
1722: 1387
9465: 10034,9402,9944,7276,9993,7617
8593: 8661,9938
9994: 9422,10032,9870,9947,9838,10000
5902: 6001,5901
1727: 1473,1307,1556,1899
5606: 5705
1729: 1392,1488,1557
6307: 6209,6403,6212,6507,6405,6308
4165: 4164,4166,4266
1732: 2262,1238,1399,2822
9906: 10016,9898,9914,9896,10020
9573: 9538,4642,9258,9412,9352,4641
8165: 8462,8008,8391
5108: 5007
6338: 6339,5852,6336,6139,6436,6335
1738: 1739,1914,1487,1912
1739: 1738,1487,1740
1740: 1572,1739
3929: 3829,3826,3932,4030,3733
8119: 8483,7880,7962,8120,8616
9085: 8886,8885,9130,9894,9126,9128
4211: 
4115: 3812,4118,4318,4117
9248: 840,9590,9366,9430,1216,341
1747: 2664,2666,2021,1756,1846,2205
9961: 10021,9267,9731,9554,9389,9859
8908: 8197,9641,8620,8271
7475: 7300,7122,7123,7646,9355,7562
6967: 6781,6973,6969,6966,7060
9818: 709,9757,9865,9958
9813: 1820,9720,9708,9722,9645,9335
9814: 9897,9825,9922,9935,9955,9328
1755: 2578,1931,1497,1582,2672,2483
1756: 2021,9361,9542,1846,1747
4523: 4626,4525
1758: 9361,9669
1759: 1502,1504,1847,1583,1760
1760: 2119,2303,1759,1504,1849,1847
4819: 4918,4823,4826,4821
1762: 1849,1421,2028,1676,2030
7945: 8026,7946
9821: 9719,596,9270
9245: 9552,9363,9635,1076,1152
3950: 4053,3850,3949,4045,3951
1767: 1592,1855,1507,1178,1594,1769
9495: 527,9488,9264,9530,1228
1769: 2036,1946,1594,1855,1767
9331: 4444,9489,9797,9522,9799,4338
5186: 5185,5086,5287
1772: 1861,1599,1513,1512
9011: 8964,9060
4169: 4069,4168,4068
7066: 7252,6593,9299,6688,9274
9529: 9920,10042,9377,9362,9638,9943
1777: 1436,1270,1778,1864
1778: 1777,1436
6541: 9512,6724,6350,6260,6450,6637,6448
9944: 9465,10034,9695,9690,9763,9993
8145: 8513,8222,8296,8066,8146,8221
1782: 1957,1610,1527,2047
7467: 7380,7293,7550,7555,7638
1784: 1611,683,1698
9940: 10002,9788,9316,709
8663: 8729,8662,9616,9505,9344,9271
8639: 8881,8879,8213,8363,8703,8502
9790: 9759,9796,9704
6517: 6709
1790: 1878,1620
9576: 9283,9251
6920: 6917,7010
1793: 1291,1878,1706,1622
9794: 9811,9673,9858,9996
9119: 9234,9077
6627: 
3940: 9425,3942,3835,3838,3550,9374
6820: 6631,6348,6629,9308,6724,9543
9628: 9419,9904,9623,9616,9260,9271
1800: 1461,1215,1542,1375,2065
9332: 3536,9374,9772,9425,9620,9396
8616: 8120,9625,8119,8483,9568,9391
1803: 1892,2251,1716,1805,1890
9592: 9353,9356,9437,8658,8898,9336
1805: 1548,1893,1549,1892,1803
1806: 1894,1549,1384,1306,1225,1721
9692: 9005,9750,9893,9336,9786,9293
6464: 
8363: 8061,7979,8703,8213,8639
1810: 1987,1901,1899,1553,1472,1897
5528: 5928,5727,5329,5230,5331,5332
5680: 5581
9946: 318,10026,9879,9962
6139: 9901,9305,9265,6336,6338,6335
8715: 8776,8716,8450,8654,9132,9857
1816: 1557,1473,1392,9250
4910: 5010,4809
5699: 
3809: 3810
1820: 9813,9720,9645,2639,2638
8729: 8662,8596,8663,8792,9359,9505
1822: 1912,1909
9642: 9371,9421,9496,672,251,9427
5975: 5876,6072
9953: 9833,9687,9783,7452,7780
8904: 8905
9543: 9512,6724,6820,9540,9435,9308
4423: 4322,4422,4526,4525,4417
5804: 5705,5904
9443: 9279,9320,9296,9342,9246
1831: 2096,1917
9647: 9967,9805,9540,9435,9943,9650
1833: 1921
9296: 9715,9443,9722,9335,9246
1835: 2199,2015,1841
1836: 1579
9560: 9219,9504,9239,9564,9546,9567
1838: 1840
6768: 6767,6769,6862
1840: 1666,1838
1841: 1412,1835,2199
9768: 9753,9714
9255: 9878,9500,9251,9382,9637
1844: 2022,1846,9542,9327,1931,1497
5009: 5110
1846: 2022,1844,9542,1756,2664,1747
1847: 2204,2024,1935,1759,2303,1760
6510: 9309,6419,6512,9511,6414,9601
1849: 1762,1421,2028,1504,2119,1760
9554: 2364,9389,9961,1915,9859
1851: 2123,2030,1506,1676,1853,2033
7778: 7354
1853: 1592,1855,1506,1851,2033,1943
9552: 9245,9363
1855: 1592,1853,1767,1769,1943
5253: 5453,5251,9350,9404,6140
7694: 
4390: 4391,4491
6480: 6576,6385,6481
9226: 10014
1861: 1772,1599,1687,1950
5637: 5736,5837
9854: 9787,9438,9926,9767,9889,9691
1864: 1953,1777
9719: 9821,9830,9270
9726: 9666,9849,9861,9668,9784,9979
1867: 1608
3849: 3947,3552,3949,3946,3850
5070: 5171,5269,4969,5069
9563: 8625,8867,8560,8811,9444,9584
8042: 8120,8121,7801,7962,7719,7884
9574: 9302,9808,9408,9482,10017
1873: 
5007: 4907,5108
9850: 16,68,9732
8074: 7993,8075,8152,8076,8154,8153
9631: 9253,9517,6784,9274,7858
1878: 1790,1620,1706,1793
9847: 6703,9908,9685,10016,9914
9778: 9831,9952,10022,9386
1881: 2056,1622,329,9611,2057
9908: 9278,6425,6607,9685,6703,9847
8555: 8419,8417,8970,8748
7565: 7649,7393,7650,7564,7478
9239: 9161,9193,9162,9219,9560,9567
6915: 7003,6912,6731,7095,7532
10013: 9352,9482,9412
7081: 7342
9578: 9311,9367,9455,9410,5951
1890: 1978,2343,1716,2251,1803
9264: 9488,9495,9812,9514,9291,9530
1892: 2251,1803,1805,1893,2072
1893: 1894,1549,1805,1892,2072
1894: 1893,1549,1806,1721,1984
9747: 9774,9986,9874,9630,9361,9669
9614: 9306,5353,9471,9343
1897: 2074,2165,1553,1987,1810
9261: 2391,9325,9364,9476,3168,2678
1899: 1901,1810,1472,1556,1727,9481
5308: 5307,5408,5207
1901: 1987,1810,1899,9481,1902,9254
1902: 1991,9409,1987,1901,2079,9254
10036: 10011,9932,9891,9744
9394: 5755,5657,9533,5754,9455,9410
1905: 2173,2453,1995,2454
6004: 6003
5876: 5975
9503: 5338,9454,5138,9294,9480,9429
1909: 1822
5252: 9350
6272: 
1912: 1822,1738,1914
5480: 5280,5380,5481
1914: 1738,1912,2182
1915: 2459,2554,9554,2364,2366,9859
7918: 8158,7668,7667,7582,8236,8727
1917: 1831,2279
9352: 10013,9482,9412,9573,4641,5044,9408
1919: 2010
6326: 6038,9401,6227,6327,9432
1921: 1833
9954: 2190,9451,2100
8044: 7884,7965,8121,8276,8199,8343
6398: 6593
9928: 9486,9390,9484,9733,9729,10024
9911: 9979,6038,9401,9644
9969: 9440,700,233,9883,9698
4809: 4709,4910
5792: 5793,5891
1930: 2293,2198,2481
1931: 2578,1755,1497,2022,1844,2389
9849: 9666,9726,9861,9648,9701
5492: 5392,5393
4320: 4117,4218,4323,4427,4331,4322
1935: 1847,2024,1583,2021
4917: 4815,5018,4918
4179: 4078,4280
6207: 6974,6403
5200: 5201,5300
3635: 9876,9955,3932,3734,9927,3733
4606: 4605
4450: 4349,4346,4345,4354,4453,4448
1943: 2033,1853,1855,2218
7340: 7929,7248,7765
9112: 8813,9027,9976
1946: 1682,1594,2037,1769
5475: 5476,5574,5375
9038: 8990,9194,9039,8885,9125,9242
4729: 4626,4725,4527,4730,4936,4937
1950: 1951,1861
1951: 1950
4817: 4823,4719,4815,4716,4918
1953: 1864,2043
9845: 9411,9479,9970,9862,9286
9722: 9708,9903,9715,9296,9335,9813
9312: 9426,9951,9733,9413
1957: 1782,1610,2047
6089: 
6483: 6388,6387,6482
3990: 3991,3989
4990: 4890
7314: 7402
6607: 9908,6425,6419,9494,6703
7962: 7801,7876,7880,8119,8042,8120
9534: 8186,9436,8031,9289,9486,9390
4307: 4306
5379: 5380,5278,5478
5705: 5804,5606
3772: 3771
8620: 8485,9716,9381,8908,8271
5154: 5256,5355,5051,5150,5151,5148
8683: 8801,8805,8861,8968,9018,8619
1973: 1539,2244,2061,1133,1709,2153
9679: 9796,9697,9704,9304,2938,2841
5395: 5295,5294,5394,5495
8916: 8621,8685,8807,8806,8805,8917
5426: 5922,5725,5328,5724,5424
1978: 1890,2156,1630,1716,2249
4766: 4865,4667,4664,4867,4665
4168: 4068,4169,4269
7579: 7405,7831
6709: 6517
9626: 366,679,368,10040,9580,9369
1984: 2253,2072,1894,2074
4937: 9877,9280,4729,4527,4836,4936
9675: 2770,10033,9659
1987: 1901,1810,2165,1897,2079,1902
9492: 9581,9881,8685
4000: 4100
8046: 8422,8126,8276,7885,7804,7965
1991: 1902,9409,2079,2538,2170
6227: 6326
9260: 8727,9623,8158,8234,9419,9628
9885: 9754,9449,9303,9846
1995: 2362,2552,1905,2454
1996: 2272,1651,2270,2271
9388: 9514,9321,10002,9557,9365,9488
4661: 4658,4660,4462,4559,4664
3989: 3988,3990
9605: 2865,9541,9411,9479,9595,2674
3829: 3727,3929,3826,3731,3932
2002: 2090,2182
8667: 8603,8242,8318,8463
9426: 9312,8262,9413,8191
8084: 7761,8389,8006,8163
6848: 6849,6941
3593: 
3656: 3856,3559,3651,3558,3755
4501: 4502
2010: 2098,1919,9451
9487: 9329,9565,9869,9974,9837,9806
5886: 5887
8056: 7733,8058,8498,8210,8211,8138
2014: 2573,2384,2669,9949,2569
2015: 1835,2199,2293,2198
8483: 8116,8119,8741,8616,9568
4134: 
5613: 5713
9328: 9569,9262,9935,9825,9814
4301: 4201
2021: 1756,2024,1935,1747,2205
2022: 1846,1844,1931,2664,9965
6416: 6414,6320,6420,6421,6512
2024: 1847,2204,1935,2021,2111,2205
5819: 5818,6117,5917,6018,5720,5920
5018: 4918,4917
10017: 9871,9808,9574,9985
2028: 1849,1762,2030,2119,2212,2308
9498: 9513,9599,9522,4442,4438,9538
2030: 1851,2123,1676,1762,2028,2308
9354: 9550,9458,9643,9310,9402,9499
8227: 8301,8373,8228,8225,8150,7992
2033: 1943,1853,1851,2123
7520: 7344,7692,7080
8701: 8983,9237,9120,8361,8878,8499
2036: 2037,2128,1769
2037: 2128,2036,1946
8866: 8624,8688,9019,9407,8919
9766: 9978,9927,9876
8426: 8425,8205,8695
4338: 4440,4650,4442,9331,4444,9522
9905: 1080,9937,1079,9780
2043: 2133,1953,2044
2044: 2135,2043
9595: 9532,2580,9479,9605,2866,2674
6420: 6421,6327,6323,6416
2047: 1957,1782
7010: 7011,7103,6917,6920,7009,6916
9568: 9423,9349,8483,8741,8616,9391
2050: 
9582: 9396,9375,9597,9591,10032
6275: 6371
10019: 9710,9848,9667,9561,9508,9936
5287: 5186
9687: 9314,7942,9783,7540,7452,9953
2056: 1622,1881,2145,2147,2057
2057: 2238,2147,2056,1881,2148
6639: 6357,6823,6548,6358,6733,6549
9007: 8846,9008
8338: 8479,8737,8540
2061: 1539,2244,1973,2151,2336,2335
9804: 9698,9853,9440,9337,9590,9441
7993: 8075,8074,8152,7913,7911,7992
8846: 9007,8787
2065: 1542,2156,1800
5891: 5792
6223: 6126,6323,6122,6316,6320
7780: 7539,7451,7452,7707,9953
7880: 8033,8261,7876,7962,8119
8982: 8976,8813,9235
8949: 8999,8950,9046,8947
2072: 2253,2161,1984,1893,1892
8837: 8838,8950,9046
2074: 2165,1897,2253,1984
9194: 9038,8989,8990,9161,9162,9242
7821: 7903,7737,7902,7570,7739
8496: 8694,8631,8205,8282,9497,9596
4986: 5086,5087
2079: 2441,2165,1987,1902,1991
9613: 9420,9618,9307,9564,9610
8928: 9077,9235,9071
9380: 9958,9746,9298,9358,9577
9762: 10003,9857,10030,9789,9752,10039
8106: 8028,7946
9205: 9145
6749: 
7125: 7564,7302
6140: 6336,5455,5453,5253,9265
5653: 5552,5752,5849
2090: 2002,2272
6805: 6804
9903: 9708,9722,9902,9715
4771: 4872
8805: 8801,8683,9018,8916,8621,8917
6588: 6590,6683,6781
2096: 1831,2188
9455: 5754,5662,9410,9394,9578,5951
2098: 2188,2010,9451,2280,2189
7667: 7582,7836,8236,7918
2100: 9954
7099: 7276,7190,9499,7098,7191,7102
9557: 716,9470,9365,10002,9316,9388
9256: 9442,4343,9462,4241,9489,4240
9122: 9219,9504,9080,8879,8987,9218
7318: 7319,7494,7405
8938: 8705,8707,8991,8882,8507
4002: 
5176: 
9758: 9918,9663,9295,823,1280,683
2110: 9608,2485,2392,9619,2390,2866
2111: 2201,2205,2204,2024
9368: 10043,9660,9584,9497,9596,9971
9761: 9342,9357,9709,9700,9246,1318
8110: 8261,8262,9376,7958,8116
4867: 4766,4865,4968,5064
9933: 972,430,9809,9923
8429: 8820,8632,8636
9879: 9918,9663,9962,9946,9414
2119: 2305,2303,1760,1849,2028,2212
6041: 5750,5848,6043
9538: 4438,4642,9573,9513,9498,9258
8387: 8161,7675,7679,8460,8457,8597
2123: 1851,2030,2033,2308,2403
6552: 6648,6550,6645,6647
4880: 
6349: 6058,5965,5964,6347,6062,6631
9937: 9840,9780,9905
2128: 2037,2036,2220
8681: 8417,8485,9653,8346,9581
7813: 9379,7302,7563,9588,7562
2131: 
8382: 9649,8455,9284,8380,8383,8453
2133: 2043,2224,2225
7342: 7081
2135: 2044,2136
2136: 2135,2228
7117: 7026,7027,7207,7118
5672: 5868,5769,5573,5572,5574
9728: 9656,9769,9973,9823
5299: 5300,5400
9411: 9845,9479,9351,9541,9605
8981: 10007,9069
9668: 6037,9784,9726,9401,6130,9979
4821: 4929,5027,4934,4826,4819
2145: 2056,2236,2147
6767: 6768,6672
2147: 2238,2057,2145,2056,2236
2148: 2240,1623,502,2057
7911: 8150,7992,7831,7913,7993
5509: 5609,5410,5508
2151: 181,1539,2061,2335
6117: 5917,5819,6018,6114,6215,6410
2153: 1709,2244,1973
9445: 329,9322,9611,9566,9315,9287
6219: 6122,6316,5724,5922,6021,6022
2156: 1461,1630,2249,2065,1978
8219: 8369,8221,8143,8144,8439,8707
9373: 9447,9434,7428,7775,9998
4757: 4655,4858,4853,4654,4855,4856
8061: 8363,7979,8703,7818,7901,8291
2161: 2253,2072
7847: 7505,9518,9525,7417,7238,7328
5933: 5839,5536,5833,9701
9555: 9535,2957,2858,9351
2165: 2074,1897,1987,2439,2441,2079
9541: 2865,2962,9605,9411,9351,9535
4944: 4947,4641,5044,4849,5047,4845
7488: 7825,7400,7742
8621: 8916,8685,8801,8805
2170: 2262,2538,1238,1991,9409,9397
7867: 8028,8023
2172: 2925,2638,2826
2173: 1905,2453,9720,2451
5247: 5047,9302,5150,5148
6421: 6420,6327,6416,6512,9278,6425
6549: 6550,6645,6639,6548,6733
9384: 6315,9575,9511,6118,6022,9475
4387: 4388,4287
8093: 8244,7932
5410: 5509
5640: 5639
2182: 1914,2002
8230: 8304,8153,8378,8307,8521,8451
9706: 1131,9676,978,9991
2185: 
4890: 4990,4891,4789
9951: 10024,9733,9312
2188: 2098,2096,2280
2189: 2280,2098,9451
2190: 9451,9954
9727: 10039,9824,9789,9939
9638: 9435,9943,9308,9377,9607,9529
2193: 2194,2285,2284
2194: 2193,2285,2286
5769: 5672,5868,5572,5965,5964
2196: 2383,2476,2571,2384
2197: 
2198: 9682,2015,1930,2293,2481
2199: 1835,2015,1841,2293
9838: 9866,9870,9994,10000,9689
2201: 2111,2205,2666,9997
7199: 7022,7020,7460,7110,7019,7198
6912: 7003,6915,7002,6910,6911,6731
2204: 1847,2024,2303,2111,2395
2205: 2111,2201,2021,2024,2666,1747
9493: 1302,9358,9577,1066,9268,1067
3643: 3347,3151,3445,3639,9891,10011
8999: 8949,8947,9092,8946
6797: 6215,6410,6508,6212,6984,6507
3991: 3990,3891
9959: 9721,9751,9524,9459,9670
2212: 2492,2400,2308,2028,2119,2305
9598: 316,9275,9547
3898: 3897,3998
7503: 7839,8160,7757,7328,7505,8161
6018: 6117,5819,6118,5920,6410,6315
7767: 7601,7850,7769
2218: 2311,1943
4444: 9331,4241,9489,4345,4440,4338
2220: 2128
6688: 6784,9274,7066,6590
9463: 9619,10033,9659,9398,9608,9325
8064: 8439,8142,7903,7739,7905,8143
2224: 2225,2133
2225: 2224,2133
4580: 4480,4579
9185: 9211,9229
2228: 2321,2136
5207: 5106,5307,5308
9364: 2391,9325,9261,9608,2392,2968
2231: 
5214: 5113,5215
4947: 4641,4944,4642,4643,4955,4849
2234: 2326
8211: 8210,8358,8430,8056,8138,8137
2236: 2145,2147
9986: 9774,9747,9630,9572
2238: 2147,2057,2424
9403: 9502,9313,9287,9322,980,181
2240: 2148,1623,2333
9852: 9915,9622,9453,9303,9835,9754
7156: 7155,7858,7152,7062
4697: 4797
2244: 2061,1973,2153,2336
5478: 5379,5578
6165: 6262,6264,6164,6067,6068
6164: 6262,6165,6162,6067,6163,6260
8440: 8770,8645,8708,8830,8369,8707
2249: 2341,2156,1978
9915: 9593,9622,9852,9835
2251: 1892,1803,1890,2343
3742: 3839,3444,9932,3545,3743,9756
2253: 2161,2072,1984,2074,2439
7176: 7179,7268,7777
7937: 8018
8234: 8076,8309,8158,7996,9260,9419
6436: 6335,6337,6338,6339,6242,6244
9997: 9510,2201,9742,9862,9286
9361: 1758,1756,9669,9747,9542,9630
9774: 9747,9986,9874,9899
9278: 9908,6425,6421,6327,9685,9432
2262: 1732,2538,2170,1238
7389: 7033,7563
9527: 9439,9473,1211,9428,9324
4654: 4644,4853,4650,4548,4655,4757
7336: 
8386: 7837,8526,7756,7839,8081,8527
9877: 9280,9266,4937,4836,9751,9718
9661: 9444,9019,9407,9660,9438,9767
2270: 1651,2361,1996,2363,2271
2271: 2270,2272,1996
2272: 1996,2090,2271
2273: 9816,2460,9924
2274: 2371
9446: 743,9338,9537,9803,157
4709: 4809,4710
9699: 9791,9775,9950
8630: 8978,8425,9930,9070
2279: 2559,1917
2280: 2189,2188,2098
9984: 9844,9686,9828,9681,9456
9481: 9250,1901,1899,9279,9254
7855: 8018
2284: 2193,2285
2285: 2193,2194,2286,2284
2286: 2194,2285
7521: 7431,7344,7692
2288: 2380
4073: 4072,4173,4074
4892: 4891,4789,4893
5129: 5327,5136,9562,5125,5225
8333: 8186,9436,8032,7954,8033
2293: 1930,2199,2015,2198
5201: 5202,5200,5302
7259: 7169,7348
7587: 7670,7413,7673,7836,7837,7756
9861: 9726,9849,5931,5633,9784
6512: 6510,6419,6414,6416,6421,6425
7352: 7353,7440
7152: 7419,7060,7858,6969,7156,7062
6226: 6028,6126,6323,6037,6128
9895: 1396,9780,929,9882,9840,1561
2303: 2119,2305,1760,1847,2204,2395
9793: 9907,9782
2305: 2119,2303,2400,2212,2395
8685: 8916,8621,9492,9581,8806
7419: 7060,7152,7417,7062,9400,9518
2308: 2492,2212,2028,2123,2030
6048: 6144,6242,5956
9182: 
2311: 2218
5727: 5528,5928,5826,5329,5725,6121
8787: 8846
8824: 9081,8704,9037,8766,8705,8882
9894: 9600,9629,9085,9130,9128,9960
5657: 5755,9394,5363,5462,5266
6001: 5902,6098
9892: 9787,9438,9407,8919,9102,9634
7682: 7599,9998,8170,7425
7452: 7540,9687,9953,7539,7780
2321: 2228
7668: 8158,7918,7996,7582,7750
4173: 4072,4073
5622: 5424
5338: 9503,9562,5138,5136,9429
2326: 2234
7002: 7003,6912,6910,7092,7000
4837: 4736,4838
9784: 6037,9668,6128,5931,9726,9861
7283: 7195,7014,7542,7371,7711,7627
7026: 6934,7027,7117
4955: 4855,4849,4853,4643,4947,4957
2333: 2240,1623,100,2428
8264: 8474
2335: 2524,2336,2151,2061,2523
2336: 2524,2335,2244,2061
6098: 6196,6001
9653: 8485,9716,9995,9581,9881,8681
9840: 10008,9937,9882,9780,9895
4836: 4527,4630,9670,9751,9877,4937
2341: 2249
4497: 4498,4397
2343: 1890,2251,2530
8867: 9563,8278,8625,8688,9444,9019
5837: 5639,5543,5637
6350: 6260,6348,6256,6541,6724
8391: 8242,8165
9319: 2744,9913,9624,9333,9585
9365: 997,716,9557,9388,527,9488
9504: 9219,9122,9560,9218,9307,9564
4870: 4969,4871
4030: 9935,3733,3929,4029,9262
9450: 9236,9545,9739,9976,9828
9290: 9477,9467,9453,9478,9252,9622
8026: 7946,7945,8101
8542: 8544,8675,8674
5383: 5283
9439: 1132,9527,9676,9473,9468
5249: 5752,5250,5552
9616: 9623,8527,8662,8663,9628,9271
2361: 1651,1483,2270,2362,2363
2362: 1995,2361,2363
2363: 2552,9606,2361,2270,2362
2364: 2454,9554,2453,2643,2459,1915
8031: 7794,7630,9289,7953,8186,9534
2366: 9924,9859,1915,2554,9491
7557: 7641,8352,7383,7470,7890,7558
9237: 8983,8701,9120,9292,9640,9378
3722: 3818,3820,3624,3822,3526,3821
6984: 6890,6507,9696,6797,6508,9860
2371: 2274
2372: 2942,2747
4330: 9269,4331,4328,4329,9521,4232
9336: 9893,8898,9592,9437,9005,9692
6359: 6548,6358,6262,6264,6265
8631: 8496,8694,8565,9449,8282
9344: 9395,9505,9875,9271,8663,9740
9615: 9567,9749,9162,9548,9242,9863
3787: 3786
2380: 2288
7771: 7935,7934,7936,7770
2382: 
2383: 2196,2476
2384: 2573,2571,2014,2196
6890: 6984,6507,9696,6308,6696,6695
7014: 7283,7195,7542,7009,7103,7456
2387: 2481,1582,2576,2483
5725: 5922,5426,6121,5328,5329,5727
2389: 9965,2578,1931
2390: 2866,2674,2110,2485,2772,2870
2391: 9261,9364,2678,2776,2872,2968
2392: 2110,9608,2485,9364,2967,2968
9725: 9975,9817,6628
4292: 4192,4393
2395: 2204,2305,2303
6932: 7023,6931
8209: 8498,7478,7649,7733
9988: 9917,8661,9938
4642: 4438,9538,9573,4643,4947,4641
2400: 2492,2212,2305
9620: 9834,9332,9772,9396,9375
5746: 5942,5647,5943
2403: 2586,2123
9932: 3641,10011,10036,3545,9756,9744,3742
10004: 9934,9770,728,9612
7402: 7314,7743
2407: 
8244: 8093,8395
2409: 2503,2410
2410: 2411,2409
2411: 2410,2412
2412: 2411
8513: 8145,8222,8296,8579,8710
9686: 9984,9456,9277,9618
2415: 2416,2510,2509
2416: 2415,2510,2511
6682: 6586,6683
6419: 9309,6510,6512,9469,6425,6607
3729: 3335,3434,3628,3533,3731
7135: 
7354: 7265,7778
6917: 6733,7095,6920,6916,7010
8797: 
2424: 2238
7545: 6926,7198,7371,7460,7794,7630
8835: 8891,8779,9004,8841
3971: 4072
2428: 2523,100,2333
9269: 4427,4331,4330,9521,9392,9483
9453: 9477,9290,9622,9852,9509,9303
9619: 9463,10033,2580,2866,2110,9608
9806: 511,9869,9565,9487,9515
5948: 6238,5452,5352,5353
8444: 8372,8710,8647
9648: 9701,9666,9849
9330: 9570,9370,9526,9313,9433,9506
9600: 9894,9629,9127,8995,9130,9297
9866: 9838,9999,9689,10027,9887
2439: 2253,2165,2534,2441
7456: 7102,7009,7008,7014,7542
2441: 2534,2536,2079,2165,2439
5452: 5948,6238,5250
10015: 9347,9314,9783
8138: 8213,8137,8058,8056,8211,7979
10035: 9867,9992,9901,9305,9471,9941
8222: 8513,8145,8146,7988
8301: 8373,8227,8228,8376,8943,8649
8028: 8023,7867,8106
4979: 4978
10043: 9368,9660,9971,9926,9767,9930
2451: 2643,2639,2642,2173,9720
8291: 8365,8292,7901,7902,8061
2453: 2173,1905,2454,2364,2643
2454: 2364,9389,1995,2552,1905,2453
7027: 7026,7117,7118
3805: 
9709: 9645,9700,9335,9246,9717,9761
9063: 8869,8976
2459: 1915,2554,2364,2643,2551
2460: 2273
9323: 485,9393,612,9580,614,9369
5870: 5868,5871,6065,5966
2463: 2553,2649,9624,2551,2554,9491
9694: 8265,9886,9832
5774: 5676,5775,5873
9478: 7646,7560,9355,9252,9290,9467
9807: 9385,564,9900
2468: 2658,2657
9736: 358,730,9829,9760
8032: 7713,7954,7953,7375,8186,8333
9782: 9460,10040,9907,9793
9856: 9843,9956,9934
9921: 9890,9897,9922
5578: 5478,5678
7540: 7455,7452,7618,9687,7942
2476: 2383,2196,2571
5389: 5390
6387: 6290,6482,6291,6483,6388
4271: 
4514: 4616,4521,4415
2481: 2387,1930,2198,9888
9635: 718,9530,9291,9363,9245,1076
2483: 2767,2576,2672,2387,1582,1755
8076: 8309,8234,8154,7996,8075,8074
2485: 2110,2392,2390,2870,2967,3263
5230: 5331,9583,5528,5332
9546: 9564,9610,9560,9567,9749,9827
9827: 9858,9610,9546,9749,9811
7743: 7825,8146,7402,7744,7988
5812: 5713,5813
6196: 6098
2492: 2400,2212,2308,2586
4858: 4655,4757,4658,5062,5060,4856
8346: 8273,8271,8485,8419,8681
5393: 5394,5392,5492
4463: 4565,4665,4364,4462,4459
4553: 4453,4448,4548,4655
9917: 9988,9334,9938,9353
4555: 4655,4658
7375: 7953,7200,7289,8032,7713,7462
7252: 6593,7066,6303,9299,9639
6886: 6696,6695,7163,6884,7160
2503: 2409
5697: 5597,5598
4391: 4390,4491
9673: 9811,9863,9794,9672
8921: 9111,9024,8972
9049: 9001,9133,9170
2509: 2415,2510
2510: 2415,2416,2509,2511
2511: 2512,2416,2510
2512: 2511,2513
2513: 2512
5138: 5142,9454,5036,5338,9503
8255: 8179,8470,8471
5069: 5267,5167,4968,4969,5070
9587: 7958,8191,9836,9702,8189
10027: 9646,9887,9866,9999
7249: 7247
5322: 5421,5123,5224,5422,5520
8152: 7993,8074,7992,8228,8304,8153
3982: 4083,3983
2523: 2428,2524,2335
2524: 2336,2335,2523
8470: 8255
2526: 
8356: 7973,7811,8357,9477,8565,9509
7070: 6978,7161,6884,7609
8741: 8116,8483,7958,8189,9568,9423
2530: 2343,2531
2531: 2530
9271: 9344,9875,9616,8663,9904,9628
9126: 9387,9501,9128,8885,9085
2534: 2441,2536,2439
8776: 8715,8716,8587,9857,10030,8891
2536: 2534,2441,2538
9775: 9791,9699,9950,9329,9416,9345
2538: 2262,2170,2536,1991
3812: 4115,3915,3715,3713,3712
2540: 2824,2728,1318,9700,2921,2825
9473: 9464,9468,9439,9527,9324
8023: 8028,7867
9899: 9874,9665,9774
5713: 5812,5613
6853: 6854,6759
9773: 9650,9920,9839
3908: 
9080: 8502,9079,8879,9218,9238,9122
9069: 9024,8868,8812,8981
7164: 7431,7073,6983
2551: 2643,2642,2459,2554,2738,2553,2463
2552: 2363,9606,1995,2454,9389
2553: 2649,2463,2551,2738,2646
2554: 2459,1915,2551,2366,2463,9491
4072: 4073,4173,3971
9234: 9119
9674: 9586,9956,9830,9276,529,466
5180: 5281
2559: 2279
6974: 6207,6403,9639,9627
4969: 4870,4968,5069,5070
5141: 9280,4934,4936,4929,5142,9602
8358: 8210,8211,8632,8430
6062: 6631,6348,5965,6349,6256,5966
4730: 4934,4826,4936,4729,4725,4720
9214: 9114,9072,9187,9074
7750: 7832,7581,7494,7582,7668
9545: 9456,9378,9292,9236,9450,9828
2569: 2573,2014,2669
2570: 9931,2669,2767
2571: 2573,2384,2196,2476
8485: 8620,9716,9653,8271,8346,8681
2573: 2571,2384,2014,2569
5942: 5746,9910
6804: 6805,6519,6520
2576: 2767,2483,9888,2387,9931
9273: 754,9326,9589,9809,372,897
2578: 1931,1755,2672,2389
9423: 9568,9349,9688,8741,8189,8192
2580: 9532,9595,2770,9619,10033,2866
7719: 7548,7721,7885,7801,8042,7884
5345: 
9247: 9528,9372,9295,1198,1043
2584: 2681,2680,2585,10001,2778
2585: 2586,2584,2680
2586: 2403,2492,2585,2680
5818: 5917,5819,5620,5720
9004: 8779,8835,8718,8841,9285,9340
5359: 9533,5258,4950,9311,5054,9410
7675: 8161,8387,7505,9525,7679
5417: 5317
4807: 4707
4876: 
7400: 7312,7488
2595: 2689
5157: 4957,5159,4950,4852
9162: 9161,9239,9194,9567,9615,9242
6460: 
7740: 7905
2600: 2695
9857: 9762,10030,9752,9132,8715,8776
8632: 8358,8430,8429,8636
8121: 8042,8120,9625,7884,8044,8343
7368: 7191,7102,7542,7952,7625,7627
9218: 9217,9238,9080,9504,9122,9307
9375: 9396,9582,9620,9834,9947,10032
3874: 3774
4274: 
2609: 2703,2610,2704
2610: 2609
9374: 9332,3536,3835,3837,9425,3940
7909: 8372,8225,8069,8150
2613: 2708
9671: 9742,9862,9965,10023,9970
7311: 7312,7398
2616: 2710
4481: 4582,4480
5106: 5207
4349: 4346,4450,4347,4255,4256,4354
6242: 6048,6144,9490,6339,6436,5956,6244
9859: 9924,2366,9554,9961,9731,1915
9649: 8382,9904,9284,9875,9795
4527: 4630,4836,4525,4729,4626,4937
9942: 9963,8599,8462,9651
4893: 4892
5366: 5267,5462,5269,5562,5467
7327: 7673,7238,7757,7328,7237,7325
4399: 4298
8430: 8211,8358,8632,8137,8499,8431
8474: 7949,8264,8737
6631: 6062,6348,6820,6347,6349,6629
4964: 5163,4660,5062,4865,5064
9369: 614,9323,9580,9626,679
3928: 3922,4029,4332,3822,3925
9532: 2580,9595,2770,9286,9510,9479
9046: 8947,8837,8950,8949
5793: 5792,5893
2638: 2172,2925,1820,2639,2733
2639: 2642,2451,1820,2638,2733
6520: 6519,6804
7723: 7555,7638,7804,7641,7888,8126
2642: 2643,2639,2451,2551,2738,2733
2643: 2642,2451,2551,2453,2364,2459
7703: 8029,7870,7707,7704
5917: 5818,6117,5819,5916,6114
2646: 2738,2830,2553,2649,2928,3025
9010: 8743,9016,8962
3670: 3571
2649: 2553,2463,9624,2646,3025,2650
2650: 2742,3027,2649,3025,2744
6927: 6832,7019,6926,7198
7770: 7932,8171,7769,7936,7771
5520: 5620,5621,5421,5322,5422
4458: 4459,4559,4259,4354,4453
2655: 2657,2752
8991: 8938,8882,8708,8989,8990,9039
2657: 2655,2658,2468,2752,9841
2658: 2468,2657,9841
9629: 9600,9894,9556,9297,9960,10005
8455: 8382,9795,8453,9617
9250: 9481,1816,9279
2662: 2758,2951,2953
8820: 8429,8695,8878,8636,8984
2664: 2666,1747,2022,1846,9742
5267: 5069,5366,5462,5266,5167
2666: 2664,1747,2201,2205,9742
9599: 9513,9522,9498,9799,9646,9887
9488: 527,9495,9264,9514,9388,9365
2669: 9931,2570,9949,2014,2569
9167: 9166
6556: 6461,6651
2672: 2767,2483,2578,1755
4329: 4123,4328,3922,4332,4330,4232
2674: 2390,2866,9595,2865,9605,2772
8811: 8282,9497,9563,8560,9584
7569: 7396,7570,7819,7737
9291: 9363,9980,9812,9264,9530,9635
2678: 3367,3168,2391,9261,2776
3700: 3701
2680: 2584,2681,2586,2585,2685
2681: 2584,2680,2685,2879,2778
8599: 9963,9942,8389,8163,8462
9431: 9566,9324,9464,9288,9300,9315
9610: 9564,9546,9613,9827
2685: 2681,2680
4968: 5167,5064,4867,4969,5069
6598: 6405,6308,6695
9315: 9300,9526,9566,9431,9445,9287
2689: 2595
9314: 9687,7942,9783,9989,9347,10015
2691: 2787
7739: 7655,7905,7903,7821,8064
2693: 
2694: 
2695: 2600
9654: 2752,9841
2697: 2698
2698: 2699,2697
2699: 2698
6122: 6219,6316,6121,6223,6126
7713: 8032,7954,7375,7631,7462,7877
3949: 4141,4045,3946,3849,3950
2703: 2609,2704,2799
2704: 2609,2703,2799,2800
4699: 4700
9558: 9387,9501,9802,9507
9337: 9366,9553,9339,9440,9804,9590
2708: 2613
4470: 4369
2710: 2616,2806
5424: 5622,5225,5422,5426
3891: 3991
4094: 3994
9059: 9012,8964
2715: 
9948: 586,9474,523
3988: 3989
3860: 3858,3661
2719: 2815
4641: 4947,4944,5044,4642,9573,9352
2721: 
4907: 5007
8812: 9069,8868
4201: 4100,4301
8154: 8076,8309,8074,8153,8307,8383
5581: 5680,5481
6507: 6890,6984,6212,6797,6307,6308
2728: 2824,2540,1318,1399,2822
4287: 4288,4388,4387
9976: 9739,9027,9157,9450,9112
9109: 9067,9066
4164: 4063,4165
2733: 2738,2830,2639,2642,2925,2638
5413: 5312,5513
9910: 5942
6982: 7073,6983
5533: 5335,5833,5633
2738: 2830,2733,2646,2642,2551,2553
9244: 9398,9476,9810,10010,2777
9967: 9805,9647,9540,9406
9292: 8983,9237,8821,9236,9545,9378
2742: 3027,2650,2745,2744,2836,2743
2743: 2840,3127,2742,2745,2836,3126
2744: 2745,9913,9319,2742,2650
2745: 2744,9913,9304,2742,2743,2840
7210: 7298,7119,7386
2747: 2844,2372,2942
6966: 7150,6871,6967
8160: 7839,8081,7503,8161,8596
9005: 8718,8655,9692,9750,8898,9336
9187: 9114,9214
2752: 9654,9841,2655,2657,2848
5789: 5889
9603: 7181,9301,7859,9667,9884
2755: 2852
9632: 9350,9604,9404,9808,9985,9755
5225: 5125,5129,5328,5424
2758: 2951,2662
9751: 9959,9721,4836,9670,9877,9718
7737: 7821,7902,7569,7570,7819,7901
2761: 3054,3251,3153
10037: 155,9803,9781,9798,9655,9496
6781: 6683,6967,6588,6590,6973
9385: 9288,9807,9370,9300,9900
9705: 9729,7711,7627,7625,9289,9486
8784: 8844
2767: 2576,2672,2483,9931,2570
9594: 9293,9340,9750,9519
8647: 8710,8888,8225,8444,8373
2770: 9532,2580,9510,9675,10033
7942: 9687,9314,9989,7618,8020,7540
2772: 2964,2870,2865,2390,2674,2963
9490: 6144,6242,9367,9539,6339
8658: 8590,8898,8591,9592,9356
5765: 5663,5664,5761,5668,5959
2776: 2873,2872,2391,3367,2678,3464
2777: 3071,3169,9244,9476,3168
2778: 2879,2973,2584,2681,10010,10001
9832: 9702,9981,9886,9694
6550: 6645,6549,6548,6552
5280: 5480,5380
8502: 9079,9080,8213,8137,8879,8639
6144: 6048,9490,6242,9367,6047,5956
9173: 9171
9289: 7794,8031,9705,7711,9486,9534
9307: 9613,9420,9218,9217,9504,9564
2787: 2884,2691
9416: 9329,9565,9775,233,9272,9345
7122: 6847,6939,7123,7298,7475,7646
4063: 4164
7020: 7022,7199,6744,7019,6930,6931
6078: 6077
8507: 8439,8142,8705,8707,8938
5467: 5372,5370,5366,5269,5466
9102: 9140,8919,8808,9634,9892
5462: 5267,5366,5266,5657,5754,5562
6204: 
5904: 6003,5804
2799: 2895,2703,2704,2896,2800
2800: 2896,2704,2799
4526: 4322,4423,4525,4427,9392,4529
2802: 
7360: 7092,7000,7184,9561,9508,9310
5871: 5870,5970,5873
8674: 8542,8675
2806: 2902,2710
9801: 9764,9724,9309,9469,9417
2808: 2904
9624: 2649,2463,9491,9333,9319
4855: 4955,4853,4757,4957,4856
9663: 9758,9918,9879,9962,823
4057: 4156,3953,3957
9550: 7532,9458,9354,7007,9499,7098
3607: 
2815: 2719,2912
5041: 
9333: 9491,9585,9624,9319
2818: 
3980: 4081
5662: 5754,9455,5564,5951,5856,5663
4081: 3980
2822: 1732,1399,2728
5801: 5901
2824: 2728,2540,2921
2825: 2921,2826,9700,9717,2540
2826: 2825,2172
3711: 3612,3810,3713,3712
10026: 1045,1044,9946,9962
9837: 9974,9329,9487,9950
2830: 2738,2733,2646,2925,2926,2928
9586: 9843,9956,9674,874,466,9281
5171: 5070,5269,5370
4888: 
9871: 10017,9985,10018,9820
9386: 9712,9544,9359,9952,9778
2836: 3317,3126,2742,3027,2743
8236: 7837,8526,7667,7836,7918,8727
6425: 9278,9908,6607,6421,6419,6512
9525: 7847,7505,9518,9559,9466,7675
2840: 2743,3127,2937,2745,9304,2841
2841: 2938,3230,9304,9679,2840,2937
2842: 
7155: 7156,10009,9785,7062,7680
2844: 2942,2747,2846
9780: 1079,1396,9895,9840,9937,9905
2846: 2848,2844
5552: 5752,5249,5849,5653
2848: 2846,2752
9739: 9976,9450,9828,9681
8589: 8591,8451,8452,8521,8654,8590
6335: 6436,6337,9658,6338,9901,6139
2852: 2755,2853
2853: 2852
10002: 9321,9940,9788,9316,9388,9557
9454: 5142,5138,9602,9523,9294,9503
9597: 9396,9582,9425,3942,4036
9737: 9874,9665,1502,9669,1583
2858: 9555,2957,3054,3057,3450
9350: 9632,9604,9404,5145,5252,5253
5587: 
4707: 4807,4605
3778: 3678,3777
3727: 3829,3826,3425,3628,3627,3527,3625
9267: 10021,9961,9606,9389
2865: 2962,9541,9605,2674,2963,2772
2866: 2390,2674,2580,9595,9619,2110
9132: 8450,8449,9752,9857,8715
5572: 5573,5571,5672,5769
9161: 9193,9239,9162,9037,8989,9194
2870: 2964,3262,2772,2390,2485,3263
9634: 9102,9787,9892,9800
2872: 2776,2873,3166,2968,2391,3264
2873: 2776,2872,3166,3464,3564
4415: 4314,4417,4514,4521
9729: 9705,7625,9472,10024,9928,9486
8950: 8841,9285,8837,9046,8949
9535: 9555,2957,9351,2962,9541,2961
9254: 9279,9320,1901,9481,1902,9409
2879: 2778,2973,2974,2681
8495: 9027,8627,9157,8978
2881: 
9435: 9638,9540,9943,9308,9543,9647
6130: 9401,9668
2884: 2787
7439: 
4280: 4179
2887: 2983
2888: 
5363: 5361,5163,5755,5657,5266
2890: 2891,2986,2987
2891: 2890,2987
7398: 7311
2893: 
6660: 
2895: 2799,2896
2896: 2800,2895,2799
5151: 5145,5148,5154,5355,5455
5609: 5509,5709
9753: 10031,9779,9714,9768
8412: 8550,8679,9981,8192
2901: 2902
2902: 2806,2901
9372: 9528,9247,1118
2904: 2808
9973: 9728,733,664,9823
2906: 
9381: 9641,9391,9349,9864,8620,9716
9252: 9588,9355,9478,9290,9593,9622
2909: 
4118: 4115,3915,4117,4323
7430: 
2912: 2815
6731: 6733,6911,6823,6915,6912
9924: 2366,9859,9731,9816,2273
9764: 9801,9696,9724,6696
6010: 6009,6011
10007: 9071,8981
9665: 9737,9874,9899,1420
9275: 316,9598,9547,208,426
10003: 9762,9982,9752,9571,10039
2921: 2825,2824,2540
5641: 
7231: 7581,7319,7141,7142
9349: 9568,9423,9688,9381,9391,9864
2925: 2172,2638,2830,2733,2926
2926: 2925,2830,3119,2928
7039: 7130
2928: 3119,3025,2830,2646,2926
5676: 5774,5775
9542: 9630,9327,1756,9361,1846,1844
8265: 8336,9694
9683: 9842,8175
9864: 9995,9916,9349,9688,9381,9716
9092: 9091,9001,8946,8999
3951: 4155,4146,4045,4053,3950
7655: 7739
2937: 2840,3127,2841,3230,3224,3226
2938: 2841,3230,3327,9679,9704,3333
9424: 9418,3339,3536
2940: 3038,3037
5571: 5668,5961,5572
2942: 2844,2372,2747
6653: 
2944: 3041,3137,3234
2945: 3042
8841: 8950,9285,8835,9004,8838
7128: 7037,7127,7217
9734: 9282,9524,4336
8676: 8544,8675,8677
9565: 9329,9416,9487,9806,9515,9272
2951: 2758,2662,2953,3144,3242
8498: 8209,7733,8056,8210
2953: 3144,2951,2662
9724: 9860,9601,9696,9309,9764,9801
8806: 8748,8807,8417,8916,8685
9262: 9569,9328,4029,9935,4030,4132
2957: 9555,9535,2858,3057,2961,3156
9897: 9825,9814,9922,9921,9890,10028
7564: 7125,7478,7565
4621: 4616,4521,4626,4725,4720
2961: 3156,3255,9535,2957,2962,3257
2962: 2865,9541,9535,2961,3257,2963
2963: 3458,3257,2865,2962,2964,2772
2964: 3262,2772,2870,3458,2963,3558
9819: 1019,9399,9748,943,9500,9972
9405: 872,9551,9612,943,728,729
2967: 3264,3363,3263,2485,2392,2968
2968: 2872,2392,2391,9364,2967,3264
8708: 8440,8645,8830,8991,9039,8886
7787: 7865,7704,8029,7949
9590: 840,9248,9441,9804,9366,9337
8694: 8496,8631,8205
2973: 2879,2778,2974,10010,3071
2974: 2879,2973,3071,3072
4108: 4007
7679: 7759,8460,9466,7675,8387
9479: 9411,9845,9532,9595,9286,9605
9691: 9800,9854,9787,9889
9978: 9966,3634,9927,9766
10005: 9571,9824,9629,9556,9664,9960
6385: 6481,6480
2982: 2983,3079
2983: 2982,2887
9711: 9703,10025,9678
2985: 2986
2986: 2890,2985,3084,2987
2987: 2986,2891,2890,3084
6052: 6055,6249,5957,6147,5956
5647: 5943,5447,5746
5878: 5977
7437: 7349
4485: 4486,4385
9288: 9385,9464,9431,9300
7184: 7360,7000,9301,9561
8686: 8271
9655: 9798,9829,10037,9707,9421,9496
3678: 3777,3578,3778
9484: 9928,9390,9733,9376,9413,9346
5136: 5031,5338,5125,5129
9387: 9501,9126,9125,9507,9558
6669: 6763
9757: 9865,9958,9746,9818
5298: 5398
3733: 9935,4030,3929,3932,9955,3635
9985: 10018,9755,9871,10017,9808,9632
9270: 9830,9276,731,9719,9821
6564: 
5598: 5597,5697
8197: 8199,8274,8908,8343
6118: 6021,5920,6022,6018,9384,6315
9016: 8743,9010,9017,9983
5394: 5294,5393,5395
7102: 7456,7191,7368,7008,7099,7098
6282: 6283,6185,6378
3015: 
4950: 5051,4949,4852,5359,5157,5054
8737: 8338,8479,8474
5959: 6155,5958,5765,5961,6058
9640: 9237,9120,9217,9378,9277,9420
5752: 5249,5250,5451,5552,5653
9321: 10002,9788,9514,9388
5123: 5322,5220,5121,5124,5224
8885: 9039,8886,9085,9038,9126
8844: 8784
3025: 2928,3122,2646,2649,3027,2650
9537: 9446,9338,9803,9781
3027: 2742,2650,3025,3121,3317,2836
7238: 7327,7328,7237,7150,7417,7847
7019: 6744,6927,7198,7020,7199
4367: 4266
7371: 7545,6926,7283,7195,7711,7794
4675: 4574,4573
9625: 8120,8121,8616,9641,9391,8343
5668: 5571,5961,5765,5664
9496: 9421,9642,9655,10037,155,251
3036: 3330,9516,9771
3037: 3038,2940
3038: 2940,3037
8801: 8683,8805,8621,8619
8343: 8197,8121,9625,8044,9641
3041: 3137,2944,3138,3236
3042: 2945,3043
3043: 3042
8970: 9140,8555,8419
3045: 3246,3048
9797: 10000,9689,9462,9331,9489,9799
9389: 2454,9554,2552,9606,9267,9961
3048: 3248,3246,3045
9630: 9542,9327,9572,9747,9986,9361
6554: 6648
6155: 5959,5958,6347,6056,6058,6537
3052: 3448,3347,3151
8497: 7973,7890,8565,8282
3054: 2761,3450,3153,2858
8471: 8255
7191: 7368,7102,7190,7099,7952
3057: 3450,2957,2858,3842,3154,3156
7119: 7209,7210,7118
9406: 6637,6910,9540,9512,9967
3922: 3928,4332,3822,4123,3821,4329
8596: 8729,8662,8160,8081,8792,8457
9547: 127,9275,9598
9317: 9982,9556,9297,8888,8943
4664: 4766,4865,4462,4665,4660,4661
5604: 5504,5505
6708: 6896,6516
9145: 9205
6973: 7858,6969,6590,6784,6781,6967
9637: 9382,1095,794,9255,9415,9251
5849: 5551,5552,5848,5653
3071: 2777,3169,2973,2974,3072
3072: 3073,2974,3071,3169,3170
3073: 3072,3270,3170
4510: 4611
8544: 8676,8675,8542
9391: 9381,9641,8616,9625,9568,9349
8590: 8658,8654,8589,8591,8716
9970: 9845,10023,9862,9671
3079: 3176,2982
4957: 4856,5159,4855,4955,4852,5157
3081: 3179
5060: 4856,5159,4858,5062,5361,5163
7298: 7210,6939,7122,7386,7646,7560
3084: 2986,2987
9651: 9963,9942,9831
8649: 8943,8301,8376,8449
9795: 9740,10029,9875,9649,8455
7060: 7419,7152,7417,6967,6969,7150
3089: 3090
3090: 3091,3089
3091: 3090
8161: 7675,8387,7505,8160,7503,8457
3093: 
9409: 1902,1991,9320,9254,2170,9397
3095: 
5497: 5398,5597
9283: 1419,9415,9251,9576,1420
3098: 
5272: 5372,5370
9833: 9953,9783
3101: 
9939: 9789,9727
4241: 4444,9489,9256,4346,4345,4240
3104: 
5957: 5856,6047,5761,5956,6055,6052
3106: 3204
9285: 8841,8950,9519,9004,9340
3108: 3205
9242: 9548,9125,9162,9038,9194,9615
8033: 8261,7880,9346,9436,8333,7876
6410: 6215,6797,6508,6117,6018,6315
5285: 5185
8983: 9237,8701,9292,8878,8821,8984
9341: 9685,9432,9896,9644,6038,9914
8307: 8380,8383,8154,8230,8153,8451
3116: 
4285: 4284,4385
4936: 4934,4730,4729,5141,9280,4937
3119: 2928,2926
5754: 9455,5662,9394,5462,5562,5564
3121: 3316,3027,3317
3122: 3025
9822: 10010,10001,9662,9810
5175: 
9882: 929,9745,10008,9840,9895
3126: 2836,2743,3127,3222,3321
3127: 2743,2840,2937,3126,3321,3224
8972: 8921
3795: 
4132: 4232,4336,4029,4332,9569,9262
9887: 9646,10027,9866,9689,9599,9799
7759: 7679,8460,7761,8005
8168: 8463,8392,8603
5353: 9306,9614,5352,5453,5251,5948
7417: 7419,7060,7150,7238,7847,9518
3136: 
3137: 3041,2944,3236
3138: 3238,3236,3041
7775: 7772,7516,7428,9373
6964: 7146,6871
4417: 4314,4415,4422,4423,4521
9125: 9548,9242,9038,9387,9507
8619: 8960,8801,8683,8861
3144: 2953,3145,2951,3342,3242
3145: 3144,3342,3340
4475: 
9311: 9367,5054,9539,9578,5359,9410
3935: 3934
9676: 1131,9706,9991,9439,9468
9717: 9709,9645,9700,2825
3151: 3347,3445,3643,3052
9506: 1057,9433,9570,9330,982
3153: 3646,3450,3251,2761,3054,3449
3154: 3838,3842,3550,3057,3156,3451
9883: 9969,9698,9853,9657
3156: 2961,3255,3451,3057,2957,3154
5750: 6041,5550,5650,6043
8352: 7557,7641,7888,7890,8625,8560
9419: 9904,9628,9284,9260,8309,8234
7123: 6847,7122,6941,7300,7475
5898: 5997
6902: 6622
7735: 7393,7650,7899,7819
6358: 6359,6548,6163,6262,6639,6357
5620: 5520,5621,5720,5818
3166: 2873,2872,3264,3364
4293: 4192,4393,4294
3168: 2678,9476,2777,3169,9261
3169: 3071,2777,3072,3168,3170
3170: 3270,3169,3073,3072
8189: 8192,9587,8741,9423
7617: 7279,8020,9465,7276,7190,9993
9549: 9968,10018,9755,9909
4278: 4177
4566: 4565,4667
3176: 3079,3275
7582: 7667,7581,7750,7668,7918
6930: 6651,6744,7020,6931
3179: 3278,3081
5190: 
3741: 3839,3835,3743,3646,3838,3842
8888: 8710,8647,8995,9317,9297
9516: 9990,9713,9771,3330,3036,9520
3184: 
3185: 3284
6519: 6520,6804
4176: 4177
5536: 5337,5335,5833,5839,5933
9955: 9876,3635,9935,3733,9814,9922
9410: 9455,5359,9533,9394,9311,9578
5639: 5837,5543,5640
9907: 487,9793,9782,10040,368
8419: 8555,8417,8346,9140,8970
9246: 9709,9335,9443,9296,9342,9761
8813: 9112,8869,8976,8982
7765: 7425,7340,7929,8170
4548: 4553,4448,4440,4650,4654,4655
3817: 3715,3820,3717,3915,3819
4883: 
3200: 
4083: 3982,3983
5051: 4950,4949,5150,5154,5256,5054
9515: 839,511,9806,9565,450,9272
3204: 3106,3205
3205: 3304,3108,3204
9703: 9523,9294,10025,9348,9711
3207: 3305
9776: 9817,10006,9964,9873,9792,7085
3209: 
3210: 3211
3211: 3210
4811: 4710
8603: 8667,8168,8463,8392
3867: 
9842: 8175,9683,8097
9566: 9431,9324,9428,9315,9445,9611
9664: 9318,9960,10005,9824
9923: 9589,9809,9933
7142: 7141,7231
5408: 5307,5308,5508
6954: 6862
3222: 3514,3517,3417,3126,3321
6474: 6378
3224: 3421,3519,3321,3127,2937,3226
6391: 
3226: 3423,2937,3230,3421,3224
3227: 3423,3425,3230,3327,3431,3627
9017: 8743,9016,8960,8861,9983
7169: 7259,7079
3230: 2938,2841,3327,2937,3226,3227
9920: 10042,9529,9839,9943,9650,9773
6047: 5951,5957,5856,6144,5956
4856: 5060,4957,5159,4858,4757,4855
3234: 2944
6337: 6436,6335,9658,6244,6437,9872
3236: 3238,3138,3041,3137
9301: 7181,9603,9561,7184,9667
3238: 3138,3236
3239: 9966
7161: 6978,7070,7162,7609
9279: 9320,9254,9443,9481,9250
3242: 3342,2951,3144
4710: 4811,4709
9482: 9352,10013,9574,9408
8439: 8064,8142,8507,8219,8143,8707
3246: 3540,3248,3045,3048,3345
8274: 8199,8197,8490,8624,8808
3248: 3246,3048,3345
5054: 9311,9539,5051,4950,5359,5256
7349: 7437,7348
3251: 3448,2761,3449,3153
9919: 9926,9889,9930
9741: 939,938,1014
4259: 4260,4256,4354,4459,4458
3255: 2961,3156,3451,3555,3257,3452
5978: 5977
3257: 3458,3555,2963,2962,2961,3255
10033: 9463,9619,9659,9675,2580,2770
4347: 4155,4146,4255,4349,4346,4240
5331: 9249,5230,9583,5329,5528
6979: 7162,7518
3262: 2964,2870,3263,3559,3460
3263: 2967,3363,2485,3262,2870,3460
3264: 2967,3363,2872,3166,2968,3364
6648: 6552,6554,6647
8210: 8211,8358,8498,8056
9698: 9804,9853,9883,9440,9969
9841: 2752,9654,2657,2658
3634: 9978,9966,9927,3533,3734
3270: 3271,3170,3073
3271: 3270
9382: 794,9637,9255,9500,9399,724
4852: 4950,4949,4849,4957,5157
9130: 8886,9085,8830,9127,9600,9894
3275: 3176,3373
7494: 7581,7319,7318,7405,7750,7832
9684: 9417,9494,7162
3278: 3179,3279
3279: 3280,3278
3280: 3279
9355: 9588,7562,9252,7475,7646,9478
3666: 3665,3765
6624: 6904,6813,6720
3284: 3383,3285,3185
3285: 3383,3284
3946: 4141,3949,3849,3947
9362: 9377,7086,6439,10042,9529
5335: 5533,5536,5833
3820: 3818,3717,3722,3817,3819,3821
6969: 7858,6973,6967,7060,7152
9081: 8704,8824,9037,8881,8987,9193
3292: 
7302: 7813,7125
3294: 3295
3295: 3294
4658: 4660,4661,5062,4655,4555,4858
3297: 
9474: 403,9948
7811: 7974,8357,7973,8356,7558
4611: 4510
3301: 3399,3400
10020: 9896,9906
9884: 9848,9667,9603
3304: 3205,3305,3403
3305: 3304,3403,3207,3404
8065: 8144,8143
3307: 
6769: 6768,6862
8886: 9039,8885,9085,9130,8708,8830
9533: 5359,5258,5755,9394,9410
5295: 5395,5194,5294
3783: 3683,3684,3782
9039: 8886,8885,8991,8708,9038,8990
9507: 9802,9672,9548,9125,9387,9558
9079: 8502,8431,9080,8361,9238
3316: 3121,3317,3513,3417
3317: 2836,3027,3121,3316,3417
9400: 9785,7062,9531,7419,9518,9559
5215: 5214
4605: 4606,4504,4707
3321: 3519,3224,3126,3127,3222,3517
9633: 9392,4529,9483,9459,4630,9670
9853: 9698,9804,9657,9883
8101: 8026,8178
8770: 8440,8830,8369,8296,8579,9127
8911: 
3327: 2938,3230,3333,3431,3227
9440: 9339,9969,9698,9804,9337
7098: 7099,9499,9550,7007,7008,7102
3330: 3036,9520,9516
9893: 9336,9786,9437,9692
9346: 8033,8261,9390,9484,9436,9376
3333: 3431,9520,9704,2938,3327
9682: 2198,9888,9949
3335: 9957,3729,3434,9713,3628,3531
7355: 
9627: 6405,6974,9636,9639
9539: 9311,9367,5054,5256,9490
3339: 9424,9621,3837,3444,3536
3340: 3145,3342
8097: 9842,8175
3342: 3242,3145,3144,3340
9579: 1582,9609,9327,9572,1497
3664: 3665,3564,3663,3763,3764
3345: 3639,3540,3248,3246
8695: 8820,8426,8425,9070,8984
3347: 3151,3643,3052,3641,10011
6823: 6639,6357,6448,6911,6733,6731
4218: 4117,4320,4319,4318,4322,4422
6910: 6911,9406,6912,7002
8205: 8496,8694,8426,9596
5145: 5151,5148,9350,9604
6209: 6403,6307,6212
6336: 6140,5455,6338,5852,6139,9265
4232: 9521,4336,4132,4329,4332,4330
9799: 9599,9522,9797,9689,9331,9887
7769: 7850,7936,7767,8171,7770
9688: 9423,9349,8192,9864,9916
9891: 3643,10011,10036
9128: 9501,9126,9085,9894,9318,9960
9983: 9016,9017
9689: 9797,10000,9866,9838,9887,9799
3363: 2967,3264,3263,3561,3364,3460
3364: 3661,3264,3363,3166
6138: 6618
6482: 6387,6483
3367: 2678,2776
9715: 9296,9902,9903,9722
9971: 9596,8425,9368,10043,9930
3776: 3777
8425: 8426,9971,8695,8630
3372: 3470,3471,3373
3373: 3275,3372,3471
8318: 8242,8667,8463
6906: 6531,6626
9120: 9237,8701,9640,8361,9217,9238
6077: 6078
4574: 4573,4675
9371: 9421,9642,955,1108,359,9427
3380: 
7992: 7911,8150,7993,8152,8227,8228
3382: 3480,3383
3383: 3284,3285,3382,3482
5250: 5752,5249,5451,6238,5452
3385: 3583
3386: 3485
9702: 9832,9981,9836,9886,9587
7095: 6917,6915,7532,7007,6916
7405: 7579,7831,7318,7494,7832
9477: 9290,9467,9453,8357,8356,9509
9639: 9299,9636,6974,7252,9627
6871: 6683,6964,6966
8807: 8748,8806,8916,8917
6308: 6405,6598,6307,6890,6507,6695
6347: 6155,6058,6349,6629,6537,6631
8675: 8544,8676,8542,8674
3947: 3849,3847,3452,3552,3946
3942: 9425,3940,4036,3550,3847,9597
3399: 3497,3301,3400
3400: 3301,3399
7563: 7033,7300,7389,7562,7813
9816: 2273,9731,9924
3403: 3305,3304,3404
3404: 3305,3403
9580: 9460,10040,9323,9393,9369,9626
8361: 8499,8431,9079,8701,9120,9238
4725: 4729,4626,4621,4720,4730
8397: 
9977: 9880,10031,9779,7434
5062: 4658,4660,4858,5060,4964,5163
7791: 7952,9472,7618,7279,7455
3412: 
9575: 9384,6315,9511,6508,9860,9601
4915: 
5064: 5167,4968,4865,4867,4964
7757: 7673,7327,7328,7756,7839,7503
3417: 3222,3514,3316,3317,3513
9306: 9614,5353,5453,9305,9265,9471
8221: 8369,8219,8144,8066,8145,8296
10001: 9822,10010,9662,2584,2778
3421: 3519,3224,3423,3226,3818,3526
5348: 5551
3423: 3226,3227,3425,3421,3526
9428: 1291,9527,9566,9324,9611
3425: 3423,3227,3627,3527,3625,3727
9238: 9218,9217,8361,9079,9080,9120
4288: 4388,4287
4865: 4766,4664,4867,4660,4964,5064
4085: 
4166: 4165,4266
3431: 3333,9520,3327,3227,3627,3531
9982: 9556,9317,8943,9571,10003
5192: 5092
3434: 3335,9957,3729,10038,3533
5564: 5466,5562,5754,5662,5663,5664
9522: 9599,9498,9799,9331,4338,4442
6037: 9668,6128,9784,6226
9744: 9756,9912,9932,10036
9559: 9466,9457,9400,9531,9518,9525
9868: 4840
5283: 5383
4638: 4839,9777,4637
9949: 9931,2669,9682,9888,2014
3444: 3839,3742,3837,9756,9621,3339
3445: 3151,3643,3639
9817: 9975,10006,9776,6628,7085,9725
7396: 7569,7309,7570
3448: 3052,3251,3641,3545,3449
3449: 3545,3743,3251,3448,3646,3153
3450: 3057,3646,3153,3054,2858,3842
3451: 3156,3255,3154,3550,3847,3452
3452: 3847,3947,3255,3451,3555,3552
8171: 7932,7770,7769
9960: 9318,9664,9894,9629,9128,10005
8479: 8338,8737,8540
7460: 7199,7110,7545,7198,7630,7200
9752: 9132,10003,9762,9857
3458: 3555,3257,2963,2964,3558
5633: 5833,5533,5931,9861
3460: 3561,3262,3363,3263,3559
4902: 
4197: 4196,4298
7756: 7837,8386,7587,7673,7757,7839
3464: 2776,2873,3564
4305: 4306,4405
9844: 9984,9681
4397: 4497,4498
7859: 9603
8296: 8513,8145,8369,8221,8770,8579
3470: 3372,3471
3471: 3571,3372,3470,3373
9461: 9263,485,9393
7744: 8069,7743,7988
9829: 9798,9655,9736,9707,9760
9347: 9989,9763,10015,9314
3476: 
9934: 10004,9856,9843,9770
6265: 6266,6264,6359
9412: 9258,9573,9352,10013
3480: 3382
6683: 6781,6871,6588,6682
3482: 3383
4104: 4004
4336: 9521,4232,4132,9569,9282,9734
3485: 3386
3486: 3487,3586
3487: 3486,3586
3765: 3764,3665,3666
3489: 3589
5194: 5093,5294,5295
3491: 
9712: 9386,9359,9395,9505
8625: 9563,8278,8867,8560,8352,7888
5466: 5562,5564,5467,5664
9268: 774,989,1066,9536,9493,9577
4255: 4156,4155,4347,4349,4256
3497: 3399
8661: 8593,9988
6983: 6982,7073,7164
5928: 5528,5727,5826,5332,5930,6028
6926: 7545,7198,7371,6927,6832,7195
3502: 3503
3503: 3502,3504
3504: 3503
8116: 8483,8741,8110,7958
3506: 
9219: 9504,9122,9560,8987,9193,9239
6055: 6249,6052,5957,5761,5958,6056
8142: 8064,8439,8507,7903,8766,8292
9449: 8565,9509,9303,9885,8631
5973: 
6978: 7161,7070,7163,7162
3513: 3316,3514,3417
3514: 3222,3417,3615,3513,3612
8704: 9081,8824,8703,8365,8766,8881
9339: 9440,697,9553,9337
3517: 3222,3615,3519,3321,3717
7353: 7352,7440
3519: 3421,3321,3224,3517,3818,3717
8225: 7909,8372,8150,8647,8373,8227
4078: 4179
3651: 3552,3558,3656,3850
9280: 5141,9877,9266,4937,4936,9602
5995: 6093
6672: 6671,6576,6767
3526: 3624,3421,3423,3818,3722
3527: 3627,3425,3727
9404: 9350,9632,9755,5251,5253,9909
9604: 9350,9632,9302,9808,5145
9257: 9770,9281,801,948,9551,9612
3531: 3628,3627,3431,9520,9713,3335
9284: 9419,9904,8309,8383,9649,8382
3533: 3731,3734,3729,3434,3634
9401: 6038,6326,6130,9668,9979,9911
5709: 5807,5609,5710
3536: 9332,9374,9772,3837,9424,3339
4322: 4422,4423,4526,4218,4320,4427
4068: 4168,4069,4169
9077: 8928,9119
3540: 3246,3345
9660: 9368,10043,9584,9444,9661,9767
7451: 7539,7780,7707
9996: 9858,9794
9742: 9862,9671,2664,2666,9997
3545: 3449,3743,3448,3641,9932,3742
4240: 4346,4343,9256,4146,4347,4241
7558: 7973,7890,7383,7811,7557
4872: 4871,4771
8271: 8686,8273,8346,8908,8620,8485
3550: 3838,3154,3451,3940,3942,3847
3764: 3765,3664,3665,3763
3552: 3651,3555,3849,3947,3452
6528: 6720,7083
9916: 9864,9995,9688
3555: 3458,3257,3255,3452,3552
5943: 5647,5746
9366: 9553,9259,9337,9248,9590,9430
3558: 3651,3458,2964,3559,3656
3559: 3856,3656,3262,3558,3460
9710: 9848,10019,9936,9695
3561: 3460,3363
9834: 9620,9375,9947,9693
9825: 9897,9814,9328,10028
3564: 3663,2873,3464,3664
7062: 9785,9400,7155,7156,7419,7152
9434: 9447,9373
9072: 9114,9214,9074
7946: 8026,7945,8106
8192: 8189,9423,9688,8412
3821: 3819,4123,3820,3722,3822,3922
3571: 3471,3572,3670
3572: 3571
8550: 8679,8412
9930: 9926,9919,10043,9971,8630
8475: 8478
8262: 9376,9413,9426,8110,7958,8191
3577: 3578
3578: 3678,3577
7958: 8191,9587,8262,8110,8116,8741
9551: 872,9405,9612,9257,948,1261
9754: 9835,9738,9885,9852,9303,9846
8163: 8006,8084,8389,8599,7763,8462
3583: 3385