9266: 9454,9523,9602,9280,9348,9877
9886: 9426,9413,9312,9694,9832,9702
9339: 9644,9341,9440,9804,9337,4697
9882: 9745,9840,9245,9474,9895
9378: 9277,9456,9545,9292,9640,9420
9556: 10005,9629,9297,9982,9317,9571
9762: 10003,9752,10030,9789,9857,10039
3486: 9837,9974,9933,9940,9788,9865
4811: 9503,5138,9397,9454,9602
9361: 2778,9663,9542,9747,9758,9630
5975: 9508,9301,9805,9773,5882
8475: 
9376: 9423,9836,9346,9426,9484
10012: 10009,9505,9880,10031,9768,6682
9954: 2806,9973,9451,9745,9474
9562: 4498,9249,9784,9409,5138,9429
9512: 9433,9543,9575,9540,6085,9860
9482: 9352,9408,9574
10017: 9574,9808,9871,9985
10007: 9987,9983,9981
9833: 9687,9783,9910,9953
10011: 9576,9932,9925,9891,10036,9878
9394: 9605,9619,9541,9410,9533,9455
9721: 9751,9777,9718,9855
9335: 9296,9709,9645,9813,9722,9715
9962: 9439,10026,9742,9879,9946,2699
9590: 9441,9804,9337,9553,9366,9248
9690: 9944,10034,9347,9695,9989,9763
9354: 9458,9310,9402,9465,9550,9499
9568: 9625,9423,9349,9391
9990: 9957,9771,10041,9815,9516,9713
9774: 9425,9986,9899,9874,9747,9669
9768: 9684,10031,9753,9714,10012,6682
9848: 9884,9964,5564,9776,10019,9710
9958: 9298,9746,9757,9940,9818,9865,9380
9890: 9921,9897,10028
9294: 9703,10025,9503,9454,9523,9480
9663: 2778,9361,9918,9879,2699,9965
9392: 9700,9269,9761,9483,9633,9459
9451: 9954,9973,9730,9948,9745
40: 
6085: 9540,9696,9915,9512,9860
9533: 9311,9410,9489,9256,9394,9541
9362: 9529,9398,9377,9244,10042,9476
9782: 9460,10040,9537,9338,9446,9907,9273
9265: 9305,9901,9909,4950,9968,9490
9317: 7988,9982,9081,7318,9556,9297
9588: 9406,9593,9967,9379,9622,9252
9834: 9375,9396,9947,9620,9693
9746: 9298,9958,9757,9657,9853,9441
7988: 9982,9317,8225,9795,9617,7318
9633: 9280,9357,9392,9761,9670,9459
9280: 9633,9357,9670,9266,9602,9877
9322: 9403,9445,9607,10001,9611,9810
9645: 9813,9913,9717,3119,9709,9335
9295: 9528,9427,9247,9758,2778,9918
9607: 9403,9322,9377,9810,9638,9308
9796: 9697,9485,9924,9759,9704,9679
9530: 9495,2733,9291,9554,9389,9264
9469: 9847,9494,9309,9801,9417,9753
9935: 2928,3119,9955,9304,9814,9262
9945: 9730,9826,9719,9821
9779: 5408,9627,9417,10031,9977,9880
9914: 10016,9685,9896,9341,9847
9851: 9732,9850
9943: 9920,9529,9638,9647,9650,9967
9835: 9738,9754,9852,9696,9915,9764
9374: 9665,9899,9332,9621,9756,9424
9631: 9623,9616,9274,9517,9253,9271
9855: 9929,9718,9721
9566: 9464,9431,9324,9611,9445,9315
9829: 9655,9707,9760,9270,9736,9798
9434: 9373,9447,9711
9683: 9293,9594,9842
9709: 9246,9296,9335,9645,9717,9700
9498: 9599,9513,9538,9258,4448,9522
9519: 10030,9285,9340,9594,9842
9928: 9486,9534,9733,9390,9413,9484
9325: 9398,10033,9364,9463,9476,9261
9854: 9926,10043,9767,9787,9889,9691
9508: 5975,9561,9301,5882,9310,9643
10023: 9970,9579,9327,9542,9671,9965
9398: 9325,10033,9659,9244,9476,9362
9765: 3743,9677
9699: 9950,9883,9329,9775,9345,9791
9629: 10005,9556,9297,9600,9894,9960
9415: 9737,9251,9637,9372,2685,9247
9510: 9662,9675,9822,9862,9997,9286
9814: 9922,9825,9955,9935,9262,9328
5640: 
9766: 9921,9978,9927,9876,9922,9897
9691: 9292,9889,9787,9854,9800,9450
9922: 9825,9814,9897,9766,9955,9876
9853: 9441,9804,9657,9746,9698,9440
9617: 9795,9938,10029,9448,7988,8225
7318: 9284,9081,9649,9795,7988,9317
9880: 10012,10009,9779,10031,9977,9517
9698: 9440,9807,9969,9883,9657,9853
9787: 9634,9438,9854,9767,9800,9691
9993: 9436,9390,9763,9944,9465,9534
9931: 9888,9891
9738: 9846,9754,9835,5408,9627,9764
9279: 9254,9481,9250,9296,9443,9320
9907: 9326,9338,9782,9589,9273
9754: 9738,9846,9835,9852,9885,9303
9819: 9500,9748,9972,1592,9399
9857: 10030,9340,9356,8309,9762,9752
9565: 9515,9806,9329,9487,9775,9416
9918: 9414,9879,9528,9295,2778,9663
9788: 10002,9940,9933,9321,9547,3486
8225: 7988,9617,9448
9426: 9413,9886,9484,9376,9836,9702
9722: 9319,9813,9903,9720,9715,9335
4083: 3701,9254,9481,9259,9430,4498,9668
9660: 9368,9584,9444,9661,10043,9767
9761: 9392,9700,9246,9342,9633,9357
9852: 9754,9835,9593,9915,9622,9303
9456: 9686,9277,9378,9545,9984
9858: 9794,9996,9827,9811
6682: 9712,9359,9768,9714,10012,9505
9724: 9309,9860,9601,9801,9696,9764
10010: 9810,9244,9675,9822,9659,10001
9609: 9327,9572,9591,9582,9555,9579
9729: 10024,9472,9705,7617,9486,9733
9405: 9682,9748,9949,9551,9612,9257
9878: 9255,9500,9925,9972,10011,9576
10020: 9896,9644,9979,9911,9906,9666
9589: 9809,9923,9273,9326,9598,9907
9514: 9264,9488,9812,9743,9321,9388
9964: 9848,5564,9873,9776,9792
9713: 9516,9520,3722,9990,9957,9816
9838: 9994,10000,9689,9870,9866,9887
9899: 9665,9374,9332,9874,9425,9774
9982: 7988,9317,10003,9556,9571
4463: 9799,9522,4146,9331,2968,5064
9490: 9658,9578,4950,9367,9901,9265
10027: 9646,9999,9866
9245: 9980,9552,9474,9882,9363,9895
9467: 9477,9478,9458,9550,9563
9974: 9837,3486,9487,9933,9809,9869
9868: 5332
141: 
9884: 9848,5564,9603,9261,10019,9667
9572: 9609,9630,9327,9986,9597,9582
5564: 9884,9848,9964,9364,9261
6249: 9347,9725,9776,9817,9695,9710
3119: 2928,9717,9935,9304,9645,9913
978: 
9431: 9464,9468,9566,9288,9300,9315
9619: 9605,9394,9595,9455,9608,9463
9927: 9790,9704,9966,9766,9978,9876
10040: 9460,9626,9782,9869,9273,9806
9407: 9563,9661,9438,9892
10033: 9398,9325,9659,9532,9595,9463
9401: 9726,9979,9911,9553,9259,9668
9441: 9590,9853,9804,9298,9746,9248
9536: 9268,9358,9577,9380,9298,9248
9708: 9365,9903,9720,9557,9470,9902
9644: 10020,9896,9339,9341,9337,9911
9382: 9255,9500,9399,9637,2305,9707
9246: 9296,9443,9709,9700,9761,9342
9985: 9820,9871,10017,9808,10018,9632
9957: 3722,9990,10038,10041,9713
9578: 9490,9658,9872,9410,9367,9455
10002: 9940,9818,9788,9321,9316,9388
9606: 9905,9267,9780,9635,9961,9389
9692: 9750,9336,9893,9786,9293
9630: 9327,9572,9986,9747,9361,9542
9421: 9655,10037,9707,2305,9371,9496
9983: 9981,9587,9916,10007
9292: 9640,9889,9691,9450,9378,9545
9485: 9697,9585,9491,9333,9796,9924
9324: 9527,9428,9611,9473,9464,9566
9319: 9813,9722,9624,9585,9333,9720
9446: 9537,9803,9461,9263,9460,9782
10005: 9556,9629,9824,9571,9960,9664
9495: 9530,9624,2733,9264,9488,9365
9413: 9426,9886,9484,9928,9733,9312
9843: 9956,9586,9770,9934,9856,9281
9523: 9266,9454,9348,9703,9294,7152
9736: 9769,9798,9823,9821,9270,9829
9648: 9666,9400,9849,9518,9701,9559
9751: 9670,9959,9777,9718,9877,9721
9332: 9374,9899,9620,9424,9396,9425
9601: 9724,9309,9860,9575,9511,9908
9253: 9977,9517,9636,9299,9274,9631
9581: 9492,9881,9653,9844,9681
9596: 9639,9299,9368,9497,8631,9971
9259: 9553,9366,9430,4083,9401,9668
9895: 9635,9363,9882,9780,9840,9245
7570: 9504,9307,9919,6385,9930,8496
9367: 9311,9410,9539,4950,9490,9578
9258: 9538,9573,9412,9723,9513,9498
9299: 9596,9639,9253,9636,8631,9274
9893: 9651,9437,9831,9786,9692,9336
9433: 9512,9543,9313,9330,9575,9506
9950: 9883,9657,9699,9329,9837,9865,9757
9450: 9739,9800,9292,9691,9828,9545
9741: 9744,9912,10036
9881: 9581,9716,9653,9995
9700: 9392,9269,9761,9717,9246,9709
9650: 9379,9805,9773,9920,9943,9967
9126: 9600,9387,9081,9567,9297
9669: 9747,9758,2685,9874,9774,9247
9369: 9580,9323,9946,10026,9991,9706
9976: 9739,9800,9625,9634,9641,9391
9385: 9900,9370,9345,9791,9288,9300
9662: 9822,9510,9997,9742,9527,9428
8807: 
2778: 9361,9663,9758,9295,9918
9870: 9693,9999,9866,9947,9994,9838
9815: 10041,9771,9990
9586: 9956,9830,9843,9674,9281,9276
9961: 9554,9389,9267,9606,10021,9859
10000: 9994,9838,9689,9422,9462,9797
9583: 9452,9785,9701,9861,9249,9360
9849: 9666,9648,9726,9979,9701,9861
9269: 9392,9700,2928,9717,9483,9521
9941: 9792,9992,9901,9658,9873,10035
9908: 9847,9511,9685,9278,9309,9601
9920: 9529,9943,9839,10042,9650,9773
9569: 9734,9328,6420
9544: 9712,9988,9359,9386,9917,9952
9484: 9426,9413,9928,9346,9390,9376
9529: 9920,9362,9943,9638,9377,10042
9997: 9862,9671,9742,9662,9510
9656: 9537,9338,9781,9769,9728,9793
9681: 9844,9828,9641,9653,9739,9581
9887: 9599,9513,9646,9866,9838,9689
9604: 4448,9808,9302,4146,9632,9350
9749: 9546,9615,9827,9610,9863,9811
9716: 9881,9864,9381,9653,9995
9470: 9557,9316,9903,9708,9358,9577,9902
9515: 9565,9806,9626,9272,9706
5064: 9539,9404,2968,4463,4146,9350
9677: 3743,9765
9769: 9781,9736,9798,9823,9728,9656
9462: 9489,9797,10000,9422,9442,9256
9261: 9603,9476,9364,9325,9884,5564
9248: 9366,9298,9268,9536,9590,9441
9970: 9845,9351,9579,10023,9862,9671
9965: 9671,2699,9663,9542,10023
9667: 9561,9301,9884,9839,9603,10019
9461: 9803,9496,9642,9446,9393,9263
9593: 9406,9588,9540,9915,9622,9852
9558: 9507,9501,9318,9894
9373: 9434,9447,9711,9452,9678,9998
9723: 9412,9646,9258,9513
9570: 9900,9370,9330,9384,9506
9594: 9293,9683,9750,9519,9340,9842
9637: 2305,9372,9255,9382,9415,9251
2305: 9637,9372,9382,9421,9371
9971: 8631,9930,9368,9596,9926,10043
9575: 9506,9511,9512,9433,9860,9601
9830: 9956,9841,9586,9826,9719,9276
9445: 9403,9322,9611,9566,9287,9315
9673: 9863,9672,9811,9794,10014
9612: 9551,10004,9770,9405,9257
9516: 9713,9520,9771,9990
10035: 9471,9867,9305,9901,9992,9941
9747: 9758,9669,9986,9774,9630,9361
9406: 9593,9588,9967,9647,9435,9540
9824: 10039,9571,9727,10005,9664
10006: 9725,9867,9817,9992,9975,9680
9822: 9662,9675,9510,9428,10010,10001
10031: 9753,9768,9779,9417,10012,9880
9917: 9386,9353,9988,9544,9938,9334
9478: 9290,9477,9355,9467,5882
9832: 9981,9702,9694,9886,9987
9257: 9281,1592,9612,9770,9748,9405
9296: 9246,9443,9709,9335,9715,9279
9862: 9671,9997,9845,9970,9286,9510
9582: 10032,9591,9375,9597,9609,9572
9874: 9737,9665,9899,9774,9669,2685
9827: 9610,9618,9749,9858,9811
9791: 9345,9883,9699,9900,9385,9807
9344: 9875,9740,9271,10009,9505,9395
9418: 9621,9912,9772,9424
9486: 9534,9928,9733,9705,9289,9729
9357: 9633,9280,9761,9397,9342,9602
9424: 9620,9772,9418,9621,9374,9332
9592: 9356,9334,9353,9437,8309,9336
9949: 9551,9888,9682,9405
9921: 9766,9978,9890,9897
9969: 9698,9440,9807,9475,4697
9546: 9615,9749,9567,9560,9564,9610
9909: 9265,9755,9404,4950,9968,9549
9793: 9326,9383,2806,9728,9656,9338
9481: 3701,9279,4083,9254,9493,9250,9430
10037: 9655,9421,9781,9798,9803,9496
9494: 9469,9847,10016,9684,9753
6695: 
9960: 9318,9894,10005,9629,9664
9794: 9996,9858,9673,9811,8658
9727: 10039,9824,9789,9939
9979: 9401,9726,9911,10020,9666,9849
9726: 9401,9979,9784,9668,9849,9861
10042: 9839,9603,9476,9920,9362,9529
9473: 9527,9324,9439,10026,9676,9464
9538: 9258,9573,9408,9498,4448,9302
9613: 9504,9307,9420,9564,9610,9618
9686: 9277,9456
9801: 9724,9309,9469,5408,9764,9417
10029: 9795,9938,9617,9395,9988,9740
9307: 9504,9919,7570,9613,9420,9640
9755: 10018,9632,9350,9404,9549,9909
9489: 9462,9331,9797,9256,9311,9533
9682: 9748,9405,9972,9949,9925,9888
9772: 9620,9424,9418
10036: 9744,9741,9891,10011,9932
9836: 9376,9423,9426,9587,9702,9688
9585: 9697,9485,9333,9319,9813,9913
9542: 9361,9630,9327,10023,9965
9837: 9329,3486,9974,9487,9865,9950
9500: 9255,9819,9878,9382,9972,9399
9733: 9486,9928,10024,9729,9312,9413
9567: 9546,9615,9560,9079,9387,9126
9888: 9925,9891,9931,9949,9682
9291: 9635,9363,9389,9264,9812,9530
9712: 9988,9544,9359,6682,9505,9395
5841: 
10025: 9703,9294,9480,9678,9711
9916: 9864,9688,9983,9587,9995
10038: 3722,9957,9966
9428: 9527,9324,9611,9662,9822,10001
9410: 9311,9367,9533,9394,9578,9455
9503: 4811,5138,9429,9454,9480,9294
9411: 9479,9535,9845,9351,9605,9541
9714: 9466,9898,9684,9768,9359,6682
9597: 9425,9986,9375,9396,9582,9572
9580: 9323,9263,9369,9460,9626,9706
9873: 9658,9872,9792,9941,9964
9599: 9887,9513,9498,9689,9799,9522
9803: 9496,9461,10037,9781,9537,9446
9624: 9495,2733,9333,9365,9720,9319
9327: 9609,9630,9572,9542,9579,10023
9875: 9649,9740,9344,9271,9904,9616
9643: 9310,9936,9508,9561,9402,10034
9420: 9307,9613,9640,9277,9378,9618
9753: 9684,10031,9768,9469,9494,9417
9951: 9312,9694,10024
2699: 9965,9663,9879,9962,9742
9778: 9386,9353,10022,9963,9437,9831
9745: 9882,10008,9948,9954,9451,9474
3722: 9957,10038,9713,9816,9790,9966
9744: 9621,9912,10036,9741,9756,9932
7340: 
9926: 9854,10043,9930,9971,9889,9919
9826: 9654,9830,9841,9719,9945
9789: 10030,9285,9762,10039,9727,9939
9912: 9621,9744,9741,9418
9352: 10013,9482,9573,9408
10024: 9472,9729,9733,9312,9951
3345: 
9316: 9557,9470,9388,10002,9818,9577,9380
10003: 9762,9752,9982,10039,9571
9697: 9585,9485,9796,9679,9304,9913
6420: 9734,9569,9282
9471: 9867,10035,9343,9305,9614,9306
9649: 9875,9740,9904,9795,9284,7318
9891: 9925,9888,9931,10036,10011
9720: 9365,9903,9708,9624,9319,9722
9557: 9470,9316,9388,9488,9365,9708
9757: 9958,9746,9865,9950,9657
9911: 9401,9979,9337,9553,10020,9644
9987: 9832,9981,10007
9821: 9719,9270,9730,9945,9736,9823
9792: 9776,9817,9992,9941,9873,9964
9689: 9838,10000,9887,9599,9799,9797
9541: 9605,9394,9535,9256,9533,9411
9628: 9419,9260,8496,9623,9616,9904
6140: 
9289: 9989,9763,9314,9705,9486,9534
9701: 9785,9583,9861,9648,9400,9849
9671: 9862,9997,9965,9970,10023
9748: 9682,9405,9972,9257,1592,9819
376: 
9499: 7811,9550,9465,9354,7383,9436
9584: 9660,9368,9497,9444,9509,9449
9329: 9837,9487,9565,9775,9950,9699
9476: 9603,10042,9261,9398,9325,9362
9929: 9348,9718,9855,7152
9463: 9364,9608,9619,9595,9325,10033
9813: 9645,9319,9913,9722,9585,9335
9330: 9570,9370,9526,9433,9313,9506
9271: 9875,9344,9517,10009,9616,9631
9984: 9844,9828,9456,9545
9276: 9719,9270,9674,9830,9586,9760
9608: 9364,9455,9463,9619,9872
9391: 9381,9641,9625,9568,9349,9976
9249: 9562,9784,9429,9583,9861,9360
9454: 9266,9523,9602,9503,4811,9294
9455: 9608,9410,9619,9394,9872,9578
9379: 9805,9650,9588,9967,9355,9252
9866: 9870,9999,10027,9646,9887,9838
9616: 9623,9631,9875,9271,9904,9628
9668: 4498,9784,9259,4083,9401,9726
9312: 9694,9951,10024,9733,9413,9886
9328: 9262,9734,9825,9814,9569
2364: 
9549: 9968,9755,10018,9909
9444: 9660,9584,9477,9509,9563,9661
9975: 9910,9680,9725,10015,10006,9783
10016: 9906,6009,9914,9494,9684,9898
9311: 9410,9367,9533,9489,9331,2968
9780: 9840,9937,9905,9606,9635,9895
9540: 9915,6085,9435,9512,9543,9406,9593
9802: 9672,9507,10014
9331: 9489,9797,4463,9799,2968,9311
9638: 9529,9943,9377,9607,9647,9308
9752: 10003,9762,9356,9448,9857
9504: 9307,7570,9613,9260,9564,8496
9488: 9514,9264,9495,9557,9388,9365
9760: 9399,9674,9276,9270,9829,9707
9646: 10027,9723,9866,9887,9513
9397: 9320,9342,9409,9357,4811,5138,9602
9759: 9924,9731,9816,9790,9704,9796
9081: 9284,7318,9317,9126,9297
9640: 9292,9889,9307,9919,9420,9378
9900: 9570,9370,9385,9791,9807
9679: 9955,9304,9876,9704,9697,9796
9343: 9471,9867,9614,9652,9680
9847: 9469,9494,9908,9685,9309,9914
9303: 9622,9453,9449,9754,9852,9885
9719: 9276,9821,9270,9830,9826,9945
9555: 9442,9535,9591,9609,9351,9579
9247: 9295,9427,9415,9372,9758,9669,2685
9595: 9532,9479,9605,9619,9463,10033
9968: 9549,9305,9265,9909,9306
10039: 9824,9571,9727,10003,9762,9789
7811: 9550,9499,7383
9255: 9500,9878,9382,9576,9251,9637
9877: 9348,9718,9280,9751,9670,9266
10026: 9962,9439,9946,9369,9991,9676,9473
3820: 
9539: 9404,4950,2968,5064,9367
9309: 9724,9601,9801,9469,9847,9908
9551: 9949,9612,9405
9688: 9864,9349,9916,9423,9836,9587
9885: 9846,9754,9303,9449,9497,9639
9797: 9489,9462,9331,10000,9689,9799
9693: 9870,9999,9834,9947
9341: 9896,9644,9339,9685,9432,4697,9914
9996: 9794,9858,8658
10008: 9745,9948,9840
9517: 9977,9253,10009,9880,9631,9271
3743: 9765,9677
9784: 4498,9562,9249,9668,9726,9861
9942: 9531,9998,9963,9447,9651,9831
9264: 9514,9488,9812,9291,9530,9495
9505: 10012,10009,9712,6682,9344,9395
9448: 9356,9334,9938,9617,8225,9752
9492: 9581,9844
9371: 9427,2305,9372,9421,9496,9642
9973: 9954,2806,9728,9451,9730,9823
9876: 9679,9955,9927,9704,9766,9922
9573: 9538,9258,9408,9412,10013,9352
9988: 9712,9544,9917,9938,10029,9395
9666: 9648,9849,9518,10020,9979,9906
9933: 9809,9923,9547,3486,9974,9788
9938: 10029,9617,9988,9917,9334,9448
9365: 9708,9720,9488,9495,9624,9557
9552: 9980,9245,9474,9598,9383,9275
9300: 9526,9315,9431,9288,9370,9385
9453: 9622,9303,9509,9252,9449,9290
9360: 9480,9678,9249,9429,9452,9583
9799: 4463,9522,9599,9689,9331,9797
9665: 9374,9899,9756,9737,9283,9874
9475: 9432,9278,4697,9969,9384
9432: 9685,9475,9278,4697,9341
9615: 9546,9749,9567,9387,9863,9548
9670: 9751,9959,9459,9633,9280,9877
9561: 9508,9301,9667,10019,9936,9643
9850: 9732,9851
9995: 9864,9916,9881,9716
9408: 9538,9573,9352,9482,9574,9302
9731: 9924,9759,9816,10021,9859,9520
9809: 9933,9923,9589,9869,9273,9974
9839: 9603,10042,9920,9301,9667,9773
9414: 9918,9879,9946,9528,9393,9323
9449: 9453,9303,9509,9885,9584,9497
9496: 9803,9461,9642,9421,10037,9371
9466: 9898,9525,9714,9735,9359,9952
9840: 9780,9937,9882,10008,9895
9711: 9434,9373,9678,10025
9717: 2928,3119,9645,9709,9700,9269
9946: 9414,9879,9323,9369,9962,10026
9598: 9326,9383,9552,9923,9589,9275
9550: 7811,9499,9354,9458,9467
9277: 9686,9456,9378,9420,9618
4498: 9562,9784,9668,4083,9254,9409
9079: 9560,9419,9567
9460: 10040,9626,9782,9446,9580,9263
9777: 9751,9959,9721
9627: 5408,9779,9738,9846,9977,9636
1529: 
9577: 9358,9536,9380,9818,9470,9316
9323: 9580,9393,9263,9369,9414,9946
9527: 9324,9428,9473,9439,9742,9662
9602: 9266,9454,9397,9280,9357,4811
9524: 9282,9483,9959,9459
9739: 9800,9450,9976,9641,9828,9681
5138: 9503,4811,9429,9397,9409,9562
9359: 9712,9544,6682,9466,9714,9952
9611: 9324,9428,9566,9445,9322,10001
9334: 9356,9592,9448,9353,9917,9938
9785: 9452,9583,9701,9400,9531,9998
9842: 9683,9594,9519
9427: 9528,9295,9371,9247,9372,9642
9320: 9397,9342,9409,9443,9279,9254
9930: 8631,6385,9971,9926,9919,7570
9632: 9755,10018,9350,9604,9808,9985
7880: 
9321: 9743,9547,9514,10002,9788,9388
9828: 9984,9844,9681,9739,9450,9545
9531: 9942,9998,9963,9400,9785,9457
9603: 9839,10042,9476,9261,9884,9667
9353: 9778,9386,9917,9437,9592,9334
9416: 9775,9345,9288,9272,9565,9468
9684: 9753,9768,9494,10016,9898,9714
9652: 9343,9910,9680
9252: 9622,9453,9379,9588,9290,9355
9436: 7383,9346,9993,9390,9465,9499
9805: 9379,9650,9773,5975,9355
9823: 9769,9736,9821,9730,9973,9728
9318: 9894,9960,9558
9286: 9532,9479,9845,9862,9675,9510
9564: 9560,9260,9504,9613,9610,9546
9621: 9744,9912,9756,9418,9424,9374
9903: 9708,9720,9470,9722,9902,9715
9472: 10024,9729,7617
9474: 9552,9245,9954,9882,9745,9383
9871: 9820,9985,10017
9310: 5882,9354,9458,9643,9508,9402
9346: 7383,9436,9390,9484,9376
9902: 9493,9250,9715,9470,9903,9708,9358
9732: 9851,9850
10009: 10012,9505,9880,9517,9344,9271
9545: 9456,9378,9450,9292,9984,9828
9393: 9323,9263,9528,9461,9642,9414
9273: 9809,9589,9869,9907,10040,9782
9525: 9466,9898,6009,9518,9735,9559
9703: 9294,10025,9523,7152
9283: 9737,9251,9756,9576,9932,9665
9278: 9685,9432,9475,9384,9511,9908
9507: 9558,9501,9548,9672,9802
9355: 9290,9478,9379,9805,9252
9366: 9553,9259,9430,9248,9268,9590
9919: 9307,7570,9926,9930,9640,9889
9464: 9431,9468,9566,9676,9324,9473
9807: 9698,9969,9791,9883,9900
9905: 9267,9606,9780,9937
9293: 9683,9594,9750,9692
10014: 9673,9672,9802
9518: 9666,9648,9906,6009,9525,9559
9425: 9986,9774,9597,9899,9332,9396
9479: 9286,9532,9595,9411,9845,9605
4146: 4463,9522,4448,9604,9350,5064
9825: 9922,9814,9897,10028,9328
9267: 9905,9606,9961,10021
9658: 9490,9872,9578,9873,9901,9941
10032: 9422,9591,9582,9375,9947,9994
9756: 9621,9744,9932,9665,9374,9283
9614: 9306,9471,9343
9883: 9950,9657,9699,9791,9698,9807
4448: 9604,9302,9538,9498,9522,4146
9879: 9918,9414,9946,9663,2699,9962
9396: 9375,9834,9620,9332,9425,9597
9991: 9272,9676,9706,9369,10026
10004: 9770,9934,9612
9402: 9944,9465,10034,9354,9310,9643
9404: 9539,4950,5064,9755,9350,9909
9381: 9641,9391,9653,9864,9349,9716
9275: 9743,9547,9598,9980,9552,9923
9587: 9983,9981,9702,9836,9916,9688
10015: 9347,9725,9975,9783,9989,9314
10034: 9402,9944,9690,9695,9936,9643
9844: 9984,9828,9681,9492,9581
9675: 9822,9510,9286,9532,9659,10010
9459: 9670,9959,9392,9524,9483,9633
9687: 9705,9833,9783,7617,9953,9314
9563: 9407,9661,9477,9467,9444
9659: 9398,10033,9532,9675,9244,10010
9953: 9687,9833,7617
9775: 9345,9416,9565,9329,9699
9966: 9927,9790,3722,10038,9978
9977: 9517,9253,9636,9779,9627,9880
9898: 9466,9525,9714,10016,6009,9684
9537: 9656,9338,9446,9781,9803,9782
9773: 9805,9650,9839,9920,5975,9301
5332: 9868
9657: 9950,9883,9746,9757,9698,9853
9618: 9827,9610,9613,9420,9277
9767: 9854,10043,9661,9660,9438,9787
9672: 9863,9673,9507,9548,10014,9802
9904: 9875,9649,9616,9419,9628,9284
9764: 5408,9696,9724,9801,9738,9835
8658: 9794,9996
9308: 9647,9435,9502,9403,9607,9638
9702: 9832,9981,9587,9426,9886,9836
9763: 9989,9289,9944,9690,9534,9993
9281: 9674,9257,1592,9770,9586,9843
9676: 9272,9991,10026,9473,9464,9468
9298: 9958,9746,9536,9380,9441,9248
9447: 9434,9373,9942,9998,9651
9678: 9360,9480,9452,10025,9373,9711
9377: 9810,9244,9607,9362,9529,9638
9956: 9830,9841,9586,9843,9856
9409: 9320,9397,9254,4498,9562,5138
9955: 9679,9304,9876,9922,9814,9935
9750: 8309,9692,9336,9293,9594,9340
9740: 9875,9649,9344,9795,10029,9395
9994: 9838,10000,9870,9947,9422,10032
9251: 9737,9415,9283,9576,9255,9637
9694: 9312,9951,9886,9832
9718: 9929,9348,9877,9855,9751,9721
3545: 
9579: 9351,9970,10023,9609,9327,9555
9287: 9526,9315,9403,9445,9502,9313
9653: 9381,9641,9581,9881,9716,9681
9605: 9619,9394,9541,9595,9479,9411
9422: 10032,9591,9994,10000,9462,9442
2685: 9669,9737,9415,9874,9247
9386: 9778,9353,9917,9952,10022,9544
9288: 9345,9416,9431,9468,9300,9385
9522: 4463,9799,4146,9599,9498,4448
9867: 9471,10035,9343,9992,9680,10006
9861: 9583,9701,9726,9249,9784,9849
1592: 9674,9257,9281,9748,9819
9634: 9438,9787,9892,9625,9800,9976
9923: 9933,9809,9589,9598,9547,9275
9940: 10002,9818,9788,9865,3486,9958
9728: 2806,9973,9769,9823,9656,9793
9358: 9268,9536,9577,9470,9493,9902
9250: 9493,9902,9715,9279,9481
9543: 9512,9433,9313,9435,9502,9540
9520: 9516,9713,9731,9816,10021
9535: 9555,9442,9256,9351,9541,9411
9685: 9432,9278,9341,9847,9908,9914
9297: 9556,9629,9081,9317,9600,9126
9468: 9464,9431,9272,9676,9416,9288
9388: 9557,9316,9321,9514,9488,10002
9636: 9977,9253,9846,9627,9639,9299
9696: 9915,6085,9724,9860,9835,9764
9429: 9503,5138,9562,9249,9360,9480
9647: 9308,9435,9943,9638,9406,9967
2928: 9717,3119,9935,9262,9269,9521
9493: 9902,9250,9268,9358,9430,9481
9554: 9961,9389,9859,9530,2733,9491
9967: 9406,9588,9943,9647,9379,9650
9894: 9318,9960,9600,9629,9558,9501
9342: 9320,9397,9246,9443,9761,9357
9845: 9351,9970,9862,9286,9479,9411
9948: 9451,10008,9745
9715: 9902,9250,9903,9722,9296,9335
9816: 9731,9759,9713,9520,3722,9790
9978: 9921,9766,9927,9966
9333: 9585,9485,9491,9624,2733,9319
9438: 9634,9787,9892,9407,9661,9767
9509: 9453,9449,9290,9477,9584,9444
2658: 
9301: 5975,9508,9561,9667,9839,9773
9511: 9384,9575,9506,9278,9601,9908
9526: 9287,9300,9315,9370,9330,9313
9776: 9792,9817,9848,9964,6249,9710
9559: 9735,9457,9648,9400,9518,9525
9372: 9637,2305,9415,9427,9371,9247
9370: 9900,9570,9385,9330,9526,9300
9443: 9246,9296,9279,9320,9342
9623: 9616,9274,9631,6385,8496,9628
9314: 9989,9289,10015,9705,9687,9783
9818: 10002,9940,9316,9958,9577,9380
9260: 9560,9419,9564,8496,9628,9504
9758: 9747,9669,9295,9247,2778,9361
3701: 4083,9254,9481
9710: 10019,9695,9936,9776,9848,6249
9989: 9763,9289,9314,9347,10015,9690
9502: 9308,9435,9403,9287,9543,9313
9642: 9496,9461,9528,9427,9371,9393
2733: 9530,9495,9624,9554,9491,9333
9285: 10030,9519,9789,9939
9506: 9384,9575,9511,9570,9330,9433
9480: 9360,9678,9503,9429,9294,10025
9808: 9604,9302,9574,10017,9985,9632
9364: 9608,9463,9325,5564,9261
9924: 9731,9759,9859,9485,9491,9796
9811: 9863,9673,9827,9749,9794,9858
9626: 9460,10040,9580,9706,9515,9806
9491: 9485,9333,9554,9924,9859,2733
9560: 9419,9260,9564,9079,9546,9567
9661: 9563,9407,9660,9444,9438,9767
9256: 9442,9535,9489,9462,9533,9541
9770: 10004,9934,9612,9257,9281,9843
9812: 9514,9264,9980,9291,9363,9743
9384: 9506,9511,9570,9475,9278
9771: 9815,9516,9990
9786: 9651,9893,9692
7152: 9523,9929,9348,9703
9326: 9598,9793,9383,9907,9338,9589
9532: 9286,9595,9479,9675,10033,9659
9654: 9826,9841
9651: 9893,9831,9942,9447,9786
9695: 9936,9710,6249,9347,10034,9690
9925: 9888,9891,9682,9972,10011,9878
9290: 9477,9478,9355,9453,9509,9252
9934: 10004,9770,9856,9843
9244: 9377,9810,10010,9398,9659,9362
707: 
9952: 9386,9466,9735,10022,9544,9359
9963: 9942,9531,9457,10022,9778,9831
10018: 9755,9632,9820,9985,9549
9869: 9809,9273,10040,9806,9974,9487
9513: 9887,9599,9498,9723,9646,9258
9315: 9287,9526,9300,9431,9566,9445
10013: 9352,9412,9573
9458: 5882,9354,9310,9467,9550
9437: 9893,9831,9778,9353,9592,9336
8631: 6385,9930,9971,9596,9299,9274
9576: 10011,9932,9255,9878,9283,9251
9440: 9698,9969,9853,9804,4697,9339
9889: 9292,9640,9691,9926,9854,9919
9340: 10030,9519,9857,9750,8309,9594
9274: 9623,9631,9299,9253,8631,6385
9892: 9634,9438,9407,9625
9395: 10029,9505,9712,9988,9740,9344
7383: 9346,9436,7811,9499
9349: 9864,9688,9423,9568,9381,9391
9591: 9422,10032,9582,9609,9555,9442
10001: 9322,9822,9428,9611,9810,10010
9403: 9445,9322,9607,9287,9308,9502
9350: 9755,9632,9604,4146,9404,5064
9380: 9536,9577,9818,9316,9298,9958
9981: 9983,9832,9587,9702,9987,10007
9896: 10020,9644,9341,9906,9914
10022: 9735,9457,9963,9778,9386,9952
9571: 10039,9824,9982,10003,10005,9556
9272: 9991,9676,9706,9515,9468,9416
9735: 9457,10022,9559,9466,9525,9952
9430: 9259,9366,9268,9493,4083,9481
9863: 9673,9672,9811,9615,9749,9548
9337: 9590,9804,9553,9644,9339,9911
9841: 9956,9830,9654,9826
9521: 9282,9483,2928,9262,9734,9269
10028: 9890,9825,9897
9435: 9647,9308,9502,9543,9406,9540
9986: 9425,9774,9597,9747,9630,9572
9635: 9291,9363,9895,9780,9606,9389
9999: 9870,9693,9866,10027
9622: 9453,9303,9252,9593,9588,9852
10019: 9936,9710,9884,9848,9561,9667
9610: 9827,9618,9613,9564,9546,9749
9465: 9402,9944,9354,9436,9993,9499
9790: 9927,9704,9966,3722,9759,9816
8309: 9750,9336,9356,9592,9857,9340
9804: 9590,9853,9441,9337,9440,9339
9906: 10016,6009,10020,9896,9666,9518
9356: 9592,9334,9448,8309,9752,9857
9347: 6249,9725,10015,9695,9989,9690
9707: 9655,9421,9829,9382,9399,9760
9399: 9760,9819,9500,9382,9707
760: 
9864: 9349,9916,9688,9381,9995,9716
9574: 10017,9482,9408,9808,9302
9992: 9792,9817,9941,9867,10035,10006
9743: 9321,9547,9275,9980,9514,9812
9783: 9687,9833,9975,9910,10015,9314
9910: 9975,9680,9652,9833,9783
9706: 9272,9991,9580,9369,9626,9515
9664: 10005,9824,9960
4697: 9432,9475,9440,9969,9339,9341
9452: 9785,9583,9360,9678,9998,9373
6385: 8631,9930,9623,9274,7570,8496
9390: 9346,9436,9993,9534,9928,9484
9304: 9679,9955,9697,9913,3119,9935
9806: 9565,9515,10040,9626,9869,9487
9348: 9929,9718,9877,9266,9523,7152
6009: 9906,10016,9518,9898,9525
9800: 9739,9450,9976,9634,9787,9691
9457: 9735,10022,9559,9400,9531,9963
9417: 5408,9779,9801,9469,10031,9753
9959: 9751,9670,9459,9524,9777
9254: 3701,9279,4083,9481,9320,9409,4498
9423: 9376,9836,9568,9349,9688
9655: 9421,10037,9829,9707,9798
9781: 9769,9798,10037,9803,9656,9537
9412: 9723,10013,9258,9573
9639: 9596,9299,9846,9885,9497,9636
9859: 9924,9731,10021,9961,9554,9491
9338: 9656,9537,9326,9793,9907,9782
9795: 10029,9617,9649,9740,7318,7988
9817: 9776,9792,9992,6249,9725,10006
9936: 10019,9695,9710,9561,10034,9643
9901: 9305,9265,9490,9658,10035,9941
9705: 9687,7617,9289,9314,9729,9486
9980: 9552,9245,9363,9743,9275,9812
7617: 9705,9687,9953,9472,9729
9306: 9614,9968,9305,9471
9620: 9772,9424,9332,9834,9396
9737: 9415,9283,9874,9251,9665,2685
10021: 9731,9859,9267,9520,9961
9534: 9486,9928,9763,9289,9993,9390
9313: 9433,9543,9287,9526,9330,9502
9383: 9326,9598,9793,2806,9552,9474
9497: 9368,9584,9449,9885,9596,9639
8496: 9260,9628,6385,9623,9504,7570
9263: 9580,9393,9323,9461,9446,9460
9913: 9645,9813,9697,9585,9304,3119
9268: 9358,9536,9493,9366,9430,9248
9742: 9962,9439,9997,2699,9662,9527
9262: 9734,9328,9814,2928,9935,9521
9363: 9291,9635,9895,9980,9245,9812
9674: 9281,1592,9586,9760,9276
9641: 9381,9391,9653,9739,9976,9681
9284: 9081,7318,9649,9904,9419
9730: 9945,9821,9823,9973,9451
9553: 9259,9366,9590,9337,9401,9911
9483: 9524,9282,9521,9392,9269,9459
9939: 9285,9789,9727
9439: 9962,10026,9742,9527,9473
9937: 9780,9840,9905
9915: 9540,9696,6085,9593,9835,9852
9798: 9781,9769,9736,9655,10037,9829
9419: 9560,9260,9079,9628,9904,9284
9725: 6249,9347,10015,10006,9817,9975
9998: 9942,9531,9452,9785,9373,9447
9734: 9262,9328,9569,9282,9521,6420
9944: 9402,9465,10034,9690,9763,9993
9932: 10011,9576,9744,10036,9756,9283
9345: 9775,9416,9791,9288,9699,9385
9487: 9329,9837,9974,9869,9565,9806
9972: 9682,9748,9925,9819,9500,9878
9704: 9927,9790,9759,9796,9679,9876
9336: 9750,8309,9692,9893,9437,9592
9820: 9871,9985,10018
10043: 9926,9854,9767,9660,9368,9971
9270: 9719,9276,9821,9760,9829,9736
9400: 9648,9785,9701,9457,9559,9531
9831: 9651,9893,9437,9942,9963,9778
9625: 9568,9634,9892,9391,9976
2968: 9539,5064,4463,9331,9311
9865: 9940,9837,3486,9950,9958,9757
9389: 9961,9554,9606,9291,9635,9530
9897: 9922,9825,9921,9766,9890,10028
2806: 9954,9973,9728,9793,9383
9305: 9901,9265,9968,9306,9471,10035
9501: 9558,9507,9548,9600,9387,9894
9680: 9975,9910,9867,9343,9652,10006
9872: 9658,9578,9873,9455,9608
9860: 9724,9601,9512,9575,9696,6085
5408: 9779,9627,9764,9417,9801,9738
9302: 4448,9604,9808,9538,9408,9574
9810: 9377,9244,10010,9322,9607,10001
9351: 9845,9970,9579,9555,9535,9411
4950: 9539,9404,9367,9265,9909,9490
9368: 9660,9584,9497,9596,10043,9971
9547: 9743,9321,9275,9933,9923,9788
9477: 9290,9478,9467,9509,9563,9444
9947: 9375,9834,9870,9693,9994,10032
9846: 9738,9754,9885,9627,9639,9636
10030: 9285,9519,9789,9857,9340,9762
9856: 9934,9956,9843
861: 
9600: 9387,9126,9629,9297,9501,9894
9387: 9600,9126,9615,9567,9501,9548
5882: 9458,9310,5975,9508,9478
9548: 9507,9501,9615,9387,9863,9672
9528: 9295,9427,9642,9918,9414,9393
9375: 9834,9396,9947,9597,10032,9582
9282: 9524,9483,9521,9734,6420
10041: 9815,9990,9957
9442: 9555,9535,9256,9422,9591,9462
9049: 