9266: 9602,9523,9348,9280,9877,9718
9886: 9312,9413,9426,9694,9702,9832
9339: 181,3093,9440,9337,9553,100
4658: 4655,4757,4660,4661,4858,5062
9378: 9292,8984,9640,9545,9456,9277
5: 
2389: 3741,3743,2761
3727: 3928,9713,3628,3226,9520,3526
8579: 8066,7743,8222,8995,8770,8296
3874: 3771,3772,4074
3176: 2983,3372,3079,3073,9662
8475: 
8460: 7679
10012: 7146,9714,10031,9880,10009,6586
7073: 6983
9562: 5123,5338,9249,9429,6421
3451: 3444,3942,3550,3255
9482: 9352,9408,10013,9574
18: 
10007: 8976
9833: 9953,9783
10011: 9932,10036,9891,3835,3940
22: 23
23: 22
9092: 9091,8999
9962: 10026,9946,9663,9879,1611,683
3489: 2902,3589
5215: 5419,5417,5917,5317,4917,5113
5688: 6658
4218: 9269,9392,3907,4320,4108,4427
30: 
4104: 4306,4004,4314,4514,4307
6358: 6163,6639,6915,6823,7360,7532
33: 133,9851
34: 
7009: 7794,9705,7014,7195,9289,8031
9294: 9503,9480,9454,9523,9703,10025
9663: 9918,9758,9879,9962,1611,2321
4306: 4104,4301,4514
8694: 8632,9596,8631,9971,8496,8636
40: 
6085: 5789,6278,6084,6375
9533: 5159,9311,5755,9410,9394
9362: 9377,6349,6347,9529,10042,6155
7319: 6768,7402,7141,7050,7581,7142
9265: 6338,9305,9909,5355,9968,9306
9317: 8995,8296,9297,8710,9556,9982
8878: 8205,8701,9120,8499,9079,9238
6884: 7163,6886
7345: 7080
2600: 2983,2888,2411,2412,3079,2693
4010: 3712,3612,4115,3810,4320,4323
3665: 3763,2391,3464,3971,3765
6347: 6349,9362,5959,5761,6155
9645: 9335,9813,2926,9709,9717,3119
8540: 8338,8479
56: 
57: 
6196: 6100,6387,6003,6483
2363: 
60: 
9945: 116,9826
8632: 9449,8694,8631,8210,8358,8636
9914: 9906,9896,10016,9685,9341,9847
64: 275
9943: 9435,9638,9529,9647,9920,9650
4893: 
8150: 8225,7909,7579,7911,7992,8309
8661: 8593
9855: 6709,6517
7564: 7478,8358,7389,9846,7125,7565
9829: 9769,9736,9760,9798,9655,9707
7569: 7570,7737,7130
73: 336,283
9709: 9761,9700,9246,9645,9335,9717
8175: 9842,9683,8097
4677: 4876,4773,4675
4979: 4880,6062,5177,4978
3450: 2578,2858,3646
3789: 
6658: 5688,5887,6371,6847,6564
81: 
9398: 9325,9463,9659,9810,9244,9476
9765: 1838,9677
2610: 2609,2512,2326,2236,1881,2057
9629: 10005,9556,9960,9297,9894,9600
6244: 9490,6339,6242,6337,6144,6335
3380: 3678,3480,502,3578,3185
7207: 7292,7383,7026,8356,7558,7470
6403: 6969,6507
7355: 
9691: 9292,8984,9787,9889,9854,9800
9922: 4030,9955,9876,9921,9897,9814
93: 133,9851
9617: 8383,9448,9795,10029,9334,9938
7375: 8186,8031,7460,7289,7380,7292
9880: 9517,10009,9977,7434,10031,10012
3897: 3898,3998
9787: 9438,9892,9854,9634,9800,9691
3321: 2836,3517,9679,9304,3818,3821
100: 2523,9553,9339,2333,2710
9738: 7563,7389,9846,9835,7562,9754
7979: 7899,7733,7818,8061,8058,8639
4566: 4470,4569,4367,4269,4565
5490: 5390
6100: 6196,6389,6003,9631,6391
3185: 3578,3577,3471,2896,2240,3380
9565: 9515,9806,9487,9329,9416,9272
9918: 9663,9758,9879,9528,9414,9295
9788: 9321,9940,10002
4393: 4293,4292
5062: 4858,4658,4660,5163,5755
7902: 7821,7901,8365,7903,8292,8766
5400: 5300
6576: 6480,6767,6671,6672
115: 9826,116
116: 9945,115
8189: 8192
118: 307,309
4565: 4665,4462,4463,4367,4566,4569
9724: 9801,9764,9860,9696,9601,9309
121: 127
9609: 3850,4141,9572,9579,9555
4427: 4108,4314,9392,4218,4521,4322
9405: 1510,9551,9612,9748,1019
9878: 9255,9576,9500,9972,9925
4485: 4486
127: 121
8301: 8376,8309,9857,7992,8304
9964: 6537,5761,9776,9872,9873,6055
6437: 6537,6249,6055
131: 
9899: 3849,9665,9874,9774
133: 93,9851,33
4463: 4263,4458,4367,4364,4565,4462
3211: 3506,3607,2728,3210,3903,3803
5211: 5413,9575,9601,5009,9860,6797
4343: 4139,9442,4045,3856,9256,3953
9467: 7386,7811,7560,9478,9290,9477
9974: 9869,9487,9837
9868: 4941
141: 
7181: 
9572: 9609,4141,9986,9630,9327,9579
5564: 5765,9578,9455,5466,5664,5961
6461: 5978,6266,5882,6077
146: 
3540: 3345
2552: 2451,2459,9895,9780,2362
149: 
150: 
3121: 3027,2540,9717,2928,3119,3805
9407: 9438,9892,9019,9661,7888,8126
5578: 5281,5478,5480,5870,5774,5676
4660: 4665,4661,4865,4658,5062,5163
155: 9263,9446,251
156: 157,9338
157: 9338,156
9644: 9911,9401,9341,9896
159: 
9246: 9761,9709,9443,9296,9335,9342
9985: 9755,10018,9808,10017,9632,9871
9957: 3928,9713,9990,10041,3731,10038
163: 208
7850: 7936,7767
6003: 9274,9631,6098,6387,6196,6100
4529: 9670,9633,4525,4322,4937
2858: 3838,3646,3450
8192: 8189
9983: 8683,8861,9017
7934: 7935,8015
9485: 9924,9759,9796,9333,9585,9697
9324: 9566,9431,9464,9473,9527,9428
6007: 5804,7252,5910,5813,5807,5705
8521: 10030,8450,8304,8451,9750,9340
3607: 3506,3211,2728,9700,2540,3412
176: 
9413: 9312,9886,9426,9733,9484,9376
9843: 9856,9934,9770,9586,9281
9523: 9602,9266,9348,9703,9294,9454
9736: 9769,9829,9760,9823,9270,9821
181: 3093,980,9339,9440,9969,1295
5084: 5186,5185,5581,5086
3504: 3210,3903,2822,3701
5041: 
185: 
9581: 9492,9653,9881,8044,8199
5789: 6085,5887,6084
9259: 2151,9366,9430,2523,9553
5453: 5251
9027: 8627,9112
9367: 9490,9539,9311,9410,5663,9578
8799: 8481,8679,8480
9299: 9639,9636,9274,9253
9893: 9786,9437,9336,9692
9433: 9313,9502,9506,9330,502,3284
8380: 8455
5724: 
4579: 4580
7142: 7581,7668,7050,7670,7319,8236
9232: 9987
9650: 9920,9773,9943,9647,9805
8450: 8521,10030,9789,9939,9285,9340
9669: 9874,9737,1747,2021,9747,9361
3731: 9966,3733,10038,3722,3928,9957
4397: 4498
206: 309
5451: 5250
208: 163
2778: 2685,2585,2974,2584,2201
9870: 9693,9994,9838,9947
9815: 9990,10041,9771
9586: 9674,9956,9843,948,9281
6071: 5873,5973,6541,6448,6823,6163
10000: 9994,9422,9838,9797,9689,9462
7080: 7520,7345
8005: 7761
217: 9907,368,9273,9326,366
9941: 9792,9873,9992,9901,9658,10035
8835: 8779,8838
9920: 9650,9839,9943,9529,10042
9569: 4336,9262,9328,9734
5167: 4969,4968,5064,5361,5070,5754
7901: 7821,7902,8365,7735,7737,7818
4736: 4837,4939
7292: 7380,7207,7383,7026,7289,7375
9656: 9781,9798,9728,9769
9681: 9739,8426,9828,8821,9844
7494: 7318,7996,8222,7988,7913,8513
6375: 6848,6280,6376,6085,6278
6617: 
9716: 8688,9653,9995,9916,9864,9381
9470: 9316,9557,1892,2253,1225
233: 834,9883,9791,9345
5064: 4968,5167,4865,4867,5163,5361
9677: 1666,1838,9765,1412
5329: 5727,5725
237: 
238: 
7130: 7569
240: 344,291
9965: 9671,2201,10023,2666,2585,9542
9667: 9884,9603,9561,9301,10019,9848
243: 
9593: 9622,9252,9588,9379,7123,9915
245: 
2852: 
247: 
9570: 9506,9330,9370,9900
9594: 9293,9750,9519,9340
7145: 8526,7413,8386,7146,6871
251: 9496,10037,9803,9263,155,9461
5150: 4852,9604,4950,5051,9350
9575: 5211,5413,9601,6508,9384,9511
9830: 9719,9270,9674,9956,9276
6078: 6464,6371,7646,6653,5882,6077
9673: 9794,9811,9863,9672
5251: 5353,5453,5352
7560: 7298,7119,9478,7386,7117,9467
10035: 9867,9471,9305,9901,9941,9992
7899: 7979,7733,7818,7649,7735
4323: 4331,9521,4320,4010,4115,9269
3755: 3656,9582,3262,3559,4139,9591
10006: 9975,9792,9776,9817
9822: 10001,9662,9675,9810,10010
3778: 3678,3777
9917: 9334,9938,9988,9353
2391: 3166,2968,3464,2873,3665,3763
8304: 9857,8376,8301,8521,10030,8451
9257: 9551,9612,9770,1261,1512,9281
7721: 7888,7885,7723,7555,7719,8333
5856: 5959,6047,5663,5765,6144
5710: 6204,9898
2412: 2047,2136,2225,2411,2600,2888
274: 
275: 64
2476: 2196,2571
9418: 9912,9621,9424
278: 387
8292: 7903,8064,7902,8766,8705,8142
7836: 6583,6964,7670,6389,9623,8236
4405: 4514,4616,4301,4606,4611
2585: 2778,2666,2111,9965,2201
283: 73,336
7777: 7176
9546: 9567,9749,9827,9564,9560,9610
9909: 9755,9549,5355,9404,9968,9265
4108: 4007,4314,4427,3803,3506,3907,4218
2424: 2800,9322,9445,2057,9611,2893
10037: 251,9496,9803,9781,9798,9655
4196: 
291: 344,240
3786: 3787
3907: 3412,3810,4320,3506,4108,4218
3983: 4083,3982
9979: 9668,9726,9911,9401,9666
5965: 5672,5574,6631,5177,6629,6348
8417: 8346,8419,8555
9473: 9468,9527,9439,9324,9464
299: 411
8675: 8676,8674
9686: 9618,9277,9456
8976: 8982,10007
10029: 9740,9795,9617,9938
3372: 2698,2983,3176,2699,10001,9662
9755: 9549,9909,10018,9985,9632,9404
6138: 
307: 118,309
9772: 9620,3536,9332
309: 206,118,307
6339: 9490,6244,9539,5051,5256,6242
9585: 2649,9913,9319,9333,9485,9697
9542: 9361,9630,9327,2666,9965,10023
6934: 6749,6930,7119,6932,7117
9500: 9255,9878,9972,9819,9399,9382
9733: 9928,10024,9484,9951,9312,9413
316: 
9888: 3839,9682,9949,3646,9931
9291: 9264,9530,9812,9980,9363,9635
4068: 4266,4164,3765,4169,4168
3860: 3460,3856,3166,3763,4165
10025: 9678,9711,9703,9294,9480
7929: 7340,7248,8170
3572: 9476,9261,3470,3577,3471,3674
9428: 1881,9611,1622,9527,9566,9324
8609: 
6781: 6969,9785,6984
8779: 8891,9005,8835
9714: 9753,10031,9768,6682,10012
9597: 9375,9396,9425,3850,3656,9582
9580: 9460,9393,10040,9323,9369,9626
9873: 9941,9792,9658,9964,9776,9872
9599: 9522,9498,9887,9799,9513,9646
9803: 251,10037,9781,9537,9446
334: 9850,9732,387,446
9327: 9542,9630,10023,9572,9579,1756
336: 73,283
3998: 3897,3898
5413: 5211,9575,5009,5214,5419,6508
3856: 4045,3460,4343,3953,3860
4826: 4915,5138,4929,9280,9602
2699: 2609,2512,2698,3372,10001,2987
4504: 4603,4606,4501
343: 397
344: 291,240
7550: 8867,7723,7555,8032,7641,9436
346: 519,9474,650,647
9926: 9889,9854,9767,10043,9930,9919
9826: 115,9945
4298: 4399
9912: 9418,9621,9744
7733: 7979,7899,7649,8056,8498,8058
10024: 9928,9729,9733,9472,9951
3345: 3540
9316: 1387,9470,9940,10002,9557
10003: 9571,9982,10039,9762,8373,9752
9697: 9679,9304,9485,9796,9585,9913
2818: 1716,3205,9493,2538,2721,2170
358: 
359: 740,9371,874,1025,1351
9891: 10011,10036,3838,3835
4486: 4485
2906: 2336,2526
3200: 3297,9536,2251
2802: 1295,980,3385
9987: 9232
366: 1132,1211,368,217,750
6849: 7033,7562,6848,6376,7300
368: 9907,10040,217,750,9626,366
3850: 9609,4141,9425,9597,3656
7675: 7505,9735,9466,7847,9952,8597
2710: 2523,100
372: 1124
9701: 9648,9849
8591: 8658
9748: 9972,9405,1019,9819
376: 492
9499: 9402,9465,9354,9550,6832,7010
9584: 9660,9563,9444,8811,9497,9368
2945: 
9476: 3572,9261,3470,9244,9325,9398
5204: 5104,5509,5202,5304
382: 561,499
5959: 5856,6047,6347,5761,9872
384: 839
9271: 9616,8081,9628,8663,9344,9904,9875
6144: 6337,9490,6244,5663,5856,6047
387: 278,334
9608: 9325,9463,9619,3670,9364
9391: 9864,9381,9349,9568,9625,9641
390: 449
9454: 9294,9503,5138,9602,9523,5031
6163: 6072,6639,6358,6071,5973,6823
9379: 6564,9588,6278,7123,9593
394: 
395: 
2826: 2926,2553,1820,9720,9813
397: 343
5761: 9964,6537,9872,5959,6347,6155
2364: 9895,9882,1557,9552,2451
6696: 6886,6695
9444: 9660,9584,9563,9661,8867,9019
8455: 8380
403: 
9311: 5159,9533,4950,9410,9367,9539
2728: 3607,3211,9357,9761,9700,3210
9540: 9967,9647,9406,9512,9543,9435
3485: 3386,2333,3486
3234: 2944
5044: 4849,4643,4641,9408,9302
9752: 9857,7992,8373,8225,10003,9762
411: 299
412: 413
413: 412
3953: 4255,4343,3856,4155,9256
9397: 9342,9357,9320,3502,9409,2822
416: 477,808
9081: 9037,8639,8987,8061,8703
9640: 9420,9237,8983,9292,9378,9277
9900: 9370,9385,9807,9570
420: 
9235: 8982,8928
4094: 
8868: 9024,9069,8812
424: 1444,9273,9809,1873,1529
5641: 
9247: 9372,1525,1867,9528,1198,9295
3971: 3765,3464,3665
3683: 3783
2366: 
7811: 9467,8356,8565,7558,7973
7402: 6768,7319,7581,7743,7314,7318
8481: 8679,8480,8799
8262: 9376,7719,9426,8033,9836,8042
3531: 2937,3224,9520
9539: 9490,9367,6339,9311,4950,5051
9309: 9908,9511,9469,9601,9801,9724
9551: 9612,9257,9405,1512,1019,872
8885: 9242,9038,8990,9039,9125,9126
8513: 8372,8710,7494,8222,7988,8296
9797: 9799,9689,10000,9489,9462,9331
9693: 9834,9870,9947
442: 568,634
6418: 
10008: 9745,9882,9840
5801: 5904,9639,9627
446: 447,334,9850
447: 446
9942: 9457,9531,9963,9651
449: 390
3787: 3786
9448: 8383,7911,9617,9334,8309,9356
8066: 8579,7743,7314,8064,7742,8770
9371: 9427,740,359,9421,1025,9642
454: 456
3301: 1716,3205,3497,2815,3400,3204
456: 454
9988: 9938,9917
9120: 8701,8878,9238,9237,9217
7609: 
9938: 9334,9917,10029,9617,9988
4007: 4108,4314,3803
2570: 2669
9300: 9315,9526,9431,9288,9370,9385
8991: 8989,8705,8707,8990,9130
7737: 7570,7569,7735,7821,7901
466: 807
467: 666,475,535
6419: 6425
9432: 9685,9278,9341,9475
8987: 9037,8639,9081,8363,8879,9219
9670: 4529,9633,9459,9959,4937,9751
472: 473,537
473: 472
9995: 9716,9653,9881,9916
475: 467,666,535
9171: 9173
477: 416,808
8703: 8766,8989,8061,9081
9414: 9528,1197,1272,1118,9918,9879
480: 544
9496: 251,10037,9421,9655,9642,9461
9466: 7505,9735,7675,9525,9559,9457
2964: 3656,3262
9711: 10025,9703
9717: 2540,3121,3119,9645,9709,9700
6284: 6474
8770: 8995,8064,8579,8066,8142,9127
9550: 6832,7020,9458,6916,9499,9354
4287: 4387
4498: 4397
7354: 7265,7778
492: 687,376
5345: 
9037: 8987,9081,9239,9219,9194
3222: 2743,3713,2742,2836,3615
7952: 7942
2410: 2225,2411,2311,2224,2407,2595
5942: 5746,9910
499: 755,382
9524: 9734,9459,9282,9959
501: 1052,762,978
502: 3480,3380,9433,9502,3284
9359: 9505,8596,7839,9544,9712,9386
8737: 8338,8479
8627: 9027,9112
9785: 9400,6984,6969,6781,9531
6585: 9517,6391,10009,6583,6871
9427: 1608,740,9371,672,884,9642
3763: 3764,3665,4165,3166,2391,3860
6784: 7060,9518,6011,6009
9632: 9808,9604,9755,9985,9404,9350
512: 630
513: 
514: 
9531: 9457,9942,9559,9785,9400
9603: 9884,9667,9773,9839,9301
6055: 9817,6249,9964,6537,9776,6437
518: 647,645,588
519: 346,650
9652: 5750,6041,9680
521: 584
9436: 9346,9390,8032,9534,7550,7555
2407: 2224,2403,1855,2595,2410
9823: 9728,9973,9821,9769,9736
4074: 4073,3874
9286: 2770,9510,9532,9862,9997,9845
527: 1148,1228,9495,1227
9621: 9418,9912,9744,9756,3837,9424
529: 
3482: 9506
9474: 346,9948,647
9871: 9820,10017,10018,9985
9310: 9508,9643,6915,9458,7532,9354
2836: 3321,3517,9304,2743,3222
535: 467,475
3903: 3504,3210,3211,4004,3803
537: 472
9545: 9984,9828,9456,8984,9378,9450
9393: 9580,9460,9263,892,9461,9323
9273: 1362,424,9809,9326,9589,217
7563: 7389,9738,7033,7562,6662,6665
9703: 9523,9348,9294,10025,9711
9283: 9576,9251,2024
544: 480
9507: 9672,9802,9387,9548,9558
3205: 3301,1716,2818,2170,1238,3204
5826: 6226,5725,5727
2362: 9389,9905,9606,9780,2552,2459
9464: 9431,9324,9473,9288
3431: 
8163: 8599,8006
9293: 9594,9692,9750,9786
10014: 9167
7179: 7176
9425: 9332,9374,3850,4141,9396,9597
9479: 9845,9411,9532,9605,9595
5543: 
9209: 
9267: 9961,10021,9389,9606
4590: 
561: 382,758,760
9756: 3444,3942,9932,9744,9621,3837
563: 760,973
4475: 4675,4771,4271
6653: 6464,6078,7019,6077,6460,6931
2578: 2022,3450,9682
9396: 9375,9834,9597,9620,9425,9332
568: 442
7195: 7198,7460,7014,7010,7009,8031
2468: 2189,2658
9404: 5256,5355,9350,9632,9755,9909
4929: 4915,5138,4826,4811,5317,5121
9275: 9598,9547
8989: 8703,8991,9194,9038,8990
7198: 7460,7110,7195,6832,7010
10034: 9944,9690,9695,9936,9643,9402
9844: 9681,9984,9828
8550: 8679
9459: 9524,9282,9959,9483,9670,9633
8707: 8705,8142,9127,8991,9600,9130
8811: 7558,7973,7470,9497,9584,9563
9659: 9675,9810,2770,10033,9463,9398
7298: 7560,7119,9478,6931,6464,9355
584: 521
7014: 9993,7010,7195,7794,7009
9977: 9627,9636,9779,7434,10031,9880
9898: 9906,10016,5710
588: 645,518
9773: 9650,9839,6731,9805,9603,9301
5332: 5931
9657: 9853,9791,9699,9883,9698
9618: 9277,9686,9420,9613
9767: 9854,9926,9660,9661,10043,9438
9672: 9507,9863,9548,9673
9904: 9649,9875,9628,9271,9419,9284
596: 599,664,733,731
7050: 7670,6483,7319,7141,7142
9308: 6629,6348,9607,9543,9435,9638
599: 596,664,666
5916: 9860,6797,9696,5207,5104,5509
9281: 1261,948,9843,9770,9586,9257
9676: 1706,9706,9991,10026,1793,9439
9298: 9536,9746,9380,9577
4969: 4968,5167,4871,5475,5274,5070
5755: 5163,5361,5062,9533,9394
9377: 6349,9362,5964,9607,9638,9529
4710: 4811,4709,4719,4809,4915
2481: 2387,2198
9955: 4030,9922,4123,9935,9814
9114: 9214,9187
9740: 9395,10029,9344,9875,9795
4611: 4709,4719,4725,4405,4616,4606
9251: 9637,9415,9255,9576,9283
614: 886
9718: 9877,9751,9721,9929,9266,9348
616: 750,1698,9626,9369,1706
9579: 1756,9351,9555,9327,9609,9572
9287: 9315,9526,9322,9445,9403,9313
3246: 
8688: 9716,9653,8426,8821
9422: 10032,9994,10000,9442,9591,9462
5887: 6658,5789,6564,6084
9386: 9712,9544,9778,9359
9288: 9431,9464,9300,9385
6586: 7150,7325,6682,7146,10012,7413
9867: 10035,9471,9343,9992
3589: 3489
9127: 8707,8142,8995,8770,9297,9600
8596: 9505,8663,9359,7839,7673
630: 1367,910,978,512
5697: 5598
7641: 7380,7383,8032,8867,7550
9358: 9577,9493,9380,2536,2721
634: 442
3578: 3577,3185,3678,3380,3777,3776
6813: 
5466: 5269,5070,5754,9455,5564,5664
8801: 8619,8805,8683
9297: 8995,9317,9127,9600,9629,9556
6823: 7360,6731,6448,6071,6163,6358
641: 
9636: 9627,9977,7434,9299,9639,9253
9696: 9860,5916,5509,5613,9764,9724
9429: 9360,9249,5338,9503,9480,9562
645: 588,518
2928: 3027,3121,3119,3025,2744,2742
647: 650,9474,346,518
3072: 3079,2974,2693,2584,2777
9967: 9647,9540,9406,6350,9805,6541
650: 647,346,519
4269: 4367,4266,4168,4470,4566
2777: 9997,3073,3072,2584,9742
9948: 9474
4331: 9521,4323,4115,4336,4232
9816: 9759,9731,10021,9790,3421
7936: 7850,7770
9333: 9319,9624,9491,9924,9485,9585
4442: 9538,4642,4650,4444,9498,4548
9509: 9453,9477,8565,9303,8282,9449
2658: 2657,2468,9841
661: 
6537: 9964,5761,6155,6055,6437
9526: 9315,9287,9300,9370,9313,9330
664: 596,599,666,733
9559: 9518,9525,9400,9466,9457,9531
666: 467,475,599,664
9370: 9385,9900,9526,9300,9330,9570
3792: 
5849: 5848,5551
4164: 3764,4165,4057,4266,4068,4364
8565: 9509,9477,7811,7973,8282
672: 884,892,9642,9461,9427
7913: 8076,8075,7996,7494,7988
8029: 7870,7787
7909: 8225,8150,7579,7988,8075,8372
9989: 9763,9347,9993,7542,9314
9502: 9433,9313,2240,9403,502
8031: 9289,8186,7375,7460,7195,7009
2733: 1820,9720,1473,1816,9624
9285: 9519,9340,9939,8450
2387: 2481,2576
8526: 8386,7145,6964,6871,9616,8081
683: 2234,2231,9962,10026,1793,1611
3712: 4010,3612,4115,3615,3715,3713
8006: 7761,8163
4481: 
687: 492,755
9491: 9624,9333,2554,2738,9859,9924
5185: 5186,5084,5581,5678
3262: 9535,3559,9555,3656,3755,2964
3073: 9997,2777,3176,9662,9510
9770: 9843,9934,10004,9612,9257,9281
4139: 9442,4343,9591,3755,3559,4045
8590: 8776
9771: 9516,9815,9990
9786: 9893,9692,9293
2554: 2639,2738,2551,1075,9859,9554,9491
698: 
7742: 7903,8064,7311,7739,8066,7314
700: 9416,9272,9345
9651: 9942,9963,9831
9695: 10034,9690,9936,9710
9925: 9972,9878
6631: 5870,6062,5177,5965,6348,6724
8242: 8391,8318,8667
9244: 3373,2678,10010,9810,9398,9476,3470
707: 
9952: 8597,9544,9778,9735,7675,10022
709: 1068
2580: 9619,9595,2866,2776,2873
5086: 5087,4986,5186,5084
9513: 9723,9646,9599,9498,9258,9538
8365: 7901,7902,7818,8061,8766
3400: 3204,3497,3301
7325: 6586,7150,7847,7413,7757
2866: 9605,2390,2580,9595,2968,2873
6028: 5727,5331
718: 9635,9245,2643,1075,927
9440: 9969,9698,9804,9337,181,9339
9889: 9854,9926,9919,9691,9292,8983
9340: 9285,9519,8521,8450,9750,9594
722: 
723: 792
3783: 3683
8081: 9616,9271,8526,8386,7673,8663
9173: 9171
6348: 6629,9308,5965,6631,6724,9543
728: 943
2953: 3144,2662
9350: 5051,5256,9404,9632,5150,9604
731: 596,733
3517: 3321,2836,3820,3821,4123,3819
733: 596,664,731
10022: 9831,9735,9963,9952,9778
3098: 
9272: 700,9416,9991,9565,9515,9468
2800: 2424,9322,2893,2895,3184,2148
9430: 9248,9366,2806,9259
7455: 7791
740: 1608,1270,9427,9371,359,1351
9219: 9239,9560,8879,9037,8987,9504
6724: 9512,9543,5870,6631,6348,5774
743: 744
744: 746,743
2691: 2595,2689,2586,2311,2881,2685
746: 890,744
6405: 7152,6507
9622: 9593,9252,9290,9915,9453,9852
7279: 7791,7942
750: 616,1698,9626,368,1211,366
7413: 8386,7145,7146,6586,7325,7757
7360: 6915,6823,9561,9301,6731,6358
8309: 9356,8301,8150,7911,9448,7992
754: 1286,1367,1449
755: 687,499
9356: 8309,9592,9448,9334,9353
9347: 9763,9989,10015,9314
758: 973,561,760
6072: 6163,6639,5973,6266,5975,6265
760: 563,561,758,973
9217: 9504,9307,9120,8879,9238,9237
762: 1052,902,501
9992: 9941,9792,10035,9867
9743: 9980,9812
9783: 9687,9953,9314,10015,9833
8179: 
5023: 5338,5031,5121,5417,5421
9664: 9824,10005,9960,9318
2390: 9605,2866,9541,2772,2968,2967
6665: 6474,6759,7125,6662,7563,7389
6385: 6387,6480,6481
9390: 9346,9436,9486,9534,9928,9484
9304: 9679,9697,9913,2743,3321,2836
9806: 9565,9515,9487,9869,1211
7289: 6932,7026,7460,7110,7375,7292
4823: 4716,4626,9280,4937
6931: 7298,7119,7019,6464,6653,6749
7818: 7979,7899,8061,7735,7901,8365
9417: 9684,9494,9801,9469,5709,5813
8984: 9691,9292,9378,9800,9450,9545
781: 
5113: 5007,5214,5010,4917,5215,5419
9655: 9421,9707,9829,9798,9496,10037
9781: 9656,9798,9537,10037,9803
9412: 9258,9573,10013,9352
7141: 6768,7319,6767,6483,7050,6672
2893: 2987,2895,2609,2057,2424,2800
8395: 
9795: 9649,9875,9740,10029,8383,9617
5495: 5395
9936: 9710,10019,9508,9643,10034,9695
792: 793,723
793: 792
794: 2305,2212,2030,1676,9382,9637
7617: 7794,9705,9687,7542,9472,9729
9306: 9968,9305,9265,9614,9471
8480: 8481,8799
7019: 6645,6460,6653,6749,6927,6931
10021: 9961,9731,9267,9816
4643: 4955,4849,5044,4642,4650,4641
801: 9276,1027,874,9674,1263
9383: 9589,9793,9326
8273: 8485,8271,9102
5574: 4978,5965,5672,5475,5274,5177
2536: 1892,2253,9358,2165,2721
9913: 2744,9585,2649,9697,9304,2743
807: 466
808: 477,416
6389: 6100,6582,7670,6391,6583,7836
9363: 9552,9980,9291,9635,9245
3729: 9966,3733,9927
4626: 4716,4823,4525,4725,4937
9284: 9419,8075,9649,9904,7579
5352: 5353,5251
9553: 2523,100,9337,9366,9339,9259
4263: 4463,4458,4057,4255,4347,4364
8376: 9592,8301,8304,9336,8451
3810: 3412,3907,4320,3805,4010,3612
6832: 9550,7020,9499,7198,7110
2902: 3489,2523,2151
6316: 6022
8695: 8199,9236
9725: 9817,6249,9975,7086
3255: 3451,3942,3947
8970: 8419,8555
5587: 5585
8972: 8921
8372: 8373,8710,8513,7988,8225,7909
3204: 3400,3301,3205,1238,3207
9972: 9748,9819,9925,9500,9878
6093: 6098,5995
9336: 9692,8451,8376,9592,9437,9893
9820: 9871,10018
834: 233,9883,9969,9807,1295
2698: 2983,2888,3372,2699,2512,2509
9400: 9785,6009,6984,9518,9559,9531
7300: 9915,9835,7123,6848,6849,7562
9625: 9568,8046,7965,9976,9634,9391,9641
839: 384
840: 1216
9389: 2362,9606,2459,9554,9961,9267
9897: 9825,9814,10028,9922,9921,9890
8058: 8056,7979,7733,8363,9079,8639
9305: 6338,9265,9306,9901,10035,9471
9501: 9126,9085,9318,9387,9558
6508: 6018,9384,5419,5917,5413,9575
8205: 8701,8878,9919,9930,8429,8496,8499
848: 996
5873: 6071,5973,6541,6350,5680,5776
7858: 9373,9998,7152,7156,7062
9810: 9675,9659,9822,9244,10010,9398
7646: 6464,6371,6078,6847,9588,9355
3559: 3262,3755,4139,2870,4045
5256: 5051,5355,6242,9404,9350,6339
7248: 7929
6531: 6906
9947: 10032,9994,9693,9375,9834,9870
858: 1006
10030: 8521,8450,9762,9857,8304,9789
6118: 6416,5123,6421
861: 864
3994: 
9387: 9125,9548,9126,9501,9507,9558
864: 861
8962: 
9528: 9414,1272,9372,9247,9295,9918
9375: 9396,9834,9597,9582,10032,9947
9282: 9734,9459,9524,9483,9521
10041: 9815,9990,9957,10038
9442: 4139,4343,9591,9422,9256,9462
9049: 
872: 1019,1340,9551,1512,2037,1178
6906: 6531
874: 801,1027,1025,1351,1187,1263,359
9270: 9719,9821,9830,9736,9760,9276
4915: 4826,4929,4719,4716,4811,4710
7386: 9467,7560
9019: 8867,7723,9444,9661,7888,9407
4330: 4123,3819,3715,4232,9935
7518: 
4123: 4330,3819,3517,3820,4030,9955
7555: 7550,7723,9346,9436,8333,7721
9591: 4139,9442,3755,9582,10032,9422
884: 672,892,1608,9427,9372,1272
9059: 9012
886: 614,965
2416: 2511,1611,2326,2321,2236,2231
888: 
4470: 4566,4867,4870,4269,4771
890: 746
9707: 9421,9655,1025,9829,9760,1027
892: 672,884,9393,1197,1272,9323
6716: 6622
3615: 3712,3715,3713,3222,3819
6582: 7670,6389
5775: 6350,5680,5678,5970,9406
9558: 9387,9501,9507,9802
9999: 9866,10027
6387: 6098,6385,6003,6481,6196
9831: 10022,9963,9651
9419: 8076,9284,9260,9628,9904
902: 1124,762
5970: 5774,5678,5676,9512,9406,5775
8631: 9596,8282,9449,8632,8694
10027: 9866,9887,9999,9646
6204: 5710,7252,5910,9768
9335: 9645,9813,9722,9296,9709,9246
9471: 10035,9867,9306,9305,9614,9343
9472: 9687,9953,7617,9729,10024
910: 1367,630,1449
9835: 7300,9915,7562,9754,9852,9738
9091: 9092
9856: 9843,9934,9956
9808: 9302,9574,10017,9632,9604,9985
9604: 5150,9302,9808,9632,9350
6266: 6461,5978,5975,6265,6072,6460
8097: 9842,8175
7743: 8579,8066,7314,7402,7318,8222
9126: 9085,9501,8885,9039,9125,9387
4719: 4709,4611,4725,4716,4710,4915
9567: 9546,9749,9239,9560,9242,9615
4616: 4405,4514,4307,4611,4725
923: 
7470: 7558,8811,7207,7383,9563
9351: 9579,1756,9555,9411,9535,9541
10040: 9907,368,9782,9580,9460,9626
927: 1075,1556,9530,718,9635,1228
6188: 
5192: 
9796: 9485,9759,9790,9679,9697,9704
9789: 9939,9727,10039,9762,10030,8450
9530: 9264,9291,9635,1228,9495,927
9764: 9801,5508,9724,9696,5613,5709
5931: 5332,5633
9950: 9329,9837,9775,9699
9187: 9114,9214
9611: 1881,2057,9428,9566,2424,9445
9477: 9509,9453,8565,9290,9467
9921: 9766,9922,9876,9897,9890
2526: 2153,1542,1709,2244,2906
941: 
3027: 3121,2928,3713,2742,3805,3612
943: 728,1097
944: 
5995: 6093
4858: 5062,4855,4757,4658,4955
7383: 7380,7207,7292,7641,7470
948: 1261,1180,9281,9586,1263
9981: 9702,9587,9832
3838: 2858,3835,9891
2767: 
9715: 9279,9296,9250,9902,9903,9722
4155: 9489,9256,3953,4255,4347,4146
7150: 6586,7847,7325,6682,7417,7505
5633: 5931
8499: 8056,8211,8429,8205,8878,9079
6323: 6219,6226
7992: 9752,9857,8225,8150,8309,8301
959: 965,1042
6460: 7019,6645,6077,6266,6265,6653
5807: 5709,5813,5508,6105,5705,6007
9923: 9589,9598,9933,9547,9809
4271: 4069,4169,4168,4475
9269: 9392,4218,9483,4320,9521,4323
965: 959,886
3470: 3572,9476,2678,9244,3471
7649: 7565,7478,8498,7899,7733
9902: 9250,1810,2079,1553,9903,9715
9812: 9264,9291,9743,9980,9514
5678: 5970,5676,5185,5581,5775
3674: 3774,3772,3572,9261,3577,3776
972: 
973: 758,563,760
9249: 9360,9429,9562,9583,6421,5920
9800: 9976,9634,9787,9691,8984,9450
7787: 7865,8029
977: 
978: 1367,630,1052,501,1286
3224: 9520,2937,3531,3421,3628
980: 181,3093,2802,1295,3386
9876: 4030,9922,3635,9927,9921,9766
7558: 8811,7973,7470,8356,7811,7207
5683: 5585,5876,5776
9720: 1820,2733,9708,1727,9813,2826
8705: 8707,8142,8292,8991,8766
9366: 9337,9590,9430,9248,9553,9259
9930: 10043,9971,8496,9926,8205,9919
5031: 5023,5338,5121,5138,9503,9454
8470: 
10009: 9880,6585,9517,7146,10012,6871
8807: 8917
8950: 8841,9046,8949
9451: 2280,2189,9954,2098
9046: 8950,8949
4266: 4367,4269,4068,4364,4164,4168
996: 848,1069
9381: 9864,9391,9641,8426,9716
4783: 
5355: 5256,6242,9404,9909,6338,9265
5536: 5335,5933
9630: 9361,9542,9327,9747,9986,9572
6759: 6474,6665,7125,7127
9536: 9298,3200,9577,9268,2251
9320: 9342,9397,9254,9443,9409
5000: 
1006: 1078,858
1007: 
10016: 9906,9914,9494,9847,9898
7719: 8333,8262,7885,7721,8042
8891: 9005,8779
5093: 5194
7570: 7569,7737,6671,7739,7821
1013: 1251,9741
1014: 
4232: 4336,9262,4115,3715,4330,4331
6583: 6964,7836,6871,6585,6391,6389
9039: 9894,9130,8885,8990,9126,9085
9872: 9964,5761,9658,5959,6047,9873
1019: 1340,872,9819,9405,9551,9748
9344: 9505,8663,9271,9875,9740,9395
9349: 9864,9391,9423,9568,9688
9811: 9673,9794,9749,9863,9827,9858
3373: 2678,9244,10010,3279,2895,3184
9602: 9523,9266,9280,5138,4826,9454
1025: 9421,9707,1027,874,9371,359
8199: 8695,8044,9581
1027: 801,9276,874,9760,1025,9707
2987: 3279,2893,2895,2699,2609,10001
8271: 8620,9102,8273
7885: 7888,8126,7721,7719,8046,7965,8042
3803: 4108,4007,4314,3903,3506,3211,4004
8261: 8119
5419: 5215,5917,5214,5113,5413,6508
3385: 2802
7060: 6784,9518,9525,6967,7417
3805: 3412,3810,3027,2540,3121,3612
10018: 9755,9549,9985,9820,9871
5841: 
2944: 3137,3234
7417: 6967,6682,7060,9525,7150,7505
10038: 9966,3731,9957,10041
1042: 959
9323: 9369,1118,892,9580,9393,1197
1044: 9933,1617,1446,1616,1529
4347: 4450,4146,4155,4255,4263,4458
5585: 5683,5876,5587
3839: 9888,3646,9931
2649: 2744,9585,9913,9319,3025,2553
9334: 9938,9917,9448,9617,9356,9353
9862: 9671,9742,9997,9845,9970,9286
3680: 3284,3480
1052: 762,501,1286,978
9978: 9766,9966,9927
9731: 9859,9961,10021,9924,9759,9816
9721: 9929,9959,9751,9718
5776: 5683,5876,5680,5873,5973
9775: 9791,9345,9699,9950,9329,9416
7942: 7952,7279
7771: 
6930: 6934,6749,6927,7020,7110,6932
4978: 5574,4876,5475,4979,5177
9214: 9114,9187,9074
9279: 9443,9296,9715,9250,9254,9481
9641: 9739,8426,9625,9976,9381,9391
5177: 4979,6062,6631,4978,5965,5574
5598: 5697
1067: 1894,1805
1068: 709,1145
1069: 996
7888: 7885,8126,7721,9019,7723,9407
1071: 1225,1227,1553,9365,1987,2079
6847: 6564,9588,6658,6371,7646
9742: 9671,2201,9862,2584,9997,2777
9890: 9921,9897,10028
1075: 1473,927,718,2551,2554,2639,2738
1076: 1477
4336: 9262,9569,4232,4331,9734
1078: 1006,1152
9649: 9904,9875,9795,9284,8383
4852: 5150,4849,4855,5159,4950
9292: 9691,8984,9378,9889,9640,8983
3764: 4164,3763,4165
9963: 9457,9942,9651,9735,9831,10022
2940: 3037
7932: 7770
9571: 10003,9982,10039,10005,9556,9824
7775: 7428
8170: 7765,7340,7929
1089: 
5274: 5269,5070,4969,5475,5672,5574
9607: 6629,9308,5572,5964,9377,9638
1092: 1170,1169
5421: 5123,5417,5917,5023,6018
9583: 9452,9360,9249,5920
9683: 9842,8175
9746: 1630,9757,9958,9380,9298
1097: 943
9322: 2424,2800,9445,9287,2148,9403
7562: 7033,6849,7300,9835,7563,9738
7903: 8064,7742,8292,7739,7821,7902
2742: 2743,3713,3222,2744,3027,2928
9512: 6724,9543,5774,5970,9540,9406
4569: 4566,4867,4565,4665,4865
9452: 9583,9678,9360
9341: 9685,9432,9914,9896,9644
4665: 4565,4660,4462,4661,4865,4569
4939: 4736
9751: 9877,9718,9670,9959,9721
9939: 9789,9727,8450,9285
4072: 3765,3367,4073
9780: 9937,9840,9895,2552,2362,9905
3776: 3777,3578,3577,3674
9314: 9687,7542,9783,10015,9989,9347
2689: 2595,2691,2586,2403,2033,2030
9927: 3729,9966,3733,3635,9876,9978,9766
4703: 5010,4809,5007
5664: 5572,5964,5961,5269,5466,5564
1118: 9323,9369,1197,9414,9879,9946
9514: 9388,9488,9321,9264,9812
9237: 9420,9640,8983,8701,9120,9217,9307
6249: 9725,9817,6055,7086,6437
9760: 9829,9736,9270,9276,1027,9707
9624: 9319,9333,9491,2738,1820,2733
1124: 902,372
9610: 9613,9564,9546,9827
9791: 9345,9775,9699,9657,233,9883
2967: 3166,2968,2772,2390,2870,3460
5348: 5551
9125: 9387,9548,9615,9242,8885,9126
9441: 9590,9853,9804
3279: 2987,2895,10001,3373,10010
1132: 9869,1211,366
2584: 3072,2974,2778,9742,2201,2777
2873: 3464,2776,2866,2580,2391,2968
2403: 1855,2033,1592,2407,2595,2689
1136: 1297,1375
6280: 6376,6375,5891
9345: 9791,9775,700,9416,233
8373: 8372,8710,8225,10003,9982,9752
7127: 7565,6759,7125
9402: 9465,9499,9354,9643,9944,10034
9289: 8186,8031,9534,9705,7009,9486
9887: 9866,10027,9799,9689,9646,9599
2752: 9654,9841,2848,2655,2657
1145: 1068
3612: 3712,4010,3027,3713,3810,3805
3210: 3504,3903,2822,9357,3211,2728
1148: 527,1228,1556,1727,1901
9759: 9924,9485,9816,9796,9731,9790
9777: 4839
7532: 7095,9458,6915,6639,6358,9310
1152: 1477,1078
9956: 9586,9674,9830,9856
9447: 9373,9998,9434
9991: 9676,9706,9515,9468,9439,9272
9690: 9944,10034,9695,9763
9958: 9380,2072,9818,9746,9757
4491: 
9532: 2770,9286,9845,9479,9595,10033
6265: 6266,6072,6639,7095,6645,6460
4650: 4442,4642,4548,4757,4955,4643
4871: 4876,4773,5475,4870,4969,4968
9678: 10025,9480,9360,9452
9589: 9923,9383,9273,9809,9326
9355: 9252,6464,7646,9588,7298,9478
8838: 8835,8841
9456: 9984,9545,9378,9277,9686
8990: 8885,9038,8991,8989,9039,9130
1169: 1251,9741,1170,1092
1170: 1092,1169
2983: 2698,3176,2600,2888,3372,3079
9326: 9273,9793,9589,9383,9907,217
9369: 9323,1118,9580,616,9626,9946
9805: 6448,9967,9647,9773,9650,6541
4192: 4293,4292
7062: 7156,7152,7419,7858
9167: 10014,9166
1178: 2037,1594,1340,872,1506,1592
9457: 9942,9531,9963,9559,9735,9466
1180: 1861,1261,948,1428,1187,1263
5302: 5403,5202,5201
9357: 9342,9397,9761,3210,2822,2728
9704: 3526,3818,9796,9790,3226,9679
4773: 4677,4876,4871,4870,4675,4771
8983: 9640,9237,9889,8701,9919,9292
9330: 9506,9570,9526,9370,9433,9313
1187: 1864,1351,1428,1263,874,1180
6084: 6278,5887,5789,6085,6564
3330: 
2586: 2691,2689,2212,2030,2685,2492
9975: 10006,9725,9817
6105: 5408,5508,5807
2662: 2758,2953
5852: 5455
6896: 6516
2655: 2752
1197: 9414,1272,892,9323,1118
1198: 1527,2044,9295,1867,9247,2135
5250: 5451,5249,5452
8032: 8186,9534,7380,7641,9436,7550
3628: 3421,3226,3224,9520,3727
2937: 3531,3224
3079: 3072,2693,2983,3176,2600
9980: 9743,9363,9291,9812
8766: 8703,7902,8365,8292,8705
6886: 6696,6884,7163
6900: 
9263: 155,251,9461,9460,9393
9475: 6018,9384,9278,9432
4789: 4891
1211: 9869,1132,366,750,1698,9806
9865: 9818,9757
4655: 4559,4548,4757,4658,4448,4661
9017: 9016,8861,9983
2669: 2570
1216: 840
9875: 9649,9904,9795,9271,9344,9740
8451: 9336,9692,9750,8304,8376,8521
10031: 9753,9714,9977,9779,9880,10012
9919: 8205,8701,9930,9889,9926,8983
9966: 3729,3733,3731,9927,10038,9978
9839: 9920,9773,10042,9603
9828: 9984,9545,9739,9681,9450,9844
8821: 8044,8426,9681,8688
1225: 1071,9365,9470,9557,2253,1987
7086: 9725,6249
1227: 1071,1553,9365,9488,527,9495
1228: 527,1148,9495,9530,1556,927
9303: 9885,9754,9852,9509,9453,9449
3771: 3670,9364,3772,3874
9462: 9489,9256,9422,10000,9442,9797
7542: 9687,9314,9989,7794,7617
2870: 4045,3460,2772,3559,2967
9511: 9309,9908,9575,9601,9384,9278
5910: 6007,7252,5813,9684,6204
8186: 9289,7375,8031,8032,9534,7380
8710: 8373,8372,8513,9317,8296,9982
1238: 2170,9254,3205,3204,9409,3207
9313: 9433,9502,9526,9287,9403,9330
1240: 
4521: 4525,4322,4307,4314,4427
9005: 8891,8779
3486: 3485,2333
9254: 2170,1238,9481,9443,9279,9409,9320
9556: 10005,9629,9317,9297,9571,9982
1246: 1494
9932: 10011,10036,9744,3940,3444,9756
3678: 3480,3380,3578,3777,3778
10023: 9671,9965,9542,9327,1756,9970
9901: 6337,6335,9658,6338,9305,10035,9941
1251: 1169,9741,1013
3646: 2858,3450,3839,9888
6622: 6902,6716
9438: 9892,9407,9787,9661,9854,9767
8225: 7909,8150,8373,8372,9752,7992
8274: 8343,9236,9070
8917: 8807,8805
4997: 
4605: 4603,4606,4709,4809
7478: 7564,8210,8358,7649,7565,8498
1261: 1861,1512,1180,948,9281,9257
9420: 9640,9237,9307,9618,9277,9613
1263: 1187,801,874,1180,948
8126: 7888,7885,9892,9407,8046,7965
9307: 9504,9217,9564,9420,9237,9613
4839: 9777,4941
8178: 
3184: 2896,2148,2895,2800,3373,2678
5774: 5970,5676,5870,5578,9512,6724
1270: 1608,740,1864,1351,1436,1525
6645: 7019,6460,6265,7095,6916,6927
1272: 9528,1197,9414,884,892,9372
9643: 9310,9508,9936,10034,9402,9354
9548: 9125,9387,9615,9863,9672,9507
9846: 7389,9738,9885,9754,7564,8358
9600: 9894,9130,8707,9127,9297,9629
10039: 9571,10003,9762,9824,9789,9727
3641: 3545,3448,3151
3533: 3434
4255: 3953,4057,4155,4347,4263
5917: 5215,5419,5417,6018,6508,5421
8619: 8861,8801,8683
4364: 4367,4266,4057,4164,4463,4263
9874: 9737,9669,9665,9899,9747,9774
4694: 
1286: 754,1052,1367,978
2808: 2336,2524
7996: 7318,7494,7581,7668,8076,7913
9395: 9740,9505,9344,9712
7119: 7298,7560,6931,6934,6749,7117
9537: 9338,9446,9781,9803
9601: 5211,9575,9860,9724,9309,9511
4891: 4789
9343: 9614,9867,9471
1295: 2802,834,9969,181,980
4284: 4285
1297: 1136
9360: 9249,9429,9480,9678,9452,9583
9935: 9262,9328,4330,9955,9814
2881: 2311,2691,2685,2974,2693
9505: 8663,8596,9344,9359,9712,9395
8921: 9024,8972
9321: 9788,10002,9388,9514
6507: 6403,6405
2974: 3072,2693,2584,2881,2685,2778
2758: 2662
10001: 9822,9662,3372,2699,2987,3279,10010
9857: 9752,7992,8304,9762,8301,10030
9016: 9017
2609: 2610,2699,2512,2057,2987,2893
4603: 4605,4504,4501
1312: 1729
9713: 3928,3727,9957,9520,9516,9990
1314: 
9408: 4641,9352,9482,5044,9302,9574
4292: 4192,4393
8383: 7911,9448,9617,9649,9795,7579
9712: 9386,9505,9359,9395
3819: 4330,4123,3517,3615,3715
4968: 4969,5167,5064,4867,4870,4871
9410: 9394,9455,9311,9533,9367,9578
4855: 4858,4955,4849,4852,5159
7670: 6582,7050,6389,7836,7142,8236
9525: 7060,9518,9559,7417,7505,9466
5389: 5390
3367: 3464,2776,3670,4072
1327: 
9130: 9039,9894,9600,8991,8707,8990
5361: 5163,5755,5167,5064,9394,5754
10004: 9934,9770,1510,9612
4559: 4655,4448,4450,4458,4462,4661
7935: 8015,7934
3166: 2391,2968,2967,3460,3860,3763
7353: 
2842: 
2492: 2685,2212,2586,2111,2395
9996: 9858,9794
2540: 3121,9717,9700,3607,3412,3805
9729: 9928,10024,9705,7617,9486,9472
1340: 1019,872,9819,1178,1506,9399
4399: 4298,4501
6448: 6731,9805,6071,6541,6823
9519: 9285,9340,9594
10033: 9619,9595,2770,9532,9659,9463
9588: 6847,9379,7646,9593,9252,9355
5304: 5408,5613,5204,5509
9424: 3536,3837,9418,9621
9468: 9473,9439,9991,9272
6022: 6316,5129
4687: 
1351: 1864,1187,874,1270,740,359
6964: 6583,7836,6871,8526,9623,9616
4081: 
9295: 1527,1198,9247,9528,9918,9758
9276: 801,1027,9830,9270,9760,9674
4642: 4442,9538,4650,9573,4641,4643
9024: 9069,8868,8921
3774: 3772,3674
9864: 9381,9391,9349,9688,9916,9716
3701: 3898,3502,3504,2822
6902: 6622
1362: 9273
9685: 9278,9432,9341,9908,9847,9914
9842: 8175,9683,8097
9338: 9537,9446,157,156
6278: 6084,7123,6085,9379,6848,6375
1367: 630,910,978,1286,754,1449
9012: 9059
10005: 9629,9556,9960,9571,9664,9824
9737: 9874,9669,9415,2024,9665,2021
5281: 5180,5478,5578,5480
6695: 6598,9434,6696
8479: 8338,8737,8540
5390: 5389,5490
1375: 1461,1136
3818: 9704,3526,3722,9679,3321,3821
3577: 3578,3471,3185,3572,3674,3776
9596: 9497,8282,8631,8694,9368,9971
9881: 9653,9995,9492,9581
6662: 7033,7563,6474,6665
5121: 5023,5031,5138,4929,5417,5317
9437: 9353,9592,9336,9893
5123: 5421,9562,6118
1384: 1549
7965: 9568,8046,9625,8042,7885,8126
6009: 9400,6984,6011,6784,9518
1387: 9316,1894,2072,1984
3722: 3526,3818,3928,4332,3733,3731
5813: 5709,5807,9684,9417,6007,5910
9478: 7298,7560,9252,9290,9355,9467
5649: 
1392: 1729,1995
9561: 6915,7360,9301,9667,10019,9508
9274: 6003,9631,9253,9299,6098
3458: 9986,9774,3849,9374,4141
7679: 8460,7680
5010: 4703,4809,4917,5007,5113
10028: 9825,9897,9890
3025: 2926,2553,2744,2649,2928,3119
9302: 9574,9808,9408,5044,9604
9521: 4331,4323,9269,9483,9282
3545: 3641,3448
5663: 5765,9578,9490,9367,6144,5856
3715: 3712,4115,3615,4330,3819,4232
9385: 9370,9900,9807,9288,9300
6682: 6967,7417,9714,6586,7150
8343: 9236,8274
9949: 9682,9888,9931
9070: 9236,8274
5104: 5204,5509,5207,5916
4131: 
1412: 1841,1666,9677,1838
9277: 9618,9686,9378,9420,9640,9456
1414: 
6376: 6848,6280,6375,6849
5225: 
3137: 2944
9883: 233,834,9791,9657,9969,9698
1419: 
1420: 
1421: 2119
8658: 8591
9809: 424,9273,9589,9923,9933,1529
9415: 9637,9251,2024,2305,9737,2021
9079: 8363,9238,8056,8499,8058,8878
9646: 9723,9513,9887,10027,9599
9535: 3262,2772,9351,9555,9541
1428: 1864,1187,1861,1180,1950,1951
4141: 9609,3850,9572,9986,3458,9425,9374
9779: 9627,9977,5804,9753,10031
9329: 9950,9837,9565,9487,9416,9775
9694: 9312,9886,9832
7865: 7787
8905: 8904
9460: 9580,9393,9263,9782,10040
1436: 2133,1951,1864,1270,1525,1867
4045: 2870,3460,3856,3559,4139,4343
2371: 2274
3386: 3485,3093,980
7146: 10012,10009,6586,7413,7145
2595: 2691,2689,2403,2407,2311,2410
7988: 7494,7913,8075,8372,8513,7909
9836: 8033,9423,9426,8262,9702,9587
1444: 424
9734: 9524,9282,4336,9569
1446: 1617,1044
7673: 7757,7839,8386,8081,8663,8596
9301: 9561,7360,9773,6731,9667,9603
1449: 754,1367,910,1619
6804: 6805,6520
4146: 4347,4450,9489,4155,9331
9869: 1132,1211,9974,9806,9487
9497: 9596,8282,8811,7973,9584,9368
9769: 9829,9736,9728,9823,9656,9798
5163: 5361,5755,4660,4865,5062,5064
4716: 4626,4823,4719,4725,4915
9708: 9903,1727,9720,9813,9722
8679: 8550,8481,8799
5920: 6421,6326,9249,9583,6420
6629: 9308,6348,9607,5965,5672,5572
1461: 1375
9469: 9309,9908,9801,9494,9847,9417
5736: 5637
9236: 8343,8274,8695,9070
9508: 9310,9643,6915,9561,9936,10019
9658: 6337,9901,6047,9941,9873,9872
9666: 9648,9849,9726,9979
9763: 9989,9347,9944,9690,9993
4314: 4108,4007,4427,3803,4004,4104,4521
2523: 9553,100,9259,2710,2902
9860: 5916,6797,9696,5211,9601,9724
2657: 2658,2752,9841
1473: 1075,1556,1816,2738,2733
9325: 9608,9463,9398,9476,9261,9364
9489: 4155,9256,9462,9797,9331,4146
9077: 8928,9119
1477: 1152,1076
9547: 9933,9275,9923,9598
2693: 3072,3079,2974,2411,2881,2600
7870: 8029,8265
7434: 9977,9636,9253,9880,9517
7265: 7354
1483: 
9606: 9389,2362,9905,9267
3777: 3776,3578,3678,3778
4876: 4677,4773,4871,5475,4978
1487: 9730,1738,1739
8076: 9419,7913,7668,9260,7996
8356: 7117,7811,7026,7207,7558
7839: 7757,7673,8597,9544,8596,9359
3835: 3838,10011,9891
7033: 6849,7562,6662,7563
3713: 2742,3222,3027,3712,3612,3615
1494: 1246
9074: 9214
9858: 9996,9827,9794,9811
1497: 1931,2483
9268: 9577,9493,9536,2815,1716
7581: 7142,7668,7402,7319,7318,7996
5408: 5304,5613,5508,6105
9392: 9269,4218,9483,4427,4322,9633
2511: 2326,2416,2321,1782,2136,2509
5722: 6420
1504: 1849,1583,1759
9544: 9952,8597,9778,7839,9359,9386
1506: 9399,1676,1340,1178,2033,1592
3448: 3545,3641,3251
9802: 9507,9558
9754: 9885,9303,9852,9835,9738,9846
1510: 9405,10004,9612
2761: 3153,3743,2389
1512: 1861,1261,9551,9257,872,2037
2968: 3166,2391,2967,2390,2866,2873
3294: 3295
3471: 3577,3185,2678,2896,3572,3470
6916: 7095,9458,6645,9550,7020,6927
9516: 9520,9771,9713,9990
8015: 7935,7934
9682: 9888,9949,2578
9990: 9815,10041,9516,9771,9713,9957
5159: 9311,9533,4950,4855,4852
7794: 9705,7009,7617,7014,7542
6481: 6767,6483,6385,6387,6480
9372: 1525,9247,1608,884,9528,1272
1525: 9372,1867,9247,1608,1270,1436
9435: 9943,9638,9308,9543,9647,9540
1527: 2044,1198,9295,9758,2047,1782
9376: 8333,8262,9484,9346,9413,9426
1529: 1616,1873,9933,1044,424,9809
10010: 3373,9244,10001,9822,3279,9810
9483: 9269,9392,9521,9633,9459,9282
1532: 1619
5403: 5302
9674: 9586,9956,9830,801,9276
4177: 4278
9577: 9493,9358,9268,9380,9536,9298
9910: 5942
5978: 6461,6266,5975,5876
9515: 9565,9806,9706,9991,9272
8879: 8363,9238,8987,9504,9217,9219
9461: 672,9642,251,9496,9263,9393
1542: 2153,2526,2341
7505: 9466,7675,7417,9525,7150,7847
9258: 9412,9573,9723,9513,9538
9102: 8271,8273
9970: 9845,9411,9671,10023,9862,1756
7735: 7737,7899,7818,7901
9739: 9641,8426,9681,9450,9976,9828
1549: 1721,1384
9374: 9425,9332,3849,3458,4141
9968: 9306,9549,9909,9265
3947: 3837,3942,3255,3552
1553: 1071,1227,9902,1810,1901
9735: 9466,7675,9457,9963,9952,10022
4525: 4521,4322,4307,4529,4626
1556: 1473,927,1816,1148,1228
1557: 1995,9745,2364,9882
9732: 334,9850
7973: 7558,8811,7811,8565,9497,8282
3765: 4072,3971,3665,4068,4169
8776: 8590
6969: 6403,6781,9785
3837: 3536,3947,9424,9756,9621,3552
9421: 9655,1025,9707,9496,9371,9642
9859: 9554,9961,9731,2554,9491,9924
8296: 8995,9317,8579,8222,8710,8513
4069: 4271,4169
9689: 9799,9797,9838,10000,9866,9887
9229: 9185
8995: 9317,8770,8296,9297,8579,9127
1571: 1572,9730
1572: 1571,1740
7249: 
10032: 9994,9422,9947,9375,9582,9591
5882: 6461,6077,6371,6078
8471: 
9851: 93,133,33
9916: 9688,9864,9716,9995
3550: 3940,3444,3451
5508: 9764,5408,5613,6105,5709,5807
9884: 9667,9603,9848
9924: 9485,9759,9859,9731,9333,9491
1583: 1504,1849,1759
6927: 6749,6930,6916,7019,6645,7020
5551: 5348,5849,5848
9253: 9274,9631,9299,9636,7434,9517
4448: 4450,4444,4655,4559,4548
9745: 1995,1557,10008,9882
6242: 5256,5355,6244,6339,6338,6335
8282: 9596,9497,8631,9509,8565,7973
5455: 6140,5852
1592: 2403,1855,2033,1178,1594,1506
9705: 7794,7009,7617,9486,9289,9729
1594: 2037,1178,1950,2036,1855,1592
5317: 5215,5417,4811,4917,4929,5121
5087: 5086,4986
9480: 9294,9503,10025,9678,9360,9429
9564: 9504,9307,9560,9613,9610,9546
5194: 5093,5295
9490: 9367,6244,9539,6339,5663,6144
9166: 9167
9971: 9368,10043,9930,9596,8694,8496
8614: 8677
8419: 8970,8485,8417,8346,8555
8794: 
9458: 7095,7532,6916,9310,9354,9550
9342: 9397,9357,9320,9443,9761,9246
1608: 1270,9427,740,884,9372,1525
4087: 
9431: 9566,9324,9464,9288,9315,9300
1611: 2416,2321,9663,9962,2231,683
5581: 5185,5084,5480,5678,5676
6077: 6460,6461,5882,6078,6653
9157: 8978
6371: 6078,7646,5882,6658,6847
1616: 1873,1529,1044,1617
1617: 1446,1044,1616
7184: 7002
1619: 1532,1449
2776: 3367,3464,2873,2580,3670
9486: 9705,9289,9534,9928,9729,9390
1622: 2234,2236,2231,9527,1881,9428
4950: 5159,9311,5150,4852,5051,9539
5964: 5572,5664,5961,9607,9377,6349
5572: 5664,5964,5269,5672,6629,9607
5269: 5274,5466,5070,5672,5572,5664
9145: 
3934: 
8636: 8429,8496,8632,8694,8210,8211
1630: 9746,2909
9662: 10001,9822,3176,3372,3073
8677: 8614,8676
8861: 8619,8683,9983,9017
9484: 9928,9733,9346,9390,9413,9376
5051: 5256,9350,5150,4950,9539,6339
3460: 2870,4045,3856,3166,2967,3860
3464: 3367,2776,2873,2391,3665,3971
4941: 9868,4839
9929: 9721,9718,9348
9348: 9523,9266,9718,9929,9703
5848: 5849,5551,6041
4514: 4405,4616,4306,4104,4301,4307
5202: 5201,5204,5302
2512: 2610,2699,2609,2509,2326,2698
9723: 9513,9646,9258
8075: 7913,9284,7988,7909,7579
9749: 9567,9546,9863,9827,9615,9811
9848: 9710,10019,9884,9667
8346: 8417,8485,8419
8392: 
2451: 2643,2552,9552,9895,2364
10015: 9347,9783,9314
5328: 5426,6219
9494: 9684,9847,9417,9469,10016
7761: 8006,8005
7110: 7198,7460,6832,7020,6930,6932,7289
10042: 6155,9362,9529,9920,9839
8597: 9952,9544,7847,7675,7839
9863: 9749,9548,9615,9673,9811,9672
4332: 3820,3821,3635,3722,3733
3295: 3294
4462: 4565,4665,4661,4463,4458,4559
4004: 4104,3903,4314,3803
7680: 7679
9318: 9085,9501,9960,9664
1666: 9677,1412
9612: 9551,9257,10004,9770,1510,9405
9824: 9664,10005,9571,10039,9727
9998: 7858,9373,9447,7156
7380: 7292,7383,7641,8186,7375,8032
9680: 6041,9652
6932: 7026,7289,6934,6930,7110
9520: 3224,9516,3531,3628,9713,3727
6671: 7311,7739,6672,6576,7570
9700: 9761,9709,2540,9717,3607,2728
1676: 1506,9399,9382,2033,794,2030
9518: 6784,7060,9525,9559,6009,9400
9750: 9692,8451,8521,9340,9594,9293
7163: 6884,6886,6978
6011: 6784,6009
5961: 5664,5964,5564,5765,6349
9549: 9755,9909,10018,9968
9510: 2770,9286,9997,3073,9675
10043: 9368,9971,9930,9660,9926,9767
7428: 7775
8020: 
2483: 1497
5300: 5400,5200
9776: 9964,9792,9873,10006,9817,6055
9976: 9634,9800,9625,9641,9739,9450
9798: 9656,9781,9769,9829,9655,10037
9792: 9941,9873,9992,9776,10006
3151: 3641
8978: 9157
6391: 6585,9517,9631,6100,6389,6583
4849: 4955,4643,5044,4855,4852
6672: 7311,6671,6576,6767,6768,7141
1698: 616,750,1211,1706,9706
7311: 6671,7739,6672,6768,7742,7314
9931: 3839,9888,9949,3741
9434: 6598,6695,9373,9447
9896: 9906,9914,9341,9911,9644,10020
9409: 1732,3502,3207,9254,1238,9397,9320
7723: 8867,9019,7550,7555,7888,7721
9353: 9437,9334,9917,9592,9356
1706: 9676,9706,616,1698,10026
6516: 6896
9517: 9880,6585,6391,10009,7434,9631,9253
1709: 2244,2153,2526
9993: 7014,9944,9465,9763,9989
8599: 8163
10020: 9911,9906,9896
2551: 2643,2459,1075,2554,2639,9554
2848: 2752
10026: 9962,1793,9946,1706,9676,683
1716: 3301,2818,3205,9493,9268,2815
9623: 9260,9628,6964,7836,9616
3743: 3741,2389,2761
9399: 1506,1676,9382,1340,9819,9500
9730: 1571,1487
1721: 1549,1805
9907: 10040,368,217,9793,9782,9326
9465: 9402,9499,9944,9993,7010
8593: 8661
9994: 10032,9422,9838,9947,10000,9870
9827: 9546,9749,9610,9858,9811
1727: 9708,1901,1148,9720
9252: 9622,9593,9290,9355,9588,9478
1729: 1392,1312
6307: 9373,6598
4165: 3764,4164,3763,4057,3860
1732: 3502,9409,3207
9906: 9914,9896,10016,10020,9898
9573: 9258,9412,9538,4642,4641,9352
9238: 8363,9079,8879,8878,9120,9217
9741: 1251,1169,1013
6338: 9305,9265,5355,6242,9901,6335
1738: 1739,1487
1739: 1738,1487,1740
1740: 1572,1739
9801: 9764,9724,9309,9469,5709,9417
8119: 8261,7880
9085: 9126,9501,9318,9039,9894,9960
9866: 9887,10027,9999,9838,9689
4115: 3712,4010,3715,4331,4323,4232
9248: 9430,9590,9366
1747: 2666,2111,2395,2021,9669,9361
9961: 9859,9554,9731,9267,10021,9389
9590: 9337,9366,9441,9804,9248
3093: 181,980,9339,3386,2333
6967: 6682,7417,9768,7060
9818: 2072,1984,9865,9757,9958
9813: 9645,9335,9722,9708,9720,2826,2926
9814: 9825,9897,9922,9955,9328,9935
5353: 5251,5352
1756: 9579,9351,9327,10023,9970
9825: 9897,9814,10028,9328
5709: 5813,5807,9801,9764,5508,9417
1759: 1504,1583
9627: 9977,9636,9779,5801,5904,9639
8485: 8273,8346,8419
6335: 6337,9901,6242,6244,6338
7945: 8026
9821: 9719,9270,9823,9736
9245: 718,9635,9552,9363,2643
9799: 9797,9689,9887,9522,9599,9331
7191: 
9495: 527,1228,9488,9264,9530,1227
6425: 6419
9331: 9522,9799,9797,9489,4146
5186: 5185,5084,5086,5287
5870: 6062,6631,5478,5578,6724,5774
9011: 
4169: 4069,4271,4168,3765,4068
2576: 2387
9529: 9943,9638,9377,9362,10042,9920
7252: 5804,6007,5910,6204,9753
8358: 7564,7478,8210,9885,9846,8632
6541: 6071,5873,9967,6350,9805,6448
9944: 10034,9690,9402,9465,9763,9993
4675: 4475,4771,4677,4773
1782: 2047,2136,1527,9758,2511,2321
7020: 9550,6832,6916,6930,6927,7110
2509: 2512,2136,2511,2326,2698,2888
9940: 1894,9788,9316,10002
8663: 9505,8596,9344,7673,8081,9271
8639: 8987,9081,8058,7979,8061,8363
9790: 3226,9759,9816,9796,9704
6517: 6709,9855
2815: 3497,2251,9268,3301,1716
9576: 9255,9878,9283,9251
3821: 3820,4332,3818,3321,3517
1793: 10026,9676,2234,683,9439
9794: 9673,9811,9858,9996
9119: 9077
3497: 2815,3301,3400
3940: 3550,10011,9932,3444
8674: 8675
9628: 9260,9623,9616,9271,9419,9904
9615: 9125,9548,9242,9567,9749,9863
9332: 9425,9374,9772,9620,9396
8616: 
7437: 
9592: 8376,9356,9353,9437,9336
1805: 1067,1721
9635: 718,9245,9363,9291,9530,927
9692: 9336,8451,9750,9893,9786,9293
6464: 6078,7646,6653,7298,6931,9355
8363: 9079,8879,9238,8058,8639,8987
1810: 9902,1553
8142: 8705,8707,9127,8064,8292,8770
5680: 6350,5775,5873,5776
9946: 9962,10026,9369,1118,9879
4278: 4177
2895: 2987,3279,2893,2800,3373,3184
1816: 1556,1473,2733
9620: 9772,9332,9396,9834
5699: 
8844: 
1820: 9720,2733,9319,9624,2826,2553
9619: 2580,9595,10033,9608,9463
9449: 8632,9509,9885,9303,8631
9642: 672,9461,9421,9496,9427,9371
5975: 5978,6266,5973,5876,6072
9953: 9687,9783,9833,9472
8904: 8905
9543: 9512,6724,9308,6348,9435,9540
7757: 7839,7673,7847,7325,7413,8386
5804: 6007,7252,5904,5705,9779
9443: 9279,9296,9254,9342,9320,9246
9684: 9494,9417,5813,5910
9647: 9967,9540,9943,9435,9650,9805
1833: 1921
9296: 9443,9279,9715,9335,9722,9246
2685: 2492,2778,2691,2586,2881,2974
5904: 5801,5705,5804,9627
9560: 9239,9219,9504,9564,9567,9546
1838: 9765,9677,1412,1841
6768: 7402,7319,7141,7311,6672,7314
2678: 3373,9244,2896,3184,3470,3471
1841: 1412,1838,2199
9768: 9753,9714,6204,6967
9255: 9576,9500,9878,9382,9637,9251
3502: 1732,9409,9397,3701,2822
5009: 5214,6797,5211,5413
3145: 3144,3340
9819: 1019,1340,9748,9972,9500,9399
6155: 10042,9362,6347,6537,5761
1849: 1504,1583,2119
9554: 9859,9961,2459,2551,9389,2554
9817: 9725,6249,6055,9776,9975,10006
7778: 7354
8318: 8242,8667
9552: 9363,2364,9245,2451
1855: 2403,1592,1594,2036,2407
2772: 9535,2390,9541,2870,2967
3552: 3849,3536,3837,3947
5725: 5826,6226,5329
6480: 6576,6385,6767,6481
3037: 2940
1861: 1261,1512,1180,1428,2037,1950
5637: 5736
9854: 9889,9926,9767,9438,9787,9691
1864: 1351,1428,1187,1270,1436,1951
9719: 9270,9821,9830
9726: 9668,9784,9979,9861,9666,9849
1867: 1525,9247,2133,1436,2135,1198
3849: 3552,9899,9774,3458,9374
5070: 5274,5269,5466,5754,4969,5167
9563: 9584,9444,8811,7470,8867
8042: 9568,7965,7719,8262,7885,8033
9574: 9302,9808,10017,9408,9482
1873: 1616,1529,424
5007: 5214,5113,4703,5010
9850: 334,9732,446
8033: 9836,9423,8262,9568,8042
9631: 9274,6003,9253,9517,6391,6100
5331: 5727,6028,5230
9847: 9494,9908,9469,9685,9914,10016
9778: 9952,9544,10022,9386
1881: 2057,9428,9611,2236,1622,2610
9908: 9309,9511,9469,9685,9278,9847
8555: 8417,8970,8419
7565: 7649,7127,7125,7564,7478
9239: 9219,9560,9037,9242,9194,9567
6915: 9561,7360,6358,9310,9508,7532
10013: 9412,9352,9482
7081: 7342
9578: 5663,5564,5765,9410,9455,9367
2643: 2451,2459,2551,718,9245
9264: 9291,9530,9812,9488,9514,9495
1892: 2536,2253,2072,9470
2926: 3025,2826,2553,9645,9813,3119
1894: 1067,9940,1984,1387
9747: 9986,9774,9874,9669,9361,9630
9614: 9343,9306,9471
5295: 5395,5194
9261: 3572,9476,9325,9364,3772,3674
2806: 2151,9430
4641: 9352,9408,9573,4642,4643,5044
1901: 9903,1727,1553,1148
9744: 9932,10036,9756,9912,9621
10036: 10011,9932,9744,9891
9394: 9410,9455,5361,5755,9533,5754
3119: 3121,9717,2928,9645,3025,2926
3820: 4332,3821,3635,3517,4123,4030
5876: 5585,5683,5776,5978,5975
9503: 9294,9480,9454,5338,5031,9429
1909: 
9660: 9584,9444,9661,9368,10043,9767
2639: 2554,2551,1075
9882: 9895,2364,9745,1557,10008,9840
5480: 5281,5578,5676,5581
9637: 9415,9251,9255,9382,2305,794
2459: 2643,2552,2551,9389,2362,9554
8265: 7870
1917: 2279
9352: 4641,9408,9482,9412,9573,10013
6984: 9785,6009,9400,6781
6326: 6421,5920,6416,6420,9668
1921: 1833
9954: 2098,9451
8044: 8821,9581,8199
9346: 9436,9390,9484,7555,9376,8333
9928: 9729,9733,10024,9484,9486,9390
9911: 9401,9644,10020,9896,9979
9969: 9440,9698,834,9883,1295,181
4809: 4703,5010,4605,4709,4710
5792: 5891
6978: 7163
1931: 1497
9849: 9648,9666,9726,9861,9701
9654: 2752,9841
4320: 3810,3907,4010,9269,4218,4323
2822: 3504,3210,3502,9397,9357,3701
4917: 4811,5010,5113,5215,5317
4179: 4280
9853: 9657,9698,9804,9441
5200: 5201,5300
3635: 3820,4332,3733,9927,4030,9876
4606: 4605,4504,4405,4709,4611
4450: 4448,4347,4146,4458,4559
5452: 5250
7340: 7929,8170
9112: 8627,9027
4083: 3982,3983
5475: 4876,4871,4969,5274,4978,5574
9038: 9242,9194,8885,8990,8989
2744: 2649,9913,3025,2928,2743,2742
1950: 2037,1594,1861,1428,1951,2036
1951: 2133,1436,2036,1864,1428,1950
5746: 5942
8676: 8675,8677
9845: 9411,9970,9479,9862,9286,9532
9722: 9335,9813,9708,9903,9296,9715
9312: 9413,9886,9951,9733,9694
4085: 
3236: 
6483: 6767,6481,6196,7050,7141
3990: 3991
6062: 4880,4979,5870,6631,5177,5478
7314: 8066,7743,7311,6768,7402,7742
3480: 3678,3380,502,3680,3284
8222: 7318,7494,8579,7743,8296,8513
9534: 9289,8186,8032,9486,9436,9390
4307: 4521,4525,4104,4514,4616
8236: 9260,7670,7836,7142,7668
5705: 5904,5807,5804,6007
3772: 3774,3674,9261,3771,9364,3874
8620: 8271
5424: 5129
8683: 8805,9983,8801,8861,8619
1973: 2524,2244,2336
9679: 9697,9304,9796,9704,3818,3321
5395: 5295,5495
2524: 1973,2336,2808
5426: 5328,6219
1978: 2341,2909
3795: 
4168: 4271,4169,4269,4266,4068
7579: 7909,8150,9284,8075,8383,7911
6709: 6517,9855
9626: 616,750,9580,10040,368,9369
1984: 2072,9818,1894,1387
4937: 9877,9670,4529,4626,4823
9675: 9659,9810,9822,2770,9510
1987: 2253,1071,1225,2165,2079
9492: 9581,9881
4458: 4463,4263,4347,4450,4559,4462
8046: 9625,7965,7885,8126,9892,9634
1991: 2538,2165,2721,9250,2079,9481
9401: 9911,9644,6416,9668,9979
9260: 9623,8236,9628,7668,8076,9419
9885: 9754,9303,9846,9449,8358
1995: 9745,1557,1392
1996: 2272,2271
9388: 10002,9557,9488,9514,9321,9365
4661: 4665,4660,4462,4655,4559,4658
3733: 3729,9966,3731,9927,3722,4332,3635
9605: 2390,2866,9541,9411,9479,9595
2896: 3184,2240,2148,2678,3471,3185
2002: 2090
8667: 8242,8318
9426: 9413,9886,9376,8262,9702,9836
7095: 9458,7532,6916,6639,6265,6645
6848: 6376,6375,6278,7123,7300,6849
5973: 6071,5873,5776,6072,6163,5975
3656: 3755,2964,9582,3850,9597,3262
4501: 4399,4603,4504
9453: 9509,9477,9622,9290,9303,9852
9487: 9565,9806,9869,9974,9329,9837
9837: 9950,9329,9974,9487
8056: 8498,8211,8499,8058,7733,9079
9280: 4823,9877,4826,9602,9266
2015: 2199,2293,2198
8483: 7958
4134: 
5613: 5304,5408,5509,9696,9764,5508
9328: 9262,9569,9935,9825,9814
4301: 4306,4405,4514
2021: 1747,2395,9415,2305,9737,9669
2022: 2578
6416: 6118,6421,6326,9401
2024: 9415,9283,9665,9737
9753: 9714,10031,9768,7252,9779
2666: 1747,2111,2585,9361,9542,9965
10017: 9574,9808,9871,9985
3434: 3533
9498: 4444,9522,9599,9513,4442,9538
2030: 2212,794,1676,2033,2689,2586
9354: 9402,9499,9310,9643,9458,9550
2571: 2196,2476
2033: 2403,1592,1506,1676,2030,2689
7520: 7080
8701: 8205,8878,9120,9919,9237,8983
2036: 2133,1951,1594,1950,1855
2037: 1178,1594,1950,1861,1512,872
4548: 4655,4757,4444,4448,4442,4650
9766: 9921,9978,9927,9876
8426: 9641,9739,9681,9381,8688,8821
3928: 9713,3727,9957,3526,3722,3731
9905: 2362,9606,9937,9780
2770: 9286,9510,9532,9675,9659,10033
2044: 1527,1198,2224,2135,2225,2047
9595: 2580,9619,10033,9479,9532,9605,2866
6420: 5722,6326,5920,9784
2047: 1782,2412,2136,1527,2044,2225
7010: 7014,9465,9499,7198,7195
9568: 9625,7965,8042,8033,9391,9349
2738: 2554,1075,1473,9624,9491
9582: 3656,3755,9375,9597,10032,9591
5138: 4826,4929,9602,5031,5121,9454
10019: 9936,9710,9848,9667,9561,9508
5287: 5186
9687: 7542,9953,9783,9314,7617,9472
8210: 7478,8358,8632,8636,8498,8211
2057: 1881,9611,2610,2609,2893,2424
6639: 6072,6163,6358,6265,7095,7532
6871: 6583,6964,6585,10009,8526,7145
8338: 8479,8737,8540
9973: 9728,9823
9804: 9440,9698,9853,9337,9590,9441
9698: 9440,9969,9804,9657,9853,9883
3144: 2953,3145
3536: 3837,9424,3552,9772
5891: 5792,6280
7739: 7311,6671,7570,7821,7903,7742
7780: 
7880: 8119
8982: 8976,9235
8949: 8999,8950,9046
2072: 9818,1984,1387,9958,1892
3982: 4083,3983
9807: 9385,9900,834
9194: 9038,9037,8989,9239
7821: 7901,7902,7570,7737,7739,7903
8496: 8429,8636,8694,9971,9930,8205
4986: 5086,5087
2079: 9250,9902,1987,1071,1991,2165
9613: 9610,9420,9307,9564,9618
8928: 9077,9235
9380: 9958,9746,9298,9577,9358
9762: 10003,10039,9752,9857,9789,10030
2743: 2742,3222,2744,9913,9304,2836
9406: 9967,9540,9512,5970,6350,5775
6749: 6934,6930,6927,7019,7119,6931
7125: 6665,6759,7389,7564,7565,7127
6140: 5455
9782: 9793,9460,9907,10040
2090: 2002,2272
6805: 6804
9903: 9708,1901,9902,9715,9722
4771: 4475,4675,4470,4870,4773
8805: 8683,8801,8917
7460: 7198,7110,7195,7289,7375,8031
2096: 2188
9455: 9410,9394,5466,5754,5564,9578
2098: 9954,2188,2280,9451
3207: 1732,9409,1238,3204
9382: 9399,1676,9255,9500,9637,794
3340: 3145
9557: 10002,9388,9316,9470,1225,9365
9256: 9489,4155,9462,9442,4343,3953
2411: 2225,2311,2410,2412,2693,2600
7318: 7996,7494,8222,7402,7581,7743
2721: 2538,1991,2165,2536,9493,9358,2818
5765: 5663,5564,9578,5961,5856
9834: 9375,9396,9620,9693,9947
9758: 9663,9918,1527,9295,1782,2321
5750: 6041,9652
2111: 2666,1747,2395,2585,2492
9368: 10043,9971,9596,9497,9660,9584
9761: 9709,9700,9246,9342,9357,2728
9069: 9024,8868,8812,8981
4867: 4470,4569,4870,4865,4968,5064
9933: 1044,9547,9923,9809,1529
8429: 8496,8636,8211,8499,8205
9879: 9663,9918,9414,1118,9962,9946
2119: 1849,1421
6041: 5750,9652,9680,5848
9538: 4442,4642,9513,9498,9258,9573
7123: 6278,9379,6848,9593,7300,9915
10002: 9557,9388,9940,9788,9321,9316
9522: 4444,9599,9498,9331,9799
4880: 4979,6062,5180,5478
6349: 9377,9362,6347,5964,5961
9937: 9780,9840,9905
4285: 4284
7439: 
3741: 3743,2389,9931
2131: 2133
6337: 9901,6144,6335,9658,6244,6047
2133: 1436,1951,2036,1867,2131,2135
7342: 7081
2135: 2224,2133,1867,2044,1198
2136: 2047,1782,2412,2511,2888,2509
7117: 8356,6934,7560,7119,7026
5672: 5965,5574,5274,5269,5572,6629
9728: 9973,9823,9769,9656
3421: 3628,9816,3224
9411: 9845,9970,9479,9351,9605,9541
8981: 9069
9668: 9784,9726,9979,6326,9401
5676: 5774,5678,5970,5578,5480,5581
2553: 3025,2826,2926,1820,9319,2649
6767: 6481,6483,6576,6480,6672,7141
4725: 4719,4611,4616,4716,4626
2148: 2896,3184,2240,9403,2800,9322
7911: 8383,9448,8150,7579,8309
5509: 5204,5104,5916,9696,5304,5613
2151: 2806,9259,2902
9934: 9843,9856,10004,9770
2153: 2526,1542,1709
9445: 2424,9322,9611,9566,9315,9287
6219: 6323,5328,5426
2395: 1747,2111,2021,2305,2212,2492
9665: 2024,9874,9737,9899
9373: 7858,9998,9447,6307,6598,9434
4757: 4655,4548,4658,4650,4955,4858
8061: 7979,7818,8365,8639,9081,8703
9702: 9587,9981,9832,9886,9426,9836
7847: 7150,7325,7505,7675,7757,8597
5933: 5536
9555: 9579,9351,9609,3262,9535
2165: 1991,2721,2536,2253,1987,2079
9541: 9605,2390,9351,9411,9535,2772
4293: 4192,4393
9337: 9590,9366,9440,9804,9339,9553
9506: 3482,9330,9570,9433,3284
2170: 9254,1238,9481,2538,2818,3205
2909: 1978,1630
7791: 7279,7455
6731: 6448,9773,6823,7360,9301
9688: 9916,9423,9864,9349
6421: 6326,5920,9562,9249,6118,6416
3284: 3680,9433,9506,3480,502
9384: 6018,6508,9475,9575,9511,9278
4387: 4287
4865: 4665,4660,4569,4867,5163,5064
5230: 5331
5640: 
4811: 4917,4710,4915,4929,5317
8841: 8950,8838
9706: 1706,9676,9991,1698,9515
9832: 9702,9981,9694,9886
9841: 2752,9654,2657,2658
9951: 9733,10024,9312
2188: 2096,2098,2280
2189: 2280,9451,2468
4322: 4521,4525,4427,9392,4529,9633
9727: 9789,9939,10039,9824
9638: 9943,9435,9529,9308,9607,9377
7770: 7932,7936
2194: 2286
9639: 9299,5801,9627,9636
2196: 2476,2571
6983: 7073
2198: 2015,2293,2481
2199: 2015,1841,2293
9838: 9994,10000,9870,9866,9689
2201: 9671,9965,9742,2585,2778,2584
2844: 
6912: 
9757: 9746,9865,9818,9958
9710: 9936,10019,9848,9695
9493: 9577,9358,9268,2721,1716,2818
3643: 
8999: 8949,9092
6797: 9860,5916,5207,5009,5211
3991: 3990
9959: 9459,9524,9670,9751,9721
2212: 2305,794,2030,2586,2395,2492
9598: 9923,9275,9547
3898: 3701,3897,3998
6520: 6804
6018: 6508,9384,9475,5917,5421
7767: 7850
3412: 3810,3907,3805,2540,3506,3607
4444: 9522,9498,4448,4442,4548
3942: 3444,3451,9756,3255,3947
9315: 9526,9287,9300,9566,9431,9445
9463: 9325,9608,9398,9659,9619,10033
8064: 7903,7742,8292,8066,8142,8770
2224: 2407,2135,2044,2225,2410
2225: 2411,2410,2224,2044,2047,2412
4580: 4579
9185: 9229
9423: 8033,9836,9587,9688,9349
5207: 5104,5916,6797
9364: 3670,3771,9325,9608,9261,3772
2231: 2234,2236,1622,683,1611,2416
5214: 5007,5009,5113,5419,5413
3670: 3771,9364,9608,3367,2776
2234: 2231,1622,683,1793,9527,9439
8211: 8056,8498,8499,8210,8429,8636
2236: 2231,1622,2326,2416,2610,1881
9986: 9747,9774,3458,9630,4141,9572
5754: 5466,5070,5361,5167,9394,9455
9403: 2240,2148,9322,9287,9313,9502
2240: 2896,2148,9403,9502,3185
9852: 9754,9303,9622,9915,9835,9453
7156: 7062,7858,9998
4697: 
2244: 1709,2526,1973,2336
5478: 5281,5180,5578,4880,5870,6062
4367: 4269,4266,4364,4463,4565,4566
9587: 9702,9981,9836,9423
6564: 6847,9379,5887,6658,6084
6598: 6695,9434,6307,9373
9915: 7300,9835,7123,9622,9593,9852
2251: 2815,3200,9536
5417: 5215,5917,5317,5023,5121,5421
2253: 1892,2536,1987,9470,1225,2165
7176: 7179,7777
7937: 
6474: 6665,6759,6662,6284
9416: 700,9272,9565,9329,9345,9775
9997: 2777,3073,9742,9862,9286,9510
9361: 9542,9630,9669,2666,1747,9747
9774: 9747,9986,3458,9874,3849,9899
9278: 9685,9432,9384,9475,9908,9511
9262: 4336,9569,4232,9328,9935
7389: 7563,9738,9846,6665,7125,7564
9527: 9473,9439,2234,1622,9428,9324
9633: 9670,4529,9392,9483,4322,9459
9250: 9902,2079,1991,9481,9279,9715
8386: 8526,7413,7145,7757,7673,8081
9877: 4937,9751,9718,9280,9266
9661: 9660,9444,9019,9438,9407,9767
3153: 2761,3251
2271: 2272,1996
2272: 1996,2090,2271
9648: 9666,9849,9701
2274: 2371
9446: 9338,9537,9803,155
4709: 4719,4611,4605,4606,4809,4710
9699: 9791,9775,9950,9657
4280: 4179
2279: 1917
2280: 2189,9451,2098,2188
9984: 9828,9545,9456,9844
9481: 2170,9254,2538,1991,9250,9279
7855: 
2888: 2698,2983,2600,2412,2136,2509
3251: 3448,3153
2286: 2194
7521: 
2288: 
4073: 4074,4072
9982: 9571,10003,9317,8373,8710,9556
5129: 5424,6022
8333: 9376,7719,9346,7555,7721
2293: 2015,2199,2198
5201: 5202,5200,5302
7259: 
7765: 8170
9861: 9784,9726,9849
8812: 9069,8868
9488: 9388,9514,9264,1227,9365,9495
7152: 6405,7419,7062,7858
6226: 5826,5725,6323
9895: 2364,9882,9780,9840,2451,2552
5335: 5536
9793: 9782,9383,9907,9326
2305: 2212,794,9637,9415,2395,2021
3506: 3607,3211,3412,3907,4108,3803
7419: 7152,7062
9242: 8885,9038,9239,9567,9125,9615
6047: 5959,5856,6337,6144,9658,9872
7958: 8483
2311: 2411,2881,2410,2595,2691
5727: 5331,6028,5329,5826
8787: 
9671: 9965,9742,2201,10023,9862,9970
9894: 9039,9600,9130,9629,9960,9085
5180: 5281,5478,4880
3491: 
9892: 9438,9407,9787,8126,8046,9634
7682: 
9566: 9431,9324,9428,9611,9445,9315
2321: 2511,1611,2416,9663,9758,1782
7668: 7581,7142,9260,8236,7996,8076
3297: 3200
3526: 9704,3818,3722,3226,3928,3727
5338: 5023,5031,9503,9562,9429
2326: 2511,2416,2236,2610,2512,2509
7002: 7184
4837: 4736
9784: 9668,9726,6420,9861
8498: 8056,8211,7478,8210,7649,7733
7026: 6932,7289,7117,8356,7207,7292
4955: 4849,4643,4650,4757,4858,4855
2333: 3485,3093,100,3486
8264: 
4057: 4255,4164,4165,4263,4364
2336: 2808,2906,2244,1973,2524
6098: 6093,6387,9274,6003
9653: 8688,9716,9881,9995,9581
9840: 9937,9780,10008,9895,9882
9634: 9976,9800,9892,9787,8046,9625
2341: 1978,1542
5497: 
3444: 3451,3942,9756,3550,3940,9932
8867: 9019,7550,7723,7641,9563,9444
2538: 1991,2721,2818,2170,9481
6350: 5680,5775,9967,9406,5873,6541
8391: 8242
9319: 9624,9333,1820,2553,9585,2649
9365: 1071,1225,1227,9557,9388,9488
9504: 9217,9307,9564,8879,9219,9560
4870: 4470,4867,4771,4968,4773,4871
4030: 9922,9955,9876,3820,3635,4123
9450: 9739,9976,9800,8984,9828,9545
9290: 9622,9252,9478,9467,9453,9477
8026: 7945
3226: 9790,3628,9704,3526,3727
9960: 10005,9629,9894,9085,9318,9664
9439: 9473,9468,9527,1793,9676,9991,2234
5249: 5250
9616: 8081,9271,6964,8526,9623,9628