9266: 9280,9602,9523,9877,9718,9348
9886: 9312,9413,9694,9426,9702,9832
9339: 9553,2151,9337,181,9440
4658: 5062,4858,4757,4661,4655,4660
9378: 9545,9456,9292,9640,9277
5: 
4797: 4697
3727: 9957,3628,3226,3928,3734,3731
8579: 8770,9127,8995,8221,8146,8296
3874: 3774
3176: 3079,3073,3271
8475: 
8460: 7679
10012: 9714,6586,6967,10031,10009,9880
7073: 6983,7164
9562: 5338,5136,9249,9429,5920,5722
3451: 3550,3444,3940,3255,3942
2957: 
18: 
10007: 8976
9833: 9783,9953
10011: 3839,9891,3835,10036,9932
22: 23
23: 22
9092: 9091,8999
9962: 1611,9663,9879,9946,683,10026
3489: 3589
5215: 5214,5419,5113,5317,5917,5417
5688: 
4218: 4108,3907,3810,4319,4427,4320
30: 60
4104: 4004,4007,4306
6358: 6823,6915,6163,6639,6072
33: 133,9851
34: 
7009: 9465,7014,9499,7010,7195,7630
9294: 10025,9480,9523,9703,9454,9503
9663: 1611,9962,9879,9758,9918,1043
4306: 4514,4104,4307
8694: 8496,8632,9971,8631,9596,8636
40: 
6085: 5889,6084,6280
9533: 5159,5060,9394,5755,9410,9311
9362: 9377,9529,6347,6537,10042
7319: 6768,7402,7318,7141,7581
9265: 9909,9968,5355,6338,9305,9306
9317: 8710,8373,8995,9297,9982,9556
8878: 8499,8429,9238,8205,8701,9120
6884: 6886,7163
7345: 7080
2600: 2693,2411,2412
4010: 3810,3612,3712,4115,4320,4323
3665: 3666,3765,2391,3763,3464,3764
6347: 9377,9362,6058,6349,6155
9645: 9335,9813,2826,9717,9709,2926
8540: 8338,8479
56: 
57: 
8960: 8861,9017
5060: 9533,4855,5159,5062,4858,5755
60: 30
9945: 77,9826
8632: 8694,9449,8631,8358,8636
9914: 10016,9847,9685,9341,9906,9896
64: 275
9943: 9435,9638,9529,9920,9650,9647
4893: 
8150: 8225,7909,7579,7911,8309,7992
8661: 8593
9855: 6709,6517
7564: 7478,7565,9738,7389,7125,9846
9829: 9798,9769,9760,9736,9707,9655
7569: 7130,7570,7128,7217,7737
73: 336,283
8144: 8064,7903,7311,7739,8221,8066
8175: 9842,9683,8097
4677: 
77: 9826,9945,115
7744: 8222,7494
3789: 
6658: 6275,6564,6847
81: 
9398: 9244,9659,9810,9463,9476,9325
9765: 1838,9677
2610: 2609,2512,2326,2236,2057,1881
9629: 9894,9960,10005,9600,9297,9556
6244: 6339,6242,6335,6144,9490,6337
3380: 
7207: 7558,7383,8356,7974,7292,7811
6403: 6974,6209,6507,6973
7355: 
9691: 9854,9787,9800,9889,9292,8984
9922: 9955,4030,9876,9814,9897,9921
93: 133,9851
9617: 9938,10029,9334,9448,9795
4480: 4580,4481
9880: 10009,9517,9977,7434,10031,10012
3897: 3898,3998
9787: 9691,9854,9800,9438,9634,9892
3321: 9679,3127,9304,2836,3519,3818
100: 2333,2710,181,2523
9738: 7563,9835,9754,7389,9846,7564
7979: 7818,7899,7733,8058,8639,8061
4566: 4470,4269,4367,4569,4565
5490: 5390
6100: 6201,9631,6003,6098,6196
3185: 2240,2896,3184
9565: 9806,9515,9487,9329,9416,9272
9918: 9295,9758,9414,9528,9663,9879
9788: 9940,9321,10002
4393: 4293,4292
3449: 3545,3448,3251,3153
7902: 7901,7737,7821,8365,8292,8766
5400: 5300
6576: 6672,6480,6575,6671
115: 77,116
116: 115
8189: 8192
118: 307,309
4565: 4569,4665,4462,4463,4367,4566
9724: 9309,9801,9696,9601,9860,9764
121: 127
9609: 9579,9572,2963,3458
4427: 9392,9269,4320,4218,4319,4422
9405: 9551,1019,9612,9748,1510
9878: 9500,9972,9925,9255
4485: 4486,4385
127: 121
8478: 
9964: 9776,6055,9873,6052,9872,5957,6437
6437: 7086,6537,5957,9964,6055
131: 
6021: 6421,9432
133: 93,9851,33,134
134: 176,133
3211: 3506,3607,2824,3210,3803
5211: 5009,5214,5419,6797,5413
4343: 9442,4045,4139,9256,4155,3953
9467: 9478,9290,8565,7811,9477
9974: 9837,9869,9487
9868: 4941,4840
141: 
7181: 
9572: 9579,9327,9609,9630,9986
5564: 5466,9455,9578,5664,5765,5663
6461: 5978,6077,6266,6460
146: 
3540: 3246,3345
7837: 7836,8526
149: 
150: 
3121: 3412,3027,2540,2928,3119,3607
9407: 9019,9661,8126,9438,9892,8046
8882: 8766,8824,8705,8991,8989
4660: 4865,5163,4661,4665,4658,5062
155: 251,9461,9803,156
156: 9263,9446,157,155,9461
157: 1042,9446,156
9644: 9341,6416,9401,10020,9896,9911
159: 
9246: 9296,9443,9335,9761,9342,9709
9985: 9755,9632,10017,9808,10018,9871
9957: 3727,3628,9713,9990,10041,3731
163: 208
7850: 7769,7936,7767
6003: 9274,6098,9631,6100
4529: 9633,4322,9670,4525,4937
2858: 3838,3842
8192: 8189
2830: 2826,2553,9319,3025,2926,2649
7934: 7935,8015,7771
9485: 9585,9333,9796,9759,9697
9324: 9473,9464,9428,9527,9566,9431
6007: 6204,5710,5709,5813,7252
8521: 8451,10030,8450,9750,9340
5285: 5185
176: 134
9413: 9312,9886,9733,9484,9376,9426
9843: 9856,9934,9586,9956,9770,9281
9523: 9602,9266,9348,9703,9454,9294
7217: 7128,7127,7393,7569,7735
181: 1295,9339,100,2523
5084: 5185
3504: 3210,2822,3701
5041: 
185: 
9581: 9653,9881,8425,8199,9492,8343
5789: 5889
9259: 1539,9366,9430,9553
5453: 5251
9027: 8627,9112
9367: 9410,9311,9539,9578,5662,9490
8799: 8481,8679,8480
9299: 9274,9253,5804,5904,9639,9636
9893: 9786,9437,9336,9692
9433: 9330,9506,9313,9502
8380: 9988,8455
5724: 6219,5426,6022,6316
4579: 4580
7142: 7141,7050,7668,7581,8236
9232: 9987,9211
9650: 9805,9647,9773,9943,9920,9839
8450: 9285,8658,10030,8521,9939,9340
9669: 9747,9874,9361,2021,9737,1747
3731: 3729,3734,9957,3727,10041,10038
4397: 4498
206: 309
5451: 5250,6238
208: 163
2778: 2584,2585,2492,2685,2974
9870: 9947,9693,9994,9838
9815: 9990,10041,9771
9586: 9674,801,9956,9843,948,9281
6071: 6164,5973,5975,6541,6163,6072
10000: 9797,9462,9422,9994,9689,9838
7080: 7520,7345
8005: 7761
217: 1529,424,9907,9273,9326,368
9941: 9901,10035,9658,9992,9792,9873
3627: 3531,9520,3431,2937
3041: 3137,2944,3236
9569: 9262,9328,4336,9734
5167: 4969,5070,5064,4968,5361
7901: 7737,7902,8365,7818,7735
4736: 4837,4939
7292: 7380,7462,7974,7383,7207
9656: 9798,9769,9728,9781
9681: 9984,9844,9828,9739
7494: 8222,7744,8513,7318,7996,7988,7913
6375: 6280,6376,6848,6278,6084
6617: 
9716: 9653,8044,9995,9381,9864,9916
9470: 9316,9557,1894,1387,2074,1225
233: 834,697,9791,9883,9345
5064: 4865,5163,4968,4867,5361,5167
9677: 1666,1838,9765,1412
5329: 5727,5725
237: 
238: 288
7130: 7569,7128
240: 344,291
9965: 10023,9671,9542,2666,2201,9742
9667: 9301,9603,9884,9848,10019,9561
243: 
9593: 9379,9588,7300,9622,9915,9252
245: 
2852: 
247: 301
9570: 9330,9506,9370,9900
9594: 9750,9340,9519,9293
7145: 8386,7413,6964,7146,6871
251: 811,155,9642,9496,672
5150: 4852,4950,4845,9604,9350,5051
7393: 7217,7127,7565,7649,7899,7735
9830: 9719,9270,9674,9276
6078: 6077,6653,6464
6238: 5452,5451
5251: 5353,5453,5352
7560: 7646,9355,7298,7119,7386
7939: 
7899: 7818,7735,7979,7649,7393,7733
4323: 9269,4320,4010,4115,4331,9521
3755: 3656,3949,9582,9591,4139,3559
10006: 9776,9817,9792,9975
9822: 9662,10001,9810,9675,10010
3778: 3678,3777
5224: 5920,6118,5136,9475
7974: 8356,7117,7026,7462,7292,7207
8304: 8451,9857,8376,10030
9257: 9612,9770,1261,9281,9551,1512
7721: 7719,7888,7885,7723,7555,8333
5856: 5662,6144,5959,5663,6047,5761
5710: 6204,6007,5813,6011,5910
7631: 8186,7375
274: 
275: 64
8881: 9081,8639,8061,8879,8703,8987
9418: 9424,9621,9912
278: 387
8292: 7903,7902,8766,8142,8705
7836: 7670,7837,7050,8526,9623,8236
4405: 4514,4606,4611,4616
2585: 2778,2584,2201,2212,2492,2111
283: 288,73,336
7777: 7176
285: 
9909: 9265,9968,9549,9755,9404,5355
4108: 3803,3907,4218,4319,4007
288: 283,238,336
10037: 9798,9803,9781,9496,9655
4196: 
291: 344,240
3786: 3787
3907: 3803,4108,4218,3506,3805,3810
3983: 4083,3982
9979: 9401,9668,9726,9666,9911
5965: 6631,6629,5572,5672,5868,5964
8417: 8346,8419,8555
7884: 9587,9423
299: 411
8675: 8676,8674
301: 247
8976: 8982,10007
10029: 9938,9617,9795,9740
3372: 3373,3271,2678
9755: 9404,9632,9985,10018,9909,9549
6138: 
307: 118,309
9772: 9332,3536,9424,9620
309: 206,118,307
6339: 6242,6244,5256,9539,9490
9585: 9485,9333,9319,2649,9913,9697
9542: 10023,9965,9630,9361,2666,9327
6934: 7119,6749,7386,6932,7117,7026
9500: 9878,9972,9819,9399,9382,9255
9733: 9928,10024,9951,9484,9312,9413
316: 
9888: 9931,9949,1931,9682,2578
9291: 9635,9530,9264,9812,9980,9363
4068: 4165,3764,3765,4266,4168,4169
3860: 3166,3763,3460,3856,3957,3858
10025: 9294,9480,9678,9703,9711
7929: 7340,7248,8170
3572: 3471,3470
9428: 1622,9527,9324,9611,1881,9566
8609: 
4156: 4364,4263,4347,4057,4255,4164
8779: 8891,9005,8835
9714: 10012,6967,9753,10031,9768
9597: 9375,9582,9396,4141,9425,3949
9580: 9369,9323,9393,9460,9626,10040
9873: 9964,9776,9941,9872,9658,9792
9599: 9887,9646,9522,9799,9513,9498
9803: 9446,9537,9781,10037,155
334: 9850,9732,387,446
9327: 9579,9572,9630,10023,9542,1756
336: 73,283,288
3998: 3897,3898
5413: 9860,5211,6508,5419,6797
3856: 3262,3460,4045,3860,3957,3953
4826: 4915,4817,9280,9602,4929
2699: 2698,2509,2511,2512,2987
4504: 4603,4605,4606
343: 397
344: 291,240
7550: 7723,7555,7641,8032,7467,9436
346: 519,9948,650,647
9926: 10043,9767,9930,9919,9854,9889
9826: 77,9945
4298: 4399
9912: 9744,9621,9418
7733: 8498,8056,8058,7649,7899,7979
10024: 9733,9928,9951,9729,9472,7191
3345: 3639,3540,3246
9316: 9557,9470,10002,9940,1894
10003: 9982,9571,9752,8943,10039,9762
9697: 9913,9304,9585,9485,9796,9679
2818: 3301,2912,2538,2721,3205
358: 
359: 1351,1187,1263,874,1025,740,1110,9371
9891: 3839,10011,3741,10036
4486: 4485,4385
2906: 2336,2715
3200: 2719
2802: 9506,980
9987: 9232
366: 750,1784,9626,368,1362
6849: 6376,6848,7033
368: 9626,10040,9907,1362,424,217,366
3850: 3656,2865,3949,4141,9535
7675: 9952,9735,7505,9466,8597,7847
2710: 2333,100,2902,2523
372: 1124
9701: 9849,9861,9648
8591: 9285,8658
9748: 1019,9405,9972,9819
376: 492
9499: 9402,9354,7010,9550,9465,7009
9584: 9368,9497,8811,9563,9444,9660
2945: 
9476: 9261,9325,9244,3470,9398
5204: 5104,5304
382: 561,499
5959: 6058,5765,5663,5856,6155,5761
384: 839,768
385: 
6144: 5662,5856,9490,6244,6337,6047
387: 278,334
9608: 9463,9619,9325,2873,2776,9364
9391: 9641,9381,9864,9568,9625,9349
390: 449
9454: 5138,5142,5031,9503,9602,9523,9294
6163: 6541,6448,6071,6823,6358,6072
9379: 7123,9593,6847,9588,6564,7300
394: 
395: 641,514
2826: 2830,1820,2553,9645,9813,2926
397: 343
5761: 6155,5957,5856,5959,6047
6575: 6671,6576
6696: 6886,6695
9444: 9019,9661,9563,8867,9584,9660
8455: 8380
403: 
9311: 9410,9367,9539,4950,9533,5159
2728: 9761,9357,9700,3210,2822,2824
9540: 9512,9406,9543,9435,9647,9967
3485: 3386
3234: 2944
5044: 4641,9408,4643,9302,4849,4845
9752: 8943,9857,10003,8301,9762
411: 299
412: 413
413: 412
3953: 3957,4255,4045,4343,3856,4155
9397: 1732,9320,9409,9357,9342,3502
416: 477,808
9081: 8881,8703,8824,9037,8987
3127: 9679,3321,9704,3421,3526,3818
9900: 9807,9370,9385,9570
420: 480,544
9235: 8982,8928
4094: 3994
8868: 9024,9069,8812
424: 1362,1873,1529,217,368
5641: 
9247: 1525,9372,9528,1198,1867,9295
5504: 
3683: 3783
6744: 6460,6653,7019,6927,6077,6645
7811: 8565,7973,8356,9467,7558,7207
6966: 7146,6585,10009,6586,6682,7325
8481: 8679,8480,8799
3090: 9502
3531: 3627,9520,9713,3224,2937,3628
9539: 9367,9311,4950,5051,6339,9490
9309: 9801,9724,9469,9601,9908
5136: 5338,5123,9562,6118,5224,5920
8885: 8990,9039,9038,9125,9126,9387
5868: 5574,5278,6062,5672,6631,5965
9797: 9489,9462,10000,9689,9331,9799
9693: 9947,9870,9834
442: 568,634
6418: 
10008: 9840,9745,9882
5801: 
446: 447,334,9850
447: 446
9942: 9457,9531,9963,9651
449: 390
3271: 10001,3176,3372
9448: 9617,9334,8309,8383,9356
8066: 8221,8146,7742,8144,7743
9371: 9427,740,1110,1025,9642,9421,359
454: 456
3301: 2818,3204,3205,3400
456: 454
4845: 5150,4852,4849,5044,9302,9604
9120: 9217,9237,9218,8701,8878,9238
7609: 
9938: 9617,10029,9334,9988,9917
4007: 4319,4314,4004,4108,4104
6388: 
9300: 9370,9385,9288,9315,9431,9526
8991: 8705,8707,8882,8989,8990,9130
7737: 7901,7821,7902,7570,7569
466: 807
467: 666,475,535
7128: 7217,7127,6759,7130,7569
9432: 9341,6416,9475,6021,6421,9685,9278
8987: 9037,9239,8879,8881,9081,9219
9670: 9633,4529,9459,9959,4937,9751
472: 473,537
473: 472
9995: 9716,9653,9881,9916
475: 467,666,535
9171: 9173
477: 416,808
8703: 8766,8365,8881,9081,8061
9414: 9528,1118,9918,9879
480: 420,544
9496: 9642,9421,9655,10037,251
9466: 9525,7505,9559,9457,7675,9735
2964: 2772,2870,3656,2865,3559,3262
9711: 9703,10025
9717: 9700,2540,9709,9645,3119,2926
6284: 
8770: 9127,8579,8064,8221,8142,8707
9550: 6832,7010,9458,6916,9499,9354
4287: 4288,4387
4498: 4397
8168: 8392
492: 687,376
5345: 
9037: 8987,9239,9162,9081,8824,9194
3222: 3713,3615,2742,2836,2743,3517
7952: 7942,7190
8422: 9634,9892,8046,9641
5871: 5774,6724
499: 755,382
9524: 9282,9459,9959,9734
501: 1052,762,978
502: 3285,3284,9502,2148,9403,2240
9359: 8729,9505,9544,9386,9712
8737: 8338,8479
8627: 9027,9112
9785: 9531,6969,6973,9400,7419
6585: 7146,6871,6966,10009,6391
9427: 740,9371,1608,9642,672,884
3763: 3166,2391,3860,3764,3665
6784: 6781,7060,9518,9768
9632: 9755,9404,9985,9604,9808,9350
512: 630
513: 
514: 395
9531: 9457,9942,9785,9400,9559
9603: 9301,9667,9839,9773,9884
6055: 9964,9776,9817,6437,7086,6249
518: 647,588,645
519: 346,9474,650
9652: 5750,6041,9680
521: 584
9436: 9346,9390,9534,8032,7555,7550
3867: 3971,3765,4072,4069
9823: 9973,9728,9736,9821,9769
4074: 4073
9286: 9479,9532,9845,9862,2770,9510
527: 1901,1227,9495,1228,1148
9621: 3837,9756,9744,9912,9424,9418
529: 
3482: 
9474: 519,9948
9871: 10018,9820,10017,9985
9310: 7532,9458,9508,9354,9643
2836: 3222,2743,9304,3321,3519,3517
535: 467,475
3903: 4004,3803
537: 472
3327: 
9393: 9323,9580,9461,9460,9263,892
4840: 4941,9868
7563: 9738,9835,7562,7033,6662,7389
9703: 9348,9523,9711,10025,9294
9283: 9251,9576,9415,2024
544: 480,420
9507: 9548,9125,9387,9672,9802,9558
3205: 3204,1238,2170,2538,3301,2818
5826: 6226,5725,5727
8919: 8274,8343,9492,8620
9464: 9324,9473,9288,9431
3431: 3627,9520
8163: 8599,8006
9293: 9692,9786,9594,9750
10014: 9167
7179: 7176
9425: 4141,3849,9374,9332,9597,9396
9479: 9286,9532,9845,9411,9605,9595
5543: 5639
9209: 
9267: 9389,9961,10021,9606
4590: 
561: 382,758,760
9756: 9621,3837,9932,3444,9744,3942
563: 760,973
4475: 
6653: 6744,7019,6077,6078,6931,6464
566: 
9396: 9597,9375,9332,9425,9620,9834
568: 768,442
7195: 7630,8031,7198,7010,7009,7460
9211: 9185,9232
9404: 9755,9632,9350,5256,9909,5355
4929: 5121,4915,4811,4826,5138
9275: 1619,1532,9598,9547
8989: 9194,9038,8882,8824,8991,8990
7198: 6832,7010,7020,7110,7195,7460
10034: 9695,9690,9944,9936,9402,9643
9844: 9681,9984
8550: 8679
9459: 9282,9524,9959,9633,9670,9483
8707: 8142,8705,8991,8770,9130,9600
8811: 7470,9563,7558,7973,9497,9584
9659: 9810,9675,2770,9398,9463,10033
7298: 7119,6371,6275,7646,7560
584: 521
5552: 5249,5849,5653
9977: 9636,7434,9627,9779,10031,9880
9898: 10016,9906,6209
588: 783,645,518
3666: 3665,3464
5332: 5533,5931
9657: 9698,9853,9699,9791,9883
9618: 9420,9277,9686,9613
9767: 10043,9660,9926,9438,9661,9854
9672: 9802,9863,9548,9507,9673
9904: 9284,9419,9649,9628,9271,9875
596: 599,664,733,731
7050: 7142,7836,7670,8236
9308: 9543,9435,9638,9607,6820,6629
599: 596,664,666
5916: 5410,6797,9696,5713,5613
9281: 1261,948,9843,9586,9770,9257
9676: 9468,9439,9991,1706,1211,9706,1793
9298: 9746,9536,9577,9380
3170: 10001,9662
5755: 5657,5361,9394,5062,9533,5060
9377: 9529,6347,9362,6349,9607,9638
5957: 6155,6537,5761,6052,9872,9964,6437
8425: 8199,9581,8695,9236,8343
9955: 9922,4329,4030,4123,9935,9814
9114: 9214,9187
9740: 9875,9795,9344,9395,10029
612: 
9251: 9283,9576,9637,9415,9255
614: 886
9718: 9721,9751,9877,9266,9348,9929
616: 9946,1118,9369,750,1698
9579: 9327,9572,9609,1756,9555,3458
9287: 9403,9313,9322,9445,9315,9526
3246: 3540,3345
8688: 8426,8821,9641,9381,8044
9422: 9591,10032,9994,9442,9462,10000
5887: 
9386: 9778,9544,9359,9712
9288: 9464,9431,9385,9300
6586: 10012,6967,10009,6966,6682
9867: 9343,9471,10035,9992
3589: 3489
9127: 8770,8579,8995,9297,9600
8596: 8729,9505,7673,7839,8081,8663
630: 1367,910,978,512
9170: 9091,9049
7641: 7723,7550,7467,7470,9563,8867
9358: 9493,1892,9577,2072,9380,2161
634: 442
3578: 3678,3577
6813: 
5466: 5564,9455,5754,5269,5664
8801: 8619,8805,8683
9297: 9127,8995,9317,9629,9600,9556
6823: 7360,6358,6915,6448,6163,6731
641: 395
9636: 9977,7434,9627,9639,9299,9253
9696: 5916,6797,9860,5713,9764,9724
9429: 9360,9249,9503,9480,5338,9562
645: 783,588,518
2928: 3025,3119,2744,3121,3027,2742
647: 650,346,518
3072: 2974,2777,2881,3079,3073
9967: 6541,6448,9540,9406,9805,9647
650: 647,346,519
4269: 4266,4168,4367,4470,4566
2777: 2974,3072,3073
4319: 4007,4314,4422,4108,4218,4427
4331: 4232,4336,9521,4328,4115,4323
9816: 9731,9924,9759
7936: 7850,7769,7770,7771
9333: 9585,9485,9491,9624,9319
4442: 4548,4444,9498,9538,4642,4650
9509: 9449,9303,8631,9477,9453,8282
2658: 2657,2468,9841
661: 
6537: 6155,5957,9362,6437
9526: 9315,9370,9300,9313,9287,9330
664: 596,599,666,733
8430: 8499,8429,8211
666: 467,475,599,664
9370: 9385,9300,9526,9900,9330,9570
3792: 
5849: 5848,5551,5552,5653
4164: 4266,4057,4165,4364,4156
8565: 8282,7811,7973,9467,9477
672: 1276,884,9642,811,251,9427
7913: 8075,7579,7988,8076,7996,7494
8029: 7870,7787
7909: 8150,8225,7579,7988,8372
9989: 9763,9347,9993,7542,7617,9314
9502: 3285,502,3090,9403,9313,9433
678: 746,744
2733: 2639,1816,2738,1820,2553,9624
9285: 8450,8658,9340,9519,8591
3242: 3144,3342
8526: 8386,7836,7837,9623,8081,9616
683: 2234,10026,1611,9962,2231
3712: 3715,4115,3612,3713,3615,4010
8006: 7761,8163
9218: 9217,9120,9238,9079,9122,9504,9307
687: 492,755
9491: 2554,9924,2738,9624,9333
5185: 5186,5084,5285
3262: 3460,3856,2870,2964,4045,3559
3073: 3176,3079,2777,3072
9770: 9612,9257,10004,9843,9934,9281
4139: 9442,4045,3559,4343,3755,9591
8590: 8776
9771: 9516,9815,9990
9786: 9893,9692,9293
697: 233,9345
698: 
7742: 7400,7135,7314,7311,8066
700: 9416,9272,9345
9651: 9963,9831,9942
9695: 10034,9690,9710,9936
9925: 9878,9972
6631: 6820,6629,5965,5868,6062,6348
8242: 8391,8318,8667
9244: 2678,3470,9398,10010,9810,9476
707: 
9952: 7675,9735,10022,8597,9778,9544
709: 1068
2580: 9595,2866,9532,9619,10033,2968
5086: 5087,4986,5186
9513: 9538,9258,9723,9646,9599,9498
8365: 7901,7902,7818,8061,8766,8703
3400: 3497,3301,3204
7325: 7150,6682,7146,6966,7413,7757
2866: 9595,2580,2390,2968,2967
6028: 5727,5331
718: 9245,2451,9635,927,1075,2643
9440: 1295,9698,9969,9804,9339,9337
9889: 8983,9292,9926,9919,9691,9854
9340: 9594,9750,9519,8521,8450,9285
722: 
723: 792
3783: 3683
8081: 8663,9616,8386,7673,8526,8596
9173: 9171
6348: 5774,6724,6062,5870,6820,6631
728: 943
2953: 3144,2662
9350: 5256,5051,9604,5150,9404,9632
731: 596,733
3517: 3820,3519,3222,3615,2836,3819
733: 596,664,731
10022: 9952,9735,9963,9831,9778
3098: 
9272: 9416,700,9565,9515,9991
2800: 2704,2896,2148,2424,2895,9322
9430: 9248,9366,9259,1973
7455: 7791
740: 9427,1110,9371,1608,1351,359,1270
9219: 9122,9560,9504,8879,8987,9239
6724: 5774,5871,6348,5970,6820,9543,9512
743: 744
744: 746,678,743
2691: 2881,2689,2311,2595
746: 890,744,678
6405: 7152,6507
9622: 9915,9852,9453,9252,9593,9290
7279: 7791,7942
750: 1784,1698,366,9369,9626,616
7413: 7145,8386,7673,7146,7325,7757
7360: 6823,6915,9301,6731,9561
8309: 7911,8383,7992,8150,9448,8228,9356
754: 1286,1367,1449
755: 687,499
9356: 8228,9592,8309,9334,9448,9353
9347: 9763,9989,10015,9314
758: 973,561,760
6072: 6266,6163,6071,5975,6358
760: 563,561,758,973
9217: 9640,9120,9237,9218,9307,9420
762: 977,1052,902,501
9992: 9792,9941,10035,9867
9743: 9812,9980
9783: 9687,9314,10015,9833,9953
8179: 
5023: 5121,5138,5036,5031,5417,5421,5123
768: 568,384
7348: 7259,7349
6665: 6759,6474,7125
6385: 6481,6480
9390: 9346,9484,9436,9534,9486,9928
9304: 9913,2743,9697,9679,3321,2836
774: 840
7289: 7462,7375,7460,6932,7110,7026
4823: 4626,4725,4730,4817,4716
6931: 6464,6653,7019,6749
7818: 7899,7735,7979,7901,8365,8061
9417: 6011,5910,9684,9801,9469,9494
8984: 9450,9691,9800,9292,9545
781: 
5113: 5010,4917,5110,5214,5215
783: 588,645
9781: 9803,9537,9798,10037,9656
9412: 9258,10013,9352,9573
7141: 7142,7319,7581
787: 
8395: 
9795: 9875,9740,9649,9617,10029
5495: 5395
9936: 9508,9710,10019,9695,10034,9643
792: 793,723
793: 792
794: 9637,9382,2030,1676,2305,1762
4328: 3715,4115,4330,3819,4232,4331
4329: 9955,4030,3820,3821,4332,4123
8480: 8481,8799
7019: 6653,6744,6927,6931,6930,6749
10021: 9267,9961,9731
4643: 4642,4955,4650,5044,4641,4849
801: 9586,9674,1027,874,9276,948,1263
9383: 9793,9589,9326
8273: 8271,9102,8485
5574: 5868,5278,5475,5274,5672
6941: 7300,7562
9913: 2743,2744,9697,9304,9585,2649
807: 466
808: 477,416
6389: 6582,6196,6583
9363: 9552,9980,9635,9291,9245
811: 251,9461,672,1276,892
4626: 4823,4725,4621,4525,4616
9284: 9419,9904,9649,8075,7579,7911,8383
5352: 5353,5251
9553: 9339,2151,9337,9366,1539,9259
4263: 4364,4156,4463,4347,4349,4458
8376: 8301,8228,9592,8304,9336
3810: 3805,4010,3907,4218,4320
6832: 7198,7010,9550,6916,7020
2902: 2523,2806,2710
6316: 6022,6320,5724
2912: 2818,2815
2719: 1630,2251,2815,3200
3255: 3947,3942,3451
8970: 8419,8555
5587: 
8972: 8921
8372: 8710,8373,8513,7988,8225,7909
3204: 3205,1238,3301,3400
9972: 9500,9878,9819,9748,9925
6093: 5995
7349: 7437,7348
9820: 10018,9871
834: 233,9883,9969,9807
2698: 2509,2699,2888
9400: 6969,6781,9518,9559,9531,9785
7300: 6941,7562,7123,9593,9379,9915
9625: 7965,8042,9568,9391,9641
839: 384
840: 989,774,1216
9389: 9267,9961,2453,9606,2362,9554
9897: 10028,9825,9814,9922,9890,9921
8058: 7733,8056,7979,8363,8431,8639
9305: 9471,9306,9265,6338,9901,10035
9501: 9126,9085,9387,9318,9558
6508: 5419,5917,6018,5413,9575
7516: 7775
848: 996
5873: 5680,5775,5776,6350,6164,5973
7858: 7156,7062
9810: 9659,9675,9822,9244,9398,10010
7646: 7560,6275,7298,6847,9588
9111: 8921
5256: 9350,5051,9404,6339,5355
7248: 9373,7929
6531: 6906
9947: 9870,9693,9834,9375,10032,9994
858: 860,1006
10030: 9789,9762,9857,8304,8521,8450
860: 858
861: 864
3994: 4094
9387: 9126,9501,8885,9125,9507,9558
864: 861
8962: 9010
9528: 9414,1272,9247,9372,9295,9918
9375: 9597,9582,9396,9834,9947,10032
9282: 9459,9524,9734,4336,9521,9483
10041: 9815,9990,9957,3731,10038
9442: 4139,4343,9422,9591,9462,9256
8431: 8363,9079,8211,8056,8058,8499
872: 9551,1019,2037,1512,1178
6906: 6531
874: 1027,1025,801,1263,359
9270: 9760,9736,9821,9830,9719,9276
5533: 5335,5332,5633
7386: 7119,6934,7560,7117,8208
9019: 9444,9661,9407,8126,8867,7888
4621: 4521,4307,4525,4514,4616,4626
7518: 
4123: 4330,3819,9935,3820,9955,4329
7555: 7723,7550,9346,9436,8333,7721
9591: 9422,10032,9582,3755,9442,4139
884: 672,1276,9427,1608,9372,1272
9059: 9012
886: 614,965
4385: 4284,4285,4485,4486
888: 
4470: 4566,4269
890: 746
9707: 1027,1025,9760,9829,9421,9655
892: 1197,1276,811,9461,9323,9393
6716: 6622
3615: 3222,3713,3517,3715,3712
6582: 6389,6583,7670
5775: 5873,5680,5970,5678,5676,6350
9558: 9507,9387,9501,9802
9999: 9866,10027
5839: 5933,5536,5736
9831: 9963,9651,10022
9419: 9284,9904,8076,9260,9628,8075
902: 1124,762
5970: 5774,6724,5676,6350,9512,5775
8228: 8301,8376,9592,9356,8309,7992
2642: 1473,1075,2643,2459,2639,2551
6204: 6007,5710,9627,9779
9335: 9645,9813,9722,9296,9246,9709
9471: 9305,9306,9614,10035,9867,9343
9472: 9729,7368,9687,7617,7191,10024
910: 1367,630,1449
9835: 9738,7563,9754,7562,9915,9852
9091: 9092,9170
6320: 6022,6316,5129,9861
9808: 9302,9604,9574,10017,9632,9985
9604: 9302,9808,5150,4845,9632,9350
6266: 6072,6265,6461,5978,6460
8097: 9842,8175
5278: 5574,5868,6062,4978,5177
4573: 4675,4771
4719: 4611,4709,4725,4809,4710,4716
9567: 9749,9615,9560,9239,9162,9546
4616: 4611,4405,4514,4621,4626,4725
923: 
7470: 8811,9563,7467,7558,7383,7641
9351: 9411,9541,9970,1756,9555,9535
10040: 9626,368,9460,9907,9782,9580
927: 1228,1556,9635,9530,718,1075
6188: 
5192: 
9796: 9759,9790,9485,9697,9679,9704
9789: 10030,9762,9727,10039,9939
9530: 9635,9291,9264,9495,1228,927
9764: 5713,5813,9696,9801,9724
5931: 5332,5633
9950: 9775,9699,9837,9329
936: 
9611: 2057,2424,1881,9428,9445,9566
9477: 9509,9467,9290,9453,8282,8565
3248: 
3238: 3236
941: 
3027: 3121,3412,3612,2928,3713,2742
943: 728,1097
944: 
5995: 6093
5662: 5856,6144,9490,9367,9578,5663
7383: 7558,7207,7292,7380,7467,7470
948: 1261,9281,1180,9586,801,1263
9981: 9702,9832,9587
3838: 2858,3842,3835
2767: 2483,2576
9715: 9903,9902,9250,9296,9722
4155: 4146,9256,4347,4343,4255,3953
7150: 7417,6682,7325,7505,7757,7847
5633: 5533,5931
8499: 8430,8878,8429,9238,8211,8431,9079
6323: 6219,6226
7992: 8309,8150,8227,8301,8228
959: 965,1042,9338
6460: 6744,6266,6265,6461,6077,6645
5807: 5508,6105,5709,7252
4574: 4675
3342: 3145,3144,3242,3340
5110: 4907,5010,5113,5009,5214
965: 959,886
8784: 8844
7649: 7478,7565,7393,7733,8498,7899
9902: 9903,9715,9250,1901,1553,1810
9812: 9980,9743,9514,9291,9264
5678: 5480,5676,5581,5680,5775
3674: 3774
972: 
973: 758,563,760
9249: 9360,9429,9583,9562,5722,5225
9800: 9691,9787,9634,8984
7787: 7865,8029
977: 1052,762
978: 1367,630,1052,501,1286
3224: 2937,3531,3421,3226,3628
980: 3093,9506,2802
9876: 9766,9927,3635,9922,4030,9921
6037: 6420,5225,5424,9784,9668
5683: 5876,5776
9720: 9708,1816,9813,1820
8705: 8142,8707,8991,8292,8766,8882
9366: 9590,9430,9248,9553,9337,9259
9930: 8205,9919,8496,9971,10043,9926
5031: 5138,5036,9454,9503,5023,5338,5123
989: 840,1216,1297
10009: 9517,7066,9880,10012,6586,6585,6966
8807: 8916,8917
8950: 8841,8837,9046,8949
9451: 2280,2189,2098,9954
9046: 8837,8950,8949
4266: 4168,4269,4367,4164,4068,4364
996: 848,1069
9381: 9391,9641,9864,8688,9716,8044
4783: 
5355: 6242,6338,9404,5256,9909,9265
5536: 5335,5839,5933
9630: 9747,9986,9361,9327,9572,9542
6759: 6665,7125,7128,7127
9536: 9268,9298,1978,9577
9320: 9254,9279,9409,9443,9397,9342
5000: 
1006: 1078,858
1007: 
10016: 9494,9898,9847,9914,9906
7719: 7721,7885,8262,8333,8033,8042
8891: 9005,8779
5093: 5194
7570: 7569,6669,7309,7739,7737,7821
1013: 1251,9741
1014: 
4232: 4331,4336,4328,4330,9262
6583: 6391,6964,6389,6582,6871
9039: 8990,9130,8885,9894,9126,9085
9872: 6337,6052,6047,9658,5957,9964,9873
1019: 872,9405,9748,9819,1178,1340
7462: 7289,7375,7026,7974,7292
9349: 9688,9423,9568,9391,9864
9811: 9673,9794,9827,9749,9863,9858
3373: 3372,3471
9602: 9280,9266,9523,4826,5142,9454
1025: 9707,1027,874,9421,359,9371
8199: 8425,8624,8821,9653,8044,9581
1027: 9707,874,1025,9276,9760,801
2987: 2609,2699,2893
8271: 8620,9102,8273
7885: 7721,7719,7888,8126,7965,8042
3803: 4108,3907,3506,3211,3903
8261: 8119
5419: 5214,6508,5215,5211,5917,5413
3385: 
7060: 6784,9518,6967,7417,9525
5294: 5194,5295,5395
10018: 9871,9820,9755,9985,9549
5841: 
2944: 3041,3137,3234
7417: 7150,6682,6967,7060,9525,7505
10038: 10041,3729,9966,3731
1042: 157,9338,959
1043: 1782,2321,9758,1611,9663,2416
1044: 1617,1616,9273,9809,1446,1529
4347: 4146,4155,4255,4349,4263,4156
5585: 
3839: 9891,10011,3646,3842,3741
2649: 3025,2830,9319,9585,9913,2744
9334: 9938,9617,9448,9356,9353,9917
9862: 9742,9997,9671,9286,9845,9510
3680: 
1052: 977,762,501,1286,978
9978: 9766,9927,9966
9731: 9816,9859,9961,10021,9924
9721: 9718,9751,9959,9929
5776: 5873,5680,5973,5683,5876
3136: 
7942: 7952,7279
8146: 8221,8066,7743,8222,8296,8579
6930: 7020,6932,7110,7019,6749
4978: 4979,5278,5177
7309: 7570
9279: 9254,9320,9481,9250,9443
9641: 9391,9381,9625,8422,8688
5177: 5478,4978,4979,5278,6062
5598: 5697
1067: 1894,1805,1984,9818,9958,2072
1068: 709,1145
1069: 996
7888: 7721,7885,7723,8867,9019,8126
1071: 2074,1987,1225,1553,1227
6847: 9379,9588,6658,6564,7646
9742: 9997,9862,2584,9965,9671
9890: 9921,10028,9897
1075: 1473,2642,2643,718,1556,927
1076: 1477
9066: 
1078: 1006,1152
9649: 9284,9904,9875,9795,8383
4852: 5150,4950,4849,4845,4855,5159
9292: 9889,8983,9691,8984,9378,9545
3764: 4165,4068,3763,3765,3665
9963: 9651,9831,9457,9942,9735,10022
2940: 3037
7932: 7770
9571: 9982,9556,10003,10005,9824,10039
7775: 7516,7428
8170: 7765,7340,7929
1089: 
5274: 5269,5672,5475,5070,5574
9607: 5964,6349,6629,9377,9308,9638
1092: 1170,1169
5421: 5917,5417,6018,6118,5023,5123
9583: 9360,9249,9452,5225
9683: 9842,8175
9746: 9958,9757,9298,9380
1097: 943
9322: 9403,9287,2424,9445,2800,2148
7562: 6941,7300,7033,9915,7563,9835
7903: 8064,8292,8144,7739,7821
2742: 3222,3713,2928,2743,2744,3027
9512: 6350,9540,9406,6724,5970,9543
4569: 4665,4565,4566,4865,4867
9452: 9678,9360,9583
9341: 9432,6416,9644,9685,9914,9896
4665: 4569,4565,4462,4661,4865,4660
4939: 4736
9751: 9718,9721,9670,9959,4937,9877
9939: 9727,9789,8450,8658
1110: 740,9371,359
9780: 9905,2362,9895,9840,9937,2552
3776: 3777
9314: 9783,9687,7617,9347,9989,10015
2689: 2691,2881,2403,2595,2586,2685
9927: 9876,9766,9978,3729,3635,9966
4703: 
5664: 5269,5572,5466,5564,5765,5961
1118: 616,1197,9323,9414
9514: 9488,9388,9321,9812,9264
8208: 9478,7386,8356,7117
6249: 6055,9817,7086,9725
9760: 9270,9736,9829,9707,1027,9276
9624: 2553,9319,2733,2738,9491,9333
1124: 902,372
9610: 9546,9564,9827,9613
9791: 233,9883,9775,9345,9699,9657
3842: 3450,3646,2858,3838,3839
5348: 5551
9125: 9548,9242,9507,9038,8885,9387
9441: 9590,9804,9853
3279: 3280
1132: 1211,9706,1444,1362,1873
2584: 2778,2585,2201,9742
2873: 2776,3464,9619,9608,2391,2968
2963: 3552,9609,3849,9374
1136: 1297,1375
6280: 6376,6375,6085
9345: 9775,9416,700,233,697,9791
8373: 8710,9317,8372,8225,9982,8943
7127: 7128,7217,7393,7125,6759,7565
9402: 9499,9354,9643,10034,9944,9465
9289: 9534,9486,9705,8031,8186
9887: 9646,9599,10027,9689,9866,9799
2752: 9654,9841,2848,2655,2657
1145: 1303,1068
3612: 3412,3027,3713,3805,4010,3712
3210: 3504,2822,2728,3211,2824
1148: 1228,1556,1901,527,1727
9759: 9796,9790,9816,9485
9777: 4839
7532: 9310,9458,6915,6639,7095
1152: 1477,1078
9956: 9586,9674,9856,9843
9447: 9998,9373,9434
9991: 9468,9676,9706,9515,9272
9690: 9695,10034,9944,9763
9958: 9818,9746,9757,1067,2072,9380
4491: 4390
9532: 9286,9479,2770,9595,2580,10033
6265: 6639,6266,7095,6645,6460
4650: 4642,4955,4643,4548,4442,4757
4871: 4773,4771,4968,4870,4969,4876
9678: 10025,9480,9360,9452
9589: 9273,9326,9383,9809,9923
9355: 7560,9588,9478,9252
8838: 8837,8835,8841
9456: 9378,9545,9828,9277,9686,9984
8990: 9130,9039,8885,8991,8989,9038
1169: 1251,9741,1170,1092
1170: 1092,1169
2983: 3079
9326: 9273,9589,9383,9907,9793,217
9369: 9323,9580,9626,616,750
9805: 9650,9647,9773,9967,6448,6731
4192: 4293,4292
7062: 7156,7152,7419,7858
9167: 10014,9166
1178: 1340,1019,872,2037,1592,1594
9457: 9531,9942,9559,9466,9735,9963
1180: 1261,948,1187,1263,1772,1428
5302: 5403,5202,5201
9357: 2728,9761,9342,9397,3502,2822
9704: 9679,3127,9796,9790,3421
4773: 4675,4771,4871,4876
8983: 9889,9292,8701,9919,9237
6058: 5959,5765,6349,5961,6155,6347
1187: 1351,1263,359,1180,1428
6084: 6085,6375,6278
9162: 9037,9239,9194,9567,9615,9242
2586: 2492,2685,1762,2030,2403,2689
9975: 9725,10006,9817
6105: 5508,5807,5705,7252
2662: 2758,2953
5852: 5455
6896: 6516
2655: 2657,2752
1197: 1276,892,9323,1272,1118
1198: 2135,2044,1867,9247,9295,1527
5250: 5451,5249,5452
6973: 6969,6403,7419,9785
3628: 9957,3727,3224,3531,9713,3226
2937: 3224,3531,3627
3079: 3176,3073,2983,3072
9980: 9812,9743,9363,9291
8766: 8882,8703,7902,8365,8292,8705
6291: 6387
6900: 
9263: 9460,156,9461,9393
9475: 9384,9511,5224,9278,9432
4789: 4891
1211: 1132,9706,1784,1706,9676
9865: 9818,9757
4655: 4661,4559,4448,4548,4658,4757
9017: 9016,8960,8861,9983
2669: 2570
1216: 989,840
9875: 9795,9344,9740,9271,9904,9649
8451: 8304,9336,9692,8521,9750
10031: 9779,9753,9977,9880,10012,9714
9919: 8205,8701,9930,9926,9889,8983
9966: 3729,10038,9927,9978
9839: 9920,9650,9773,9603
9828: 9545,9456,9450,9739,9681,9984
8821: 8688,8426,8044,8199
1225: 2074,1071,9557,9470,9365,1227
7086: 6437,6055,6249
1227: 527,1553,9365,1071,1225
1228: 1148,1556,927,9495,9530,527
9303: 9449,9509,9852,9453,9754,9885
3771: 3772,3670
9462: 9797,9489,10000,9422,9442,9256
7542: 7014,7794,9989,9993,7617,7368
7398: 7311
9511: 9384,9475,9575,9601,9278
5910: 6011,9417,5813,9801,5710
8186: 7380,7631,8032,7375,9534,9289
8710: 9317,8372,8373,8513,8296,8995
1238: 3204,3205,2170,9254,9409
9313: 9403,9287,9526,9330,9433,9502
1240: 
4521: 4621,4307,4525,4314,4422,4322
3734: 3729,3635,3731,3928,3727,3733
5283: 5281,5480,5581
9254: 9279,9320,9409,9481,1238,2170
9556: 9982,9571,9297,9317,9629,10005
1246: 1494
4349: 4450,4458,4240,4146,4347,4263
3678: 3777,3578,3778
10023: 9965,9671,9542,1756,9327,9970
9901: 9941,10035,6338,6335,9305,9658
1251: 1169,9741,1013
3646: 3450,3842,2578,9931,3839
6622: 6902,6716
9438: 9767,9661,9407,9892,9854,9787
8225: 8150,7909,8372,8373,8943
8274: 8919,9236,8343,9070,8630
8917: 8916,8807,8805
4997: 
7440: 7353,7265
7478: 7564,7565,7649,9846,8498
1261: 948,9281,1180,9257,1512
9420: 9618,9277,9640,9217,9307,9613
1263: 1187,359,801,874,948,1180
8126: 9019,9407,7888,7885,7965,8046
9307: 9504,9217,9218,9420,9564,9613
4839: 9777,4941
8178: 
3184: 2895,2896,3185
8336: 8265
1270: 1525,1436,1351,740,1608,1864
6645: 7095,6916,6265,6460,6744,6927
1272: 9528,1197,1276,884,9372
9643: 9402,9354,9508,9936,9310,10034
9548: 9242,9125,9507,9615,9863,9672
9846: 9885,9738,9754,7564,7478
1276: 672,1197,892,884,811,1272
10039: 9824,9727,9571,10003,9789,9762
3641: 3545,3448,3151
3533: 3434
4255: 3957,4057,3953,4347,4155,4156
5917: 5417,6018,5421,6508,5419,5215
8619: 8861,8801,8683
4364: 4263,4156,4463,4266,4367,4164
9874: 9669,9747,9665,9737,9774,9899
4694: 
1286: 754,1052,1367,978
2808: 2336,2524
7996: 8076,7668,7581,7318,7494,7913
9395: 9712,9505,9344,9740
7119: 7298,6749,6934,7386,7560
9537: 9803,9446,9781,9338
9601: 9860,9511,9575,9309,9724
4891: 4789
9343: 9867,9471,9614
1295: 181,9440,9969
4284: 4285,4385
1297: 989,1136
9360: 9249,9429,9583,9480,9678,9452
9935: 4123,4330,9955,9262,9328,9814
2881: 2691,2689,2685,2974,3072
9505: 8596,9359,8663,9344,9395
1302: 1549,1721,1384
1303: 1145
6507: 6403,6405
2974: 2777,3072,2685,2881,2778
2758: 2662
5639: 5543,5640
9857: 9752,8301,10030,9762,8304
9016: 9017,9010
7769: 7850,7936,7767,7770
4603: 4504,4605
1312: 1729
9713: 3531,9520,9516,9957,3628,9990
1314: 
9408: 5044,4641,9352,9482,9302,9574
9010: 9016,8962
8383: 7911,8309,9284,9649,9448
9712: 9395,9359,9386
3819: 4123,4330,3820,3517,4328,3715
8943: 9752,8373,8225,9982,10003
5036: 5138,5031,5023
4855: 5159,5060,4955,4858,4852,4849
7670: 7836,6582,6964,7050
9525: 7505,9559,9466,7060,9518,7417
7190: 8020,7952
3367: 3670,9364,2776,3971
1327: 
9130: 8990,9039,8707,8991,9894,9600
5361: 5462,5657,9394,5755,5064,5163,5167
6246: 9725,6439
4559: 4661,4448,4655,4450,4458,4462
7935: 8015,7934,7771
3166: 2391,2968,3763,2967,3860,3460
7353: 7440
6201: 9631,6100,9517,6391
1336: 1502,1759,1504
9996: 9858,9794
3586: 
9729: 7368,9472,9486,9705,9928,10024
1340: 9399,1178,1506,1019,9819,1592
4399: 4298
6448: 9967,6541,6163,9805,6731,6823
9519: 9594,9340,9285
10033: 9463,9619,9532,9659,2770,2580
9588: 9593,9379,6847,7646,9355,9252
5304: 5204
9424: 9418,9621,3837,9772,3536
9468: 9676,9439,9991,9473
6022: 6320,6316,5129,5724
4687: 
1351: 1187,359,740,1864,1428,1270
6964: 6583,6871,7670,7145
4081: 
9295: 1527,9758,9918,9247,9528,1198
9276: 1027,9830,9270,9760,9674,801
5889: 6085,5789
9024: 9069,8868,8921
3774: 3674,3874
9864: 9391,9381,9688,9349,9916,9716
3701: 3502,3504,2822
6902: 6622
1362: 1873,424,368,1784,366,1132
9685: 9908,9278,9341,9432,9847,9914
9842: 8175,9683,8097
9338: 1042,959,9446,9537
6278: 6375,6848,6084,6564,7123
1367: 630,910,978,1286,754,1449
9012: 9059
10005: 9960,9629,9556,9571,9664,9824
9737: 2021,2024,9665,9669,9874
5281: 5578,5180,5283,5480
6695: 6598,6696
8479: 8338,8737,8540
5390: 5389,5490
1375: 1461,1136
3818: 3519,3821,3321,3127,3526,3722
3577: 3578
9596: 9368,9497,8282,8631,8694,9971
9881: 9653,9995,9581,9492
6662: 7389,7033,6474,7563
5121: 4929,5317,5023,5138,5417
9437: 9353,9592,9336,9893
5123: 5338,5136,5023,5031,5421,6118
1384: 1806,1549,1302
7965: 9625,8042,7885,8126,8046
6009: 6984,6011,9753
1387: 2253,1894,1984,9470,2074
3957: 4057,4255,3858,3953,3856,3860
5813: 5709,5713,9764,6007,5710,5910
4483: 
5649: 5550
1392: 9745,1729,1995
9561: 9508,10019,9301,9667,7360
9274: 6003,9299,9253,5904,9631
7400: 7742,7135,6671,6672,7311
7679: 8460,7680
5010: 4917,5113,4910,5110
10028: 9825,9897,9890
3025: 2928,3119,2926,2649,2830,2744
9302: 9604,9808,9574,5044,9408,4845
9521: 4331,4336,9269,4323,9483,9282
3545: 3449,3448,3641
5663: 5959,5765,5564,9578,5662,5856
3715: 4328,3712,4115,3615,3819
9385: 9370,9300,9288,9900,9807
3280: 3279
8343: 8919,9236,8274,9581,8425,9492
9949: 9931,9888,9682,2389
9070: 9236,8274,8630
5104: 5204
4131: 
1412: 1841,9677,1666,1838
9277: 9420,9618,9686,9640,9378,9456
1414: 
6376: 6280,6375,6848,6849
5225: 5722,6420,6037,9249,9583
3137: 3041,2944,3236
9883: 233,834,9791,9698,9657,9969
1419: 1502
1420: 
1421: 2119
8658: 8450,9285,9939,8591
9809: 9933,9923,9273,9589,1044
9415: 9637,2028,9251,9283,2021,2024,2305
9079: 8363,8431,8499,9238,9218,9122
9646: 9887,9599,10027,9513,9723
9535: 9555,9351,9541,3850,2865
1428: 1864,1861,1180,1351,1187,1772
4141: 3849,9425,3458,9597,3850,3949
9779: 9753,10031,6204,9977,9627
9329: 9837,9565,9487,9416,9950,9775
3949: 3850,3656,3755,4141,9597,9582
7865: 7787
8905: 8904
9460: 9263,9782,9580,9393,10040
1436: 1270,1525,1864,1777,2133,1778,1867
4045: 4139,3559,4343,3262,3856,3953
4240: 4349,4450,9489,4146,9331
3386: 3485
7146: 6871,6585,6966,7325,7145,7413
2595: 2311,1943,1853,2403,2691,2689
7988: 7913,8513,7494,8372,7909
9836: 8033,9587,9426,8262,9702
1444: 1132,9706,1873,1616,9806,9515
9734: 9282,9524,4336,9569
1446: 9933,1617,1044
7673: 8386,7413,7757,7839,8081,8596
9301: 9667,6731,9603,9773,7360,9561
1449: 754,1367,910,1619
5142: 9454,9602
4146: 9256,4347,4155,9489,4349,4240
9869: 1617,1616,9806,9487,9974
9497: 9368,9596,9584,7973,8811
9769: 9798,9656,9829,9823,9728,9736
5163: 5064,4865,4660,5062,5361
4716: 4915,4817,4719,4823,4725,4710
9708: 9720,1727,9903,9813,9722
8679: 8550,8481,8799
5920: 6421,5224,5136,9562,5722,6420
6629: 6820,6631,5965,5964,9607,9308
1461: 1375,1800
9469: 9309,9801,9908,9417,9494,9847
5736: 5839,5637
9236: 8274,8343,8425,8695,9070
9508: 10019,9936,9561,9310,9643
9658: 6337,9872,6335,9901,9941,9873
9666: 9726,9849,9979,9648
9763: 9347,9989,9993,9690,9944
4314: 4319,4007,4422,4521,4307
6439: 6912,9725,6246
9860: 9601,5413,9696,9575,9724
2657: 2655,2468,2658,2752,9841
1473: 2642,1075,1556,1727,2639,1816
9325: 9261,9476,9398,9463,9608,9364
9489: 9797,9462,4146,9256,9331,4240
9077: 8928,9119
1477: 1152,1076
9547: 9598,1532,9275,9933,9923
2693: 2411,2410,2311,2600
7870: 8029,8265
7434: 9977,9636,9253,9517,9880
7265: 7354,7440
1483: 1651,2361
9606: 9905,2362,9267,9389
3777: 3678,3776,3778
4876: 4773,4871,4969,5475
1487: 9730,1738,1739
1488: 2552,2453,2451,1557,2364
3639: 3345,3643
7839: 7757,8597,7847,7673,8729,8596
3835: 3444,3940,3838,10011,9932
7033: 6849,7562,7563,6662
3713: 3222,3615,2742,3612,3027,3712
1494: 1246
9074: 9214
9858: 9996,9827,9811,9794
1497: 1931,2483
9268: 9536,9493,9577,1630,2251
7581: 7668,7996,7141,7142,7319,7318
5408: 5509,5508
9392: 4427,9269,4422,9633,4322,9483
1502: 1419,1336,1759
5722: 6420,5225,9562,9249,5920
1504: 1849,1583,1336,1759
9544: 9778,9386,8597,9952,8729,9359
1506: 9399,1340,1592,2033,1676,1853
3448: 3545,3449,3641,3251
9802: 9672,9507,9558
9754: 9738,9835,9852,9303,9885,9846
1510: 9405
2761: 3153,3743,2389
1512: 1772,2037,9257,1261,9551,872
2968: 3166,2391,2967,2580,2866,9619,2873
3294: 3295
3471: 3572,3373,2678,3470
6916: 7095,6645,9458,6927,6832,9550
9516: 9771,9520,9713,9990
8015: 7935,7934
9682: 9888,9949
9990: 9815,10041,9713,9516,9771,9957
5159: 9533,4855,5060,4852,4950,9311
7794: 7014,7542,7630,7368,9705
6481: 6385,6480
9372: 9247,1525,1608,884,9528,1272
1525: 9247,1270,1436,9372,1608,1867
9435: 9543,9308,9638,9943,9540,9647
1527: 9295,9758,1198,2044,2047,1782
9376: 9426,8262,8333,9346,9484,9413
1529: 1873,424,217,9273,1616,1044
10010: 9244,2678,9822,10001,9810
9483: 9633,9392,9269,9521,9282,9459
1532: 1619,9275,9547
5403: 5302
3858: 3957,3860
4177: 4278
9577: 9493,9358,9380,9298,9268,9536
9910: 5942
5978: 6461,5975,5876,6266
1539: 9259,9553,2151,2806
8879: 8363,8881,8639,9122,9219,8987
9461: 811,155,9263,156,892,9393
1542: 2153,1800,2341,2526,2156,2715
7505: 9525,9466,7150,7417,7847,7675
9258: 9538,9513,9723,9412,9573
9102: 8271,8273
9970: 9351,9411,10023,9671,1756,9845
7735: 7818,7899,7217,7393,7901
9739: 9976,9450,9828,9681
1549: 1721,1302,1384,1806
9374: 3849,9425,3552,2963,9332
9968: 9909,9265,9549,9306
3947: 3255,3552,3942,3837,3536
1553: 1901,1227,1071,1810,9902
9735: 9952,7675,10022,9466,9457,9963
4525: 4621,4521,4529,4322,4626
1556: 1228,1148,927,1473,1075,1727
1557: 9245,2451,9552,1561,1488
9732: 334,9850
7973: 8565,7811,7558,8811,9497
3765: 3867,3665,3764,4068,4169
1561: 9895,1557
6969: 6973,9400,6974,6781,9785
3837: 9621,9756,3947,3942,9424,3536
9421: 9642,9496,9655,9707,1025,9371
9859: 9554,1915,9961,2554,9924,9731
8296: 8222,8513,8146,8579,8995,8710
4069: 4271,4169,3867
9689: 9838,9866,9797,10000,9887,9799
9229: 9185
8995: 9127,8579,9297,8296,8710,9317
1571: 1572,9730
1572: 1571,1573,1740
1573: 1572
10032: 9422,9591,9994,9375,9582,9947
5882: 
8471: 
9851: 93,133,33
9916: 9688,9864,9716,9995
3550: 3451,3940
5508: 6105,5807,5408,5509,5613
9884: 9667,9603,9848
9924: 9491,2554,9859,9816,9731
1583: 1504,1849,1759
6927: 6744,7019,6916,6645,7020
5551: 5348,5849,5848
9253: 9274,9299,9636,7434,9631,9517
4448: 4559,4655,4450,4548,4444
9745: 1392,9882,10008
6242: 6339,6244,5355,6338,6335
8282: 8565,9509,8631,9477,9596
5455: 6140,5852
1592: 1855,1594,1178,1506,1340,1853
9705: 9289,9486,7794,7630,9729,7368
1594: 1592,2036,1855,1950,2037,1178
5317: 5121,4811,4917,5215,5417
5087: 5086,4986
9480: 10025,9294,9678,9503,9360,9429
9564: 9546,9610,9613,9560,9504,9307
5194: 5093,5294,5295
9490: 5662,6144,9367,9539,6339,6244
9166: 9167
9971: 8694,8496,9368,9596,10043,9930
8614: 8677
8419: 8970,8485,8417,8346,8555
8794: 
9458: 9310,7532,7095,6916,9354,9550
9342: 9761,9357,9320,9246,9443,9397
1608: 9427,740,884,1270,1525,9372
4087: 
9431: 9315,9566,9324,9464,9288,9300
1611: 9663,9962,683,1043,2416,2231
5581: 5283,5678,5480
6077: 6461,6078,6460,6653,6744
9157: 8978
6371: 6464,6275,7298
1616: 1617,1044,9869,1873,1529,1444,9806
1617: 1616,1044,9869,1446
7184: 7002
1619: 1532,9275,1449
2776: 2873,3464,9608,3367,9364
9486: 9534,9289,9705,9729,9928,9390
1622: 2236,9428,9527,2234,1881
4950: 5150,4852,5159,5051,9311,9539
5964: 6349,5961,9607,5572,6629,5965
5572: 5269,5672,5664,5964,5961,5965
5269: 5572,5274,5672,5664,5466
9145: 9205
3934: 
8636: 8358,8694,8496,8632,8429
1630: 2719,2251,9268,2909
9662: 9822,3170,10001
8677: 8614,8676
8861: 8960,8619,8683,9983,9017
9484: 9346,9390,9733,9928,9413,9376
5051: 9350,5256,5150,4950,9539
3460: 3262,3856,2870,3166,2967,3860
3464: 2873,2776,2391,3971,3666,3665
4941: 4840,9868,4839
9929: 9348,9718,9721
9348: 9703,9929,9718,9266,9523
5848: 5849,5551,6041
5550: 5649,5750
5202: 5201,5302
4907: 5007,5110
9723: 9258,9513,9646
8075: 7579,7913,8076,9284,9419
9749: 9567,9615,9863,9546,9827,9811
9848: 9884,9667,9710,10019
4422: 4319,4314,4427,9392,4521,4322
8392: 8168
1651: 2361,1483,1996
7630: 7195,8031,7009,7794,9705
5328: 5426,6219
9494: 10016,9847,9469,9417,9684
7761: 8006,8005
7110: 7020,6932,6930,7198,7289,7460
10042: 9920,9529,9362
8597: 7847,7839,9952,7675,8729,9544
9863: 9749,9615,9548,9811,9673,9672
4332: 3722,3733,3821,4329,4030
3295: 3294
4462: 4665,4565,4458,4463,4661,4559
4004: 3903,4104,4007
7680: 7679
9318: 9664,9960,9085,9501
1666: 9677,1412
9612: 9770,9257,10004,9551,9405
9824: 9727,10039,10005,9571,9664
9998: 7249,9373,9447
7380: 7292,8186,8032,7467,7383
9680: 6041,9652
8221: 8066,8146,8064,8144,8770,8579
9520: 3531,3627,9713,3431,9516
6671: 6575,6672,6576,7400
9700: 9717,2540,9709,2728,9761,2824
1676: 2033,2030,9399,1506,794,9382
9518: 6784,6781,7060,9400,9525,9559
9750: 9594,9340,8451,9692,8521,9293
7163: 6978,6886,6884
6011: 5910,9417,9684,5710,6009
5961: 5964,6349,5572,5664,6058,5765
9549: 9909,9968,10018,9755
9510: 9675,2770,9997,9862,9286
7368: 9729,9472,7794,7542,7617,9705
7428: 7775
8020: 7190
2715: 1978,1542,2341,2526,2906
5300: 5400,5200
9776: 9964,6055,10006,9873,9817,9792
9976: 9450,8426,9739
9798: 10037,9769,9656,9829,9781,9655
9792: 9992,9941,9776,10006,9873
3151: 3641
8978: 8630,9157
6391: 6583,6201,6871,6585
4849: 4852,4845,5044,4955,4643,4855
6672: 6576,6767,6480,6671,7400,7135
1698: 750,1784,1706,9946,616,10026
7311: 7398,7739,7742,7400,8144
9931: 9888,9949,3646,2578,2389
9434: 9373,9447
9896: 9906,10020,9341,9644,9914
9409: 9254,9320,1238,3207,9397
7723: 7555,7550,7641,8867,7721,7888
9353: 9917,9437,9334,9592,9356
1706: 1784,1698,1211,1793,10026,9676
6516: 6896
9517: 10009,7066,9880,9253,7434,6201,9631
1709: 2244,2153,2526
9993: 9763,9989,9944,9465,7014,7542
8599: 8163
10020: 9896,9644,9911
8624: 8199
2848: 2752
10026: 1793,683,9946,1706,1698,9962
1716: 2815,9493,1892,2251,2721
9623: 9260,8236,9628,7836,8526,9616
3743: 3741,2389,2761
9399: 1506,1340,9500,9819,9382,1676
9730: 1571,1487
1721: 1549,1302,9940,1805
9907: 9793,9782,9326,368,10040,217
9465: 7014,7009,9944,9402,9499,9993
8593: 8661
9994: 9422,10032,9947,9870,9838,10000
2704: 2800,2609,2057,2424,2893,2895
1727: 9708,1148,1556,1473,1816
9252: 9622,9355,9593,9588,9478,9290
1729: 1312,1392
6307: 6598
4165: 3764,4068,4057,4164
1732: 9397,3207,3502
9906: 9896,10016,9898,9914
9573: 4641,9352,9538,9258,9412,4642
9238: 8499,8878,9079,9120,9218
9741: 1251,1169,1013
6338: 6242,5355,6335,9265,9305,9901
1738: 1739,1487
1739: 1738,1487,1740
1740: 1572,1739
9801: 9309,9724,9469,9764,5910,9417
8119: 8261,7880
9085: 9126,9501,9039,9894,9960,9318
3285: 3284,502,9502
4115: 4328,3715,3712,4010,4323,4331
9248: 9430,9590,9366
1747: 2666,2111,2021,2395,9669,9361
9961: 9267,9389,10021,9859,9554,9731
9590: 9804,9366,9441,9248,9337
3093: 980,2333
6967: 10012,9714,6586,7060,7417,6682
9818: 9958,9757,9865,1067,1805
9813: 9335,9645,9722,9708,9720,2826,1820
9814: 9825,9897,9935,9922,9955,9328
5353: 5251,5352
1756: 10023,9579,9327,9555,9351,9970
9825: 10028,9814,9897,9328
5709: 5713,5813,5613,5807,6007
1759: 1502,1336,1504,1583
9627: 9977,9636,9639,6204,9779
6052: 9872,5957,9964
1762: 2492,2586,794,2030,2212,2305
7945: 8026
9821: 9270,9736,9823,9719
9245: 718,2451,1557,9552,9363,9635
9799: 9331,9522,9689,9797,9887,9599
7191: 9953,9687,9472,10024,9951
9495: 9488,9530,9264,527,1228
6425: 6419
9331: 9522,9799,9797,9489,4240
5186: 5185,5086,5287
1772: 1950,2037,1512,1180,1861,1428
9011: 
4169: 4069,4271,4068,3765,4168
7066: 10009,9517
9529: 9377,9362,9638,9943,9920,10042
1777: 1864,1861,1436,2133,1951
1778: 1867,1436,2133
6541: 9967,6448,6163,9406,6164,6071
9944: 10034,9690,9402,9763,9993,9465
4675: 4773,4771,4574,4573
1782: 2228,2321,1043,1527,9758,2047
7467: 7380,8032,7383,7550,7641,7470
1784: 750,1706,1698,366,1362,1211
9940: 9788,1721,9316,10002
8663: 8081,9616,9271,8596,9505,9344
8639: 8881,8061,8058,7979,8363,8879
9790: 9796,9759,9704
6517: 6709,9855
2815: 1716,2719,2251,2912
9576: 9251,9283
3821: 3820,3519,3818,4332,3722,4329
1793: 2234,10026,1706,9676,9439
9794: 9811,9673,9858,9996
9119: 9077
3497: 3400
3940: 3444,3835,3550,3451
6820: 6631,6629,6724,6348,9543,9308
9628: 9623,9260,9616,9271,9419,9904
1800: 2153,1542,1461,2156
9332: 9772,9425,9374,9620,9396
8616: 7962
7437: 7349
9592: 8376,8228,9356,9353,9437,9336
1805: 1894,1067,1721,9818
1806: 1384,1549
9692: 8451,9336,9893,9786,9750,9293
6464: 6931,6371,6078,6653
8363: 8431,8879,9079,8058,8639,9122
1810: 2079,1987,1553,9902,9250
8142: 8705,8707,8064,8292,8770
5680: 5873,5775,5776,5678
9946: 616,1698,9962,9879,10026
4278: 4177
2895: 2893,2704,2896,2800,3184
1816: 2733,2639,1473,9720,1727
4910: 4809,4710,4811,5010,4917
5699: 
8844: 8784
1820: 2826,2553,9720,2733,9813
8729: 8596,9359,8597,7839,9544
9449: 9509,9303,8631,9885,8632
9642: 9496,9421,251,9427,9371,672
5975: 6071,5973,5876,6072,5978
9953: 7191,9783,9687,9833
8904: 8905
9543: 9308,9435,6820,6724,9512,9540
7757: 7847,7839,7150,7325,7413,7673
5804: 5705,5904,9639,9299
9443: 9296,9246,9279,9320,9342
9684: 6011,9417,9494,6984
9647: 9650,9805,9435,9943,9540,9967
1833: 1921
9296: 9246,9443,9715,9335,9722
2685: 2492,2586,2881,2689,2778,2974
5904: 5804,9274,9299
9560: 9219,9504,9239,9546,9564,9567
1838: 9765,9677,1412,1841
6768: 7319,7402,6767,7135,7314
2678: 9244,3470,10010,3372,3471
1841: 1412,1838,2199
9768: 9753,9714,6784
9255: 9637,9382,9500,9878,9251
3502: 3701,1732,9397,9357,2822
5009: 5211,5007,5110,5214
3145: 3144,3342,3340
9819: 9500,9972,9748,1019,9399,1340
6155: 6537,5761,5957,6058,5959,6347
1849: 1504,1583,2119
9554: 9859,1915,2453,9389,9961
9817: 9776,6055,10006,9725,9975,6249
7778: 7354
1853: 2595,1943,1506,1592,1855,2033,2403
9552: 9363,9245,1557
1855: 1592,2036,1594,2407,1943,1853
2772: 2390,2870,9605,2964,9541,2865
3552: 3947,2963,3536,9374
4390: 4491
6480: 6385,6481,6672,6576
3037: 2940
1861: 1864,1777,1428,1772,1950,1951
5637: 5736
9854: 9691,9787,9767,9926,9438,9889
1864: 1777,1861,1428,1351,1270,1436
9719: 9830,9270,9821
9726: 9849,9861,9666,9784,9979,9668
1867: 1198,2135,1778,9247,1525,1436,2133
3849: 4141,9425,9374,2963,3458
5070: 4969,5475,5167,5754,5274
9563: 7470,8811,8867,7641,9584,9444
8042: 7965,9625,7719,7885,8033,9568
9574: 9302,9808,9482,9408,10017
1873: 1362,1529,424,1616,1132,1444
5007: 4907,5009
9850: 334,9732,446
8033: 9836,9568,8262,7719,8042
9631: 6201,6100,6003,9274,9253,9517
5331: 5727,6028,5230
9847: 10016,9494,9914,9469,9685,9908
9778: 9544,9386,9952,10022
1881: 2057,9611,2236,1622,9428,2610
9908: 9685,9278,9309,9469,9847
8555: 8417,8970,8419
7565: 7564,7478,7649,7125,7127,7393
9239: 9037,8987,9162,9219,9560,9567
6915: 7360,6823,6358,6639,7532
10013: 9482,9412,9352
7081: 7342
9578: 5564,9455,9410,9367,5662,5663
2643: 2642,1075,2459,718,2451,2364
9264: 9530,9291,9812,9488,9495,9514
1892: 9493,9358,2161,2531,1716,2721
2926: 3025,3119,9645,2826,2830,9717
1894: 1067,1805,1984,9316,9470,1387
9747: 9669,9630,9874,9986,9361,9774
9614: 9471,9306,9343
5295: 5395,5194,5294
9261: 9476,9325,3772,9364
2806: 2902,2151,1539
4641: 5044,9352,9408,9573,4642,4643
1901: 527,1553,1148,9903,9902
9744: 10036,9621,9756,9932,9912
10036: 9744,9891,10011,9932
9394: 5754,5657,5361,5755,9533,9410,9455
3119: 2928,3025,2926,9717,2540,3121
3820: 3519,3821,3517,4123,3819,4329
5876: 5683,5776,5973,5975,5978
9503: 9454,5031,9294,9480,5338,9429
1909: 
9660: 10043,9767,9368,9584,9444,9661
2639: 2733,1816,2738,2551,1473,2642
9882: 9895,1995,9745,9840,10008
5480: 5678,5676,5281,5578,5283,5581
9637: 794,9382,2028,9415,9255,9251,2305
1915: 9859,9554,2459,2551,2554
8265: 8336,7870
1917: 2279
9352: 4641,9408,9573,9412,9482,10013
3519: 3820,3821,3517,3818,3321,2836
6326: 9401,9668,6421,6420,6416
1921: 1833
9954: 2010,2098,9451
8044: 9716,9653,9381,8688,8821,8199
9346: 9390,9484,9436,7555,9376,8333
9928: 9733,10024,9729,9486,9390,9484
9911: 9644,9401,9979,10020
9969: 9698,834,9883,1295,9440
4809: 4910,4710,4709,4719
5792: 5891
6978: 7163
1931: 1497,2022,9888,2578
9849: 9726,9861,9666,9701,9648
5492: 
4320: 4427,9269,4323,4218,4010,3810
2822: 3210,3504,2728,9357,3701,3502
4917: 5010,5113,4910,4811,5317
4179: 4280
9853: 9698,9657,9804,9441
5200: 5201,5300
3635: 3729,3734,3733,4030,9876,9927
4606: 4611,4709,4405,4504,4605
4450: 4349,4458,4240,4559,4448
1943: 2311,2595,1853,1855,2407,2410
7340: 7929,8170
9112: 8627,9027
4083: 3982,3983
5475: 4969,5070,4876,5274,5574
9038: 9194,8989,8990,8885,9242,9125
2744: 9913,2743,2928,3025,2649,2742
1950: 1772,2037,1861,2036,1594,1951
1951: 2133,2131,1950,1777,1861,2036
4817: 4915,4716,4826,4823,4730,9280
8676: 8675,8677
9845: 9286,9479,9671,9862,9411,9970
9722: 9335,9813,9903,9715,9708,9296
9312: 9886,9413,9694,9733,9951
4085: 
3236: 3238,3041,3137
6483: 6387
3990: 3991
4990: 
7314: 7742,7135,6768,7402,7743
3480: 
7962: 7880,8616
9534: 9289,9486,8186,8032,9390,9436
4307: 4621,4521,4314,4306,4514
8236: 9623,9260,7050,7142,7836,7668
5705: 5804,6105
3772: 9261,3670,3771
8620: 8271,8919
5424: 5129,9784,6037
8683: 8805,9983,8801,8619,8861
1973: 2524,9430,2244,2336
9679: 3321,3127,9704,9796,9697,9304
5395: 5295,5294,5495
8916: 8807,8805,8917
5426: 5328,6219,5724
1978: 2715,2341,9536,2909
3795: 
4168: 4266,4269,4068,4271,4169
7579: 8075,7913,9284,8150,7909,7911
6709: 6517,9855
9626: 368,10040,9369,9580,750,366
1984: 1894,1067,2072,2161,2253,1387
4937: 9877,4730,4529,9670,9751
9675: 9659,9810,2770,9510,9822
1987: 2074,1071,2165,1810,2079
9492: 9581,9881,8919,8343
4458: 4349,4450,4263,4463,4559,4462
8046: 9892,8422,9407,8126,7965
1991: 2538,2536,2165,9481,2079,2170
9401: 6326,9979,9668,6416,9644,9911
9260: 9623,8236,9628,8076,7668,9419
9885: 9846,9754,9449,9303
1995: 9895,9882,1392
1996: 2272,1651,2271
9388: 9365,9488,9514,9321,9557,10002
4661: 4559,4655,4665,4462,4658,4660
3733: 4332,3722,3928,3635,3734,4030
9605: 2390,2772,9411,9541,9479,9595
2896: 2800,2148,2895,3184,2240,3185
2002: 2090
8667: 8242,8318
9426: 9376,8262,9886,9413,9702,9836
7095: 6916,6645,6639,6265,7532,9458
6848: 6376,6375,6278,7123,6849
5973: 6164,6071,5975,5873,5776,5876
3656: 3850,2865,3949,3755,2964,3559
4501: 
2010: 2098,9954
9487: 9565,9806,9869,9974,9837,9329
9837: 9974,9329,9487,9950
8056: 7733,8498,8058,8210,8211,8431
6669: 7570
2015: 2199,2293,2198
8483: 7958
4134: 
5613: 5709,5713,5509,5410,5916,5508
9328: 9262,9569,9935,9825,9814
4301: 
2021: 2024,9737,9415,2395,9669,1747
2022: 1931,3450,2578
6416: 9341,9432,9644,6421,9401,6326
2024: 2021,9737,9283,9415
9753: 9779,10031,9768,6009,9714
2666: 1747,2111,9361,2201,9965,9542
10017: 9808,9574,9871,9985
2028: 9637,9415,2305
9498: 4444,4442,9599,9522,9538,9513
2030: 2033,2403,1676,794,2586,1762
9354: 9402,9499,9643,9310,9458,9550
8227: 7992,8301
2033: 2030,2403,1676,1506,1853
7520: 7080
8701: 8205,9919,8878,8983,9120,9237
2036: 1855,1594,1950,2131,2407,1951
2037: 1772,1950,1512,872,1178,1594
4548: 4444,4442,4448,4655,4650,4757
9766: 9876,9927,9978,9921
8426: 8688,8821,9634,9976
3928: 3226,3526,3727,3722,3733,3734
9905: 9606,2362,9780,9937
2770: 9659,9675,9510,9286,9532,10033
2044: 1198,2135,1527,2412,2047,2225
9595: 2580,2866,9479,9532,2390,9605
6420: 5722,5225,6037,6421,5920,6326
2047: 2412,2136,2044,1527,2228,1782
7010: 6832,7198,9550,9499,7009,7195
9568: 8033,9625,8042,9349,9391
2738: 2733,2639,2551,9491,2554,9624
9582: 9597,9375,3949,3755,9591,10032
6275: 6658,6371,7298,7646
10019: 9508,9710,9936,9561,9667,9848
5287: 5186
9687: 9783,7617,9314,9472,7191,9953
8210: 8358,8211,8498,8056
2057: 9611,2424,1881,2610,2609,2704
6639: 6265,6358,6915,7532,7095
6871: 7146,6585,6583,6391,6964,7145
8338: 8479,8737,8540
9973: 9823,9728
9804: 9590,9441,9698,9853,9440,9337
9698: 9657,9853,9969,9883,9804,9440
3144: 2953,3145,3242,3342
3536: 9772,3837,3552,3947,9424
5891: 5792
7739: 7311,7570,7821,7903,8144
7780: 
7880: 8119,7962
8982: 8976,9235
8949: 8999,8950,9046
2072: 9358,9380,9958,1067,1984,2161
8837: 8838,8841,8950,9046
2074: 1071,1987,1225,9470,2253,1387
9194: 8989,9038,8824,9037,9162,9242
7821: 7737,7902,7570,7739,7903
8496: 8694,9971,8636,8205,9930,8429
4986: 5086,5087
2079: 9481,1810,1987,1991,2165
9613: 9564,9610,9307,9420,9618
8928: 9077,9235
9380: 9358,9577,2072,9298,9958,9746
9762: 9789,10030,10003,9752,9857,10039
2743: 9913,2744,9304,3222,2742,2836
9205: 9145
6749: 7119,6934,7019,6931,6932,6930
7125: 7389,6665,6759,7564,7565,7127
6140: 5455
5653: 5552,5849
2090: 2002,2272
6805: 6804
9903: 9902,9715,1901,9708,9722
4771: 4675,4773,4871,4573,4870
8805: 8683,8916,8801,8917
2865: 3850,3656,9535,9541,2772,2964
2096: 2188
9455: 5466,5564,9578,5754,9394,9410
2098: 2010,9954,2280,2188,9451
3207: 9409,1732
9382: 794,9637,9255,9500,9399,1676
3340: 3145,3342
9557: 9316,9470,10002,9365,9388,1225
9256: 4146,4155,9442,4343,9489,9462
9122: 9219,9504,8363,8879,9079,9218
7318: 7319,7402,7581,7996,7494
2721: 2538,2536,1892,1716,2818
5765: 6058,5959,5663,5564,5664,5961
9834: 9620,9375,9396,9947,9693
9758: 9295,1527,9918,9663,1782,1043
5750: 6041,9652,5550
2111: 2666,1747,2395,2212,2585,2201
9368: 9596,9497,9584,9971,10043,9660
9761: 2728,9357,9342,9246,9700,9709
8110: 
4867: 4968,4870,4569,5064,4865
9933: 9809,1446,9923,9547
8429: 8430,8499,8878,8496,8211,8636,8205
9879: 9663,9962,9414,9946,9918
2119: 1849,1421
6041: 5750,9652,9680,5848
9538: 9258,9513,4442,9498,9573,4642
7123: 9379,6564,6848,6278,7300
10002: 9316,9557,9788,9940,9321,9388
9522: 9331,9799,9599,4444,9498
4880: 
6349: 5964,5961,9607,6058,9377,6347
9937: 9840,9905,9780
4285: 4284,4385
7439: 
3741: 3743,2389,3839,9891
2131: 2133,2407,1951,2036,2224
6337: 6047,9872,9658,6244,6335,6144
2133: 2131,1951,1777,1436,2135,1778,1867
7342: 7081
2135: 1198,2044,1867,2133,2225
2136: 2412,2047,2888
7117: 8356,7026,7974,6934,7386,8208
5672: 5269,5572,5274,5574,5868,5965
9728: 9973,9823,9769,9656
3421: 3226,3526,3224,3127,9704
9411: 9351,9541,9970,9479,9845,9605
8981: 9069
9668: 9401,6326,9979,6037,9784,9726
5676: 5678,5480,5774,5970,5775
2145: 9527,2234,9439
6767: 6672,7135,6768
4725: 4823,4626,4611,4719,4616,4716
2148: 2896,2800,9403,9322,2240,502
7911: 8309,8383,7579,9284,8150
5509: 5408,5410,5508,5613
2151: 9553,9339,1539,2523,2806
9934: 9856,9843,9770,10004
2153: 1800,1542,2526,1709
9445: 9315,9566,9611,2424,9287,9322
6219: 6323,5724,5328,5426
2156: 1800,1542,2341
9665: 9737,9899,9874
9373: 7248,7249,9998,9447,9434
4757: 4658,4858,4548,4655,4955,4650
8061: 8881,8639,7818,7979,8365,8703
2161: 2253,2531,1984,9358,1892,2072
7847: 7757,8597,7839,7150,7505,7675
5933: 5839,5536
9555: 9535,3458,9579,1756,9351
2165: 2536,1991,2534,2253,2531,1987,2079
9541: 9351,9411,9535,2865,2772,9605
4293: 4192,4393
9337: 9553,9339,9590,9804,9366,9440
2824: 3211,3607,2728,9700,2540,3210
2170: 3205,1238,2538,1991,9481,9254
2909: 1978,1630
7791: 7279,7455
6731: 9301,9805,9773,6448,7360,6823
9688: 9349,9423,9864,9916
6421: 6021,5920,6420,9432,6416,6326
3284: 3285,502,2240
9384: 9511,9475,9575,6018,6118
4387: 4287
4865: 5064,5163,4660,4569,4665,4867
5410: 5916,5509,5613
5640: 5639
4811: 4915,4910,4710,4917,4929,5317
8841: 8950,8837,8838
9706: 1211,1132,1444,9515,9676,9991
9832: 9702,9981,9886,9694
9841: 2752,9654,2657,2658
9951: 9733,10024,7191,9312
2188: 2280,2098,2096
2189: 2280,9451,2468
4322: 9633,4529,4422,9392,4521,4525
9727: 9824,10039,9789,9939
9638: 9308,9435,9943,9607,9377,9529
7770: 7932,7769,7936,7771
2194: 2286
9639: 5804,9299,9636,9627
2196: 2476,2571
6983: 7073,7164
2198: 2015,2293,2481
2199: 2015,1841,2293
9838: 9689,9866,9870,9994,10000
2201: 2584,2585,2666,2111,9965
2844: 
6912: 6439
9757: 9818,9958,9746,9865
9710: 10019,9936,9848,9695
9493: 9358,1892,9577,9268,2251,1716
3643: 3639
8999: 8949,9092
6797: 5916,9696,5211,5413
3991: 3990
9959: 9459,9524,9670,9721,9751
2212: 2395,2305,2492,1762,2111,2585
9598: 9547,9275,9923
3898: 3897,3998
6520: 6804
6018: 5917,5421,6118,6508,9384,9575
7767: 7850,7769
3412: 3121,3612,3027,3506,3607,3805
4444: 4548,4442,9498,9522,4448
3942: 3255,3947,3444,3451,3837,9756
9315: 9445,9566,9431,9526,9300,9287
9463: 9619,9608,10033,9659,9398,9325
8064: 7903,8144,8221,8142,8770
2224: 2411,2410,2131,2407,2225
2225: 2412,2135,2044,2224,2411
4580: 4480,4579
9185: 9211,9229
2228: 1782,2321,2047,2509
5207: 
9364: 3367,3670,9608,9261,9325,2776
2231: 2416,2326,1611,683,2236
5214: 5419,5215,5110,5113,5009,5211
3670: 3367,9364,3772,3771
2234: 1793,683,9439,2145,1622,9527
8211: 8210,8358,8056,8430,8499,8429,8431
2236: 1622,2326,2231,2610,1881
9986: 9630,9747,9774,9572
5754: 5462,9394,5070,5466,9455
9403: 9313,9287,9322,2148,502,9502
2240: 3185,2896,2148,3284,502
9852: 9622,9915,9453,9835,9754,9303
7156: 7062,7858
4697: 4797
2244: 1709,2526,1973,2336
5478: 5177,5870,5578,5180
4367: 4266,4269,4364,4463,4565,4566
6164: 6071,5973,6350,9406,5873,6541
6564: 6658,6278,7123,9379,6847
6598: 6695,6307
9915: 9622,9852,9593,7300,7562,9835
2251: 2719,1630,9268,9493,1716,2815
5417: 5917,5421,5317,5121,5023,5215
2253: 2534,2161,2531,1387,1984,2074,2165
7176: 7179,7777
7937: 
6474: 6662,6665
9416: 9272,700,9565,9329,9775,9345
9997: 9742,9862,9510
9361: 9669,9630,9747,2666,1747,9542
9774: 9899,9747,9874,9986
9278: 9685,9908,9511,9475,9432
9262: 9328,9569,4330,9935,4232
7389: 6662,7125,9738,7563,7564
9527: 2145,1622,9428,2234,9439,9324,9473
9633: 4529,4322,9670,9483,9392,9459
9250: 9902,9715,9481,1810,9279
8386: 7145,7413,7673,8526,8081
9877: 4937,4730,9718,9751,9280,9266
9661: 9444,9019,9407,9660,9767,9438
3153: 2761,3251,3449
2271: 2272,1996
2272: 1996,2090,2271
4288: 4287
2274: 2371
9446: 9803,9537,157,9338,156
4709: 4606,4611,4719,4605,4809
9699: 9950,9775,9791,9657
8630: 8978,8274,9070
2279: 1917
2280: 2189,2188,9451,2098
9984: 9681,9844,9456,9828,9686
9481: 2079,1991,9250,2170,9254,9279
7855: 
2888: 2136,2698,2509
3251: 3449,3448,3153
2286: 2194
7521: 
2288: 
4073: 4072,4074
9982: 9556,9571,10003,9317,8373,8943
5129: 5424,6022,6320
8333: 9376,8262,9346,7555,7721,7719
2293: 2015,2199,2198
5201: 5202,5200,5302
7259: 7348
7765: 8170
9861: 9726,9849,9784,6320,9701
8812: 9069,8868
9488: 9365,9495,9388,9514,9264
7152: 6405,7419,7062
6226: 5826,5725,6323
9895: 1995,9882,1561,9840,2552,9780
5335: 5533,5536
9793: 9907,9782,9383,9326
2305: 2395,2212,794,9637,2028,9415,1762
3506: 3211,3607,3412,3803,3907,3805
7419: 7152,6973,9785,7062
9242: 9548,9125,9162,9194,9038,9615
6047: 6337,9872,5856,6144,5761
7958: 8483
2311: 2595,1943,2693,2410,2691
5727: 5331,6028,5329,5826
8787: 
8824: 8882,9081,9037,9194,8989
9894: 9960,9629,9600,9130,9039,9085
5657: 5361,9394,5755
3491: 
9892: 9634,8422,8046,9407,9438,9787
7682: 
9566: 9445,9315,9431,9428,9324,9611
2321: 2228,1782,1043,2416,2511,2509
7668: 8076,7581,7996,7142,9260,8236
3297: 
3526: 3421,3226,3928,3127,3818,3722
5338: 5123,5136,9562,5031,9503,9429
2326: 2416,2511,2231,2236,2610,2512
7002: 7184
4837: 4736
9784: 5424,6037,9668,9726,9861
8498: 7733,8056,7478,7649,8210
7026: 7117,7974,6932,6934,7462,7289
4955: 4643,4650,4858,4757,4849,4855
2333: 100,2710,3093
8264: 
4057: 3957,4255,4165,4156,4164
2336: 2808,2906,2244,2524,1973
6098: 6196,6003,6100
9653: 9716,8044,9995,9581,9881,8199
9840: 9937,10008,9895,9882,9780
9634: 9892,8422,9787,9800,8426
2341: 1542,2156,2715,1978
5497: 
3444: 3940,3835,3451,9756,9932,3942
8867: 9563,7723,7641,7888,9444,9019
5462: 5754,5361
6350: 9512,9406,5970,5873,5775,6164
8391: 8242
9319: 2830,2553,9624,9585,9333,2649
9365: 9488,9388,9557,1225,1227
9504: 9122,9219,9560,9307,9218,9564
4870: 4968,4867,4771,4871
4030: 9922,9955,4329,4332,3733,3635,9876
9450: 8984,9976,9545,9828,9739
9290: 9467,9478,9622,9453,9252,9477
8026: 7945
3226: 3421,3526,3928,3224,3727,3628
9960: 9894,9629,10005,9085,9664,9318
9439: 9468,9676,1793,2234,2145,9527,9473
5249: 5250,5552
9616: 8081,8663,9271,8526,9623,9628
2361: 1651,1483,2363
2362: 9606,9905,9780,2552,2453,9389
2363: 2361
2364: 2451,2453,1488,2643,2459
8031: 7195,7630,7375,7460,9289
2366: 
9920: 10042,9839,9529,9943,9650
9237: 9640,9217,9120,8701,8983
3722: 4332,3733,3526,3928,3821,3818
6984: 6009,9684
2371: 2274
2967: 3166,2968,2390,2870,2866,3460
4330: 4123,3819,9935,4328,4232,9262
9336: 8451,9692,8376,9592,9437,9893
9948: 346,9474
8631: 9449,9509,8282,9596,8694,8632
9344: 9875,9740,8663,9271,9505,9395
9615: 9749,9567,9863,9162,9548,9242
3787: 3786
7020: 7110,6930,6927,6832,7198
7771: 7935,7934,7936,7770
3559: 4045,4139,3656,3755,2964,3262
3486: 
9671: 10023,9965,9742,9862,9970,9845
9575: 9384,9511,6508,6018,9601,9860
7014: 9465,7009,7794,7542,9993
2387: 2481,2576
5725: 5826,6226,5329
2389: 3741,3743,9931,9949,2761
2390: 2772,2870,9605,9595,2866,2967
2391: 3166,2968,3763,2873,3464,3665
9655: 9496,9421,9798,10037,9829,9707
9725: 9975,9817,6246,6249,6439
4292: 4192,4393
2395: 2212,2305,2021,1747,2111
6932: 7110,6930,6749,6934,7289,7026
3458: 9555,9579,9609,4141,3849
9988: 8380,9938,9917
4642: 4643,4650,9538,4442,4641,9573
6118: 6018,5421,5123,5136,9384,5224
9620: 9834,9332,9772,9396
5746: 5942
2403: 2033,2030,2595,1853,2586,2689
9932: 9756,10011,3444,3835,10036,9744
10004: 9612,9770,9934
7402: 6768,7319,7318,7314,7743
2407: 2131,2036,1855,1943,2224,2410
9702: 9981,9832,9886,9426,9836,9587
6335: 6242,6244,6338,9901,6337,9658
2410: 2224,2693,2411,2407,2311,1943
2411: 2224,2693,2410,2412,2225,2600
2412: 2136,2047,2225,2044,2411,2600
8513: 8222,8296,7494,7988,8710,8372
9686: 9618,9277,9456,9984
5062: 4658,4858,5163,4660,5060,5755
2416: 2511,2326,2231,1611,2321,1043
6682: 7150,7417,7325,6586,6967,6966
6419: 6425
3729: 3635,3734,9966,3731,10038,9927
7135: 7742,7400,7314,6672,6767,6768
7354: 7265,7778
9664: 9318,9960,10005,9824
9515: 9565,9806,9706,1444,9991,9272
2424: 2057,9611,9445,2704,2800,9322
3470: 9244,2678,3572,3471,9476
8835: 8779,8838
3971: 3867,3464,3367,4072
4605: 4504,4603,4606,4709
9269: 4427,9392,4320,4323,9521,9483
9453: 9622,9852,9290,9509,9303,9477
9619: 9463,9608,10033,2580,2968,2873
9806: 9565,9515,9487,1616,9869,1444
8318: 8242,8667
4710: 4809,4910,4719,4915,4811,4716
9648: 9849,9666,9701
9330: 9433,9506,9570,9526,9370,9313
9600: 9894,9629,8707,9127,9297,9130
9866: 9689,9838,9999,9887,10027
3607: 3506,3211,2824,2540,3121,3412
9187: 9114,9214
4481: 4480
5452: 6238,5250
10015: 9347,9783,9314
4915: 4811,4817,4716,4826,4710,4929
10035: 9901,9941,9305,9471,9867,9992
8222: 7743,7744,8513,8296,7494,8146
8301: 8376,8228,7992,8227,9752,9857
8205: 8701,9930,9919,8496,8878,8429
4979: 4978,5177
10043: 9660,9767,9926,9368,9971,9930
2451: 718,9245,1557,1488,2643,2364
7558: 7383,7207,7811,7973,7470,8811
2453: 2552,1488,2362,9554,2364,9389
9306: 9305,9471,9614,9265,9968
3434: 3533
3805: 3810,3506,3412,3612,3907
9709: 9700,9717,9246,9335,9645,9761
9005: 8891,8779
2459: 2642,2643,1915,2364,2551
4968: 4867,4870,5064,4871,4969,5167
9323: 9369,9580,9393,1197,892,1118
5870: 5478,6062,5578,5774,6348
9406: 6350,9512,9540,9967,6541,6164
9694: 9312,9886,9832
5774: 6724,5871,6348,5970,5870,5578,5676
9478: 8208,9467,9290,9355,9252
9807: 9900,834,9385
2468: 2657,2189,2658
9736: 9270,9760,9821,9823,9769,9829
8032: 7380,8186,7467,9534,9436,7550
9782: 9907,9793,9460,10040
9856: 9843,9934,9956
9921: 9890,9922,9876,9766,9897
5578: 5281,5180,5478,5870,5774,5480
7617: 9687,9314,9989,7542,7368,9472
2476: 2196,2571
5389: 5390
6387: 6291,6483
4271: 4069,4169,4168
4514: 4405,4306,4621,4307,4616
2481: 2387,2198
9635: 9530,9291,9363,718,9245,927
2483: 2767,1497
8076: 7668,7996,9260,8075,7913,9419
10001: 3271,3170,9662,9822,10010
5230: 5331
9546: 9564,9610,9827,9560,9749,9567
9827: 9546,9610,9749,9858,9811
7743: 8222,7314,7402,8066,8146
9321: 9788,10002,9388,9514
6196: 6098,6100,6389
2492: 2586,2685,1762,2212,2778,2585
4858: 4658,5062,4757,4955,4855,5060
8346: 8417,8485,8419
4280: 4179
4463: 4364,4263,4458,4367,4565,4462
2609: 2610,2512,2987,2057,2893,2704
9917: 9353,9938,9334,9988
9551: 872,9405,9612,9257,1512
7375: 7462,7289,7460,8031,7631,8186
7252: 6105,5807,6007
6886: 6696,6884,7163
9280: 9602,9266,9877,4730,4817,4826
5697: 5598
9654: 2752,9841
9673: 9811,9794,9863,9672
8921: 9111,9024,8972
9049: 9170
2509: 2698,2699,2228,2321,2511,2888
9983: 8683,8861,9017
2511: 2416,2326,2321,2509,2699,2512
2512: 2610,2609,2511,2326,2699
6209: 6974,6403,9898
5138: 5036,9454,5031,4929,5121,5023
7460: 7289,7375,7198,7110,7195,8031
2842: 
9587: 7884,9836,9702,9981,9423
10027: 9887,9646,9999,9866
7249: 9373,9998
9506: 9330,9433,9570,980,2802
6781: 6784,9518,6969,9400
3982: 4083,3983
2523: 2902,181,2151,100,2710
2524: 1973,2336,2808
8470: 
2526: 2153,1542,1709,2244,2715
8356: 7117,7974,8208,7207,7811
9640: 9217,9237,9378,9420,9277
8674: 8675
3330: 
2531: 2534,2161,2253,1892,2536,2165
9271: 8663,9616,9628,9904,9875,9344
9126: 9085,9387,9501,9039,8885
2534: 2253,2531,2165
8776: 8590
2536: 2538,1991,2165,2721,2531
9775: 9950,9345,9699,9329,9416,9791
2538: 2536,1991,2721,2818,3205,2170
8695: 8425,9236
2540: 9700,9717,3119,3607,2824,3121
9473: 9324,9464,9468,9439,9527
9482: 10013,9352,9408,9574
9899: 9774,9665,9874
5713: 5709,5813,5613,9764,5916,9696
4611: 4606,4709,4719,4616,4405,4725
9773: 9650,9805,9839,9301,6731,9603
8262: 9376,9426,8333,7719,8033,9836
2870: 2390,2772,2964,3262,3460,2967
9069: 9024,8868,8812,8981
7164: 7073,6983
2551: 2639,2738,2642,2459,1915,2554
2552: 2453,1488,9895,2362,9780
2553: 2826,2830,1820,9624,9319,2733
2554: 9491,9924,9859,1915,2738,2551
4072: 4073,3971,3867
4336: 4232,4331,9521,9569,9282,9734
9674: 9586,801,9956,9830,9276
5180: 5281,5578,5478
9923: 9809,9933,9598,9547,9589
6974: 6403,6209,6969
4969: 5475,5070,5167,4968,4871,4876
2893: 2895,2609,2987,2704
8358: 8210,8211,8636,8632
6062: 5868,5278,5177,5870,6631,6348
4730: 4937,9877,4823,4817,9280
9214: 9114,9187,9074
9559: 9525,9466,9518,9400,9457,9531
9545: 9378,9456,9828,9292,8984,9450
9410: 9367,9311,9533,9394,9455,9578
2570: 2669
2571: 2196,2476
8485: 8419,8273,8346
3450: 3646,3842,2578,2022
5942: 5746,9910
6804: 6805,6520
2576: 2387,2767
9273: 9589,9326,9809,1529,217,1044
2578: 3450,3646,1931,2022,9931,9888
9423: 9688,9349,7884,9587