14621: 14746,13404,15332,15593,14296,15175
28593: 
13143: 15268,13237,13364,13172,13438,13788,15391
14985: 13352,13078,15762,14228
12849: 13929
14615: 14778,14442,14891,12842,14453,12846
14328: 14581,13521,13191,15731,13161,14494
15299: 13029,13966,14400,14595,13842
15380: 13909,13006,15247,15682,14980
15145: 14665,14011,14330,13163,15136,15204
13511: 14116,14267,13188,14613,14024,13300
13765: 15366,13631,13230,13896,15174
14273: 13376,14756,13900,13404,14259,13089
15510: 13910,14731,15036,15193,13399,13590
14172: 14647,15429,13346,14506,15796
15340: 15558,13035,13605,14123
13959: 14725,13319,15783
14722: 13402,13322,15414,12905,15495,15005
15448: 14146,13448,13657,15603,14353,13238,15675
13438: 15782,13364,13400,15586,13143,15268
14250: 15162,14556,13151,14681,13489,15150
13724: 13910,14731,13476,14154,13796
13533: 15795,15735,13258,15010,15115,14560
12829: 
12939: 14135,15435,13041,12931,15637
12855: 14565,13466,13604
14343: 15139,14769,14599,15229,13934,15386
13151: 13114,12899,15162,14250,14048,15150
13942: 14221,13310,15597,13481,14907
15785: 14804,15813,13820,14445
13420: 14464,13839,13163,15456,14928,15626
13886: 13971,13948,15363,13117,13241,14863
14390: 13041,14875
14436: 13955,14653,14202,15055,15768,14440
13061: 
14824: 14691,15371,12897,14976,15655
15666: 13522,15365,15029,13111,13586,15533
13488: 13850,15721,13492,14946,13471
14556: 15162,14250,13316,13531,13317,13489
14112: 14087,14975,14045
13025: 15082,13696,15591,13046,13735
13894: 15744,14728,13449,15135,15652,13292
13263: 15530,13207,14913,14057,14520,12879
12840: 13938,13933,13372,13523,14534,13632
14405: 15376,15799,15261,13354
14881: 13633,13985,13042,13844,14483
15804: 13597,14771,15369,13357,13727,13212
13753: 13171,13740,13508
14598: 14757,13341,14464,13251,15342
15338: 13182,15697,15151,14334,15688,15409
14998: 14844,13598,13574,13175,14815,15323
14252: 13332,13254,15264,13084
14488: 14205,15103,12944,15185,15108,14937
15372: 12980,15412,14509,13145,15270,15096
15484: 13016,12991
15779: 13345,15627,15222,13236,15795,14179
14108: 13921,14235
13302: 13676,13821,14951,12961,13971,14022
15116: 13995,14798,14677,14639,14941,13178
14833: 13195,13913,14382,14288,15272,14449,15344
15737: 14494,14636,13521,15152,15559,14865
15482: 13825,13577,15473,13531,14294,13489
12958: 12908,15645,15222,14021,15455,12856
15178: 14136,15217,13763,13921,13827
15254: 15760,14110,13655
13948: 13886,14991,13971,14022,13687,14863
14438: 14606
14923: 14999,12903,13778,15143,14838,13975
15373: 
14809: 13201,14967,15402,13363,13725
14802: 14758,13964,15352,14822,15573,12998
13070: 13119,14220,14278
15519: 15358,15241,14633
15363: 15707,13117,14951,14837,13886,13971
15792: 14374,14563,13612,14663,13099,14397
14683: 14490,15640,14360,15781,12935,14986
14079: 13653,14974,15315
15791: 15754
14024: 14613,13252,13511,13300,15146,14519
15721: 13537,15239,13492,14946,13488
12911: 13569,15688,14745,13969,14840
15760: 14929,14110,15254
15698: 13777,15008,13157,15215
14920: 14974,13529
14650: 
15002: 13573,14576,13356,14646,15305,15155
15244: 13187,13788,14482,15391,12882,14473
14178: 14547,13878,14710,15250
15730: 13700,13213
15150: 15450,14681,13151,14250,14048,15389
14893: 14561,15170,15022,15685,14010
15332: 14746,14621,15593,15156,15048,12921
15296: 14628,15386,14741,15139,14658,14174
13814: 15642,13799,14147,14380,15438,15319,12954
14323: 15478,14412,15606,13813,15516
14369: 14281,15765
14361: 13376,15403,14271,13900,14930
15293: 14587,12923,14384,15294,15582
13301: 13804,13003
14921: 14002,13118,13183,15173
15092: 13917,14759,14867,14364,13361
15201: 14428,14456,13929
13808: 15653,14608,13381,13532,14104
14929: 13243,15760
14999: 14923,12903,14498,13778,14397
15024: 13139,13715,13260,14605
12932: 14680
13297: 14950,15311,13943,12825,13474,13719
15745: 15314,15777,15141,15132,15500,15256
14391: 13769,14496,13277,15712,12997,13047
15688: 12911,14745,15409,15151,14334,13969,15338
13010: 13239,14947
14186: 14019,13989,14789,13223
15403: 14361,13376,14930,13838,14076,14792
14808: 15435,14195,14903,15756,14139
13553: 14562,14006
14742: 15759,14244,14480,14047
14585: 13922,13137,14523
15343: 12934,13192,14564
13793: 13633,13985,14156,14069,14971
13952: 13270,13863,13081,15494
13414: 15421,15122,15068,14716,15234,13434
13938: 12840,13372,14038,14067,13632
13222: 15187,13096,13254,13880,15515
14594: 14721,13540,13635,14353,14515,13448
13281: 13443,12943,14604,13167,13209
15589: 15193,13928,13399,14257,14871,15251
12994: 13695,13858,14817,13322,15414,13926
14666: 12869,12937,14094
12990: 14274,13823,14255,14859,15157,13572
15427: 15431,15547,15273,14044,13274
13181: 14821,12846,14915,12893,13141,14137
13503: 13293,13069,13285,15809
15370: 14404,14478,13427,13194,13730
13646: 13348
14828: 14774,13217,14641,14120
14489: 14690,15016,14387,14671,15077
13278: 13828,13154,15680,15015
13446: 13132,13409,12882,14482,15267,13393
13267: 15206
12936: 13851,15086,13775,15379,15474,15073
14448: 
14606: 15655,14438
15139: 14343,13761,14658,14769,15229,15386,15296
15061: 15167,13891,13590,14820,14149,13920
15761: 14375,13450
14898: 13804
14812: 13407,15285,14790,15584
14428: 14993,15201,13828,12835
13873: 13536,13068,14018
14003: 13260,13072,13139,12900,12861
13119: 14612,13070,14506,12913
14949: 12933,14480,15759,14075
15420: 13847,13818
13833: 15490,13898
14835: 13567,14080,14089,15070,15098
13248: 13624,15595,13551,15757,14090
14477: 14456,13487,14888,13978
14532: 15245,15708,13601,13406,13272,14546
12965: 15175,13900,15604,13204,14271
15418: 14823
15253: 12887
15645: 12908,12958,15222,13343,14179,13087
13684: 13004
15654: 14226,14357,14877,15747,12880
14587: 12923,15293,13502,14203,13138
12896: 13184,15001
15557: 13677,15629,14942,13680,14507
15506: 15301,15068,14263,13542,14990
15151: 14292,15283,14485,14334,15338,13182,15688
13924: 12970,15144,13838,14474,14025,14538
14364: 14131,14215,13361,15508,15511,15092
15432: 12863,14340,13689,13674
13976: 13444,14472,15104,15574,14237,14618
13286: 14642,13906,14993
13583: 15528,14327,15243,13773,14701,14510
13702: 13054
13044: 15174,15415,13197,14611,15349
14912: 15693,13500,13442,15609,14692
14351: 13515,12872,14516
14642: 13286,13906,13631,15179
14684: 15450,14681,13825,14964,15618,14553
14179: 15795,15735,13087,15645,15222,15779
15238: 15520,13074,13650,14103,14782
15434: 14232,15289,13148
15071: 15306,15153,14956
13124: 13107,13466,13374,15514
14543: 14467,14346,13378,13764
13839: 15563,15225,13163,15136,14928,13420
15608: 14120,14705,15165,14774,15695
13299: 
14214: 14345,14700,13269
14322: 13296
15261: 13190,15678,13827,14405
12814: 13290,13967,13380,14216,14403,13396
14027: 
14338: 15755
14601: 14411,15106,13568
15573: 14230,14995,15352,14758,14802
13398: 
14559: 13996,15564,13922
15579: 12842,14453,13768,15575,15364
12838: 15574,13662,14237,15677,15449,14320
14751: 15701,15356,13108,13368,12885,13669
13957: 15054,12815,13982,14037,13939,13456
14861: 14539,13152,13176,15640,12953
13708: 13130,14583,15282
14926: 13327,13784,14497,13083,13060,13972
13230: 13765,15366,12951,13608,13906
13930: 13988
15530: 13719,13207,13263,13876,12879
15590: 14610,13925
13496: 15303,15000,15046,14521,13797,13288
13794: 14753,14499
14496: 14149,12963,13277,14391,15459,15712
14134: 13561,13534
13928: 13399,15589,12859,14257,13836,13845
15669: 14147,14380,14412,14962,13199
15801: 14864,15276,14418,15047,14284
15662: 14618,14779,15141,15499,15132,14740
13781: 12999,15237,15190,12886,13114,13418
12826: 13024,14586,13645,15438,14145,14654
14939: 13544,13339
12919: 
14535: 13460,15273,15096
13240: 14959,15224
15390: 13841,15219,15646,15281,14646,15155
13266: 12964
15472: 14447,15748,13467,15361,12817,14279
13361: 14364,15508,13917,15092,14020,13220
14798: 15116,13995,14677,12967,13085,12877
13841: 13854,15390,15219,15646,15107,13287
15538: 13795
14990: 13542,14638,12859,14263,15506
14063: 12953,13806,15668,14138,15230
14580: 15164,15393,14889,13887,15196
14226: 14761,14877,15654
13690: 15339,14849
14624: 14713,15460,13421,13008
13732: 13483,13611,14434
13994: 14792,15379,14528,13775,14051,14076
13936: 13032,13647,15536,14778,14453
15755: 14338
13899: 13748,13972,13009,14059,12917,14231
13096: 13222,14612,13880,15248
15731: 13191,14856,13939,13501,14494,14328
15246: 13097,15481,15191,14658,14396,14174
14429: 14925,13855,14942,15207
13085: 15085,12967,12857,15738,12877,14798
12979: 14419,14971,13985,14486
14301: 13703,14198,14502,13956,14042,13998
13463: 13760,15381,14803,14458,12853
13442: 14912,13500,15347,15558,13605
14844: 13598,14998,13664,13175,13671,14105
13421: 15040,13008,15033,13014,14624
13212: 13005,13029,13727,15804,14771,15443
14354: 12841,13981,15259,14305,15269,13479
14696: 14385,14688,14295,13840,13727
13213: 15730,15583
14944: 13445,14507,13498,14662,14319,13680
13147: 14827,13355,14545,13485
14706: 
15562: 13721,14979,15509,13133
15309: 12961,14927,13809,13676
14877: 14357,14531,14226,15654
12931: 15637,14135,12939,13892,14905,13554
15051: 15736,13018,14888,15131
13848: 14781,14857,15240,14209,14349
15050: 14592,14689,14836,15111
15115: 15010,13671,13258,13533,13173,13664
13544: 14939,14026,13568,15189
13743: 13142,14965
15406: 13588,13668,15742,14908
12886: 15190,13316,15213,13781,13114,15162
14350: 15595,12957,13551,14398,14023,15714
15750: 14885,13963,15692
15278: 13946,15584,13516,14124,14724
13277: 14496,12963,14127,13769,15658,14391
15534: 15402,14140,15302
13319: 13959,15783
13174: 14551,12909,15566,15084,13310,14221
13412: 13338,14305,14222,13049,13449
14483: 14632,14881,13985,13476,14419
13911: 14719,13516,15065,14724
13562: 13582,15631,14359,13350,13493
14143: 13558,13067,13710,15803
13458: 15378,12839,15548,14988
14309: 14627
13520: 
14237: 15574,12838,15449,13976,14618
15091: 15025,13440,14165,14251,15160
14952: 13352,15532,15762,13587,13367
13173: 13664,14381,13258,13164,14541,14557,15115
13378: 14346,13279,12852,14543
14359: 15439,13350,13383,13562,15288,13493
15322: 
13889: 14873,15447,15004,13810
13823: 12990,14274,15677,14859,15451,13519
12839: 13458,15378,15812
15057: 13621,13035,13122,13177
14554: 14352,13947,14537,15709,14046
14403: 15171,13396,12814,13967,15205
15400: 14036,14105,13598,14238,14310,15567
14236: 13713,13983,15631,14759,15727
12864: 13623,15142
14304: 15690,14197,13645,14145,14854
13809: 15309,14927,13058,15226
14685: 13057,14661,13149
14730: 14619,13506,14082,13731,13469,15764
13822: 14318,13649,14187,15741,14026
15308: 
15089: 14741,15083,13249,14437,13640,13132
13858: 13461,13695,12994,13349,14723,14817
14497: 15776,14524,13083,14926,13784,13535
14410: 14644,15044,15503,13736,15236
15777: 15314,15745,13482,15500,15687,15052
15142: 15566,15084,12864,15214,14737
15732: 15097,15664
13003: 13301,13543,13040
15441: 15671,14672,13362,15123,14213,14983
14246: 12956,14695,13667,13377
14933: 13953,13696,14574,14392,14604
15257: 14402,14852,13537,15800
14784: 14371,14054,14752
15344: 15272,14288,14755,13846,14833
14860: 13950,14028,14943,15099
15576: 13204,14271,14673,15407,14930
15141: 15662,14779,15132,13200,15256,15745
13104: 
13657: 13241,13559,15603,14863,15448,15675
13595: 13946,15584,13407,15535,15693,13500
14121: 15553,13109,14032,15612,14421,14224
14851: 
14148: 14039,13628,13368,15329,15462,14030
13311: 12960,15741,14656,14053,14797
13329: 15470,14346,14467
12823: 14755,13846,13370
13759: 
13764: 15546,15188,14543
15326: 13465
13790: 14009
14050: 15625,15307,15405,14491,14311
15614: 13744,15346,14945,14686,15028
14185: 15673,15143,14652,15724,12857,14838
14637: 15545
13209: 13546,14879,13281,13443,13167
15460: 14713,14624,15656
14434: 13611,15492,13732
13483: 13607,14268,14661,13732
15492: 15428,13867,14434
14800: 13874,13342,14111
12948: 13625,15717,14593,15240
13223: 14789,14019,14186,13332,14880
13260: 14003,13139,15024,14605
15140: 14191,14608,15773,15729,14242
13236: 12856,12898,15222,13345,15779,15172
14291: 14853,13771,14388,13462,14630,13620
15291: 15808,14031,14735
13666: 15224
14028: 14892,14548,14860,13950,13086,14943
13161: 12915,13843,13191,15619,14581,15252,14328
13373: 
14663: 15474,15073,15525,14563,15792,13099
13476: 13844,13910,13724,14483
13847: 15420,15087,14247,13818
14692: 15195,15347,15609,14074,14912
13272: 14950,15311,15245,14532,14546,13021
13134: 13246,14277,13904,13741,15223,14383
13953: 14933,13696,14115,13735,14604,14471
14276: 14491,14466,14765,14106,14162,15711
13303: 13321
15794: 13958,14583,13080,13637
14414: 13954
15099: 14860
13034: 12888,14725
13917: 15092,14759,15727,13361,13907,14020
14064: 13584,12985,13745,14874,12819,13864
14626: 15632,15556
14476: 15008,14078,15552,13157
14900: 14068,13406,12893,15616,14137,15133
14609: 12952
13693: 15720,13177,12955,15670,15788
15456: 13163,15204,13612,13420,14464,14757
14384: 15293,15582,15754,12850,13037
15533: 13586,15095,15619,15365,15666,13120
13850: 13488,13471
14997: 14101,15321,14589,15681,13766
13596: 15628,13554,14135,12872
13877: 15545,15239
13117: 15363,15707,14288,13886,13241,13195
15149: 13262,13107,14103
14336: 15537,13905,13162,14243,15417
14461: 
14149: 14496,12963,15061,13891,13920,15459
14381: 13173,13664,13175,14703,14557
15605: 
14963: 13656,12998,13964,13755,12908
15385: 15663,13603
15148: 15090,12878,12834,13372,15805
15726: 15075
15412: 15220,12980,15372,15633,14509
15490: 15097,13833,15715
15640: 14490,14683,13176,12935,14861,13806
13347: 14697,13513,14294,15485,14492,15473
15073: 14663,15474,15525,13775,14204,12936
13960: 14451,14216,14239,13380
15102: 14015,14262
13768: 15028,14035,15575,15579
15725: 15173,15280
14916: 14888,13470,15042,13487
13087: 14179,15735,15621,13343,15645,14541
14515: 14146,13448,14594,13540,12824,15517
13056: 13659,13620,14868,14341,13716
13598: 14844,14998,13574,15400,14105,14238
13874: 14800,15544,15478
13710: 12992,13067,14143,14704
15143: 14185,14652,14931,13778,14923,14838
13309: 14190,15404,15641,14831,14347,13565
14564: 13785,13622,15343,13192,15006
14310: 15454,15422,14157,15567,15400,14238
14899: 13415,13739,15040
15575: 13768,15198,15579,15753,15364,14303
15255: 
13588: 15218,15406
14528: 14792,15379,13994,14290,14756,14199
13385: 13840,15369,14527,15066,15203,14503
14788: 12959,13872,15552
13121: 13017,15592,14408,15295
14229: 13295,14469,14884,14640,13038,14377
14007: 13892,14614,13152,13670,13451,13206
14511: 14225,14479,13777
14367: 15442,14300,14996
13789: 15265,13613,14298,13681,13389,12873
14491: 14311,14466,14276,14162,15405,14050
14523: 14585
13118: 14983,13999,14672,14921,13183
15532: 14872,15762,15522,13587,14952
13428: 13731,13469,14925,13423,13984
12916: 14723,14817,12930,14258,15461,14973
13640: 15085,14437,14396,13249,15724,15089
13785: 13622,14564,15006,14693,13869
15239: 15721,14254,13877,14946
15088: 15656
15437: 14977,15485,12875,14697,15203,13156
13170: 
13585: 13528,13621,15770,15633
14469: 13295,14229,14868,13323,14377
14593: 14857,15240,12948
14813: 
12873: 13681,13389,14043,14255,13789,15157
13436: 
13896: 13081,13977,15494,13197,13765,15174
14445: 14332,15785,15813
14256: 14799,14144,14558,15463,12944,15185
13058: 13956,15226,15328,13809
13866: 14487,14308
13224: 14986,15394,15444,13678,14399,13932
15529: 15259,14407,14470,13992,14668,12837
13897: 14620
13852: 13773,13165,13644,14014,15287,14941
15193: 13399,15589,14820,14871,15510,13590
14278: 13880,13116,14462,14220,13070
13063: 13950,14484,13430
13867: 15105,15769,13052,15428,15492
14736: 13686,14308,14705,15695
14040: 15049,15733,14058,13279
14234: 14217,12836,13870,13951
13719: 15530,13021,15311,13297,12825,13876
15388: 
15376: 14405,15799
14721: 14594,13540,13635,13832,15446,15787
14019: 14107,14186,14829,13223
15584: 13946,13595,15278,13407,14812,13516
15284: 13791,13100,15226,14927,13365,14198
14140: 15402,15534,13993,12976
13755: 15621,13343,13656,14963,14210,13750
13426: 
13368: 14148,14039,13108,14030,14751,13669
14647: 15429,14172,13864,15526,14088,13346
14217: 14234,14312,13870,15159,15055
13526: 13530
12964: 13266
14544: 15025,14219,13652
12848: 14468,13923,12884,15531
14864: 15801,15276,14372,14657,14139,14903
13189: 15138,13199,14147,14631,15453
14401: 15169,14159,13039,12889,13901,15610
13250: 14506,15796,12913,13232,15687,13441
13359: 
14372: 14657,14864,15276
15772: 12905,15495,13205,14157,15237,13160
12942: 
14039: 14148,13628,13368,13871,15446,13669
14577: 12977,13220,13305,15508,14321
13993: 13397,12976,12910,14140
15136: 13163,13413,14011,15145,13839
14379: 15034,14017
14331: 12853,15667
13776: 13191,14856,13979,15489,15007,12915
14286: 14097,14095,14413
13475: 14764
14688: 13651,15524,14295,15066,13840,14696
14212: 13987,14317,15512,12924,15098
15682: 14625,13909,15380
13163: 15136,15456,15204,15145,13839,13420
14002: 14921,15790,15542,14983
13546: 13209,14879,14041,13870,15159
15213: 15190,13316,14062,12886,14141,14206
15120: 15751,13904,15323,13574,13504,13091
15636: 
13796: 14154,13580,13724,14632,15487,15018
14988: 13458,15812
13674: 15458,15432,14340
15524: 14688,13651,15650,14295
13978: 15131,14477,13607
15025: 15091,14965,13440,14544,13652
12961: 15309,14927,13302,13676,13100,14022
12827: 
15509: 15562,15266,14184,13133
14474: 14930,13838,13581,12970,13924
13407: 12866,14812,15535,15584,13595
13454: 15728,15127,14184,13090,15122,15301
13459: 14362
13062: 14156,12843,15118,14422
13317: 14664,13316,13252,14206,14556
13760: 15381,13463,14803,14821,13738
13607: 13483,14661,13978
13739: 14409,13110,14119,14899,15040
15415: 13044,15349,15042,15179
13926: 15414,13643,14896,12994,14817,12930
15716: 13617,13020,14873
15041: 14085,15729,15046,14521,13027
15158: 14682,13268,13746,14417,15618,13691
14513: 12904,13885,14590,14335
13704: 15055,15768,14312,14182,14481
15268: 13143,13237,13400,15229,15386,13438
13273: 14770,12929
13179: 14718,14378,15163,13437,13962,15231
15582: 14467,15294,15293,14384,15754
13166: 14283,15568,14297
14008: 
14610: 15590,14965,14268
13235: 14100,13653
13356: 14576,15002,28683,15305,15782,14522
13821: 13302,13676,14951,14617
14590: 14686,14513,15393
15128: 14352
13774: 13111,15016,13522,14089,14671
13934: 14599,15505,15356,12885,14343,14769
13132: 13409,13446,12882,15089,15083,14437
13505: 13920,13713,13983,15167,14154,13580
15558: 15340,13435,14603,13035,13442,13605
13148: 15289,15419,15810,15434
15473: 15482,13577,13961,14294,13347,13513
13629: 15784,12996,15610,12889,14978,14432
14289: 15130,15551,14702
14374: 15792,14757,13341,13612,14397
13842: 15299,13363,13966,14093
15160: 14849,13652,15091,14251
15383: 
15771: 14901,15665
13434: 15234,13729,13414,14716,14069
14962: 13199,15125,15516,14412,15669
13372: 13938,13933,12840,15148,15805,14038
13972: 13748,13060,13899,14926,13083,13009
14708: 15137,15177,15613,13291
15374: 15622,15030,14473,14109,13172,13812
14001: 14222,14796,13049,13569,15212,14550
14295: 14688,15524,13497,14696,15183
14620: 13897,14648
13920: 13505,13713,15061,14149,15459
14480: 13803,14742,14075,14949
14487: 13866,13171,15165
14943: 15790,13086,14028,14860
15485: 14358,14492,12875,15437,14697,13347
13923: 14468,12848,13593,14071,12871
15438: 14380,13024,12826,14654,13814,15642
15369: 13840,13357,13385,13727,14503,15804
13798: 13661,14315,14836,13918
13128: 12918,14890,14503,13961,14527,13513
12941: 13856,14510,15671,14672,13579,14919
15252: 14581,14549,13161,15619,14799,14144
15712: 15459,14867,13478,14496,14391,13047
15108: 13584,12944,14787,14488,14937,13745
15335: 14262,14596,13242
13455: 13991,13581,12971
14257: 15479,13836,13410,13928,15589,15251
14415: 15182,15384,15360,15111,13603
13363: 13966,13725,14809,13201,13842
12918: 13128,14890,13961,14775,15684,12858
14518: 13144
13495: 13733,13970
14834: 14837,14617,14072
14131: 14364,14215,13384,15511,14266,14682
12978: 13304,13180,15468,14395
15265: 13456,13613,13789,13982,13566,14298
14560: 15010,13159,15795,13533,15627,13461
14454: 15697,13480,15397,14848,14738,13123
14785: 15182
14820: 14871,14383,15193,15061,13891,13590
14083: 13742
12821: 14882
12878: 15090,14129,15148,12832,15074,12834
14941: 14014,13178,15116,14639,13852,13644
13205: 15772,12905,15101,14141,15237,15190
13534: 15242,14764,14134
13300: 15146,14508,13511,14763,13188,14024
15199: 
13861: 15264,14192
13758: 14878
14242: 15739,14210,14085,15729,15140,14608
13316: 15213,12886,14206,15162,14556,13317
14038: 15805,13938,13372,14067,14161,15394
15163: 13179,14378,12920,15467,13610,13437
12828: 15015,14126,15775,14433
15402: 14140,15534,12910,14809
13456: 15265,13613,13957,13982,13939,13501
13204: 15576,14271,15407,15425,12965
15626: 14928,14053,13420,14464,14444
15466: 15493,14810,13106
13176: 13264,13853,12935,14539,14861,15640
13164: 13258,14541,15621,13088,15433,14557,13173
13820: 13865,14370,15785
15277: 14387,15368,14136,14690
12999: 13781,15237,13160,13654,14773,13418
15601: 14645,14675,13101,13092,14619,12945
13540: 14721,14594,13832,14515,12824,15274
13551: 15595,14350,13248,14776,15714,14090
14581: 14549,15252,13521,14328,13161
13197: 14227,15494,13896,15174,13044
13594: 14013,14034,14699,14718,14378
14101: 14997,15321,14771,15443,15681
13699: 14219,15339,14713,14171,15147
13086: 15790,15123,14213,14943,14028
14703: 14337,14557,14381,13175,15307
14855: 
13490: 
15190: 15213,12886,13205,14141,13781,15237
14076: 14538,14051,13838,15403,14792,13994
13541: 13626,14500,14993
14228: 13624,14985,15757,13290
12857: 15738,14838,14185,15724,15085,13085
13180: 12978,13304,13908,14395,14086,13834
13357: 15369,14890,14503,14669,13597,15804
14472: 13444,13976,14618,14779,14463,13033
15414: 13926,13643,12994,13322,14722,15005
13111: 15211,12870,13774,15029,13522,15666
14555: 13711,14709,14498,13214,15624,13226
13389: 14043,12873,14298,13789,13433,13734
14892: 14432,14028,14548,15784,14213
15685: 15421,15789,14893,14716,14010
13967: 13290,12814,15757,14403
13435: 15558,14603,13946,13500,14124
14506: 13250,15796,12913,14172,13119
14905: 13892,14805,12907,12931,13670
13254: 13222,15515,14252,14829,13084
14267: 13185,14116,13511,13679,14062,14613
14902: 12891,14293,12872,15628
13200: 14307,15256,14779,15141,13033
13282: 15535,15609,15345
13031: 14102,13622,13869,15114,13071
14277: 13246,13134,14127,13741,14525,13064
13752: 
14956: 13557,15071,15153
13269: 14700,14214,14345,15209
13987: 14212,14317,15560,15793
13891: 15061,14820,14383,13246,14149,12963
13898: 12854,15715,13833,12833
15743: 13383,15570,13130,15439,14167
14146: 15448,14515,13448,13238,15517,15281
15634: 13382
14072: 13370,14834,13353
14129: 15090,12878,15074,15184,13019
13076: 13059,14070,15639
14465: 13634
14068: 13406,14900,15133,15708,14806,13288
15200: 14641,13634,14363,15165
15454: 14310,15422,14157,14525,13654,13160
13973: 14767,15224
14974: 15504,14079,14920
13451: 12953,15668,13152,14007,15440
13612: 13013,14563,15456,15204,15792,14374,14757
13663: 14571,15060,13614,13945
13313: 13556,15147,13547
14938: 13080,15778,13694,13637,14009
14772: 13472,14012,12924,14317,13245,15470
12974: 13095,14562,14218
15364: 15753,12842,15579,15575,14915
14499: 13794,14753
13098: 12851,13770,15118,14422
14883: 12995,13916,13941,14281
13055: 14551,12909,13339,14187,15397,14536
15315: 14100,14079,13653
15027: 
13107: 13124,15069,15643,15149
15468: 15205,14395,12978,14439
13473: 13940,15286,15210,14080,15070
14307: 13200,15256,14977,13033,13156,13651
13744: 15614,15659
14021: 13208,13964,15455,12908,12958
13472: 14012,14772,14264,15286,12924
12903: 14999,14923,14498,13975,14512,13226
15266: 15612,13824,15509,14122,15728
13557: 14956,14356
12867: 14163
14829: 13254,14019
14931: 13099,13778,15474,13851,15143,14652
13039: 14401,15169,14159,15267,14272,15594
13802: 15327,14114,13560,14049
15435: 14808,14195,13041,15637,12939
13437: 13610,14750,13179,15163,14200,15231
13244: 
14566: 13017,13508
13477: 14188
12890: 12889,14978,13901,15622,15030,13464
15351: 13366,15195,13136,15613
15498: 13154,15680,14005,15581,15471
14057: 14520,15067,12879,13263,13327
15355: 13403,14373,15043
13523: 13474,13280,15250,13933,12840
14520: 14913,14057,15067,15455,13263,13208
12938: 15118,13770
13754: 13857,13140,15481,14733,13761
13422: 
15631: 13582,13562,13983,14236,13350,15727
13487: 15179,14916,14456,14477
13631: 13765,15174,14642,13906,15179
15086: 13135,12936,15379,14290,13097,15191
13400: 14599,13815,15229,15586,15268,13438
13482: 15777,15052,13051,13397,13392
15055: 13704,15768,14217,14312,14436,14202
14747: 14190,15641,14955,14677,15617,13178
13905: 15288,13493,13694,13162,14336
14049: 13560,14858,13802,15334
15545: 13877,14637
13059: 13076,12862
15787: 15446,12885,13669,14721,13832,15505
15396: 15431,15547,13001,14150,13270
13522: 14080,14089,15365,15666,13111,13774
13548: 13625,15717,13737,14850
15625: 14050,15307,14815,15323,14311,13091,14132
13773: 13165,13852,15287,14701,13583,14327
13065: 13787,15072,13895,14392,13782
13131: 14375,13450
15494: 14227,13197,13952,15060,13081,13896
15258: 13485,13355,14302
14222: 14001,14796,13049,13449,13412
13844: 13476,13042,14316,15036,14881
14283: 13166,15568,13293,13069,13589
14080: 13522,14089,15365,14835,13940,13473
14189: 14805,14284,15353,12907,15047
13383: 15743,14359,15439,15778,14167,15288
14047: 14046,13348,14244,14742
13619: 14569,13990,13077
13745: 15526,14937,15108,13584,14064,13864
15497: 15306
13215: 15424
14980: 13218,15247,15380
14945: 15614,14686,15028,14035,14329
15526: 14455,14937,13745,14088,14647,13864
15796: 14506,13250,13150,15429,14172,13232
15488: 
14235: 14108,15799
13283: 14245,13766,13980
13518: 15591,13046,15770
14458: 12853,15381,13463
13908: 13304,13180,14574,13782,13834
12822: 15659,13545,15780,13885
15004: 13889,13810,13968
15602: 14254
15646: 15107,13238,15281,13841,15390
14245: 14400,15176,14595,15321,13283
15003: 15130
12898: 13236,12856,15067,13748,13060,15172
14346: 15793,13378,13329,14543
13168: 13225,13951,15121,12871,13020
14264: 13472,13125,14012,15286,14205,15103
13083: 14524,14497,14926,13972,13009,14954
15780: 13419,12822,13885
14694: 15781,15805,15090,15184,13853
14034: 15297,13986,15467,14699,14378,13594
12950: 15416,13918
15764: 13158,14061,15081,14730,14660,13731
12843: 14156,13062,14561,14897
15006: 13785,14564,14693
15336: 13016
14412: 14323,15606,14962,15516,13024,15669
14337: 14703,14557,15405,14679,15377
14689: 14592,15050
15058: 14717,15202
12953: 14063,13806,13451,15668,14861
14719: 13911,15065,14744
15365: 14080,13522,15666,15533,13120,13940
15619: 15095,15533,13161,15252,14799,13120
14846: 13048
13515: 14351,14516,14875,15674
13310: 13174,13942,15597
14984: 13876,13306,14534,13632,14493,13535
14416: 13074,15413,15555,13312
14749: 15087,14241
15297: 14034,13986,13854,15219,14699,15722
15307: 15625,14050,14815,14703,15405
14840: 14831,15212,15263,13969,12911,13569
13733: 13495,13970,12925
15553: 13284,14121,14098,14654,13931,14032
13625: 12948,13548,15717,14968,14850
12910: 14616,15183,13993,15402,13725
14755: 13846,12823,13353,13370,15707,14288,15344
12915: 13843,13161,15007,14517,13191,13776
14541: 13258,13164,15621,15433,15735,13087,13173
13275: 14325,14430
15223: 14871,14383,15251,13504,13904,13134
14740: 15132,14457,14435,15499,13447,15662
15727: 13917,14759,14236,15631,13907
13416: 14656,14845,15275
15198: 14035,15575,15164,14303,14960,13887
14757: 14598,14374,15456,13612,14464
15305: 15517,14646,12824,28683,15002,13356
14718: 13179,14378,14602,13594,13962
15800: 13492,13233,14852,15257,13537
14249: 14280,14208,13716,12860,14285,14341
15095: 13586,15533,15619,13843
13969: 13214,14334,15624,12911,15688,14840,15263
14533: 14326,15316,14095,13007
14700: 13616,13269,14214
13390: 13545
13763: 13728,13186,13259,15217,15178
15146: 13300,14508,13030,14024,14519,14358
13227: 15471,14376,14164
12816: 15044,15503,15220,12980
13066: 
15813: 14804,15785,14445
14388: 13691,14853,14291,14208,13716,13620
14330: 14714,13830,14665,15145,15204,13013
13687: 15317,13791,13100,14991,13948,14022
15706: 14906
13106: 14386,13075,15466,15690
14300: 12987,15442,14367,14674
13778: 13099,14931,14397,15143,14999,14923
14723: 12916,14817,13349,14258,13153,13858
14756: 14273,13376,13089,14792,14528,14199,15012
14191: 12954,15140,15653,14608,15319
14059: 13009,13320,13899,14231,13566,13231
15610: 12996,13629,14401,14159,12889,15341
13812: 13610,14750,14109,14573,15030,15374
15323: 15625,14815,14998,13574,13091,15120
13600: 15569
14099: 15228,15587,15310
14380: 15669,14147,15438,13024,13814
15224: 13666,13240,13973
14221: 13942,14551,13174,14643,14536
12901: 
13259: 12891,14293,13763,15217
15264: 13672,13084,13861,14252,14192
15697: 15338,13182,14454,13480,15409,14738
13190: 15261,13369
14572: 12847
13492: 15800,15721,13537,13488
14009: 14938,13790
14698: 13689,13198
14111: 14800
15749: 15010,13671,13159,14036,14105,14819
13293: 13069,13503,15180,14283
15641: 14747,14190,13309,14955,14427,14347
14446: 
12970: 15144,13924,13581,14474
13221: 15665
14206: 14613,13252,13316,15213,14062,13317
14165: 14251,13627,13639,15091
13566: 13231,14298,13320,14059,13982,14231,15265
15195: 14692,15347,14074,15351,13366,13136
15762: 15532,14872,13078,13352,14985,14952
15330: 15324,14763,14016,15574,13662,15104
13825: 15482,13577,14681,13489,14684,14553
14825: 14363,13903
14303: 13601,14960,15575,15198,15753
14922: 14670
14485: 13214,14334,14709,15151,14292
15156: 15048,14424,15332,15593,15657,14169
15537: 14336,15417,14404
13320: 13009,14954,14059,15054,13982,13566
13226: 13591,14512,15624,14555,12903,14498
13601: 14303,15753,15616,13406,15245,14532
13956: 13058,15226,15328,14502,14301,14198
15077: 14671,13567,14489,14387,14904,15512
13818: 14247,15420,13847
13836: 15479,14257,15672,14638,12859,13928
15176: 14245,14595,15378
14676: 15597,15345,12866
14195: 14808,15435,14903,14284,12907,15637
15617: 15020,14014,13178,14747,14190,14260
15348: 14768,13872,14704
15059: 13599,14321,13261,13462,14786,15504
13188: 15324,14763,14116,14279,13511,13300
13417: 15786,14000,15272,14449,13203,15154
15183: 14616,12910,14295,13497,14385
13761: 15139,14658,14769,13754,13140,15481
14274: 12990,13823,15677,13572,14016,13662
14853: 13691,13771,14388,14291,13746,12977
15465: 14120,14761
15623: 13944,15177,13498
14794: 14783,13949
13471: 14946,13289,13850,13488
15483: 13323,14377,14211,14339,13028
12960: 15741,13311,14444,15763,13649
13080: 15778,14167,14938,14583,15794,13637
14646: 15517,15281,15305,15155,15390,15002
14015: 15102,13388,14793
14613: 13252,14024,14206,14267,13511,14062
13402: 14819,13322,14722,14036,15567,15495
14411: 14601,15063,13077,13623
13718: 
14630: 13261,13462,14291,13659,13620,13751
13656: 13027,12998,14963,14085,14210,13755
14292: 15151,15283,12993,13517,14709,14485
13654: 14525,13064,14773,15454,12999,13160
15644: 
14142: 15358,14839,14526
14527: 14697,13513,15203,13128,14503,13385
15011: 14244,15357
14774: 14828,14641,15165,15608,14120
14136: 15217,15178,15678,15368,15277
13726: 14602,13962,13430,15337
15684: 14667,14775,12918,12860,13592,12858
13314: 13054,15496
15233: 
13846: 14755,12823,15272,15344,14183
12837: 13757,13432,13992,15109,15529,14470
13022: 13721,14979
13199: 14962,15125,14622,15138,13189,15669
15455: 14520,15067,13208,14021,12958,12856
14743: 14969,14481,15768,14440,15769
13602: 13011,15648,14866,14787,13584,12985
14787: 15463,12944,14866,13602,15108,13584
13397: 13051,13497,13993,13482,12976,13392
13113: 14130
12998: 13656,13027,14963,14822,13964,14802
13931: 14032,14223,15642,13799,15553
13351: 
13854: 13841,15219,13287,15806,15297,15722
12969: 13756,14394,13954,13914
28652: 
15433: 13088,13381,13750,15621,13164,14541
14874: 12819,13447,12985,14064,14435,15333
12928: 
14398: 12955,14023,15398,14152,12957,14350
14268: 13483,14610,14117
14734: 
13589: 14452,12900,14283,15568
15789: 14389,15702,15421,15685
13007: 14029,14533,14326,14843
12984: 15592,15080,15518
14253: 13405
15550: 
15489: 13053,13979,12874,14037,14856,13776
13219: 
14623: 
14517: 15230,15007,14151,12915,13843
15045: 12925,15523
13618: 13524,14207,13709,15208,13512
13470: 14916,15042,13955,15736
12897: 13002,14726,14691,14824
12831: 14968,14850,14869,13539,14545,14827
13285: 15809,13503
13837: 13970,13609
15552: 14078,14476,13872,14788
13705: 14767
14538: 14051,15541,14076,13924,13838,14025
14352: 13947,14554,15128,13419
15806: 12845,13287,13884,13854,13692,15722
14399: 12874,13932,13224,13678,15630,12815
13202: 14737,15084,13665,13935
13591: 14512,15624,13226,14427,14347,15263
14839: 14526,14142
14552: 15334
13154: 15680,15498,14500,13278
14233: 14261,15699,12881,15125,14622
15164: 14329,14580,14035,15198,13887
14318: 13822,13649,14187,15283,12993,13480,13182
14261: 14233,15611,15699,13813
14565: 12855
15319: 15453,14147,13814,12954,14191
15770: 15633,14509,13585,13518
14530: 14114,14196
14371: 14784,13990,14569
13664: 13173,14381,13175,15115,13671,14844
14168: 13728
14760: 
15361: 13572,12817,14043,14255,15472,13467
14850: 14968,12831,14869,13262,13625,13548
14494: 13501,14636,15737,15731,13521,14328
15656: 12833,13008,15460,15088
14832: 15652,13292,14529,14155,13855
14761: 14226,15465,13860,14531
14639: 14272,13393,15116,13995,14941,13644
15110: 14066,14655,13103
14435: 15449,15333,15499,14874,13447,14740
15475: 13937,12971,12988
15034: 14379,13831
13409: 13132,13446,12967,14437,13995,13393
13713: 13920,13505,13983,14236,15459,13478
14762: 14738,13992,14745,15409,14668,14550
15493: 15466,14810,15690,14197,12947
15234: 13729,15811,13434,13414,15068,13542
15481: 13097,15246,14733,13754,13761,14658
13749: 13706,14224,14106,13927
13027: 13656,12998,15046,14822,15041,14085
13970: 13837,13495,13733
13011: 15648,15451,13602,12985,15333,14320
13819: 
15342: 13711,14709,14598,13517
13443: 13281,12943,15543,13834,13209
14115: 13460,13735,13953,13274,14471
13725: 13363,13966,14616,12910,14809
15325: 14225,13777,15008,14078
15334: 14552,14049
15166: 
14551: 12909,13055,13174,14221,14536
14216: 14451,13960,12814,13396
15692: 14885,15750
15109: 15410,13883,12837,13757,13432,15561
14819: 13402,13322,15749,13159,13695,14036
14360: 14490,14683,14986,13932,14780,13053
13613: 13456,15265,13789,13501,14636,13681
15270: 15273,15096,15372,14816,13145,15431
14026: 13544,13822,14187,13339
15286: 15210,13473,15070,15103,13472,14264
15056: 
15404: 13309,14831,15212,14796,14728,13565
14162: 13927,15377,14106,15405,14491,14276
15500: 15132,14457,13232,15745,15777,15687
12959: 14788,14768,14901,14526
15426: 15354,15341,14701,15594,14159,13165
13902: 13916,13831
13682: 14175
13694: 15778,14938,13905
13572: 15361,12817,14016,14255,12990,14274
14293: 14902,12891,13259,13036,14176,15271
14505: 14087,15719,14596,12983
13336: 15515,14081,15292,15187
14209: 14349,13139,13848,14542
13947: 14352,14554
12869: 15754,14666,13037,14094
14321: 15059,13599,14577,13305,13771,13462
14377: 15483,13323,14229,14469,13038,14339
14547: 13280,14178,15196,15250
14114: 14530,13512,13560,13802
15249: 12973,15464,14588,13673
14596: 15335,13073,15719,14505,12983
14504: 14471,15647,14571
15594: 14272,14159,13039,13165,13644,15426
15228: 14099,13980,14073
12992: 13710,14133
12940: 15242,15802,13561
13521: 14581,14549,14328,14494,15737,14865
15422: 15454,14310,15751,13741,14238,14525
14644: 14410,15044
13824: 15612,15266,14421,15728,14287
13024: 14586,12826,14412,15606,14380,15438
15677: 14274,13823,15451,13662,12838,14320
13869: 15232,13785,13031,14693,13071
15591: 13518,13046,13025,13735
15773: 14631,15453,14521,15729,15140
15599: 12877,14955,14427,15738,13975,14512
15133: 13797,14137,14068,14900,13288
13239: 13988,13010
14830: 
15271: 14176,13888,14293,13578,13036
15222: 12958,15645,13236,12856,14179,15779
13321: 13303,15719
14392: 14574,13782,13696,15072,13065,14933
15226: 13956,13058,14927,13809,14198,15284
13662: 15574,12838,14016,14274,15677,15330
14770: 13273,13655
15765: 13524,12995,14369
14894: 15313,13783,15282,14486
13835: 15317,13791,13365,15462,13628,15113
14668: 14550,13992,14762,14407,15529
14224: 14765,14121,14032,13749,14421
13963: 14885,15750
14953: 13337,12947,12946
14578: 12927,14790
15032: 13015
14896: 13926,13643,12930,13875,15748,12912
13167: 14571,13281,13209,14879
14484: 15231,13430,14282,13063
15185: 12944,14558,14256,15210,15103,14488
14054: 14784
14837: 14834,14617,13353,14951,15363,15707
15504: 14786,14974,15059,13529
13918: 14836,15360,12950,15384,13798
13486: 15153,14356,13358
14500: 13626,13541,13093,13154
13127: 13516,13271,14567,15065
14525: 13064,13654,13741,15454,15422,14277
14219: 13699,14544,13142,14713
15040: 13421,13008,13739,14899
14284: 14189,12907,15801,14195,15047
13194: 13427,15417,15370,14404
15478: 14323,13874,15544,13813
15114: 14431,14102,13031
12904: 14513,15709,15304,14886
13468: 13002
15119: 14425,15124
14713: 15460,14624,13699,14219
14569: 13619,14371,13990
14852: 15257,14297,15800,13233
14385: 14696,13727,15183,13005
14442: 14891,14778,14615
12914: 14981
14744: 13801,15651,15747,14719
14680: 12932,13997
13388: 13556,14015,14793
13296: 14322
15443: 14771,13029,13212,14101,14400
14763: 15324,15330,13188,13300,14508,15104
13123: 14738,15387,14454,14848,13868
13478: 15459,14867,15712,13713,14759
14711: 15202,12966,14717
14130: 13113
14707: 
14419: 12979,14483,14632,15570,14486
14074: 15797,14692,15195
14634: 13005,13029,14616,13966
15048: 14042,15156,13998,12921,14424,15332
13494: 13570
14443: 15207,12818,13677,15522,14961
14895: 15159,15486,14791,12830,14653,14202
13797: 13141,14137,15133,13431,15303,13496
13169: 
14934: 
14314: 
13324: 15126,13916,13941
14818: 
12846: 13181,14821,14915,14891,14615
13892: 14614,14007,14905,12931,13670,13554
14660: 13579,14082,13999,13158,15764
14139: 15756,14657,14864,14808,14903
14060: 15430,15029,14151,15668,15230
14870: 15107,13238,15675,13913,14382
13072: 14003,15580,13093
14821: 13181,12846,13760,15381,13141
13419: 15780,14352
15023: 
15313: 14422,13783,14971,14894
15014: 
13135: 13851,15086,15191,15673,14652
14816: 13145,15270,13001,13673,15431
13587: 14961,15740,15532,14952,13367
14177: 13997
14748: 13811,15196,13280,14950,13943
15511: 13047,13384,14867,14131,14364
14531: 15395,14761,14877
13009: 14954,13320,14059,13083,13972,13899
13632: 14067,14493,14534,13938,12840,14984
13484: 13509
12830: 15486,14611,14895,15349,14653
15260: 15248,12913,14612,13441,13079
13249: 14396,14174,14741,15089,13640
14141: 13679,15101,13205,15190,15213,14062
14887: 
13932: 14399,12874,14986,13224,14360,13053
15042: 15349,15415,14916,13470
14102: 13031,13622,15114
14656: 13416,15076,14053,14797,13311
12824: 28683,15274,13540,14515,15517,15305
15328: 13956,13058,15038,14502
13961: 13577,15473,13513,14775,12918,13128
13633: 13793,14881,13985,13729,13042,14069
15094: 13502,14088,13125,14012,14455,12923
13146: 13298,13564
13225: 13951,15121,13168,14092,12865
14370: 14972,14061,13984,13820
12847: 14091,14572
14227: 15494,13197,15060,14611,13945
12997: 13047,13384,13769,15290,14391,13915
13344: 15596,13210,13395,14055
14383: 15223,14820,14871,13246,13134,13891
13981: 13944,12841,14354,15259,14470,13879
13630: 15598
13211: 
15029: 14060,15430,14151,15211,13111,13586,15666
14884: 13295,14229,14285,13592,13408,14640
13075: 13606,13645,13106,15690
13734: 13433,13875,14973,13389,14043,13467
15790: 13086,15123,14943,15542,14002
13766: 13980,14997,13283
13440: 14117,14965,15091,15025
14004: 
13571: 
13187: 15244,13788,14482,15622,14473,15169,13901
13415: 14899,14119
14116: 13185,14279,14267,13511,14447,13188
15767: 15513
13885: 14513,12822,15780
14033: 14957
14710: 12834,15250,13878,12832,14178
14244: 15011,13348,14047,14742
14781: 13848,15464,13452,14349
15155: 14646,15390,15219,13573,15002,13986
13578: 12894,13036,14180,15271,12870
13992: 15387,14762,14668,12837,15529
14667: 14553,14775,15684,14964,14280,12860
14592: 14689,15050,14315
13817: 15407,14766,13991,14673
15766: 
15076: 14656,13394,14053
13210: 13344,15518,14811,14408
14492: 14358,15485,14664,14294,14519,13347
15288: 13905,13493,13383,14359,15778
14568: 15215,13617,15551
14025: 14714,13830,15144,13924,14538,15541
14464: 13420,13251,15456,15626,14598,14757
15637: 12931,15435,14195,12907,12939
14023: 12955,14398,14350,13787,15788,15714
13133: 14184,15702,15562,15509,14299
14791: 15486,14879,14895
12913: 14506,13250,13119,13441,15260
14879: 13546,13209,13167,14791
15503: 15044,13736,12880,12816,13115,14410
13512: 14114,13618,15208,13560
15774: 15667
13986: 14034,15297,15467,15155,15219,13573
15049: 14040,15560,15793,13279
15467: 14034,13986,13573,12920,14378,15163
14662: 15269,14319,13479,14529,13680,14944
14466: 14491,14311,14276,13375,15672
15664: 14160,13242,15715,15732
14164: 14376,13227,13636,15416
14051: 14538,13775,15541,14204,14076,13994
14437: 15085,12967,13640,15089,13132,13409
13652: 15160,14849,14544,15025
13944: 12841,13981,13193,13879,15177,15623
12868: 15555
13203: 15272,14183,13417,15154
15638: 
14865: 12982,14862,15737,14549,13521,15152
13067: 14143,13710
14847: 
13360: 13655,13491
12882: 13132,13446,15083,15244,14482,15391
14618: 15662,14779,14237,15499,14472,13976
13990: 14371,13619,14569
14498: 14999,12903,14555,13711,13226
14686: 14590,15614,14945,14329
14150: 14987,12906,15396,13270
12894: 13578,13036,14614,15628,13206,14180
14281: 14545,14369,13539,13941,14883
13354: 13298,14405
14396: 13249,14174,15724,15246,15191,15673,13640
15321: 14101,14997,14245
13094: 15367,13555,15318,13078,14872
13413: 13326,14011,15136
14746: 15332,14621,14296,12987,15442,12921
13535: 13784,14984,13306,14493,15776,14497
14728: 13894,15744,13565,13449,15404,14796
15629: 15557,13677,15522,14507
15066: 15203,13156,14688,13651,13840,13385
13042: 13729,15811,14316,13633,14881,13844
13175: 13664,14381,14703,14815,14844,14998
13998: 14042,15048,14424,13703,14301,15329
15220: 15412,13801,15747,12816
15650: 15524,15256,15314,13051
15394: 14986,14161,13224,14038,14067,15444
15096: 15270,15273,15372,14509,14535
15036: 14316,13845,13399,13844,13910,15510
15413: 14416,13074,15491,13723
13862: 14648
15069: 13107,13374,14992
13047: 12997,13384,15511,14391,14867,15712
15486: 14791,14611,13945,12830,14895
13826: 15564
14163: 12867,15507
13126: 14265
13637: 15794,13080,14938
13307: 14418,12933,13019,15047
13255: 
15391: 15244,13788,14628,15083,13143,13237,12882
13017: 13121,14566,13508,15592,12989
13345: 15779,15627,13349,15172,13236,13153
14867: 15712,13478,13047,15511,15092,14759
13057: 15775,14685,14409
14258: 12917,13153,14231,15461,14723,12916
13004: 13684
15728: 15127,13454,15266,13824
15248: 15260,14612,13096,14107
15407: 14153,13817,15425,15576,13204,14673
15424: 13215
14213: 13086,15123,13362,15784,14892,15441
13939: 14856,15731,13957,14037,13456,13501
12921: 14042,15048,12987,14970,14746,15332
15337: 15043,14602,13726
14460: 12850,13138,14220,14462
15717: 12948,13625,13548,15236,13737,12973
15491: 12844,15413
13507: 14251,15298,13006
14495: 
15431: 15427,15396,14816,15270,15273,13001
14053: 14928,15626,14656,15076,13311
13510: 13865,12818,14961,15740,14804
15693: 14912,13500,15535,15609,13595
13570: 13494
14715: 14958
15741: 12960,13311,14797,15189,13822
13177: 13122,15720,13693,15057
14512: 13591,13226,12903,13975,15599,14427
15571: 13564,14575
12832: 13878,15074,15186,14710,12834,12878
13537: 15721,15257,15800,13492
12835: 15775,13828,14428,15015
14457: 15132,14740,15500,13232,13150,13447
14930: 13838,14474,15576,14271,14361,15403
15235: 14712,14957
13635: 14721,14594,14353,14181,13871,15446
15543: 14086,12884,13834,13443,14041
13406: 14068,14900,15616,13601,14532,15708
13964: 13208,14758,14021,14802,12998,14963,12908
13366: 15351,15177,13193,15797,15195
13737: 15017,15236,15643,13548,15717
15135: 13688,13894,15744,13292,14645
15681: 15100,14589,14426,14101,14997
15147: 13699,14171,13313
13068: 14018,13873,13599,13653,14786
15585: 13549
15719: 13321,14596,14505
13709: 14207,13618
14716: 14010,15421,15685,13414,13434
13268: 14682,15158,15389,14266,15450,15618
13678: 15776,14524,15630,15444,13224,14399
15280: 13183,15392,15725,15173
14797: 15275,15189,14656,15741,13311
13966: 13363,13725,14634,15299,13842
15539: 13108,14169,15657,13792,15701,13082
14090: 15757,13551,13248,14776
14455: 15526,14937,14205,13125,15094,14088
12986: 14423,14084
13084: 13672,15264,13254,15515,14081,14252
14086: 12884,15543,13834,13180,14468
13019: 15718,15184,15047,13307,14129
13810: 13889,15447,15004,13890
13032: 13936,15686,14096,13647,14778
15247: 13576,13006,13698,15380,14980
14210: 14242,15739,13750,14085,13656,13755
13195: 14833,13913,14288,13117,13241
13138: 12850,14460,14587,14203
14901: 14084,15771,14768,15803,12959
13101: 15601,14675,14619,14925,13855
15295: 15596,14408,13121
12930: 12916,14817,13875,14973,13926,14896
14297: 13166,14852
14408: 15592,15518,15295,13210,13121
15035: 15021
13697: 14389
14382: 14833,13913,14449,14870,15107,14000
13103: 15110,13807,15607
15353: 14805,14189,15718,13264,14539
13012: 13196,13331
14251: 13507,14165,15091,15160
15350: 
13305: 13220,14577,14194,14018,13599,14321
13543: 14340,13379,13003,13040
13340: 
14652: 15673,15143,14185,13851,13135,14931
13051: 13397,13497,15314,13482,15650
13445: 14944,14507,13498,13555,15318
13901: 12889,12890,13187,15622,14401,15169
15612: 15266,13824,14421,13109,14121,14122
15718: 15184,13019,15047,15353,13264
13140: 15701,15356,13082,13754,13761,14769
15520: 13723,15238,14782
14671: 13567,15077,13774,14489,14089
14936: 
13218: 14980
15620: 14265
15398: 15613,13265,14152,12955,14398
14871: 15223,14820,14383,15251,15193,15589
14329: 15164,15393,14945,14686
15593: 13404,15332,14621,15156,15657,14259
13332: 14252,13223,14880
13469: 13731,13428,14619,14730,14925
14424: 15156,13998,15048,15329,14030,14169
14056: 
14769: 15139,14343,13761,15356,13140,13934
15667: 12853,14331,15774,15611
13410: 13504,13091,14132,15479,14257,15251
14649: 15569
14886: 12904,15304,14335
14758: 13208,13964,14802,14995,15573,14913
14340: 13543,15527,12863,15432,13674
13580: 14154,13796,13505,13983,15018,13350
15540: 
13679: 13919,15101,14141,13185,14267,14062
12899: 13114,13418,13151,15554,15290,14048
14691: 14824,13890,12897
13701: 
15384: 15360,13918,14415
13556: 13388,13547,14793,13313
12963: 14496,14149,13277,13246,14127,13891
13843: 12915,13161,14517,15095
15444: 14067,14493,15394,13224,15776,13678
13411: 14597,13772
14519: 14664,13252,14024,15146,14358,14492
15072: 13787,13065,15788,15082,13696,14392
13621: 15057,13585,13528
13816: 14073
13827: 15799,13921,15178,15261
15290: 15554,13769,12899,12997,13915,14048
14690: 14489,15016,13888,15368,15277
14243: 15417,14826,14336
13481: 14739,15345,13942
14031: 15808,15291
14996: 12883,15604,15442,14367,14296
13353: 14837,14072,13370,15707,14755
13178: 14014,15617,14941,15116,14677,14747
12875: 14358,15485,13030,14977,14463,15437
15329: 13703,15462,13998,14424,14030,14148
15256: 13200,14307,15141,15314,15745,15650
14032: 13931,15553,14121,14224
15085: 12967,14437,13085,13640,15724,12857
13791: 15317,13687,13100,13835,15284,13365
13395: 13623,13344,15214
14672: 15441,15671,12941,13579,13118,14983
13563: 
12858: 13408,14669,15684,12918,14890,13592
13965: 15292,14348,13780,13116
14183: 15272,13846,13203
13747: 
15542: 15790,14002,15221
12912: 14447,15748,13643,14896,13919,13185
15352: 14806,14822,14230,15573,14802
14645: 15601,14675,15676,13688,13092,15135
14726: 13002,12897,15197,15655
14012: 13472,13125,14772,14264,13245,15094
13198: 14698
13444: 14472,13976,15104,14508,13030,14463
15611: 14261,15699,15667
13914: 15734,12969,14394
13396: 14403,15171,12814,14216
14199: 15012,13857,14756,14528,14290,14733
13245: 15470,15294,14012,14772,12923
14537: 15709,15304,14554,14046,13387
14714: 14025,13830,14330,14665
13079: 13441,15260,12968,14107
15445: 15399
15781: 14694,15805,13853,12935,14161,14683
13575: 
13291: 13722,14152,15137,14708
13887: 13811,15198,14580,15164,14960
13538: 14017
15317: 13687,13791,13835,14991,15113,13439
14557: 14703,14337,14679,13088,13164,13173,14381
14857: 14593,15240,13848
14514: 14989
14006: 13553,14095
13231: 13566,14298,14059,14231,15461,13433
14991: 13948,15317,13687,13439,13559,14863
15192: 
14125: 
15196: 14748,14580,14889,13280,14547
14471: 14504,14604,14115,13953
14011: 12988,14665,15145,13413,15136
14778: 14615,14096,13936,13032,14442
15065: 13860,13127,13911,14719
15399: 15445,15635
13460: 14115,14535,13735,13274
14395: 15468,12978,13180,14468,14439
14196: 15809,13524,14530
13925: 13149,15590,13014
15700: 
13985: 13793,13633,14881,14971,12979,14483
13125: 14012,14264,14205,14455,15094
14702: 14289,13968
14614: 13892,14007,15628,13554,13206,12894
15267: 14272,13393,13446,14482,15169,13039
14285: 12860,13592,14249,14341,13295,14884
13565: 15744,14728,14260,14190,13309,15404
14194: 14020,14118,13220,13305,13536,14018
15736: 14440,13018,15051,13955,13470
15508: 14364,14215,13361,12977,13220,14577
12954: 14191,15653,15319,13814,13799
13449: 13894,14728,14222,14796,13412,15652
15687: 13441,15052,15500,13232,13250,15777
14215: 14131,14364,15508,14682,13746,12977
13014: 15033,13925,13421,13142
14122: 15549,13109,15612,15266
15600: 
14296: 14746,14621,14996,15604,15442,15175
13038: 14640,14229,14377
13738: 12881,14365,13431,13760,14803
13519: 15648,15451,15152,14862,13823
14842: 13466,13374,13256,13457,14801
15551: 14568,14289
14595: 14400,14245,15176,15299
15469: 
13479: 14662,15269,14319,12841,14354
14231: 14258,12917,15461,13899,14059,13566,13231
15459: 15712,13478,14496,14149,13920,13713
14928: 14053,15626,15225,13839,13420
13159: 15010,15749,14560,13461,13695,14819
14841: 
15043: 14013,14602,13403,15355,15337
13499: 15572,13751,15683
14806: 13288,15352,14068,15708,14230
14433: 14119,12828,14126
15707: 15363,14288,13117,14837,13353,14755
15170: 14893,12952,15022
28683: 12824,15274,15586,15305,15782,13356
15118: 12938,13062,13770,13098,14422
15231: 14484,13962,13437,13179,14200,14282
14948: 13367,13371
15618: 14417,14964,15450,14684,15158,13268
13527: 
13295: 14229,14469,14884,14285,14341
13623: 13077,13395,12864,14411,15214
14062: 15213,13679,14141,14267,14613,14206
13769: 15554,15658,15290,14391,13277,12997
14725: 12888,13034,13959
14616: 15183,12910,14634,13725
14522: 15782,13364,14109,14576,14573,13356
14959: 13240
15377: 13927,14162,13335,14679,14337,15405
13191: 14856,13776,15731,12915,13161,14328
15554: 13769,15658,15290,14773,12899,13418
13380: 13290,12814,13352,14239,13960
14175: 13682
15052: 15687,13441,15777,13482,13392
12817: 13572,15361,14016,15472,14279,15324
13581: 13455,13991,14673,12970,14474
13050: 15565
13857: 14199,15012,13754,13082,14733
15709: 14537,15304,14554,12904
14807: 14459,15501,15683
15208: 14687,13618,13512
13868: 14848,14643,13123,15387,15410,13432
13569: 12911,14745,14840,15212,14550,14001
14503: 13128,14890,14527,15369,13357,13385
15205: 15468,14403,15171,12902
15527: 13315,13043,12863,14340
13099: 14931,13778,14397,14663,15474,15792
14013: 15043,14602,13594,13403,14699
14817: 14723,12916,12930,13858,12994,13926
14218: 15316,12974,13095
13237: 13143,15268,14628,15386,15083,15391
15428: 13611,15492,15769,13867
15366: 13765,13230,13977,12951
13342: 14800
14843: 13756,14394,14326,13007
15523: 15045
15236: 15017,13737,14410,15717
15214: 14055,13623,13395,15142
15744: 13894,14728,13565,14260,13688,15135
15241: 14633,15519,15564
14095: 14413,14286,15331,14006,14533
14918: 
15037: 
15386: 14628,15296,15139,14343,15229,15268,13237
14232: 15434,14969,14097
14287: 15711,15375,13824,14421,14765
13677: 15557,15629,15522,14942,14443
15742: 13668,15406,14908
15333: 15449,14435,14320,13011,12985,14874
14394: 12969,14843,15227,13914
13447: 13150,14874,12819,14435,14740,14457
13554: 15628,13596,12931,14135,13892,14614
13233: 15800,14852,12892
13464: 14982,14200,15030,14750,14978,12890
13655: 13360,14770,15254
13029: 13005,14634,13212,15299,15443,14400
13624: 13248,14228,15367
15169: 14401,13039,13187,14482,15267,13901
15210: 13940,15286,13473,14558,15185,15103
14573: 12920,14576,14522,14109,13610,13812
15705: 
15740: 13587,14961,13510,14804,13371
15615: 13675
12917: 14258,13153,14231,13748,13899,15172
13542: 14990,15068,15506,15234,15811,15703
13530: 13526
14107: 14019,13079,15248,12968,13989
15652: 14832,13292,13894,13449,13338
15661: 12949,13881,12895
14118: 14194,13907,14020,15194,14826,13536
15314: 15745,15777,15256,15650,13051
15528: 13583,14327,15243,13092,12945
13604: 15514,12855
13767: 12862,13217,12926
13653: 14079,13068,13235,14786,15315
13208: 14758,13964,14021,14913,14520,15455
14804: 15785,15813,13371,13510,15740
13561: 14134,12940,15802
14574: 14392,13782,14933,13908,12943,13834
14402: 15257,15327,15598
15763: 12960,14444,13649,12993
13427: 13194,14100,15370,13730
14269: 13722,15367,15595,12957
15805: 15781,14694,14038,15090,15148,13372,14161
13403: 13129,14373,15043,14013,15355
15567: 14310,14157,15400,14036,13402,15495
15701: 15356,13082,13140,14751,13108,15539
14643: 14848,13868,14536,14221,14907
15587: 14077,15310,14099
13683: 
14077: 15587,14589
15778: 13080,13694,14167,14938,13383,15288
15157: 14859,15559,13681,12873,14255,12990
13196: 13012
13735: 13460,14115,15591,13025,13953
13348: 13646,14244,14047
14935: 
14775: 14553,14667,15684,13577,13961,12918
13387: 14537,15304,13803,15186
14635: 
14648: 14620,13862
15216: 
15675: 14870,13238,13657,13913,15448
14732: 12926,13217,14120,15395
15429: 14647,14172,13864,13150,12819,15796
15046: 13496,13288,14822,15041,13027
12865: 14092,13225,15121,15419
14753: 13794,13048,14499
14982: 14200,14282,13464,14978,14432,14548
13182: 15338,15697,14318,15151,15283,13480
14456: 13929,14477,13487,15201
14759: 13917,15092,15727,14236,14867,13478
13271: 15285,13686,14567,13127
13334: 
14771: 13597,15804,15443,14426,13212,14101
12920: 13573,14576,14573,15467,13610,15163
14599: 13400,13815,15229,13934,15505,14343
12825: 13474,14534,13297,13719,13876
13060: 13748,13972,15067,14926,13327,12898
12892: 13636,13233,15416
14345: 14214,13269,15209
14316: 15036,15703,13845,15811,13042,13844
12906: 14150,13452,15464,14588
14263: 13375,15375,15506,14638,14990
14767: 13973,13705
14729: 13312
13568: 15275,15189,15106,14601,13544
14739: 13481,15345,13883,14907
14174: 14396,13249,15246,14658,15296,14741
14570: 15563
15294: 13245,15470,15582,12923,15293
14279: 14116,14447,15472,12817,15324,13188
15093: 15371,14795,14413
12907: 14805,14189,14284,14195,15637,14905
12833: 15656,13008,12854,13898
14738: 13123,15387,14762,15697,14454,15409
15547: 15427,15396,14044,13270,13863
13636: 14164,12892,15416
14849: 15160,13652,15339,15134,13690
13700: 15730
14366: 15577,15458
12975: 14201
13287: 15806,13884,15107,15786,14000,13854,13841
13498: 13445,14944,14319,15623,15137
13875: 14973,13734,12930,14896,15748,13467
15799: 13827,14235,15376,14405
13152: 14539,13670,14861,14007,13451
15784: 13362,12996,13629,14432,14892,14213
15060: 13614,13663,14227,15494,13945
14353: 14594,13635,13439,14181,15603,15448,13448
13394: 13331,15076
14670: 14922
12860: 14285,13592,14667,15684,14280,14249
14695: 12956,14246,13660,15382,13377
15259: 14407,15529,14470,14305,13981,14354
12819: 13150,14874,13447,14064,15429,13864
13448: 15448,14146,14515,15603,14594,14353
12836: 14041,13870,12884,15531,14234
12966: 14711
13681: 12873,13613,13789,14636,15559,15157
15411: 
13560: 14858,14049,13512,14114,13802
13171: 13753,14487,13634
15103: 14205,14488,15286,15210,15185,14264
12902: 15171,15205,14439,13593
13855: 14429,14832,14675,13101
15356: 15701,13140,14751,12885,14769,13934
14811: 15607,13210
14553: 14667,14775,14684,13825,13577,14964
15283: 15151,14292,12993,14318,13182
15757: 14090,13248,14228,13967
13331: 13394,13012
14020: 14194,13907,14118,13917,13361,13220
14334: 14485,13214,13969,15151,15338,15688
15514: 13650,13604,13124
13863: 15547,13270,13952
15670: 15082,13122,13693,13046,15788
15382: 14695,13377
13907: 14020,14118,13582,13917,15727,15194
14968: 14850,12831,13625,14827
12956: 14695,14246,13780,13667,14094
13878: 12832,15186,14178,14710
15292: 13965,13660,13336
15651: 13801,14744,14450,14659
13658: 
14633: 15241,15519
15354: 15341,14701,15426,15181,13856,14510
14940: 13783
15708: 14532,14068,13406,14806,14230,14546
14803: 13760,13463,15699,12881,13738
13599: 15059,14321,13305,13068,14018,14786
15375: 15711,14263,14287,15127
13355: 14827,13147,13485,15258
12859: 14638,14990,13836,15703,13845,13928
14145: 14098,14654,13645,12826,14304
14127: 13246,14277,13064,12963,13277,15658
15480: 
13882: 
14133: 14451,12992,14704
13002: 14726,12897,13468,12972
13028: 14712,15483,14339
13141: 13797,14137,13181,14821,13431
12968: 12976,13392,13989,13079,14107
13035: 15340,15558,14603,13528,15057
14152: 13722,13291,15613,15398,14398,12957
12926: 14732,13767,15395,13256
12973: 15249,15717
13698: 15227,13576,15247,15734
12982: 14866,14865,14862,14549,14144,15463
15699: 14233,14261,15611,14803,12881
13716: 14208,14249,14388,13056,13620,14341
13851: 13135,12936,15474,14931,14652
14558: 14799,13120,14256,13940,15210,15185
13916: 13324,15126,14883,13902
14188: 13477
14169: 13108,14030,15539,15156,14424,15657
14526: 14839,12959,14142
15015: 12828,14126,15680,13278,12835
13906: 14642,13286,13631,13230
14046: 13803,14047,14554,14537
14493: 14067,13632,15444,14984,13535,15776
14508: 13300,15146,13030,14763,13444,15104
15028: 13768,14035,15614,15346,14945
14426: 13408,13597,14771,15100,15681
14507: 13445,14944,13680,15557,15629,15318
14423: 12986,15209,14814,13558,14084
15691: 15320,14431,13308
15405: 14337,14162,15377,14491,14050,15307
15436: 14561
14655: 15110
15107: 15646,14870,13238,14382,14000,13841,13287
13040: 13003,13543,13379
13284: 15553,13109,14098,15549,14854
14420: 
14084: 14901,13558,14423,12986,15803
13489: 14681,14556,14250,13531,13825,15482
15516: 14962,15125,13813,14323,14412
14161: 14986,15394,15781,15805,14038
15596: 15295,13344,14055
15090: 12878,14129,15148,15184,14694,15805
15463: 12944,14787,14144,14256,12982,14866
13288: 14806,15133,14068,13496,15046
15754: 12869,15582,14384,15791,13037
15714: 14776,13895,14023,14350,13551,13787
14925: 14429,13423,13101,13428,13469
14799: 14144,13120,14558,14256,15619,15252
15808: 15291,14031
15583: 14275,13213
14061: 15764,15081,13731,13984,14370
15622: 15030,15374,14473,13187,12890,13901
15389: 13915,14048,14266,15450,15150,13268
13528: 13585,14659,14603,13035,13621
12957: 15595,14350,14152,14269,14398
14782: 14103,15238,15520
14681: 15450,13489,15150,14684,14250,13825
13376: 14361,14273,15403,14756,13900,14792
13648: 14126,13661
13531: 14664,14294,14556,13489,15482
13401: 12971
15081: 13158,14061,15764,14972
13461: 13695,13858,15627,13349,14560,13159
13276: 
14815: 15625,15307,15323,13175,14998
13408: 14669,12858,14426,13592,14884,15100
15653: 13808,12954,14191,13799,14223,13532
15129: 13193,13879,15797,13757,15561
14509: 15770,15633,15412,15372,15096
15471: 13227,15581,14005,15498
13711: 14555,15342,14709,13341,14498
14375: 13131,15761
14098: 14145,14654,14854,15553,13284
14373: 13403,15355
13207: 15530,13021,13263,14995,14913
13922: 14585,14559
15686: 13032
13977: 13081,13896,14344,15366
14124: 14724,15278,13435,14603
15733: 14058,14040,13279,12852
12884: 14086,15543,12848,14041,12836
13547: 13556,13313,12820
14975: 14112
13156: 15066,15203,14977,15437,14307,13651
14282: 14982,14200,14484,15231,14548
14393: 
13045: 13849
14450: 14659,13801,15651,15633
14275: 15583
14404: 15370,15537,15417,13194
14976: 15371,14824,15655
12935: 13176,13853,15781,15640,14683
15689: 14387,15678,13369
13777: 15698,14511,15325,15008
14854: 15549,15401,14304,14197,14098,13284
14325: 13275
14549: 14581,15252,13521,14144,12982,14865
14502: 15038,14970,13956,15328,14042,14301
13815: 13400,14599,15505,13832,15274,15586
15063: 15106,14441,14411
14344: 13550,13715,14987,13977
13929: 14456,15201,12849
15560: 14904,15512,15049,13987,15793
13728: 13186,13763,14168
12905: 15772,15495,13205,14722,15101,15005
13740: 13508,13753
15017: 15236,13737,14992,13736,15643
14417: 14964,15618,15158,13691,14280,14208
14305: 13338,13412,13049,15259,14407,14354,15269
14478: 15370
13228: 15606,13606,14586
13018: 14440,15736,15769,15051
14201: 12975
14965: 14610,13440,13743,15025
15635: 15399
14679: 14104,13088,13335,15377,14337,14557
15301: 15122,15068,15506,15127,13454
14727: 15752
15419: 12865,15289,13148
15659: 12822,13744
14631: 15453,15773,15138,13189,15000,14521
14653: 13955,14436,14202,12830,14895
14071: 13593,13923
14992: 13893,15069,15643,15017
13742: 14083
15341: 15354,15426,14159,12996,15610,15181
14439: 14468,15468,14395,12902
12820: 13547
13974: 15561,13883,15609
15068: 15122,15301,15506,13414,13542,15234
14432: 14892,14978,14982,15784,13629
15788: 13787,15072,13693,12955,14023,15082,15670
13144: 15756,12887,14518
14627: 14914,14309
15026: 
15311: 14950,13297,13272,13719,13021
15251: 15223,14871,14257,13410,13504,15589
14548: 14892,14028,14982,14282,13950
13206: 15440,14180,14614,14007,12894
14058: 15733,13298,14040
15810: 13890,13148,14795
14705: 15165,14736,15608,15695
13304: 12978,13908,13180,13895
14917: 
14298: 13566,13231,15265,13789,13433,13389
13870: 14041,12836,13546,15159,14217,14234
14441: 15106,15063,14752,14845
14363: 14825,14641,15200,13634
13465: 15326
14407: 15259,15529,14668,14550,13049,14305
14312: 14217,13704,15055,14092
15137: 14708,13498,13722,13291,13555
13579: 14660,14919,14082,12941,14672,13999
14271: 15576,13204,12965,14930,14361
13659: 13056,13620,14868,14630,13751,15572
13318: 
15016: 14690,14489,13888,12870,13774
12934: 15343,13192
15287: 15020,14014,13773,13852,15676,14327
14793: 14015,13388,13556
14872: 15532,15762,13094,15318,13078
13109: 13284,14121,15549,14122,15612
14612: 13119,13880,15260,15248,13096
14546: 14230,14995,14532,15708,13272,13021
14752: 14784,14441
13550: 13715,14344,12951,14605
15084: 15566,15142,14737,13174,13202
15074: 12832,12933,12878,14129
14170: 15078
13298: 13354,13146,14058,13564
14866: 12982,14862,15463,14787,15648,13602
13261: 13462,14630,15059,13751,13529
14029: 13007,15331
13995: 15116,14798,12967,13409,13393,14639
15513: 15767
14876: 
15123: 15790,13086,14213,15441,14983
15269: 14662,13479,13338,14305,14354,14529
14780: 13053,13979,14490,14360,13806,14138
14897: 14010,14156,12843,14069
14220: 14203,14460,13070,14278,14462
14421: 15612,13824,14121,14765,14224,14287
13089: 14259,13792,14273,14756,15012
13430: 14484,13726,13063
14035: 15028,13768,15198,14945,15164
13795: 15538
14589: 15681,14997,14077
13950: 13063,14860,14028,14548
15250: 14710,12834,14547,14178,13523,13933
13016: 15484,15336
14357: 14801,14877,15654,13893,13115,12880
13491: 13360
14272: 15267,13393,14639,15594,13039,13644
15154: 12895,13203,13417
14462: 13116,14278,14220,14460
13941: 13539,13324,14883,14281
15786: 14000,13417,13287,13884
14777: 
14085: 15041,15729,13656,13027,14242,14210
14674: 15038,14970,12987,14300
13982: 15054,13957,13320,13566,13456,15265
13669: 15446,12885,15787,14039,13368,14751
13945: 15486,15060,13663,14227
13232: 14457,15500,13150,13250,15796,15687
12925: 15045,13328,13733
15101: 13919,13679,15005,14141,12905,13205
12952: 14609,15022,15170
13695: 13461,13858,12994,13159,14819,13322
12987: 15442,14300,14970,14674,14746,12921
15397: 13480,13055,14454,14848,14536
15153: 13486,15071,14956,14356
13130: 14583,13708,14486,15570,15743
13485: 15258,13147,13355
14810: 15466,15493
14365: 12881,13738,13431,14622,15138,15303,15000
13441: 15687,15052,13079,13250,12913,15260
15668: 14063,12953,13451,15440,14060,15430
14103: 14782,13650,15238,15149
13627: 13639,14117,14591,14165
13642: 
13071: 13031,13869
14016: 13572,12817,14274,15324,15330,13662
14629: 15548
14294: 13531,14664,14492,15482,15473,13347
14978: 12889,12890,14982,13464,13629,14432
13888: 14176,15271,12870,14690,15016
13256: 14842,13466,12926
14542: 14302,14209,13139,12861
15564: 14559,13996,15241,13826
14238: 15751,13598,13574,15400,14310,15422
13129: 13403,14699,15722,12845
13425: 
13513: 14697,14527,13347,15473,13961,13128
13081: 13977,13896,13952,15494
15127: 15728,13454,15375,15301
12879: 14057,15530,13263,13306,13327,13784
15038: 14502,14970,14674,15328
15179: 13487,13631,15415,14642
14444: 12960,15626,13251,15763
15803: 14768,14143,14084,14901
13315: 15527,12863
13229: 
13405: 14253
14187: 14318,13822,14026,13055,13480
15242: 13534,12940
14951: 13302,13821,14837,14617,13971,15363
14888: 14916,15051,14477,15131
15100: 14640,15681,13408,14426
12853: 15667,14331,14458,13463
12852: 14575,15188,15733,13378
13102: 13712
13879: 13193,15129,13757,14470,13944,13981
14440: 15736,13018,13955,14436,15768,14743
13005: 14634,13029,13212,13727,14385
15312: 
14977: 14463,13033,15437,12875,14307,13156
14470: 15259,15529,12837,13757,13879,13981
14766: 14153,13817
15759: 14742,14949,15276
12927: 14578
13675: 15615
15807: 
14132: 13410,13091,14311,15625,15479
12841: 13944,13981,14354,14319,13479
14093: 13424,13201,13842
13243: 14929,14579,13909
12991: 15484
13672: 15264,13084,14081
14607: 13616,14972
13160: 12999,15237,15454,14157,15772,13654
15574: 13662,12838,14237,15330,13976,15104
13241: 13559,13657,14863,13886,13117,13195,13913
15440: 13206,14180,13451,15668,15430
15566: 15142,15084,12909,13174
13431: 13738,14365,13141,13797,15303
13364: 15782,14522,14109,13172,13438,13143
13369: 14904,15689,13190
13393: 15267,14272,14639,13409,13446,13995
14117: 14591,13440,14268,13627
13467: 15472,15748,13875,13734,14043,15361
13968: 15004,14702
15012: 14199,13857,14756,13792,13089,13082
15371: 14795,14824,14976,15093
13238: 15646,14870,15107,15675,15448,14146,15281
14529: 14155,13338,14832,14662,15269
14801: 13457,14357,14842,13893
13386: 14875
14561: 15436,14893,14010,12843
14203: 13346,14220,13502,14587,13138
14255: 14043,12873,15157,13572,15361,12990
15401: 15549,14854,12946,12947
13720: 
14838: 12857,15738,13975,15143,14185,14923
13501: 14494,14636,13939,15731,13456,13613
14193: 
13853: 13264,13176,12935,15184,15781,14694
15194: 13162,14826,13582,13493,13907,14118
14389: 14299,13697,15022,15789
13775: 14051,14204,15379,13994,15073,12936
14005: 15680,15498,15471
14409: 13739,13110,15033,13057
13000: 15457
13975: 15738,14838,14923,12903,14512,15599
15598: 13630,15327,14402
13611: 15428,15131,13732,14434
13912: 
14823: 14911,15418
14100: 13427,13235,15315
15458: 13674,15577,14366
15621: 13755,13343,13750,15433,13164,14541,13087
14677: 15116,14798,12877,14955,14747,13178
15152: 14859,15559,15737,14865,14862,13519
13555: 13094,15318,15137,13445,13722
15776: 14524,14497,13678,14493,15444,13535
13258: 13164,14541,15735,13533,13173,15115
13346: 14203,14088,14647,14172
12871: 15531,13923,13020,13168
14326: 14533,15316,13007,14843
14836: 15360,13918,13798,15111,15050
14091: 12847
12995: 14883,14207,15765
14138: 15230,15007,14063,13806,14780,13979
13871: 15113,14181,14039,13628,15446,13635
14795: 15371,15810,15093
13559: 13241,13657,15603,14863,14991,13439
14022: 13971,13948,12961,13302,13687,13100
14262: 15335,13073,15102
14463: 14977,13033,13030,13444,14472,12875
15735: 15795,14179,13533,13087,13258,14541
12955: 14398,14023,15398,15720,13693,15788
15022: 14389,12952,14893,15170
13786: 13216,13379
14075: 15186,13803,14480,14949,12933
13073: 14262,14596,12983
13741: 15751,13904,15422,14277,13134,14525
15710: 
15639: 13076
14651: 13247,14906
14563: 13013,13612,14663,15525,15792
13806: 14063,12953,14490,15640,14780,14138
13457: 14801,15395,14842
14348: 13037,13780,12850,13965
14641: 15200,14363,14774,14828
14166: 
13872: 14704,14788,15348,14078,15552
13497: 13051,13397,14295,15183
15357: 15011
14927: 15309,12961,13809,15226,13100,15284
15007: 14138,15230,14517,13979,13776,12915
13668: 15742,15406
14764: 13475,13534
13312: 12844,14729,14416
14826: 15194,13162,14118,14243,13536
14155: 14529,14942,13680,14832
13381: 15739,13750,13808,14104,13088,15433
14425: 15119,15124
14157: 15454,14310,15567,15772,15495,13160
13880: 13116,14278,14612,13222,13096
12876: 13358,14600
13838: 14930,14474,13924,15403,14538,14076
13727: 13840,15369,14385,14696,15804,13005,13212
13900: 15175,12965,13404,14361,14273,13376
15535: 13282,13407,12866,13595,15693
15442: 12987,14300,14367,14996,14746,14296
15237: 12999,13781,13160,15772,13205,15190
15416: 12950,13636,14164,12892
15188: 12852,14575,15546,13764,13717
14545: 14281,13539,12831,13147
13493: 15288,13905,14359,13562,15194,13162
13935: 15597,13665,13202
15126: 13324,13916,14017
15122: 15301,15068,13090,13454,15421,13414
13370: 14072,13353,14755,12823
13997: 14177,14096,14680
15121: 13225,13168,13020,14873,15447,12865
15606: 14323,14412,13228,13024,14586
15202: 14711,14717,13192,15058
15106: 14441,15063,14845,13568,15275,14601
14891: 14442,14615,15381,12846
15758: 14885
13338: 13412,14305,15652,15269,14529
14919: 13579,14082,15243,12941,13506
12870: 15211,13111,13578,13888,15016
15098: 12924,15070,13567,14835,15512,14212
15499: 15449,14435,14618,15662,14740
14473: 15622,15374,13172,13187,15244,13788
14030: 13108,14169,14424,15329,14148,13368
15502: 13829
13165: 13773,13852,13644,15594,14701,15426
15633: 15770,14509,13585,14450,15412
14571: 13167,13663,14504,13614
14582: 14324
13392: 12976,12968,13482,15052,13397
14983: 13118,15441,14672,15123,14002
13782: 14574,14392,13065,13908
12962: 15327
15300: 15746
13962: 15231,14718,13179,13726
13989: 12976,12968,14107,14186
14176: 15271,13888,15368,14293
15446: 15787,13669,14039,13871,14721,13635
13474: 12825,13523,13280,13297,13943
13339: 12909,13055,14939,14026
15536: 13647,13936,14453
14622: 15138,14233,12881,14365,13199,15125
13352: 14985,14952,15762,14239,13380
14885: 13963,15750,15758,15692
14089: 14080,13522,13774,14671,14835
14957: 14712,14033,15235
13590: 15167,15061,15193,14820,15510,14731
14202: 14653,14436,14895,15055
15609: 13282,13974,15693,14912,14692
15517: 15281,14646,15305,14146,14515,12824
15318: 13094,13555,13445,14507,14872
15075: 14475,15726
13921: 14108,15178,13827
13514: 
13614: 15060,15647,13663,14571
15281: 15517,14646,14146,15646,13238,15390
14459: 14807,15501,15206
15392: 13183,15280,13999,13158
14147: 15669,14380,13189,15453,15319,13814
13617: 15716,14568,15215
12880: 15503,14357,15654,13115
13864: 14647,15429,14064,15526,13745,12819
15451: 13011,15648,13519,13823,15677,14320
13717: 15452,15188
14041: 12836,13870,12884,15543,13546
14190: 14747,13309,15641,15617,13565,14260
15078: 14170
14733: 13097,15481,14290,14199,13857,13754
12976: 12968,13392,13989,13397,13993,14140
14119: 14433,13739,13110,13415
13149: 13925,14685
13078: 13094,15367,14872,15762,14985
14712: 14957,13028,15235
14693: 15006,13785,13869
15782: 14522,13364,13438,28683,15586,13356
14731: 13910,15510,13724,15167,13590,14154
15578: 14265
12881: 13738,14365,14803,14233,15699,14622
13780: 14348,14094,13965,12956
13558: 14814,14143,14423,14084
14158: 
15581: 15580,15471,15498
15104: 13444,13976,15330,14763,15574,14508
14045: 14112
15768: 13704,15055,14436,14440,14743,14481
13262: 15149,14850,14869
15167: 15061,13590,14731,14154,13505
14265: 15578,15620,13126
15713: 14958
12856: 13236,12898,15067,15455,12958,15222
14632: 14483,15487,15570,14419,13796
13186: 13728,13763,12891
15203: 15066,13156,15437,14697,14527,13385
13830: 14714,14025,14330,15541,14204,13013,15525
13184: 12896,14308,15001
15568: 14283,13166,13589,14452,14376
14406: 
15168: 15660,13424
15417: 14243,15537,14336,14404,13194
13729: 15234,15811,13042,13434,14069,13633
13274: 14044,13460,14115,15427
14831: 14840,14347,15212,15263,13309,15404
12861: 12900,15180,14542,14302,13139,14003
15797: 13193,15129,14074,13366
12854: 15715,13898,12833,14160
13573: 12920,14576,15002,15155,13986,15467
13813: 15544,14261,14323,15478,15516
15793: 14346,13279,15560,15049,13987
14207: 13524,13618,13831,12995,13709
15010: 15749,15115,13671,14560,13159,13533
13328: 12925
14889: 14335,14580,15393,15196
15676: 13688,13092,15020,15287,14327,14645
14288: 15707,13117,14755,13195,14833,15344
13030: 15146,14508,13444,14358,12875,14463
13552: 
15082: 15670,13025,13696,15072,15788
13091: 13410,13504,14132,15625,15323,15120
14347: 14831,15263,13591,14427,13309,15641
15263: 14840,14831,14347,13969,13591,15624
15569: 14649,13600
15070: 12924,15098,14835,15286,13473
13015: 15009,15663,15032,13155
13142: 13743,13014,14219
14604: 14471,14933,13953,13281,12943
13586: 15095,15533,15029,14151,15666
14397: 13099,13778,15792,14374,13341,14999
15802: 12940,13561
15177: 13366,13193,13944,15623,14708
13706: 13532,13335,14223,13749,13927
15515: 13336,14081,15187,13222,13254,13084
14773: 13064,13654,12999,15554,15658,13418
15525: 14663,15073,13830,14204,13013,14563
13253: 14880,14192
13784: 14926,13327,13535,13306,12879,14497
15021: 15035
14073: 15228,13816
12889: 14978,12890,13901,14401,13629,15610
14915: 13181,12846,12842,12893,15364
15211: 12870,13111,14180,15430,15029
13362: 15784,12996,15181,15441,15671,14213
15470: 13245,15294,13329,14317,14772
14845: 13416,15106,14441,15275
14786: 15504,13068,15059,13599,13653
13641: 
14386: 15704,13106
15548: 13458,14629
14247: 13847,13818
14602: 15043,14013,14718,13726,15337
13251: 14464,14598,14444
15221: 15542
15556: 14241,14626
15347: 14692,15195,13442,13136,13605
15696: 
13289: 13471,13043
13325: 
15671: 15441,14672,13362,15181,12941,13856
15430: 14060,15029,15668,15440,14180,15211
12981: 
15769: 13018,14743,13052,15428,13867
14687: 15208
15809: 14196,13285,13503
13500: 15693,14912,13442,13946,13595,13435
13584: 15108,12985,14064,14787,13602,13745
14586: 13024,12826,13228,15606,13606,13645
14069: 14156,14897,13729,13434,13793,13633
14661: 13483,13607,14685
13020: 15716,12871,15121,13168,14873
14248: 
14510: 12941,13856,15354,14701,13583,15243
13257: 
15360: 14836,13918,15384,14415,15111
13884: 13287,15806,15786,13692
13033: 14977,14463,14472,14779,13200,14307
15368: 14176,14136,15217,14690,15277
14418: 13307,15801,15276,15047
15047: 15718,13019,14418,13307,15801,14189,14284
13834: 14086,15543,14574,13908,13180,13443
14964: 14417,15618,14684,14553,14667,14280
13779: 
14182: 14092,15289,13704
14037: 12815,13957,12874,15489,14856,13939
14605: 12951,13608,15024,13550,13260
13685: 
14254: 15602,15239
14479: 13593,14511
14036: 15400,14105,15749,13402,14819,15567
13116: 13880,14278,14462,13965,15187
13650: 15514,15238,14103
15310: 14113,15587,14099
13509: 13484
13220: 14577,13305,13361,15508,14194,14020
14167: 13080,15778,14583,15743,13383
15053: 
13183: 15392,15280,13118,13999,14921,15173
13876: 14984,13306,12825,14534,13719,15530
13429: 13155
14909: 14880,14789,13330
15462: 13703,13365,15329,13835,14148,13628
12883: 14996,15425
12989: 13017
15555: 12868,14416
13375: 15711,14263,14466,14638,15672
13330: 13805,14909
14311: 14491,14466,15625,14050,15479,15672,14132
13703: 14301,13365,14198,15329,15462,13998
14126: 15015,12828,13648,13661,14433
15607: 14811,13103,15518
14137: 13141,13797,15133,13181,12893,14900
14447: 15472,15748,12912,13185,14116,14279
13913: 13195,14833,14382,13241,14870,15675
15720: 13177,13693,14123,13265,12955
15679: 
14814: 13558,14423,15209
15695: 14567,14705,13686,14736,15608
15367: 13094,13078,14269,13624
14430: 13275
12943: 13281,13443,14574,14604
13811: 14748,13887,14960,15245,14950
14332: 14445,13616
13145: 14816,15044,12980,15372,15270
13306: 13876,14984,12879,13784,13535
15207: 14443,12818,14942,14429,13423
14534: 12825,12840,13876,14984,13632
15409: 15688,14745,15338,15697,14738,14762
14659: 14450,13528,15651
13937: 15475,15144,12988,14665
15067: 14057,14520,15455,13327,12856,12898,13060
13432: 12837,13868,15387,15410,15109
14467: 14543,15582,13329
13480: 15397,14318,14187,13182,15697,14454
13105: 
15275: 14797,13568,14845,13416,15106
14584: 15080
15172: 13345,13236,12898,13748,12917,13153
14378: 14718,13179,15163,14034,15467,13594
15165: 14705,14487,15200,14774,15608
13689: 14698,15432
13525: 
13308: 15320,15691
14123: 13136,13605,15340,13265,15720
14636: 13501,14494,15737,13613,13681,15559
14482: 13187,15244,13446,12882,15267,15169
13532: 13706,13335,13808,15653,14104
13157: 15008,14476,15698,15130
13335: 13706,13532,14679,14104,13927,15377
15245: 14532,13601,14960,13811,14950,13272
15395: 14531,14732,12926,13457
15673: 14185,14652,13135,15191,14396,15724
15274: 12824,28683,15586,13540,13832,13815
15379: 14528,13994,14290,13775,15086,12936
15030: 15622,15374,14750,13812,12890,13464
13915: 14048,15389,14266,15290,12997,13384
15197: 12972,14726
15753: 15616,15364,15575,13601,14303
14223: 13931,13799,15653,13706
13158: 15764,15081,14660,15392
12929: 13273
15678: 14136,15689,15261
13110: 14409,13739,15775,14119
13100: 13687,13791,15284,12961,14927,14022
15597: 14676,13935,13310,13942
14583: 13130,13708,15794,13080,14167
15680: 13154,14005,15498,13278,15015
13108: 14030,14169,15539,13368,15701,14751
12877: 15599,14955,15738,13085,14798,14677
14600: 12876
15627: 13345,15779,13349,15795,14560,13461
14776: 13895,15714,13551,14090
15476: 
13980: 13766,13283,15228
15795: 14179,15735,13533,15779,15627,14560
15184: 15718,13019,15090,14129,14694,13853
14490: 15640,14683,14360,13806,14780
15518: 15607,12984,14408,13210
15711: 13375,15375,14287,14765,14276
13327: 14926,13784,14057,15067,12879,13060
15339: 13699,14849,13690
15097: 15490,14966,15732
13054: 13314,13702
14960: 14303,15198,13811,13887,15245
13582: 15631,13562,15194,13907
14240: 
13082: 15701,13140,13792,15539,15012,13857
15464: 15249,14588,14781,12906
14539: 13152,13670,14861,14805,15353,13264,13176
15219: 13854,13841,15390,15155,15297,13986
13783: 15313,14940,14894
14501: 
14208: 14280,14249,13716,14417,13691,14388
13379: 13543,13040,13786
13365: 13703,14198,15462,13791,13835,15284
14449: 15272,14833,14382,14000,13417
15161: 
14156: 13062,12843,14069,14897,13793
13616: 14607,14700,14972,14332
13037: 14348,14384,15754,12869,12850
14875: 13386,14390,13515
14658: 15139,13761,15246,15481,14174,15296
14946: 13471,15721,15239,13488
15811: 15234,13729,13042,13542,14316,15703
15694: 
13466: 14842,13374,13256,12855,13124
13592: 12860,14285,15684,13408,12858,14884
13391: 
13639: 13627,15298,14910,14165
14724: 14124,15278,13911
14180: 15440,13206,12894,13578,15430,15211
13404: 14621,15593,15175,13900,14273,14259
13909: 15380,15682,14625,13243
13193: 13879,15129,15797,13944,13366,15177
14932: 
15080: 13807,14584,12984
14400: 14245,14595,15443,13029,15299
13046: 13518,15591,13122,15670,13025
15144: 12970,13924,13937,14025
14611: 15486,12830,14227,13044,15349
14413: 14095,14286,15093
12842: 15579,14453,14615,14915,15364
13155: 13429,13015,14966
14979: 13022,13721,15562
14987: 14150,13452,14344
14362: 13459
12993: 14292,15283,13517,15763,14318,13649
15276: 15801,14864,15759,14372,14418
13807: 15080,13103
15182: 14415,13603,14785
15018: 15439,13350,15487,13580,13796
15218: 13588
13845: 14316,15036,15703,12859,13928,13399
15775: 12835,13057,12828,13110
13597: 15804,14771,13357,14669,14426
15008: 14078,14476,13157,15325,15698,13777
14110: 12888,15760,15254
13322: 13402,14819,14722,13695,12994,15414
14198: 13703,14301,13365,13956,15226,15284
14908: 13647,15406,15742
14638: 14990,12859,13375,14263,15672,13836
13136: 13605,14123,15195,15347,15351,13265
13439: 15113,14181,15317,14991,13559,15603,14353
12996: 13362,15784,13629,15610,15181,15341
13903: 12862,14825,13638
15604: 14996,15425,15175,12965,14296
13264: 13176,13853,15718,15353,14539
15565: 13050
15630: 14524,13678,14399,14954,15054,12815
13860: 14567,15065,14761
14969: 14743,13052,14481,14232
15359: 12937
15381: 13760,13463,14458,14891,14821
15191: 13097,15246,15086,13135,15673,14396
15189: 14797,13568,15741,13544
14989: 14514
13115: 13893,14357,15503,13736,12880
15544: 13813,13874,15478
12988: 14665,14011,13326,13937,15475
14768: 15803,14901,12959,15348
14270: 
14848: 13868,14643,14536,15397,14454,13123
15212: 14840,14831,13569,15404,14001,14796
13433: 14973,13734,15461,13231,14298,13389
13801: 14744,15651,15747,14450,15220
13954: 13756,12969,14414
14097: 14286,14232
14591: 14117,13800,13627
14765: 14224,14106,14421,15711,14287,14276
15570: 14632,15487,14419,13130,15743
15039: 
13139: 14209,15024,14542,12861,13260,14003
13246: 14277,13134,14127,14383,13891,12963
12863: 15432,13315,15527,14340
13294: 
14827: 13147,13355,14968,12831
13577: 13825,15482,15473,13961,14553,14775
14106: 14765,13749,13927,14162,14276
15117: 
14018: 13536,13068,13873,14194,13305,13599
15079: 
13910: 15510,14731,13724,15036,13476
15603: 13559,13657,13439,14181,14353,15448,13448
13644: 13165,13852,14272,14639,15594,14941
14981: 12914
15132: 14740,14457,15500,15662,15141,15745
13069: 13293,13503,14283
13671: 15010,15749,15115,13664,14844,14105
14597: 13411
14910: 13639,13800,14562
12933: 14949,13307,14075,15074
15461: 14258,14231,13231,12916,13433,14973
15595: 12957,14350,13551,14269,13248
14890: 12918,13128,14503,13357,14669,12858
13721: 13022,14979,15562,12946
14181: 15113,13439,13871,15603,13635,14353
13001: 14588,13673,14816,15431,15396
13805: 13330,15262,15302,14967
14576: 13573,12920,14573,15002,13356,14522
13424: 15660,14093,13201,15262,15168
13326: 13413,12988
13090: 14184,15702,13454,15421,15122
15505: 14599,13815,13934,12885,15787,13832
14779: 14618,15662,15141,14472,13033,13200
13074: 14416,15413,15238
15447: 14873,13889,15121,13810
13367: 14948,14239,13587,13371,14952
15181: 13362,12996,15354,15341,13856,15671
14970: 15038,14502,14674,12987,14042,12921
15672: 15479,13836,13375,14311,14466,14638
15495: 15772,12905,13402,14722,14157,15567
13696: 15082,13025,15072,14933,13953,14392
15408: 
13787: 15072,13065,15788,14023,13895,15714
13242: 14160,15664,15335
15660: 13424,15168
15496: 13314
13667: 14094,12956,14246
14709: 14555,13711,15342,13517,14292,14485,13214
14200: 14982,14282,13464,13437,14750,15231
13333: 
12909: 14551,13055,13339,13174,15566
14873: 13889,15447,15716,13020,15121
12908: 12958,15645,14963,13964,14021,13343
14230: 14995,15573,14546,15708,14806,15352
13712: 13102
14914: 14627,13762
14266: 13915,15389,13384,14131,14682,13268
13539: 13941,12831,14869,14281,14545
14259: 15657,13792,13089,13404,15593,14273
14299: 14389,13133
15019: 
13622: 13785,14564,14102,13031
15229: 13400,14599,15139,14343,15386,15268
14911: 14823
15487: 14632,15570,13796,15018,15439
14995: 14230,15573,14546,13207,13021,14758,14913
12951: 13608,14605,13550,15366,13230
14701: 15354,15426,13773,13165,13583,14510
15613: 15398,13265,15351,14708,14152
15285: 13271,14790,14812
14704: 13872,14133,13710,15348
13859: 
13904: 15120,15751,13741,13504,15223,13134
15738: 12857,14838,13975,13085,15599,12877
14431: 15114,15691
14066: 15110
15064: 
14070: 13076
14521: 13496,15000,14631,15773,15041,15729
15783: 13319,13959
15171: 14403,13396,12902,15205
15522: 13677,15629,14443,15532,14961
15521: 13762
13828: 13278,14993,14428,12835
15173: 15725,14921,13183,15280
14204: 13775,14051,15541,13830,15073,15525
13524: 14207,13618,15765,14196
14735: 15291
13680: 14155,14662,14944,14507,15557
13736: 15503,13115,15017,14410
13201: 14809,14967,13363,13424,14093
13593: 14479,14071,12902,13923
14856: 13191,13776,13939,15731,15489,14037
14536: 14848,14643,14551,13055,15397,14221
13762: 15521,14914
13549: 15585
15062: 
12818: 14443,15207,13423,13865,13510
13323: 15483,14377,14868,14469,15572,14211
15162: 14556,14250,13316,12886,13114,13151
14120: 15465,15608,14774,14828,14732
13673: 13001,14588,14816,15249
13649: 14318,13822,12960,15763,12993
14783: 15746,14794
15577: 14366,15458
13162: 15194,14826,13905,13493,14336
15302: 15534,14967,13805
13606: 13075,13645,13228,14586
15450: 14681,15150,14684,15389,13268,15618
14958: 14715,15713
15346: 15614,15028
15083: 14628,14741,15089,13237,13132,12882,15391
14862: 12982,14866,14865,15152,15648,13519
14128: 14754
13337: 14953
12947: 14953,15493,14197,15401
15734: 13914,13698
14427: 15599,14955,13591,14512,14347,15641
15457: 13000
13122: 13177,15057,13046,15670
14789: 13223,14186,14909
13192: 15343,12934,15202,14564
15378: 13458,12839,15176
13502: 15094,14088,14587,12923,14203
14654: 14145,14098,12826,15438,15642,15553
12815: 15054,13957,14037,15630,14399,12874
14355: 
14241: 14749,15556
13343: 13755,15621,12908,15645,13087
15704: 14386
13670: 14539,13152,14805,13892,14007,14905
14154: 13580,13796,14731,13724,15167,13505
15452: 13717,15546
15262: 13805,14967,13424
15304: 14537,15709,12904,13387,14886
15546: 13764,15188,15452
15113: 13439,14181,13871,15317,13835,13628
13112: 13829
15186: 14075,13387,13878,12832
14579: 13243,12888
15206: 13267,14459,14754
13137: 14585
14302: 14542,15258,15180,12861
14972: 14370,15081,14607,13616
12862: 13903,13059,13217,13767
15111: 13603,14836,15360,14415,15050
13021: 13719,13207,15311,13272,14995,14546
13951: 13225,13168,14234
14697: 14527,13347,13513,15485,15437,15203
13983: 13505,13713,14236,13580,13350,15631
15240: 14593,14857,12948,13848
15642: 13814,13799,15438,14654,13931
15674: 13515
13350: 14359,15018,13580,13983,15631,13562
13722: 13291,14152,14269,15137,13555
14468: 13923,12848,14439,14395,14086
12874: 14399,13932,13053,15489,12815,14037
14625: 15682,15134,13909
14082: 13579,14660,14919,13506,14730
12844: 13312,15491
14481: 14743,14969,13704,15768
15588: 
13849: 13045
12922: 13234
13214: 14485,14334,13969,14555,14709,15624
14475: 15075
13856: 12941,14510,15354,15181,15671
15423: 
13943: 14950,13297,14748,13280,13474
14043: 13389,12873,14255,13734,13467,15361
14868: 13056,13659,14469,15572,13323
13453: 
15479: 14257,15672,13836,14311,13410,14132
13832: 14721,13540,15787,13815,15505,15274
15217: 14136,15178,13259,13763,15368
15702: 14184,13133,13090,15789
13933: 12840,13372,12834,15250,13523
14225: 14511,15325,14451
14067: 13632,14493,15444,13938,14038,15394
15273: 15270,15096,14535,15431,15427
15054: 12815,13957,13982,15630,14954,13320
13006: 15247,13507,15380
14550: 14668,13569,14745,14762,14001,13049,14407
15748: 14447,15472,13467,12912,13875,14896
14320: 15449,15333,15677,13011,15451,12838
15174: 13044,13896,13197,13765,13631
15131: 13978,14888,15051,13611
15306: 15497,15071
15279: 
14675: 15601,14645,13101,13292,13855
14109: 14522,13364,13172,14573,15374,13812
14619: 12945,14730,15601,13101,13469
14608: 13808,14191,15140,14242,15739
12967: 15085,14437,13085,13409,13995,14798
14317: 14212,13987,12924,14772,15470
14699: 13129,15722,14034,15297,14013,13594
13026: 
15665: 13221,15771
14567: 15695,13860,13686,13271,13127
13216: 13786,15009
13890: 15810,13810,14691
14486: 13130,15282,14419,12979,14894
14280: 14208,14249,14417,14964,14667,12860
15282: 13708,14486,14894
15105: 13867,13052
14750: 13610,13437,13812,15030,14200,13464
15812: 12839,14988
13840: 15369,13385,13727,15066,14688,14696
12945: 14619,13506,13092,15528,15601
14986: 14161,15394,13224,14683,14360,13932
14858: 13560,14049
13252: 14613,14024,14206,13317,14664,14519
15798: 
15751: 15120,13904,13741,14238,13574,15422
13097: 15246,15481,15191,14733,14290,15086
13008: 15040,13421,12833,15656,14624
13628: 14148,14039,15462,13835,15113,13871
15272: 14449,15344,14183,13846,14833,13203,13417
13996: 14559,15564
14192: 15264,13861,13253
13692: 12949,12845,15806,13884
15187: 13222,13116,13336,15515
14994: 
14342: 
14822: 15352,15046,13027,12998,14802
13529: 13751,13261,15504,14920
15421: 15685,13414,13090,15789,15122,14716
13756: 12969,14843,13954
12887: 15253,13144
13714: 
14950: 15311,13297,13943,13272,14748,13811,15245
13382: 15634
13043: 13289,15527
13804: 13301,14898
12900: 12861,14003,13589
15134: 14625,14849
14878: 13758,13450
14678: 
14805: 14189,15353,12907,14539,13670,14905
13751: 13529,13261,14630,13659,13499
15138: 14622,13189,14365,13199,15000,14631
13634: 15200,13171,14465,14363
14341: 13056,14249,13716,14285,13295
13371: 14804,15740,13367,14948
13715: 13550,14344,13452,14349,15024
14947: 13010,12937
14973: 13433,13875,13734,15461,12916,12930
13399: 15193,13928,15589,15036,13845,15510
14869: 14850,12831,13262,13539
12949: 13881,15661,13692
13788: 13187,15244,15391,13143,13172,14473
14197: 15690,14304,15493,12947,14854
13999: 13118,13579,14660,13183,15392
15180: 12861,14302,13293
14562: 13553,14910,12974
15561: 13974,15109,13883,13757,15129
15044: 15503,12816,12980,14410,14644,13145
13423: 14925,13428,15207,12818
14000: 15786,13417,14382,14449,15107,13287
13893: 14992,13115,14357,14801
14745: 12911,13569,15688,15409,14762,14550
15739: 13381,14242,14210,13750,14608
15559: 15152,14859,15157,14636,15737,13681
13770: 13098,15118,12938
14144: 14799,14256,14549,15252,12982,15463
14184: 13133,15702,13090,15509,13454
12944: 15463,14787,15185,14256,14488,15108
14669: 13408,12858,14890,13357,13597
13603: 15111,14415,15182,15385
13881: 12949,15661
14524: 15776,14497,13678,13083,15630,14954
13052: 14969,15769,13867,15105
14628: 15386,15296,14741,15083,13237,15391
13660: 14695,15292
14993: 14428,13541,13286,13828
12885: 15787,13669,15356,14751,13934,15505
13114: 12899,13418,13151,13781,12886,15162
12888: 14110,14725,14579,13034
13049: 14222,14001,14550,14407,13412,14305
13661: 13798,14315,13648,14126
14042: 13998,15048,12921,14502,14970,14301
14859: 15152,15559,15157,12990,13823
15449: 14435,15333,14320,15499,12838,14237
15001: 12896,13184
15320: 15691,13308
13279: 15793,13378,14040,15049,15733
15746: 14783,15300
13506: 12945,14730,15243,14919,14082
13647: 15536,14908,13936,13032
15020: 14014,15617,15287,14260,15676,13688
13120: 14799,14558,15533,15619,15365,13940
14105: 15400,14036,15749,13671,14844,13598
12937: 14666,15359,14947
13771: 14853,14291,12977,14321,13462
13280: 14547,14748,15196,13943,13474,13523
13036: 12894,13578,15628,14293,15271
13605: 13136,14123,13442,15347,15340,15558
14315: 13661,13798,14592
14160: 13242,15664,12854
14904: 15512,13369,15560,14387,15077
13053: 14780,13979,15489,14360,12874,13932
14094: 13667,12869,14666,13780,12956
12923: 14587,15293,13245,15294,15094,13502
13803: 14046,14480,13387,14075
13374: 14842,13466,13124,15069
14017: 13538,15126,14379
13799: 13814,15642,12954,15653,13931,14223
13536: 14018,13873,14826,14194,14118
13688: 15676,15135,15020,15744,14260,14645
13676: 13302,13821,15309,12961
13270: 13952,15547,15396,14150,13863
15663: 15385,13015
14603: 15558,13435,13035,14124,13528
13290: 12814,13967,13380,14228
14942: 14155,14429,15557,13677,15207
15303: 13496,15000,14365,13431,13797
14790: 15285,14578,14812
15358: 14142,15519
15175: 13900,12965,15604,13404,14621,14296
15752: 14727
13516: 13127,15584,15278,13911
12845: 15806,13692,13129,15722
13730: 15370,13427
14368: 
14081: 13336,15515,13672,13084
14924: 
13865: 13984,13820,13510,12818
14673: 15576,13817,15407,13991,13581
13988: 13239,13930
14796: 14222,14001,15212,15404,14728,13449
13377: 14695,14246,15382
13731: 13428,13469,14730,14061,15764,13984
14588: 13001,13673,15249,15464,12906
14913: 14520,14995,13207,13263,13208,14758
13358: 12876,13486,14356
14737: 14055,15142,15084,13202
14339: 15483,14377,13028
13172: 13364,14109,13143,13788,15374,14473
13626: 13541,14500,13608,13093
15643: 13107,14992,15017,13737
14665: 12988,14011,15145,13937,14714,14330
14205: 15103,14488,13125,14264,14455,14937
14954: 13009,13320,14524,13083,15630,15054
13384: 12997,13047,15511,13915,14266,14131
13092: 15676,15528,14327,15601,14645,12945
12891: 14902,14293,13259,13186
14065: 
15501: 14459,14807
14356: 15153,13486,13557,13358
13418: 13114,12899,14773,12999,13781,15554
15112: 13772
15549: 15401,14854,13284,13109,14122
12893: 15616,13181,14915,14137,14900
13077: 13623,13619,14411
12850: 14460,13138,14384,14348,13037
13979: 14780,13053,15489,14138,15007,13776
15227: 13698,14394
14260: 15744,13565,14190,15020,15617,13688
13946: 15584,13595,15278,13500,13435
15124: 15119,14425,13023
15531: 12871,12848,12836
15683: 13499,14807
14044: 15647,13274,15427,15547
13958: 15794,15477
15000: 15303,13496,14521,14365,15138,14631
13023: 15124
15572: 14211,13499,13659,14868,13323
14211: 15572,15483,13323
13829: 13112,15502
15690: 14304,14197,13106,13075,15493
14010: 14716,14897,15685,14561,14893
14682: 15158,13268,13746,14266,14131,14215
12983: 14596,13073,14087,14505
15345: 13481,14739,14676,12866,13282
15657: 14259,13792,15593,15156,14169,15539
15009: 13015,13216
13088: 14679,14104,15433,13381,13164,14557
14092: 12865,14182,14312,13225
13574: 13598,14998,15323,15120,15751,14238
13504: 13410,13091,15120,13904,15223,15251
13883: 15410,15109,14739,15561,13974
12872: 14351,13596,14902
15507: 14163
14335: 14889,14513,15393,14886
13153: 14258,12917,13345,13349,15172,14723
15215: 14568,15698,13617
14937: 15526,14455,13745,14205,14488,15108
14792: 14528,13994,13376,15403,14756,14076
15087: 14749,13847
15586: 28683,15274,13400,13815,15782,13438
14319: 14662,13479,12841,14944,13498
13564: 13298,13146,15571
14151: 14060,15029,15230,14517,13586
13608: 12951,14605,13230,13626
13723: 15520,15413
15298: 13639,13507
15722: 13129,14699,13854,12845,15806,15297
14313: 
14088: 15094,13502,15526,14455,14647,13346
14906: 15706,14651,13247
14087: 14112,14505,12983
13576: 15247,13095,13698
13750: 13381,15739,14210,13755,15621,15433
13831: 15034,13902,14207
15362: 
13517: 15342,14709,14292,12993
14104: 14679,13088,13808,13381,13532,13335
15632: 14626
13984: 13865,13731,13428,14061,14370
13707: 
14961: 13587,15740,15522,14443,13510
13292: 14832,15652,13894,15135,14675
15159: 14895,13546,13870,14217
15230: 14138,15007,14517,14063,14060,14151
14955: 15599,12877,14427,14677,14747,15641
14617: 14834,14837,13821,14951
13772: 15112,13411
14907: 15410,13942,14643,14739
14078: 15008,14476,15552,15325,13872
15439: 14359,15018,15487,15743,13383
14055: 15214,14737,13344,15596
14333: 
14880: 14909,13253,13332,13223
15031: 
14966: 15097,13155
13757: 12837,15109,14470,15561,13879,15129
14153: 15407,14766,15425
15563: 15225,13839,14570
13940: 15210,13473,14080,15365,13120,14558
14516: 13515,14351
15616: 15753,12893,13601,13406,14900
15724: 14396,15673,14185,12857,15085,13640
14640: 15100,13038,14229,14884
15225: 15563,13839,14928
15327: 13802,15598,12962,14402
14239: 13367,13352,13380,13960
15655: 14606,14824,14726,14976
13341: 14598,14374,14397,13711
13234: 12922
15232: 13869
12980: 15412,15372,15044,12816,13145
14754: 14128,15206
15425: 12883,15604,15407,14153,13204
15349: 15042,14611,12830,13044,15415
14657: 14372,14139,14864
15393: 14329,14580,14590,14889,14335
15647: 14044,14504,13614
14358: 15485,14492,12875,15146,13030,14519
15125: 14962,13199,15516,14233,14622
15541: 14538,14051,14204,14025,13830
12851: 13098
15410: 15109,13883,14907,13868,13432
13150: 12819,13447,15429,14457,13232,15796
15387: 14738,13992,13123,13868,13432
13349: 13345,15627,13153,13461,13858,14723
13450: 13131,14878,15761
13620: 13056,13659,14388,14291,13716,14630
13610: 13437,14750,13812,12920,14573,15163
15316: 14533,14326,14218
15013: 
14171: 13699,15147
15324: 15330,14763,13188,12817,14016,14279
14863: 13241,13559,13657,13886,14991,13948
15130: 15003,14289,13157
14096: 13997,13032,14778
13048: 14753,14846
14306: 
15243: 15528,13583,14510,13506,14919
13800: 14591,14910
13452: 14987,12906,14781,13715
14376: 13227,14164,15568,14452
15649: 
15592: 12984,14408,13017,13121
14290: 15379,14528,14199,15086,13097,14733
14327: 15528,13583,15287,13773,15676,13092
13041: 15435,12939,14390
13638: 13903
14452: 15580,13589,15568,14376
13651: 14688,15524,14307,15066,13156
13615: 
13247: 14651,14906
15005: 13919,15101,14722,15414,13643,12905
14882: 12821
13064: 14525,13654,14773,14277,14127,15658
14575: 12852,15188,15571
12924: 15070,15098,14212,14317,13472,14772
14135: 12939,12931,13554,13596
15624: 13591,13226,14555,13214,13969,15263
13895: 14776,15714,13787,13065,13304
13792: 15657,14259,13089,15539,15012,13082
13691: 14853,14388,15158,13746,14417,14208
12866: 13407,14676,15345,15535
14387: 15277,15689,14489,15077,14904
13462: 13261,14630,13771,14291,15059,14321
14048: 13915,15389,15290,12899,13151,15150
13645: 13075,13606,14586,12826,14304,14145
15747: 13801,14744,15654,15220
14664: 13531,13317,14294,14519,13252,14492
14159: 14401,13039,15594,15341,15426,15610
13949: 14794
13508: 13017,14566,13740,13753
15331: 14095,14029
15703: 14316,13845,13542,12859,15811
14052: 
14717: 14711,15202,15058
12972: 15197,13002
13919: 13679,15101,15005,13643,12912,13185
14967: 14809,13201,15302,13805,15262
13686: 14736,13271,14567,15695
13265: 15613,15398,13136,14123,15720
13748: 13060,13972,13899,12898,15172,12917
15580: 14452,13072,15581
13093: 13072,13626,14500
12971: 13401,13455,15475
14173: 
13013: 14563,13612,13830,14330,15204,15525
13971: 13886,13948,14022,13302,14951,15363
13185: 14116,14267,14447,12912,13919,13679
13567: 14671,14835,15077,15512,15098
13927: 14162,15377,13749,13706,13335,14106
15756: 13144,14139,14808
15289: 14182,15419,15434,13148
12985: 13584,14064,13011,13602,15333,14874
15628: 13554,13596,14614,14902,12894,13036
13746: 14682,15158,14215,13691,14853
13955: 14653,14436,13470,14440,15736
15715: 12854,13898,15490,15664
12834: 14710,15250,12832,12878,15148,13933
13217: 14828,12862,13767,14732
15033: 14409,13421,13014
14422: 15313,15118,13062,13098
12895: 15154,15661
14451: 13960,14133,14216,14225
12977: 14577,14215,15508,14853,13771
15209: 14423,13269,14345,14814
13991: 13455,13581,13817,14673
15648: 13011,15451,13519,13602,14866,14862
14540: 
13095: 12974,14218,13576
14113: 15310
12946: 15401,14953,13721
14453: 12842,15579,13936,15536,14615
14720: 
13643: 15414,13926,14896,12912,13919,15005
13609: 13837
14324: 14582
14349: 14209,14781,13848,13715
15474: 14663,15073,13851,12936,13099,14931
15477: 13958
14014: 15020,15617,15287,14941,13178,13852
14308: 13184,13866,14736
15512: 14904,15560,13567,15077,15098,14212
15723: 13665
15453: 14631,15773,15319,13189,14147
15729: 15041,14085,14521,15773,15140,14242
13665: 15723,13202,13935
13545: 12822,13390
14971: 13793,13985,15313,12979
15204: 13163,15456,15145,14330,13013,13612
14903: 14808,14195,14139,14864
14741: 14628,15296,15089,15083,13249,14174
15658: 15554,13769,14127,13064,14773,13277