9266: 9602,9454,9718,9348,9877,9523
9886: 9426,9702,9413,9694,9312,9832
9339: 9337,9804,9440,4891,3777,4893
9882: 9895,9840,9745,9474,9245
9378: 9545,9292,9420,9640,9277,9456
9556: 10005,9317,9982,9571,9629,9297
9762: 9789,10039,10030,9752,9857,10003
3486: 9865,9837,9940,3786,9487,9974
4811: 9602,9454,4322,9503,5138,4719
9361: 9747,9630,2778,9758,9542,2509
5975: 9805,7360,9379,5876,5882,9355
8475: 
9376: 9346,9484,7965,9426,9413
10012: 6682,10009,9768,9880,10031,7847
9954: 9474,9948,9451,9973,2806
9562: 9784,3903,9409,5138,9249,9429
9512: 6280,6085,6348,9543,9540,9406
9482: 10017,9574,9352
10017: 9482,9574,9808,9871,9985
10007: 8970
9833: 9910,9783,9652,9953,9687
10011: 9932,9576,9925,9891,10036,9878
9394: 9608,9533,4169,9619,9455,9410
9721: 9929,9718,9751
5403: 9627,9846,5792,9639,9636
9962: 9439,10026,9879,2699,9663,2609
9590: 9337,9366,9804,9248,9441,9430
9690: 10034,9763,9944,6249,9695,9347
9354: 9310,9402,9465,9458,9550,9499
4569: 4448,9302,4146,9604,5256
9990: 9771,9815,10041,9713,9516,9957
9774: 9747,9986,9669,9899,9874,9425
9768: 9714,9898,9684,10031,10012,6682
9848: 9964,5564,9776,9884,9710,10019
9958: 9746,9757,9865,9818,9298,9380
7009: 9436,9534,9993,9465,9499
9294: 9703,9523,10025,9503,9454,9480
9663: 2509,2699,9918,2778,9962,9879
9392: 9269,9483,9700,9761,6018,9633
8694: 9930,6385,9919,9623,9260,8496
40: 
6085: 6280,9860,9512,9915,9696,9406
9533: 9311,4347,2968,4169,9410,9394
9362: 9377,9244,9476,9398,10042,9529
9782: 9446,9537,9907,9338,9460,217
9265: 9305,9901,9909,9490,4950,9968
9317: 8513,8770,7318,9982,9297,9556
9588: 9379,9593,5775,9967,9622,9252
9834: 9947,9693,9620,9375,9396
9746: 9657,9958,9757,9298,9441,9853
7988: 9448,9617,9938,8513,8225
9633: 6018,9280,9392,9483,9670,9459
9280: 6018,4322,9633,9670,9602,9877
9322: 9403,9607,10001,9287,9445,9810
9645: 2649,3119,9813,9335,9709,9717
9295: 9918,9758,9247,9528,9414
9607: 9308,9403,9322,9377,9810,9638
1740: 
4322: 6018,9280,9357,4719,9602,4811
9469: 9494,9417,9309,9908,9847,9801
9935: 3810,9304,9814,2928,3121,9328
9945: 9821,9730,3295,9826,9719
9779: 9880,10031,9977,5408,9753,9627
9914: 9896,9906,9341,9847,9685,10016
9851: 1052
9943: 9650,9920,9529,9638,9647,9435
4893: 4697,5202,9553,9337,9339,4891
8150: 9692,9336,9356,7992,8309,9750
9631: 9517,9253,9274,7146,9616
9855: 6695
9566: 9445,9315,9611,9428,9324,9431
9829: 9736,9270,9760,9707,9655,9798
9434: 9373,9447,9711
9683: 9842
9709: 9700,9246,9717,9645,9296,9335
4891: 3777,9432,9475,9339,4697,4893
9519: 9594,9340,10030,9285
9928: 10024,9733,9729,9486,9484,9390
9325: 9476,9398,10033,9364,9463,9261
9854: 10043,9926,9889,9787,9767,9691
9508: 9301,9561,9643,7360,9310,5876
10023: 9327,9542,9579,9965,9671,9970
9398: 9476,9325,10033,9659,9244,9362
9765: 3743,9677
9699: 9775,9883,9950,9329,9345,9791
9629: 9600,9297,9960,10005,9556,9894
9415: 9637,9372,9251,9283,9737,2492
9510: 9822,9862,9997,9662,9286,9675
9814: 9897,9825,9922,9935,3810,9328
5640: 
9766: 9921,9876,9927,9978
9691: 9292,9787,9854,9889,9450,9800
9922: 9897,9814,9955,9921,9876,3810
9853: 9698,9440,9657,9746,9441,9804
9617: 10029,9938,9795,7988,8513,8770
7318: 8770,9317,7581,9081,9297,8885
9880: 10031,9977,9779,10012,10009,9517
9698: 9853,9969,9440,9883,9657,9807
9787: 9767,9438,9634,9854,9800,9691
3321: 3612,9704,3722,3712,3715,9790
9931: 9888,9891
9738: 9764,5408,9835,9754,9846
9279: 9715,9296,9250,9254,9443,9481
9907: 9589,9326,9338,9782,9273,217
9754: 9303,9885,9852,9835,9738,9846
9819: 9972,9500,9748,1950,9399
9857: 8309,9340,9752,7992,9762,10030
9565: 9806,9487,9515,9416,9775,9329
9918: 9295,2778,9758,9414,9663,9879
9788: 9933,9547,9321,9940,3786,10002
8225: 9982,10003,9448,7988,9752,8513
9426: 9886,9702,9413,9376,9836
9722: 9720,9813,9708,9715,9903,9335
4083: 4486,9401,9259,3502,9668,4498
9660: 9661,9444,9368,9584,9767,10043
9761: 9342,9357,9700,9246,9392,6018
9852: 9915,9835,9593,9622,9303,9754
9456: 9686,9277,9984,9378,9545,9828
9858: 9811,9827,9996,9794
6682: 7417,10012,9714,9768,9466,7847
9724: 9309,9601,9860,9696,9764,9801
10010: 9822,10001,9659,9675,9244,9810
9609: 9579,9555,9591,9582,9572,9327
9729: 7617,9705,9486,9472,9928,10024
9405: 9748,9682,9257,9612,9551,9949
9878: 9255,9972,9500,9576,10011,9925
4485: 9900,9807,9969,3983,3471,9570
9589: 9907,9326,9598,9809,9273,9923
9514: 9388,9743,9321,9812,9488,9264
9964: 5564,9848,9776,5754,9873,9872
9713: 9516,3722,9520,9990,9957,3715
9838: 9866,9994,9870,9689,10000
9899: 9665,9874,9374,9332,9425,9774
9982: 10003,9571,8225,8513,9317,9556
4463: 9331,9489,4146,4057,4255,5256
2333: 9259,3502,9430,3701,9366,9481
1729: 
9245: 9363,9980,9882,9895,9552
9467: 7811,9478,9458,9550,9477
9974: 9806,9487,9809,9869,9933,3486,3786
9868: 4941
141: 
9884: 9603,9667,9261,5564,9848,10019
9572: 9582,9597,9630,9986,9609,9327
5564: 9964,9848,9364,5754,9261,9884
1793: 9626,9869,10040,9515,9706,9806
3119: 2649,9645,9913,2928,3907,9717
3540: 3345
9431: 9300,9324,9288,9464,9315,9566
9619: 4169,9605,9595,9463,9608,9394
5870: 6280,9860,9433,9506,9575,9601
3121: 2928,3907,9935,9262,9328
9407: 9892,9019,7811,9661,9563,9438
10033: 9398,9325,9595,9659,9532,9463
9401: 4486,9911,4083,9668,9979,9726
9441: 9248,9298,9746,9853,9590,9804
156: 
9708: 9720,9722,1553,9902,2721,9903
9644: 4697,5202,9911,9896,9341,10020
9382: 9255,9500,9399,9637,2133,2305
9246: 9700,9709,9296,9443,9342,9761
9985: 9755,10018,10017,9632,9808,9871
9957: 3820,3715,9990,10041,10038,9713
8921: 
10002: 9316,9818,9788,9388,9321,9940
9606: 9905,9780,9267,927,9389,9635,9961
9692: 8150,9786,9336,9893,9293,9750
2858: 
1225: 9624,9491,2733,9495,9554,1553
9983: 8970
9292: 9378,9545,9691,9889,9640
9485: 9585,9697,9924,9796,9759,9333
9324: 9473,9527,9428,9464,9566,9431
9319: 9720,9813,9333,9624,9585,2649
9446: 9263,9803,9782,9537,9461,9460
10005: 9960,9664,9556,9824,9571,9629
2194: 
9413: 9886,9426,9733,9376,9484,9312
9843: 9934,9770,9956,9856,9281,9586
9523: 9703,9294,9454,9266,9348,6118
9736: 9270,9829,9821,9823,9769,9798
9648: 9666,9849,9701,9518,9559,9400
9751: 9959,9670,9721,9718,9877
3504: 9254,9320,3903,9409,4498
9601: 9511,9309,9724,9575,9860,5870
9253: 9517,9631,9274,9977,9299,9636
9581: 9881,9716,9653,9844,9681,9492
9596: 9971,9368,9497,5792,8631,9639
9259: 2333,3502,9366,9553,4486,4083
9895: 9882,9840,9780,9363,9245,9635
7570: 9504,9079,9419,9260,9307,9237,8496
9367: 9490,4950,9539,9311,9578,9410
9258: 9723,9412,9498,9513,9573,9538
9299: 8631,9639,9636,9253,9274,6385
9893: 9786,9692,9336,9437,9651
9433: 9330,9313,9506,9502,6280,6348,5870
1950: 1592,9281,9748,9257,9819
9450: 9976,9739,9800,9545,9691,9828
9741: 10036,9744,9912
9881: 9716,9581,9995,9492
9700: 9709,9246,9717,9392,9269,9761
9650: 9943,9920,9647,9805,9773,9967
4941: 9868
9669: 9747,9774,9874,2685,9758
9369: 9626,9580,9323,9946,9706,9991
9976: 9450,9739,9800,9634,9641,9625
9385: 9370,9300,9288,9345,9900,9791
9662: 9997,9428,9822,9510,9611
1594: 
2778: 9918,9758,9361,2509,9663
9870: 9947,9994,9693,9838
9815: 9771,9990,3517,10041
9586: 1592,9281,9843,9956,9674
9961: 9859,9731,9606,10021,9267,9389
10000: 9422,9462,9838,9994,9797,9689
9583: 9701,9861,9249,9360,9785,9452
9849: 9666,9648,9979,9726,9701,9861
217: 9273,10040,9782,9907,9460
9941: 9873,9658,9901,10035,9992,9792
9908: 9278,9847,9685,9511,9309,9469
9920: 9943,9650,9529,9839,10042,9773
9569: 9262,9328,9825,9734
9544: 9952,7417,9712,9359,9386
9484: 9376,9346,9390,9928,9733,9413
9529: 9943,9920,9638,9377,9362,10042
9997: 9662,9742,9862,9671,9510
9656: 9728,9793,9769,9781,9537,9338
9681: 9844,9828,9739,9581,9653,9984
9887: 9799,9689,10027,9866,9599,9646
7965: 8333,7719,9376,9346,9423
5202: 4697,4893,9644,9553,4486,9911
9716: 9881,9581,9653,9381,9864,9995
9470: 9902,2721,9365,9557,9577,9358
9515: 9272,9416,9706,1793,9806,9565
5064: 4255,5256,9350,9311,4347,9539
9677: 3743,9765
9769: 9798,9781,9736,9823,9728,9656
9462: 9442,9422,10000,9797,9489,9256
9261: 9603,9884,9364,9476,9325,5564
9248: 9536,9298,9441,9268,9590,9430
9970: 9862,9671,9845,9579,10023,9351
9965: 2509,2699,9542,10023,9671,9742
9667: 9839,9603,9884,10019,9301,9561
9461: 9393,9642,9496,9263,9803,9446
9593: 9588,5775,9622,9915,9852,9406
7775: 
9373: 9434,9447,9452,9678,9998,9711
9723: 9412,9258,9513
9570: 3471,9370,9900,4485,9330,9506
9594: 9519,9340,9750
9637: 9415,9372,9251,9255,9382,2305
2305: 9421,9371,2133,9382,9637,9372
9971: 9596,9368,8631,10043,9926,9930
9575: 3471,9384,9506,5870,9511,9601
9830: 9276,9674,9826,9841,9719
9445: 9287,9315,9566,9611,10001,9322
9673: 9794,9811,9863,9672
9612: 9551,9770,10004,9405,9257
9516: 9713,9520,9771,9990
10035: 9305,9901,9941,9867,9471,9992
7899: 9504,9079,9284,8879,9560,9219
9406: 9915,9540,6085,9512,9593,5775
9824: 9664,10005,9571,10039,9727
10006: 9817,9992,9867,9680,9975,9725
9822: 10010,10001,9510,9662,9675,9611
10031: 9880,9779,9684,9753,9768,10012
9917: 9353,9334,9592,9712,9988,9386
9478: 5882,9355,9290,9467,9477
9832: 9981,9694,9886,9702
9257: 9748,9405,9612,9770,1950,9281
9296: 9715,9279,9335,9709,9246,9443
9237: 9307,9420,8496,9640,9919,7570
9582: 9597,9375,9572,10032,9609,9591
9874: 9899,9665,9737,2685,9774,9669
274: 
9791: 9900,9807,9699,9883,9345,9385
9344: 7505,9505,7146,9740,9875,9271
9418: 9621,9424,9772
9486: 9729,9705,9534,9289,9928,9390
8046: 9892,9019,8333,7383,9568,9625
2609: 2699,9439,9962,9742,9527
9592: 9353,9334,9917,9437,9336,9356
1044: 
3471: 3983,9384,9575,9570,4485,9506
9969: 9698,9440,9807,4485,3983,3777
9546: 9567,9560,9564,9610,9749,9827
9909: 9549,9755,4950,9404,9968,9265
9793: 9728,9656,2806,9326,9338,9383
9481: 9254,3701,9279,9250,2333,3502
10037: 9798,9781,9496,9421,9655,9803
9494: 9684,9753,9469,9417,9847,10016
6695: 9855
3786: 9940,3486,9933,9788,9974
3907: 2928,3121,3119,9717,9269,9521
3983: 3471,9384,4485,9969,3777,9475
9979: 9666,9849,9726,10020,9401,9911
9726: 9849,9979,9401,9784,9668,9861
10042: 9839,9603,9476,9362,9920,9529
9473: 9527,9324,9439,9676,9468,9464
299: 411
9613: 9610,9618,9307,9420,9277,9564
9686: 9277,9456,9984,9618
9801: 9764,9309,9724,9469,9417
10029: 9617,9938,9795,9395,9988,9740
9307: 9420,9237,9504,7570,9613,9564
9755: 9909,9549,10018,9985,9632,9404
9489: 9331,4463,9797,9462,4057,9256
9682: 9748,9405,9888,9949,9925,9972
9772: 9374,9332,9620,9424,9418
10036: 9741,9744,9891,9932,10011
9836: 9688,9423,9426,9702,9587
9585: 9485,9697,9333,9319,2649,9913
9542: 9327,10023,9361,9630,2509,9965
5754: 9364,9608,9455,9872,9964,5564
9500: 9255,9972,9878,9819,9382,9399
9733: 9928,10024,9951,9484,9312,9413
316: 
9888: 9949,9931,9891,9682,9925
9291: 927,9530,9635,9363,9812,9264
9712: 9395,9988,9359,9386,9544,9917
5841: 
10025: 9703,9294,9480,9678,9711
9916: 9587,9864,9995,9688
10038: 10041,9957,3820
9428: 9527,9324,9662,9566,9611
9410: 9578,9455,9311,9533,9367,9394
9503: 5138,9454,4811,9480,9429,9294
9411: 9351,9535,9541,9845,9605,9479
9714: 6009,9898,9768,9525,6682,9466
9597: 9582,9425,9375,9396,9572,9986
9580: 9369,9626,9460,9263,9323
9873: 9658,9941,9872,9964,9776,9792
9599: 9498,9513,9646,9799,9887,9522
9803: 9446,9537,9496,9781,10037,9461
9624: 9333,9491,1225,9720,1553,9319
9327: 9542,10023,9572,9630,9579,9609
336: 
9643: 9561,9508,9936,10034,9310,9402
9420: 9307,9237,9640,9378,9277,9613
9753: 9684,9494,9417,5408,10031,9779
9951: 10024,9733,9312
2699: 2509,9965,9663,2609,9962,9742
9778: 9831,9963,10022,9386,9353
2024: 3947,9283,9756,9424,9374,9665
3722: 9713,9520,3715,9816,9790,3321
9744: 9741,10036,9912,9932,9621,9756
7340: 9842
9926: 9854,10043,9889,9971,9930,9919
9826: 3295,9841,9654,9719,9830,9945
8333: 7719,7965,7383,8046,9568
9912: 9741,9744,9621
9352: 9408,9573,10013,9482,9574
10024: 9928,9733,9951,9729
3345: 3540
9316: 10002,9557,9577,9818,9388,9380
10003: 9982,9571,8225,9752,9762,10039
9697: 9585,9485,9796,9679,9304,9913
6420: 
7581: 8770,7318,9795,9081,7565,9649
9649: 9284,7565,9875,9904,9795,7581
9891: 9888,9931,10036,10011,9925
4486: 9401,9911,4083,9259,5202,9553
2906: 
9757: 9657,9958,9746,9865,9837,9950
9911: 4486,9401,5202,9644,9979,10020
9987: 9214
9821: 9730,9823,9945,9719,9736,9270
9792: 9817,6349,9992,9873,9941,9776
9689: 9799,9797,9887,9838,9866,10000
9541: 9411,9535,4139,2968,4169,9605
9628: 9623,9260,9616,9271,9904,9419
6140: 
9289: 9534,9993,9989,9763,9705,9486
9701: 9583,9861,9648,9849,9785,9400
9671: 9862,9970,10023,9965,9997,9742
9748: 9682,9405,9257,1950,9972,9819
376: 492
9499: 6930,9550,9354,9465,7009
9584: 9368,9497,9509,9449,9660,9444
9329: 9775,9699,9950,9487,9565,9837
9476: 9398,9325,9362,9603,10042,9261
9929: 9721,9718,9348
9463: 9364,9608,9619,9595,9325,10033
9813: 9720,9722,9319,2649,9645,9335
9330: 9433,9313,9506,9370,9526,9570
9271: 9875,9904,7146,9344,9628,9616
9984: 9686,9456,9844,9681,9828
9276: 9830,9674,1592,9719,9270,9760
9608: 9364,9463,5754,9394,9619,9455
9391: 9381,9641,9625,9349,9568
8879: 9284,9081,7565,7899,8990,9219
9454: 9602,9266,4811,9503,9294,9523
9455: 9578,9410,9608,5754,9394,9872
9379: 9588,9967,9805,5975,9355,9252
9866: 9999,9838,10027,9689,9887
9616: 9628,9623,9631,9274,7146,9271
9668: 9784,3903,4498,9401,4083,9726
9312: 9694,9733,9951,9886,9413
9328: 9262,9569,9935,9825,9814,3121
2364: 
9549: 9909,9755,10018,9968
9444: 9661,9660,9563,9477,9509,9584
9975: 9910,9783,9680,10006,10015,9725
10016: 9898,9847,9906,9914,9684,9494
9311: 4347,9533,5064,9539,9367,9410
9780: 9905,9606,9937,9895,9840,9635
9540: 9647,9543,9435,9512,5775,9406
9802: 9672,9548,9507
9331: 9489,4463,4146,9799,9797,9522
9638: 9943,9529,9377,9308,9607,9435
9752: 9448,7992,9857,10003,8225,9762
411: 299
9488: 2733,9495,9264,9514,9388,9557,9365
9760: 9270,9829,1592,9276,9707
9646: 9599,9513,10027,9887
9397: 9342,9357,9320,9409,5138,4719
9759: 9796,9816,9790,9731,9924,9485
9081: 8879,7565,7318,7581,8990,8885
9640: 9420,9237,9889,9919,9378,9292
9900: 9807,4485,9791,9370,9385,9570
9679: 3810,9304,9796,9955,9704,9697
9343: 9867,9471,9680,9614
9847: 9908,9685,9914,9494,9469,10016
9303: 9754,9885,9449,9622,9852,9453
424: 1529
9555: 9579,9609,9591,9442,9351,9535
9247: 2685,2492,9427,9528,9295
9595: 9619,9605,9479,9532,9463,10033
9968: 9306,9909,9549,9305,9265
10039: 9789,9762,10003,9571,9824,9727
7811: 6916,9467,9563,9019,9407
9255: 9500,9878,9382,9576,9637,9251
9877: 9718,9280,9751,9670,9602,9266
10026: 9439,9962,9676,9879,9946,9991
3820: 9957,3712,3715,10038,9966
9539: 4950,9404,9367,9350,5064,9311
9309: 9511,9724,9601,9908,9801,9469
9551: 9612,9949,9405
8885: 9600,9297,9081,7318,9126,8990
8513: 8770,9317,9617,7988,9982,8225
9797: 9799,9689,9462,10000,9331,9489
9693: 9947,9834,9870
9341: 9896,9914,9432,4697,9644,9685
9996: 9858,9794
10008: 9840,9745,9937
9517: 9253,9631,9880,9977,10009
3743: 9765,9677
9784: 9562,3903,9668,9726,9861,9249
9942: 9831,9963,9531,9998,9447,9651
449: 
6018: 9280,4322,9633,9392,9357,9761
9448: 7988,9752,9356,7992,9334,9938,8225
9492: 9881,9581,9844
9371: 9496,9421,2305,9372,9427,9642
9973: 9728,2806,9730,9823,9451,9954
5792: 9885,5403,9846,9596,9497,9639
456: 
9988: 9395,9712,9334,9917,10029,9938
9666: 9648,9849,9979,10020,9518
9933: 9788,9547,9923,9809,9974,3786
9938: 9617,10029,9988,9334,9448,7988
9365: 9470,2721,9488,2733,9557
5129: 9777
9300: 9370,9385,9526,9431,9288,9315
6930: 7641,9499,9436,6916,7719,7383
9360: 9480,9678,9429,9583,9249,9452
466: 
9665: 9899,9874,9737,2024,9283,9374
9475: 4891,3777,9432,3983,9384,9278
9432: 4891,9475,4697,9278,9685,9341
9615: 9387,9548,9567,9125,9863,9749
9670: 9959,9751,9459,9280,9633,9877
9561: 9301,9508,9643,9667,9936,10019
9850: 9732
9995: 9916,9864,9881,9716
9408: 9352,9573,9538,9302,9574
9731: 9859,9961,9924,10021,9816,9759
9809: 9273,9869,9589,9933,9923,9974
2133: 9421,9655,2305,9382,9399,9707
9414: 9323,9528,9393,9918,9295,9879
9449: 9303,9885,9453,9509,9497,9584
9496: 9421,9371,10037,9642,9461,9803
9466: 9952,9714,9525,9735,7417,6682
9840: 9882,9895,9745,10008,9780,9937
9711: 9678,10025,9434,9373
9717: 9700,9709,9645,3119,3907,9269
9946: 9323,9369,10026,9879,9991
8770: 8513,9317,7318,7581,9617,9795
9550: 9499,9354,9458,6916,9467
9277: 9686,9456,9378,9420,9613,9618
4498: 3903,9668,3502,3504,9254,4083
9079: 9504,7899,7570,9419,9284
492: 376
9777: 5129
9627: 5403,9846,5408,9977,9779,9636
1529: 424
9577: 9557,9316,9470,9536,9380,9358
1246: 
9527: 9473,9428,9324,2609,9439
9602: 9454,9266,4811,9280,4322,9877
9524: 9282,9959,9459
9739: 9450,9976,9641,9653,9681,9828
5876: 5882,9458,9508,5975,7360,9310
9359: 9395,9712,7417,9544,7847,9505
2669: 
9334: 9592,9917,9988,9938,9448,9356
9785: 9531,9400,9998,9583,9701,9452
9842: 7340,7248,9683
9427: 2492,9247,9372,9371,9528,9642
9214: 9987
7505: 7847,9505,7146,9344,10009
9632: 9808,9604,9350,9755,9985,9404
7880: 
513: 
9828: 9681,9450,9739,9545,9456,9984
9531: 9457,9785,9400,9998,9942,9963
9603: 9839,10042,9667,9261,9884,9476
9353: 9592,9917,9778,9831,9437,9386
9416: 9272,9515,9565,9468,700,9775
9684: 9494,9753,10016,9898,9768,10031
9652: 9910,9833
9252: 9453,9290,9379,9588,9622,9355
9436: 7009,9534,6930,7641,9346,9390,7719
9805: 5975,9773,7360,9650,9379,9967
9823: 9821,9730,9736,9769,9728,9973
9318: 9960,9558,9894
9286: 9479,9532,9675,9862,9845,9510
9564: 9546,9560,9307,9504,9610,9613
9621: 9756,9424,9418,9744,9912
9903: 9715,9250,9902,9722,9708,9493
6916: 7811,6930,9550,7383,9019
9474: 9954,9948,9882,9745
9871: 9820,10017,10018,9985
9310: 9354,9402,9508,9643,5876,9458
9346: 9376,9484,9390,9436,7719,7965
7417: 6682,9952,9544,9466,7847,9359
3903: 9562,9784,9409,9668,4498,3504
537: 
9545: 9378,9292,9450,9828,9456
9393: 9528,9642,9461,9263,9323,9414
9273: 9809,9869,10040,217,9907,9589
9525: 9518,9559,9735,9714,6009,9466
9703: 9294,9523,10025,6118
9283: 3947,2024,9415,9251,9665,9737
9278: 9908,9685,9384,9432,9475,9511
9507: 9387,9548,9558,9501,9802
7002: 
2153: 
9919: 9930,8694,9926,9889,9237,8496,9640
9464: 9468,700,9288,9473,9324,9431
9807: 9900,4485,9791,9883,9698,9969
9905: 9606,9780,9937,9267
9293: 9786,9692,9750
10014: 
9518: 9525,9559,9666,9648,6009
9425: 9597,9396,9332,9899,9986,9774
9479: 9532,9286,9411,9845,9605,9595
4146: 9331,4463,4569,4448,9522,5256
9825: 9897,9814,10028,9569,9328
9267: 10021,9905,9606,9961
9658: 9873,9941,9872,9490,9578,9901
561: 760
9756: 9621,9424,9744,9932,3947,2024
9614: 9306,9471,9343
9883: 9699,9950,9657,9807,9791,9698
4448: 4569,9538,9522,9302,9498,4146
9879: 10026,9962,9918,9946,9414,9663
9396: 9597,9425,9375,9332,9620,9834
9991: 9272,9706,9946,9369,10026,9676
10004: 9934,9770,9612
9402: 9310,9354,9465,9643,10034,9944
9404: 4950,9539,9632,9350,9909,9755
2721: 9470,9902,9365,2733,9708,1553
9275: 9598,9552,9980,9547,9923,9743
9587: 9916,9702,9688,9836,9981
10015: 9989,9347,9725,9975,9783,9314
10034: 9944,9690,9695,9936,9643,9402
9844: 9681,9581,9984,9492
9675: 9659,9532,9286,9822,10010,9510
9459: 9959,9670,9483,9524,9282,9633
9687: 9953,9783,9833,7617,9314
9563: 9661,9444,9477,7811,9407
9659: 9532,9675,10010,9398,10033,9244
9953: 9687,9472,9833
9775: 9699,9329,9345,9416,9565,700
9966: 9978,3820,3712,9927
9977: 9880,9779,9627,9636,9517,9253
9898: 10016,9714,6009,9768,9906,9684
9537: 9803,9446,9782,9781,9656,9338
9773: 9805,7360,9839,9650,9920,9301
5332: 
9657: 9746,9757,9883,9950,9853,9698
9618: 9610,9613,9686,9277
9767: 9787,9438,9661,9660,9854,10043
9672: 9802,9863,9548,9673
9904: 9875,9271,9628,9419,9284,9649
6280: 6085,9860,9512,6348,5870,9433
8658: 
9308: 9403,9502,9607,9638,9543,9435
9702: 9886,9426,9836,9981,9832,9587
9763: 9944,9690,9989,9347,9993,9289
9281: 1950,1592,9586,9770,9843,9257
9676: 9439,10026,9272,9991,9473,9468
9298: 9248,9536,9441,9380,9958,9746
9447: 9434,9373,9998,9942,9651
9678: 9480,9360,10025,9373,9452,9711
9377: 9244,9362,9810,9607,9529,9638
9956: 9856,9843,9586,9674
9409: 9562,3903,3504,9320,9397,5138
9955: 3612,9704,9876,3810,9679,9922
9750: 8309,9340,8150,9692,9293,9594
9740: 9875,9505,9344,9395,10029,9795
9994: 9947,10032,9870,9838,9422,10000
9251: 9415,9637,9576,9255,3947,9283
9694: 9312,9886,9832
9718: 9929,9721,9348,9877,9751,9266
8917: 8807
9579: 9555,9609,9327,10023,9351,9970
9287: 9445,9315,9526,9403,9322,9313
9653: 9716,9581,9381,9641,9739,9681
9605: 4169,9619,9595,9411,9541,9479
9422: 9442,9462,10000,10032,9994,9591
2685: 2492,9247,9874,9737,9669
9386: 9712,10022,9544,9778,9353,9917
9288: 700,9464,9345,9385,9300,9431
9522: 4448,9599,9498,9799,9331,4146
9867: 9471,9680,9343,10035,9992,10006
9861: 9583,9701,9249,9784,9849,9726
1592: 1950,9281,9586,9276,9760
9634: 9787,9438,9892,9625,9976,9800
3295: 9826,9654,9945
3502: 2333,9259,9254,9481,4083,4498
7641: 6930,9436,7719
9358: 9268,9493,9577,9470,9902,9536
634: 
7353: 
1052: 9851
9535: 9411,9351,9541,9555,4139
9685: 9278,9908,9847,9432,9914,9341
9297: 9600,9629,8885,9317,7318,9556
9468: 700,9464,9676,9272,9416,9473
9388: 9514,9321,9488,10002,9557,9316
9636: 9299,9639,5403,9627,9977,9253
9696: 9915,9835,6085,9860,9724,9764
9429: 9480,9360,9562,9503,5138,9249
645: 
2928: 3907,3121,9935,9304,3119,9913
9493: 9268,3701,9358,9902,9250,9903
9554: 9495,9530,9389,9859,9491,1225
9967: 9379,9588,5775,9650,9647,9805
9894: 9558,9501,9600,9629,9960,9318
9342: 9397,9357,9761,9246,9320,9443
7565: 9284,8879,9081,9649,7581
9948: 9451,9474,9954,9745
4255: 5256,5064,4463,4057,4347
9816: 9790,9759,10021,3722,9520,9731
9978: 9966,9766,9927
9333: 9624,9491,9924,9585,9485,9319
9438: 9787,9767,9634,9661,9892,9407
9509: 9453,9290,9449,9444,9477,9584
2658: 
9301: 9561,9508,9839,9667,9773,7360
9511: 9309,9601,9384,9575,9278,9908
9526: 9370,9300,9287,9315,9330,9313
9776: 9964,9848,9873,6349,9792,9710
9559: 9518,9525,9735,9648,9457,9400
9372: 9415,9637,9371,2305,2492,9427
9370: 9385,9300,9526,9900,9330,9570
9443: 9254,9320,9296,9279,9246,9342
9623: 9628,9260,9616,9274,8694,6385
9314: 7617,9705,9783,10015,9989,9687
9818: 10002,9316,9865,9940,9958,9380
9260: 9628,9623,8694,8496,7570,9419
9758: 9918,9295,2778,9747,9361,9669
3701: 9268,9493,9250,2333,9430,9481
7439: 
9989: 10015,9347,9763,9705,9314,9289
9502: 9308,9403,9433,9313,9543,6348
9642: 9528,9393,9461,9496,9371,9427
2733: 9488,9495,1225,2721,9365,1553
9285: 9939,9519,9789,10030
9506: 9330,9433,3471,9575,9570,5870
9480: 9678,9360,9429,9503,9294,10025
9125: 9126,8990,9219,9567,9387,9615
3712: 3820,3715,9966,3612,3321,9927
9924: 9859,9731,9759,9333,9491,9485
9811: 9863,9749,9827,9858,9673,9794
9626: 9369,9580,1793,9460,10040,9706
9491: 9333,9624,1225,9859,9924,9554
9560: 9567,9546,9564,9504,7899,9219
9661: 9660,9563,9444,9407,9767,9438
9256: 4139,4057,3559,9442,9462,9489
9770: 9934,9843,10004,9612,9257,9281
4139: 3559,9256,9535,9541,2968
9384: 3983,3471,9575,9475,9511,9278
9771: 9815,9990,9516
9786: 9692,9893,9293
7152: 
9326: 9907,9589,9338,9793,9598,9383
9532: 9479,9659,9286,9675,9595,10033
700: 9468,9288,9464,9416,9775,9345
9651: 9447,9942,9831,9437,9893
9695: 9710,9936,6249,6349,10034,9690
9925: 10011,9888,9891,9682,9972,9878
9290: 9453,9252,9509,9478,9355,9477
9934: 9770,9843,10004,9856
9244: 9377,9362,9810,9659,10010,9398
707: 
9952: 10022,9544,9466,9735,7417
9963: 9942,9778,9831,9531,9457,10022
10018: 9549,9755,9985,9871,9820
9869: 9809,9273,10040,1793,9806,9974
9513: 9599,9498,9646,9723,9258
9315: 9287,9445,9566,9300,9526,9431
10013: 9352,9573,9412
9458: 5876,5882,9310,9354,9550,9467
9437: 9831,9651,9353,9592,9336,9893
2509: 9965,2699,9663,9361,2778,9542
9576: 9932,10011,9255,9878,3947,9251
9440: 9853,9698,9969,9804,9339,3777
9889: 9854,9926,9919,9292,9691,9640
9340: 8309,9857,9750,9519,9594,10030
9274: 9253,9631,9299,6385,9623,9616
9892: 8046,9019,9407,9438,9634,9625
9395: 9712,9988,9359,9505,9740,10029
3612: 9955,9704,3321,3712,9876,9927
9349: 9688,9423,9568,9381,9391,9864
6348: 6280,9512,9502,9433,9543
10001: 9822,10010,9445,9611,9810,9322
3947: 2024,9283,9932,9576,9756,9251
9350: 5256,5064,9632,9604,9539,9404
731: 
3517: 9815
9896: 9906,9914,9341,9644,10020
10022: 9952,9735,9457,9778,9963,9386
9571: 9982,10003,10039,10005,9556,9824
9272: 9515,9416,9706,9991,9676,9468
9735: 9525,9559,9457,9952,10022,9466
9430: 2333,9248,9268,3701,9590,9366
9863: 9811,9749,9615,9548,9673,9672
9337: 9590,9366,9804,9339,4893,9553
9219: 9125,8990,7899,8879,9567,9560
9521: 9269,9483,3907,9262,9282,9734
10028: 9897,9825,9890
9435: 9647,9543,9540,9308,9943,9638
9986: 9747,9630,9774,9597,9425,9572
9635: 927,9291,9895,9606,9780,9363
3715: 9957,3820,3712,9713,3722,3321
9622: 9588,9593,9852,9453,9252,9303
10019: 9710,9936,9848,9667,9884,9561
9610: 9613,9618,9546,9564,9827
9465: 9354,9402,9944,7009,9993,9499
7360: 9805,5975,9773,9301,9508,5876
8309: 9857,9340,9750,8150,7992
9804: 9337,9590,9339,9441,9853,9440
9906: 9896,9914,10016,6009,9898
9356: 9448,7992,9334,9592,8150,9336
9347: 10015,9989,9725,6249,9763,9690
1553: 9720,9708,2733,9624,1225,2721
9399: 9707,9500,9819,9382,2133
760: 561
9864: 9916,9995,9349,9688,9381,9716
9574: 10017,9482,9408,9352,9302,9808
9992: 9817,9792,10006,10035,9941,9867
9743: 9514,9321,9275,9812,9980,9547
9783: 9975,9910,9833,10015,9687,9314
9910: 9975,9783,9833,9680,9652
9706: 9272,9515,9991,9369,9626,1793
9664: 9960,10005,9824
4697: 4893,5202,9644,4891,9432,9341
9452: 9373,9583,9678,9360,9785,9998
6385: 9930,8694,9299,8631,9274,9623
9390: 9346,9484,9486,9436,9534,9928
9304: 9935,3810,9679,9697,9913,2928
9806: 9487,9565,9974,1793,9869,9515
9348: 9929,9718,9266,9523,6118
6009: 9714,9898,9906,9518,9525
2198: 
9457: 9531,9400,9559,9735,10022,9963
9417: 9494,9753,9469,5408,9801
9959: 9751,9670,9459,9524
9254: 3504,9320,9443,9481,9279,3502,4498
9423: 9349,9688,9836,9568,7965
9655: 9421,2133,9707,9829,9798,10037
9781: 9769,9798,10037,9656,9803,9537
9412: 9723,9258,9573,10013
9639: 9299,8631,9636,5792,5403,9596
9859: 9961,9731,9924,9389,9554,9491
9338: 9907,9326,9793,9656,9782,9537
9795: 9617,10029,9740,9875,9649,8770,7581
9817: 6249,6349,9992,9792,10006,9725
9936: 9710,9695,10019,9561,9643,10034
9901: 9305,10035,9265,9490,9658,9941
9705: 9729,7617,9314,9486,9989,9289
9980: 9363,9245,9812,9275,9552,9743
7617: 9729,9705,9314,9687,9472
9306: 9968,9305,9614,9471
9620: 9772,9332,9834,9396
9737: 9665,9874,9283,9415,2685,2492
10021: 9267,9520,9961,9731,9816
9534: 7009,9436,9993,9289,9486,9390
9313: 9330,9433,9287,9526,9403,9502
9383: 9598,9552,9793,2806,9326
9497: 9596,9368,9584,9885,9449,5792
8496: 9237,8694,9919,9260,7570
9263: 9446,9393,9461,9323,9580,9460
9913: 2649,3119,9585,9697,9304,2928
9268: 3701,9493,9358,9248,9536,9430
9742: 9997,9965,2699,2609,9671
8990: 9125,9126,9219,8879,9081,8885
9363: 9245,9812,9980,9895,9635,9291
9674: 9830,9276,9956,9586
9641: 9381,9391,9625,9976,9739,9653
9284: 8879,7565,9649,9904,7899,9079,9419
9730: 9821,9823,9945,9451,9973
9553: 4893,5202,9337,9366,9259,4486
7265: 
9939: 9285,9789,9727
3810: 9935,9679,9304,9955,9814,9922
9937: 9905,9780,10008,9840
9915: 9852,9835,9696,9406,6085,9593
9798: 9769,9781,10037,9736,9829,9655
8695: 
9725: 10015,9347,6249,9817,10006,9975
9998: 9531,9785,9373,9447,9452,9942
8970: 10007,9983
9944: 10034,9763,9690,9402,9465,9993
9932: 9576,10011,10036,9744,9756,3947
9345: 9775,9699,700,9288,9385,9791
9487: 9806,9565,9974,9837,3486,9329
9972: 9500,9878,9819,9748,9682,9925
9704: 9955,3612,3321,9796,9790,9679
9336: 8150,9692,9893,9437,9592,9356
9820: 9871,10018
10043: 9854,9926,9660,9971,9368,9767
7146: 7505,9344,9631,9616,9271
9400: 9531,9457,9785,9648,9701,9559
1340: 1019
9625: 9391,9641,8046,9892,9634,9976
2968: 4347,9533,4139,3559,9541,4169
9865: 9837,9940,3486,9818,9958,9757
9389: 927,9530,9606,9859,9961,9554
9897: 9825,9814,9922,9890,9921,10028
2806: 9728,9973,9793,9954,9383
9305: 9901,10035,9265,9968,9306,9471
9501: 9558,9894,9126,9600,9387,9507
9680: 9867,9343,10006,9975,9910
9872: 9873,9658,9578,9455,5754,9964
9860: 6280,6085,5870,9724,9601,9696
5408: 9738,9753,9417,9627,9779
9302: 4569,4448,9408,9574,9808,9604
9810: 9377,9244,10010,10001,9607,9322
5250: 
3559: 4139,4057,9256,4347,2968
5256: 4255,9350,5064,4569,4463,4146,9604
7248: 9842
6531: 
9947: 10032,9994,9834,9870,9693,9375
7847: 7505,9505,7417,10012,6682,10009,9359
10030: 9789,9762,9857,9340,9519,9285
6118: 9348,9703,9523
861: 
4057: 3559,9256,9489,4463,4255,4347
9387: 9615,9548,9507,9125,9126,9501
5882: 9478,5876,9355,9458,5975
9548: 9387,9615,9507,9863,9672,9802
9528: 9393,9642,9247,9427,9295,9414
9375: 9582,9597,9396,9947,10032,9834
9282: 9524,9734,9483,9521,9459
10041: 10038,9815,9990,9957
9442: 9422,9462,9555,9591,9256
9049: 
9321: 9514,9388,9743,9788,9547,10002
6349: 6249,9817,9792,9776,9710,9695
9323: 9946,9414,9393,9263,9369,9580
9270: 9736,9829,9760,9276,9719,9821
9747: 9361,9630,9986,9774,9669,9758
9940: 9865,3486,3786,9788,10002,9818
9019: 8046,9892,9407,7811,6916,7383
9600: 9629,9297,8885,9126,9501,9894
9719: 9826,9830,9276,9270,9821,9945
9927: 9766,9876,3712,9978,9966,3612
9505: 7847,7505,9344,9395,9359,9740
9591: 9555,9609,10032,9582,9442,9422
9520: 9713,9516,3722,10021,9816
9262: 9569,9328,3121,9521,9734
9424: 9621,9756,9418,2024,9374,9772
9710: 9695,9936,10019,9848,9776,6349
10020: 9666,9979,9644,9911,9896
9647: 9540,9435,9943,9650,5775,9967
9732: 9850
9707: 9399,9829,9760,9655,2133
9837: 9865,3486,9487,9950,9329,9757
9598: 9275,9552,9383,9589,9326,9923
9498: 9599,9513,9258,9538,4448,9522
9504: 7899,9079,7570,9307,9560,9564
5775: 9588,9593,9967,9647,9540,9406
9558: 9501,9894,9507,9318
9999: 9866,10027
9841: 9826,9654,9830
9831: 9942,9778,9963,9437,9651,9353
9419: 9079,7570,9628,9260,9904,9284
9688: 9349,9423,9836,9587,9916,9864
9846: 5403,9627,9738,9754,9885,5792
8631: 9299,9639,9971,9596,9930,6385
10027: 9999,9866,9646,9887
2649: 9645,3119,9913,9585,9813,9319
9335: 9715,9296,9813,9722,9645,9709
9471: 9867,9343,9306,9305,10035,9614
9472: 9953,9729,7617
6249: 9817,6349,9695,9347,9725,9690
9835: 9915,9852,9696,9738,9764,9754
9993: 7009,9534,9289,9763,9944,9465
9856: 9956,9934,9843
9808: 9632,9604,9302,10017,9574,9985
9604: 9632,9808,4569,9302,5256,9350
9538: 4448,9258,9498,9408,9573
9264: 9488,9495,9812,9530,9291,9514
4347: 9311,9533,2968,4057,3559,4255,5064
9126: 9125,8990,9600,8885,9387,9501
4719: 5138,9397,9357,4322,4811
9567: 9546,9560,9125,9219,9749,9615
9839: 9603,10042,9667,9920,9301,9773
9827: 9811,9749,9610,9546,9858
9885: 9303,9754,9449,5792,9846,9497
9351: 9411,9535,9579,9555,9845,9970
10040: 9273,9869,217,9626,1793,9460
927: 9530,9389,9635,9291,9606
9403: 9308,9502,9607,9322,9287,9313
3777: 4891,9475,9969,9440,9339,3983
9796: 9790,9759,9704,9485,9697,9679
9789: 9762,10039,10030,9285,9939,9727
9530: 927,9389,9291,9495,9554,9264
9764: 9738,9801,9724,9835,9696
9960: 9664,10005,9629,9894,9318
9950: 9699,9883,9329,9837,9657,9757
9734: 9282,9262,9569,9521
9611: 9445,9566,9662,9428,9822,10001
9477: 9563,9444,9478,9509,9290,9467
9921: 9766,9876,9897,9922,9890
9355: 9478,5882,5975,9379,9252,9290
4169: 9619,9605,9541,9533,2968,9394
9453: 9252,9509,9290,9622,9303,9449
9949: 9888,9551,9682,9405
9862: 9671,9845,9970,9997,9286,9510
2492: 2685,9247,9427,9415,9372,9737
9490: 4950,9367,9578,9901,9265,9658
7383: 8333,7719,6930,6916,8046,9019
9357: 9342,9397,9761,6018,4322,4719
9981: 9832,9702,9587
9368: 9971,9596,9497,9584,9660,10043
9439: 10026,9962,9676,2609,9473,9527
9715: 9296,9279,9250,9903,9335,9722
1019: 1340
9552: 9598,9275,9383,9245,9980
7719: 8333,7965,7383,9436,6930,7641,9346
9727: 9789,10039,9939,9824
9654: 3295,9826,9841
7992: 9448,9752,9356,8150,8309,9857
959: 
9543: 9540,9435,9308,9502,9512,6348
9250: 9715,9279,9903,3701,9493,9481
9923: 9933,9547,9589,9598,9275,9809
9380: 9536,9298,9316,9577,9818,9958
9269: 9392,9483,9521,3907,9700,9717
10032: 9947,9994,9582,9375,9422,9591
9794: 9673,9858,9811,9996
8044: 
9902: 9470,2721,9708,9493,9358,9903
9812: 9363,9980,9291,9514,9743,9264
9745: 9882,9840,9948,10008,9474
9875: 9740,9271,9904,9344,9795,9649
5138: 9503,4719,9397,9562,9409,4811,9429
9890: 9897,9921,10028
9249: 9583,9861,9562,9784,9360,9429
9800: 9450,9976,9787,9634,9691
9364: 9463,9608,5754,9325,5564,9261
9749: 9811,9863,9827,9567,9546,9615
978: 
9374: 9772,9332,9424,2024,9899,9665
9568: 9349,9423,8333,8046,9391
9876: 9921,9766,9927,9955,3612,9922
9483: 9392,9269,9521,9282,9633,9459
9421: 9496,9655,9371,2133,2305,10037
9720: 9813,9722,9708,1553,9319,9624
9790: 9796,9816,9759,3722,9704,3321
9366: 9337,9590,2333,9259,9430,9553
9930: 8694,6385,9919,9971,8631,9926
9332: 9374,9772,9620,9899,9425,9396
9845: 9862,9970,9411,9351,9479,9286
10009: 10012,9880,9517,7847,7505
8807: 8917
4950: 9490,9539,9404,9367,9909,9265
9451: 9948,9730,9973,9954
9573: 9408,9352,10013,9412,9258,9538
3545: 
9578: 9455,9410,9490,9367,9658,9872
9381: 9391,9641,9349,9864,9716,9653
9460: 9626,9580,9263,9446,9782,10040,217
9799: 9797,9689,9887,9599,9522,9331
9495: 9488,2733,9554,9264,9530,1225
9630: 9747,9361,9986,9572,9327,9542
9547: 9933,9788,9923,9275,9743,9321
9536: 9248,9298,9380,9577,9268,9358
9320: 3504,9254,9443,9342,9397,9409
9728: 9973,9793,9656,2806,9823,9769
1006: 
9557: 9316,9577,9388,9488,9470,9365