9266: 9348,9523,9718,9877,9602,9280
9886: 9694,9312,9426,9413,9832,9702
9339: 980,1295,9440,9337,9553
8386: 6871,8081,8526,7145,7413,7673
9378: 9640,9277,9420,9456,9292,9545
5: 
2389: 3741,3743,2761
3727: 3226,9520,3526,3928
8579: 8995
3874: 3772,3774,4177,4074
3176: 2987,3372,3072,2777,3073,9662
8475: 
8460: 7679
10012: 9880,10031,9714,10009
7073: 6983
9562: 9249,9429,5123,5338,5421
3451: 3942,3444,9925
9482: 9352,9408,10013,9574
18: 
10007: 8976
9833: 9783,9953
10011: 3942,3444,9891,9932,10036
22: 
2280: 2189,9451,2098,2188
9092: 9091,8999
9962: 10026,683,9879,9946,9663,1611
3489: 2902,2523
5215: 5121,5417,4929,5214
5688: 5882,6658,5390,5587,5490,5887
4218: 3907,4427,3607,3412,9269,4320,9392
30: 
4104: 4521,4307,4306,4314,4004,4514
6358: 6639,6163,7532,6823,7360,6915
33: 133,9851
34: 
7009: 9705,7195,7794,7460,7375,9289
9294: 10025,9480,9703,9523,9503,9454
9663: 1611,2321,9879,9918,9758,9962
4306: 3210,3903,4004,4301,4514,4104
8694: 9596,9971,8631,8632,8636,8496
40: 
6085: 6375,6084,9379,6848,7123
9533: 5755,9394,5159,5062,9311,9410
9362: 9529,10042,5572,9377,5964
7319: 7142,7670,6672,7050,7141,7402,7581
9265: 9306,9305,9968,5355,9909,6338
9317: 9556,9297,8995,8296,8710,9982
8878: 8205,9217,9120,8499,9079,9238
6884: 7163,6886
7345: 7080
2600: 2136,3079,2225,2047,2411,2693
4010: 4323,3810,3612,3712,4331,4115
3665: 3464,2391,4165,4068,4266,4164
6347: 6349,5761,6155
9645: 3119,2926,9335,9813,9709,9717
8540: 8338,8479
56: 
8999: 9092
4322: 4529,9633,4427,4521,4525
2363: 
4030: 4123,3820,9927,9876,3635,9955
9945: 159,9826
8632: 8210,8636,8631,9449,8358,8694
9914: 10016,9847,9685,9341,9896,9906
64: 275
9943: 9647,9435,9650,9638,9920,9529
4893: 
8150: 8225,7992,8309,7909,7579,7911
8661: 8593
9855: 6709,6517
7564: 7389,9846,7125,9885,8358,7478
9829: 9707,9655,9760,9736,9769,9798
7569: 7570,7737,6576,6474,7565,7899
73: 336,283
9709: 9761,9246,9335,9645,9717,9700
8175: 
4677: 4675,4773,4876,4271,4979,4069
4979: 4880,4677,4876,6062,5177
3450: 2578,9949,1583
3789: 
6658: 5688,5882,6371,5887,6564,6847
81: 
9398: 9325,9476,9659,9244,9810,9463
9765: 1838,9677
9699: 9950,9775,9791,9657
9629: 9556,9297,9600,9894,9960,10005
6244: 6339,9490,5663,6335,6337
3380: 502,3578,3185,3777,3678
7207: 8356,7026,7470,7292,7380,7383
6403: 6781,6969,7152
7355: 
9691: 9787,9854,9889,8984,9292
9922: 9814,9955,9876,9921,9897
93: 133,9851
9617: 9448,8383,9334,9795,10029,9938
7375: 8186,7380,9289,7460,7292,7009
9880: 10012,10031,9977,7434,9517,10009
3897: 1732,3998,3898
9787: 9691,9854,9800,9438,9892
3321: 2836,3517,9704,3818,9679,3821
100: 3486,2710,9430,9259,3786
9738: 7033,6849,7563,9835,9754,9846
7979: 7818,8058,7901,8061,9081
4566: 4269,4266,4164,4367,4470,4569
5490: 5390,5688,5789,5887
6100: 9631,6583,6003,7050,6389,7670
3185: 3380,502,3578,9502,9433,2240
9565: 9487,9806,9515,9272,9329,9416
9918: 9879,9414,9528,9295,9758,9663
9788: 9940,2072,10002,9321
4393: 4293,4292
5062: 5159,4858,4660,4855,5755,9533
7902: 7901,7821,7742,8292,8766
5400: 5598,5304,5302
6576: 7570,7569,7130,6474,6767,6671
115: 
9852: 9835,9754,9915,9622,9453,9303
8189: 8192
118: 307,309
4565: 4367,4458,4463,4462,4569
9724: 9601,9309,9696,9860,9764,9801
121: 127
9609: 4141,9572,3850,9579,3262,3656,9555
4427: 3907,4218,4314,4521,4322,9392
9405: 9748,1019,9551
9878: 9972,9500,9925,9255,9576
4485: 4486
127: 121
8301: 7992,8309,8376,9857,8451
9964: 9873,9776,9872,5761,6537,6055
6437: 6155,6537,6055,6249
131: 
9899: 3849,3552,2024,9665,9874,9774
133: 93,9851,33
4463: 4367,4458,4565,4057,4255,4347
2333: 9259,9553,3485,3486,3783
5211: 5413,5009,5214,6797,9475
4343: 9442,4139,3856,4045,9256,3953
9467: 9478,7298,9290,7811,7560,9477
9974: 9837,9487,9869
9868: 4941
141: 
7181: 
9572: 4141,9609,9986,9630,9579,9327
5564: 5961,5964,9578,5664,5856,5765
6461: 5882,5978,6371,6266,6460,6077
146: 
3540: 3345
7156: 7062
149: 
150: 
3121: 2540,9717,3119,2928,3027,3805
9407: 9019,7888,9661,9438,8126,9892
5578: 5281,5870,4783,5774,5676
4660: 5062,4858,4655,5163,4661,5755
155: 251
156: 157
157: 156
9644: 9341,9896,9911,6508,9401
159: 9945,9826
9246: 9709,9761,9342,9296,9335,9443
9985: 10017,9808,9871,9632,10018,9755
9957: 9713,3722,10041,9990,3731,10038
163: 
7850: 7936
6003: 6481,6387,9274,9631,6100,6483,7050
4529: 9633,4322,4525,4937,9670
2858: 3835,3838,9682,3646
8192: 8189
9983: 8683,8861,9017
7934: 7935,8015,9683,9842
9485: 9796,9697,9924,9759,9333,9585
9324: 9527,9428,9431,9464,9473,9566
6007: 9898,10016,9494,9684,5813
9446: 9803,9338,9537,251,9460,9263
3607: 3907,4218,2540,9700,3412,3506
176: 
9413: 9426,9376,9484,9733,9312,9886
9843: 9586,9281,9934,9856,9770
9523: 9348,9266,9602,9454,9294,9703
9736: 9760,9821,9823,9270,9769,9829
9648: 6984,9849,9701,9785
5084: 5287,5678,5581,4986,5086,5186
3504: 3701,3903
5041: 
185: 
9581: 9881,9492,8688,9653
5789: 5887,6084,5490
9259: 9553,2333,9366,9430,100,3486
9895: 2362,9780,9840,9882,2643,2459
8264: 
9367: 9578,9410,9311,9539,9490,5765
8799: 8679
9299: 5995,9639,9636,9253,6093,9274
9893: 9336,9437,9692,9786
9433: 9313,9502,9330,9506,502,3185
8380: 8455
9450: 8984,9739,9545,9828,9800,9976
5201: 9696,9860,5202,5200
7142: 6389,7319,7670,8236,7581,7668
9232: 9987
9650: 9647,9943,9920,9839,9805,9773
8450: 9519,9789,10030,9340,9939,9285
9669: 9737,9874,2492,1747,9747,9361
3731: 3733,4332,3821,9957,3722,10038
4397: 4399,4498
206: 309
5451: 5250
8812: 9069,8868
2778: 2201,2585,2881,2693,2584,2974
9870: 9693,9947,9994,9838
9815: 10041,9990,9771
9586: 1180,9843,9956,9674
6071: 6823,6541,6448,5973,5873,6163
10000: 9422,9994,9838,9797,9689,9462
7080: 7520,7345
8005: 7761
217: 9326,9273,9907,366,368,1132
9941: 10035,9992,9658,9901,9873,9792
8835: 8779,8838
9920: 9529,10042,9943,9650,9839
9569: 9734,4336,9262,9328
5167: 5754,4969,5070,5064,4968,5361
7901: 7821,7902,7737,7818,7979
4736: 4837,4939
7292: 7110,7460,7026,7207,7380,7375
9656: 9769,9728,9781,9798
9681: 9844,9984,9739,9828
7494: 7996,8076,7913,8222,8513
6375: 6085,6280,6848
6617: 
9716: 9381,9864,9995,9653
9470: 2536,9316,1225,9557,2165,2253
233: 834,9345,700,9288,9464
5064: 4665,5163,4867,4968,5361,5167
9677: 1666,1838,9765
5329: 5727,5725
237: 
8026: 7945
7130: 6284,6665,6474,6480,6767,6576
240: 344,291
9965: 2201,2585,2666,9542,10023,9671
9667: 9848,9884,10019,9603,9561,9301
243: 
9593: 9379,9588,9252,7123,9915,9622
245: 
2852: 
247: 
9570: 9506,2802,9370,9900,9330
9594: 9519,9340,9293,9750
7145: 7146,7413,6871,8386
251: 155,9446,9338,9782
5150: 9350,9604,4852,4950,5051
9575: 9601,9511,5204,9384
9830: 9674,9276,9719,9270
2326: 2699,2511,2512,2236,2231,2509
9673: 9863,9811,9794,9672
5251: 
7560: 7558,7811,7973,7119,9467,7298
10035: 9941,9992,9305,9901,9867,9471
7899: 7565,7649,7569,7737,7818,7733
4323: 9269,4010,4320,3810,4331,9521
3755: 3262,3656,9582,3559,4139,9591
10006: 9975,9817,9776,9792
9822: 9662,10001,3073,9510,9675,10010
3778: 3777,3678,4081
9917: 9938,9988,9334,9353
2391: 3464,3665,4165,2967,2968,3166
8304: 10030,9340
9257: 9551,872,9770,9612,9281,1261
7721: 8046,8126,7555,8333,7888,7885
5856: 5663,5765,5961,5564,6047
5710: 6204,10020,6784,6967,7060
3526: 9704,3818,9790,3727,3928
274: 
275: 64
2476: 2196,2571
9418: 9912,9621,9424,9772
278: 387
8292: 7742,7314,7902,8766,8705,8064
7836: 8236,9623,6583,6964,6585,6389
4405: 4301,4514,4616,4504,4611
2585: 2201,2778,9965,2685,2881,2666
283: 73,336
7777: 7176
9546: 9749,9567,9564,9560,9610,9827
9909: 9404,5355,9549,9755,9265,9968
2201: 2778,9965,2585,2584,9671,9742
9481: 2170,9250,9279,3205,9254
10037: 9496,9781,9798,9655,9803,9461
4196: 
291: 344,240
3786: 100,3787
3907: 4218,4427,3607,4314,3803,3506
3983: 3683,4083,3982
9979: 9401,9668,9911,9726,6011,9666
5965: 6062,6631,5177,5574,6629,6348
8417: 8346,8419,8555
9473: 9464,9439,9468,9527,9324
299: 411
8675: 8676,8674
9686: 9277,9456,9984,9618
8976: 10007
10029: 9795,9740,9617,9938
3372: 2987,2609,3176,2699,3072,2983
9755: 9549,10018,9985,9632,9404,9909
6138: 
307: 118,309
9772: 9620,9418,9424,9332
309: 206,118,307
6339: 9490,6244,9539,5051,5256
9585: 9319,9333,9485,9697,9913
9542: 2666,9361,9630,9965,9327,10023
6934: 7117,6932
9500: 9972,9878,9819,9399,9255,9382
9733: 9484,9928,10024,9951,9312,9413
316: 
9888: 3646,9949,9931,9682
9291: 9812,9530,9264,9980,9363,9635
4068: 2776,3367,3464,3665,4266,4168
3860: 4057,3953,3166,4255,3856,4165
10025: 9480,9294,9703,9711,9678
7929: 7340,7248,8170
3572: 2896,2678,9476,9261,3674
9428: 2057,9527,9324,2893,9566,9611
8609: 
6781: 6403,6969
8779: 8891,9005,8835
9714: 10012,10031,9753,9768
9597: 9375,9396,9425,3850,3656,9582
9580: 9323,9393,9460,10040,9369,9626
9873: 9776,9964,9792,9658,9872,9941
9599: 9522,9498,9887,9799,9646,9513
9803: 9446,9537,9781,10037,9461,9263
334: 9850,9732,387,446
9327: 1756,9579,10023,9542,9630,9572
336: 73,283
3998: 3701,3898,3897
5413: 5211,5214,5417,5917
3856: 3460,4045,4343,3860,3953,3166
4826: 5138,9602,9280,4716,4811,4929
2699: 2326,2512,2509,2983,3372,2609
4504: 4501,4405,4605,4611,4606
343: 397
344: 291,240
7550: 9436,7555,9534,8186,7641,7723
346: 519,650
9926: 9930,10043,9919,9767,9854,9889
9826: 159,9945
4298: 4501,4399
9912: 9621,9418,9744
7733: 7818,8498,7649,7899,8056
10024: 9951,9472,9729,9928,9733
3345: 3540
9316: 2536,9470,9940,10002,9557
10003: 8373,9752,9982,9571,10039,9762
9697: 9485,9796,9585,9913,9304,9679
2818: 2721,9358,2538,9493,2170,9250
358: 
359: 1270,1864,874,1025,9371,1525
9891: 3940,10011,10036
4486: 4485
2906: 2336,2526
9757: 9818,9958,9865,9746
2802: 3482,9570,1295,980
9987: 9232
366: 750,368,217,1132,1211
6849: 7033,9738,7300,6376,9835
368: 750,366,9626,9907,10040,217
3850: 4141,9609,9425,9597,3656
7675: 9735,9466,7847,7505,8597,9952
2710: 100,2523,9430
372: 1124
9701: 9849,9648,9861
9671: 9862,9970,2201,9965,10023,9742
9748: 9405,1019,9972,9819
376: 492
9499: 6930,9550,6832,9354,9465,9402
9584: 9497,8811,9444,9563,9368,9660
5249: 5250
9476: 9398,9325,9244,3572,2678,9261
5204: 5104,5000,9575
9463: 9619,9608,9659,10033,9398,9325
5959: 6047,9872,6349,5761
384: 839
9271: 9616,9628,9344,8663,9904,9875
9984: 9844,9681,9828,9456,9686
387: 278,334
9608: 9619,9463,2580,9325,2776,9364
9391: 9641,9625,7965,9349,9568,9381
390: 
9454: 9503,5031,5138,9602,9523,9294
6163: 6639,6358,6823,6071,5973,6072
9379: 9593,9588,6084,6564,6085,7123
394: 
9616: 9628,9271,8081,8526,9623,8663
2826: 9720,1820,1727,2649,2926,3025
397: 343
5761: 6347,6349,5959,9964,6537
2364: 9745
6696: 6886,6695
9444: 9584,8867,9563,9019,9661,9660
8455: 8380
403: 
9311: 4950,9539,5159,9533,9410,9367
9242: 9125,9239,9038,8885,9567,9615
9540: 9647,9435,9543,9512,9406,9967
3485: 980,9553,2333,3683,3783
3234: 2944
9638: 9607,9377,9308,9529,9435,9943
9752: 8373,10003,8225,7992,9762,9857
411: 299
9488: 9495,9388,9514,9264,9365
413: 
3953: 3860,4255,4343,3856,4155,9256
9397: 3210,9320,9342,4004,9357
416: 477,808
9081: 9037,8766,8703,7979,8061
9640: 9378,9420,9292,8701,9237
9900: 9370,9385,9807,9969,9570
3444: 3451,3942,10011,3550,3940
9235: 8928
4094: 
8868: 9024,9069,8812
424: 1529,9809
5641: 
9247: 9528,9372,9295,1867,2135,2044,1198
2538: 1991,9902,2253,2721,2818,9250
3683: 3983,3385,3485,3783
2366: 
7811: 7560,7973,9467,8565,9477
7402: 7318,7743,7581,7319,7141,7314
9877: 9751,4937,9280,9266,9718
8262: 9426,9376,8042,7719,9836,8033
3531: 3224
9539: 9311,4950,5051,9367,6339,9490
9309: 9724,9601,9511,9908,9801,9469
9551: 1019,872,9257,9612,9405
8885: 9038,8990,9039,9242,9125,9126
8513: 7988,8710,8372,7913,7494,8296,8222
9797: 9799,9689,9331,10000,9489,9462
9693: 9947,9834,9870
442: 568,634
6520: 6804
10008: 9745,9882,9840
5801: 5904,9753,5699,9779
446: 447,334,9850
447: 446
9942: 9963,9651,9531,9457
449: 
3787: 3786
9448: 8383,9617,9334,7911,9356,7579
7958: 
9371: 9642,9427,740,1525,9421,1025,359
454: 456
3301: 9268,2815,3497,3204,3400
456: 454
9988: 9917,9938
9120: 8878,8205,9217,9237,8701
7609: 
9938: 9917,9988,10029,9617,9334
9365: 1225,1987,9557,9388,9488
5129: 5424,6022
9300: 9315,9526,9288,9431,9370,9385
8991: 8703,8705,8707,8989,8990,9130
7737: 7570,7569,7899,7818,7901,7821
466: 807
467: 666,475,535
6419: 6425
9432: 9278,9475,9685,9341
8987: 8879,8061,9238,9037,9219,9194
9670: 9751,4529,9633,9459,9959
472: 473,537
473: 472
9995: 9864,9916,9716,9881,9653
475: 467,666,535
9171: 9173
477: 416,808
8703: 9037,8766,9081,8991,8705,8989
9414: 9879,9918,1118,884,1197,9528
480: 
9496: 10037,9421,9655,9642,672,9461
9466: 7675,9735,9457,9525,9559,7505
9840: 9895,9780,9937,9882,10008
9711: 10025,9703,9678
9717: 2540,9700,3121,9645,3119,9709
6284: 7130,6665,6662,6385,6480
8770: 8995,7743,8064,9127
9550: 6927,6930,9499,9458,9354,6916
4287: 4387
4498: 4397,4399,4603
7354: 7265,7778
492: 687,376
5345: 
9037: 8703,9081,8987,8061,9194,8989
3222: 2743,9304,2836,3819,3715,3615
7952: 7942
2410: 2225,2407,2224,2595,2411,2311
5942: 5746,9910
499: 755
9524: 9959,9282,9459,9734
501: 762,1052,978
502: 3380,3185,9433,9506,3284
9359: 7839,8596,9386,9544,9505,9712
8737: 8338,8479
8627: 9112
9785: 9531,6984,9648,9400
6585: 6964,10009,6583,9517,7836
9427: 9642,9371,740,1525,884,9528,9372
7259: 
6784: 6009,6011,5710,7060,9518
9632: 9350,9604,9808,9985,9755,9404
512: 630
513: 
4280: 3774,3776
9531: 9785,9559,9400,9457,9942
9603: 9839,9773,9667,9884,9301
6055: 6537,6437,9776,9964,9817,6249
9416: 9329,9775,9565,9272,700,9345
519: 346,650
9652: 5750,6041,9680
521: 584
9436: 7550,7555,9534,9346,8333,9390
2407: 2224,2410,2403,1855,2595,2689
9823: 9736,9821,9973,9769,9728
4074: 4177,4073,4072,3772,3771,3874
9286: 9510,9997,9862,9479,9845,9532
7026: 8356,7207,6932,7117,7110,7292
9621: 9912,9418,9744,9756,3552,9424
529: 
3482: 9506,2802,980,3284,3385
9474: 9948
9871: 10017,9985,9820,10018
9310: 9508,9643,6915,7532,9458,9354
2836: 3321,3517,3819,9304,3222,9679
535: 467,475
3903: 3210,4306,2822,3504,4301
537: 472
9545: 8984,9450,9828,9378,9456,9292
9393: 9323,9580,9460,9263,892
9273: 9326,9589,217,9809,1132
7563: 7033,9738,6662,7389,9846
9703: 10025,9294,9711,9348,9523
9283: 2024,3947,9251,9415,9665
9278: 9475,9908,9384,9511,9432,9685
9507: 9802,9672,9387,9548,9558
3205: 3207,1716,2170,9481,9254
5826: 6226,5725,5727
2362: 9895,9780,2459,9606,9389
9464: 9288,9431,9473,9324,233
3431: 
8163: 8599,8006
9293: 9692,9786,9750,9594
10014: 9167
7179: 7176
9425: 9374,9332,3458,3850,9396,9597
9479: 9411,9605,9845,9286,9532,9595
5543: 
9209: 
9267: 9606,9389,9961,10021
4590: 
561: 758,760
9756: 9932,9744,2024,3947,9621,3552
563: 760,973
4475: 4271,4169,4168,4269,4771
6653: 7646,7019,6077,6931,7298
2578: 3450,9931,2022
9396: 9375,9597,9834,9620,9425,9332
568: 442
7195: 7014,7010,7794,7198,7460,7009
2468: 2189,2658
9404: 5355,5256,9909,9350,9632,9755
4929: 4811,5138,4826,5215,5121
9275: 9547,9598
8989: 9038,8990,9037,8703,8991,9194
7198: 7110,7460,6832,7195,7010
10034: 9643,9936,9695,9690,9402,9944
9844: 9984,9681
8550: 8679
9459: 9282,9483,9633,9670,9959,9524
8707: 8705,8064,9127,8991,9130,9600
8811: 9584,9497,7470,7558,7973,9563
9659: 10033,9532,9675,9810,9463,9398
7298: 9467,9478,6653,6931,7119,7560
584: 521
7014: 7195,7010,7794,9993,9989,7542
9977: 7434,9636,9627,9779,9880,10031
9898: 6007,10016,6204,9906
588: 645
9773: 9805,6731,9650,9839,9603,9301
5332: 5931
9657: 9853,9883,9699,9791
9618: 9610,9277,9613,9686
9767: 9661,9660,9438,9926,10043,9854
9672: 9507,9548,9863,9673
9904: 9284,9649,9419,9628,9271,9875
596: 599,664,733,731
7050: 6483,6672,6003,6100,7319,7670
9308: 6348,9543,6629,9607,9638,9435
599: 596,664,666
4837: 4736
9281: 1180,9843,9770,9257,1261
9676: 9439,1622,1793,9706,9991
9298: 9380,9577,9746,2251,9536
4969: 5070,5167,4968,5274,4871,5475
5755: 5361,9394,9533,5163,5062,4660
9377: 9607,9638,5572,9529,9362
4710: 4811,4809,4606,4719,5010
2481: 2387,2198
9955: 9814,9922,9935,4330,4123,4030,9876
9114: 9214
9740: 9875,9795,10029,9344,9395
4611: 4606,4719,4725,4504,4405,4616
9251: 9255,9576,9637,9283,9415
614: 886
9718: 9348,9266,9929,9877,9751,9721
616: 9369,750,9626,10026,1706
9579: 1756,9327,9572,9609,9351,9555
9287: 9315,9526,9445,9403,9322,9313
9653: 8426,9995,9716,9881,9581
8688: 8426,9581
9422: 10032,9994,10000,9442,9591,9462
5887: 5789,6084,6564,5490,5688,6658
9386: 9778,9544,9359,9712
9288: 9431,9464,233,9300,9385
6586: 7146,7252,6682,7150,7325
9867: 9343,9471,10035,9992
9861: 9726,9784,6118,9849,9701
9127: 8064,8707,8770,8995,9600,9297
8596: 7673,7839,9359,8081,9505,8663
630: 1367,910,978,512
5697: 5598
7641: 7383,8867,8186,7380,7550,7723
9358: 2721,2818,9380,9577,9493
634: 442
3578: 3380,3185,2240,2896,3471,3777
6813: 
5466: 5664,5572,5269,5754,5070,9455
8801: 8619,8805,8683
9297: 9556,9317,9629,9127,8995,9600
6823: 6071,6448,6731,7360,6163,6358
641: 
9636: 9977,7434,9253,9627,9299,9639
9696: 5201,9860,5200,9724,9764,5509
9429: 9249,9562,9503,9480,9360
645: 588
2928: 2744,2742,3119,3025,3121,3027
7770: 7932,7936
3072: 2983,2777,2584,2974,3372,3176
9967: 9406,6350,9647,9540,9805,6541
650: 346,519
4269: 4566,4266,4475,4168,4470,4771
2777: 3072,2584,3176,3073,9997,9742
9948: 9474,923
4331: 9262,4115,4010,4323,9521,4336
9816: 10021,9731,9759,9790
7936: 7850,7770
9333: 9319,9585,9624,9491,9924,9485
4073: 4072,4074,3670,3367,3771,4169
9509: 8631,8565,9477,9453,9449,9303
2658: 2468,9841
661: 
6537: 6155,6437,6055,5761,9964
9526: 9300,9315,9287,9370,9313,9330
664: 596,599,666,733
9559: 9525,9518,9400,9531,9466,9457
666: 467,475,599,664
9370: 9900,9385,9300,9526,9330,9570
3792: 
5849: 5848,5551
4164: 4566,4266,4057,3665,4165,4367
8565: 8631,9509,9477,7811,7973
672: 884,1197,892,9461,9496,9642
7913: 8076,7494,9284,9419,7988,8513
8029: 
7909: 8075,7579,7988,8372,8225,8150
9989: 9347,9314,7542,9763,9993,7014
9502: 9313,9433,9403,2148,2240,3185
3153: 2761,3251
2733: 1473,1556,2738,1820,1727,9624
9285: 9939,9519,8450
2387: 2481,2576
8526: 6871,8386,8081,6964,9623,9616
683: 2234,1793,10026,9962,1611
3712: 4232,3615,3713,3612,4010,4115
8006: 7761,8163
3491: 
687: 492,755
9491: 2738,2554,9924,9859,9333,9624
7521: 
3262: 3755,3656,9609,9535,9555,3559
3073: 9510,9997,2777,3176,9662,9822
9770: 9612,10004,9934,9281,9843,9257
4139: 4343,9442,9591,3755,3559,4045
8590: 
9771: 9990,9815,9516
9786: 9692,9293,9893
2554: 2738,9491,1075,9554,9859
698: 
7742: 7311,7141,7314,8292,7739,7821,7902
700: 9468,9272,9416,233,9345
9651: 9963,9942,9831
9695: 9710,9936,10034,9690
9925: 9972,9878,3451
6631: 6062,5965,5870,5478,6348,6724
2196: 2476,2571
9244: 3373,9810,3184,9398,9476,2678
707: 
9952: 9778,9544,8597,7675,9735,10022
709: 1068
2580: 9619,9608,2968,3464,2776
5086: 5186,4986,5084
9513: 9646,9723,9498,9599,9258
9315: 9300,9526,9287,9431,9445,9566
3400: 3204,1732,3301,3497,3795
7325: 7847,7150,7757,7146,6586,7413
2866: 2967,2968,2772,9595,9605,9619
6028: 5727,5331
718: 2643,2459,9245,2551
9440: 1295,9969,9698,9804,9337,9339
9889: 8701,9926,9919,9691,9854,9292
9340: 8304,10030,9750,9519,8450,9594
722: 
723: 792
3783: 3485,2333,3683
8081: 8386,8526,7673,8596,9616,8663
9173: 9171
6348: 9308,9543,5965,6631,6629,6724
2293: 2015,2199,2198
2953: 2662
9350: 5150,9604,9632,5051,9404,5256
731: 596,733
3517: 3321,2836,3819,4332,3821,3820
733: 596,664,731
10022: 9735,9963,9831,9778,9952
3098: 
9272: 9468,9991,700,9515,9565,9416
2800: 9445,9611,2895,10001,9322,3279
9430: 9366,9248,9259,100,2710
7455: 
740: 9371,9427,1525
9219: 9194,9560,9239,8987,8879,9504
6724: 9512,5774,6631,5870,6348,9543
743: 744
744: 746,743
2691: 2685,2492,1747,2595,2212,2311
746: 744
6405: 6507,7858,9434
9622: 9290,9453,9593,9252,9915,9852
7279: 7942
750: 366,9626,368,616,1211,1706,1698
7413: 7146,7145,7325,7757,8386,7673
7360: 9561,9301,6915,6731,6823,6358
8309: 7992,8150,8301,7911,8376
754: 1286,1367,1449
755: 687,499
9356: 9448,9334,7911,9592,9353
9347: 9314,9989,9763,10015
758: 973,561,760
6072: 6266,5975,6265,5973,6639,6163
760: 563,561,758,973
9217: 8878,9120,9237,8879,9307,9504
762: 1052,501
9992: 10035,9941,9867,9792
9743: 9980,9812
9783: 9833,10015,9314,9687,9953
8179: 
5023: 5338
9664: 9824,10005,9960,9318
4697: 
6665: 6284,7130,6474,6662,7389,7125
6385: 5995,6284,6480,6093
9390: 9484,9928,9486,9436,9534,9346
9304: 2743,3222,9679,9697,9913,2836
9806: 9565,9487,9869,1211,9515,1698
3942: 3451,3444,10011,9576,3255
4823: 4937,4626,4725,4716,9280
6931: 6749,7119,7019,6653,7298
7818: 8058,7733,7979,7899,7737,7901
9417: 9801,9469,5508,9494,5408,9684
8984: 9545,9450,9691,9800,9292
781: 
9423: 9349,8033,9836,9587,9688
9655: 9421,9707,9829,9496,10037,9798
9781: 10037,9798,9656,9803,9537
9412: 9258,9573,9723,9352,10013
7141: 7311,7742,7314,6672,7739,7319,7402
2893: 2987,2609,2057,9428,2895,9611
8395: 
9795: 9875,9740,10029,9649,8383,9617
5495: 6280,5395
9936: 9508,9643,10034,10019,9695,9710
792: 793,723
793: 792
794: 9637,2305,9382,1676,2030
7617: 9705,9729,7542,7794,9472,9687
9306: 9265,9305,9968,9471,9614
7668: 7996,8076,7142,9260,8236,7581
7019: 6077,6645,6916,6653,6749,6931
10021: 9816,9267,9961,9731
7419: 7062
801: 874,1263,1027,9674,9276
9383: 9598,9793,9326,9589
8273: 8485
5574: 5274,5475,5965,5177,5672,6629
2536: 9316,9470,9818,9958,2165
9913: 2744,2742,9585,9697,2743,9304
807: 466
808: 477,416
6389: 7142,7670,6100,6583,7836,8236
9363: 9552,9980,9291,9245,9635
6350: 9406,9967,5775,5680,6541
4626: 4937,4823,4616,4525,4307,4725
9284: 9649,9904,9419,7913,8075
6983: 7073
9553: 9259,2333,9337,9366,9339,3485
8064: 8705,9127,8707,7314,8292,8770
8376: 9592,9336,8309,8301,8451
3810: 4010,4323,4320,3412,3805,3612
6832: 6930,9499,9465,7010,7198
2902: 3489,2151,2523
6316: 6022
8695: 8199
9725: 9975,9817,6249,7086
3255: 9576,3942,9932,3947
8970: 8419,8555
5587: 5390,5876,5688,5882,5978
8972: 8921
8372: 7988,8513,8710,7909,8373,8225
3204: 3400,1732,3301,1716,3207
9972: 9878,9500,9819,9748,9925
6093: 6480,6481,9274,5995,9299,6385
9336: 9592,8376,9437,9692,8451,9893
9820: 9871,10018
834: 233,9791,9345,9883,9807
5417: 5215,5121,5413,5214,5917
9400: 9559,9518,6009,6984,9785,9531
7300: 6848,7123,9915,6376,9835,6849
9625: 9641,9976,9391,7965,8046,9634
839: 384
840: 1216
9389: 9606,9267,9554,9961,2362
9897: 9921,9922,10028,9825,9890
8058: 7818,7979,9079,8056,8061,9238
9305: 9265,9306,6338,9901,9471,10035
9501: 9085,9318,9387,9126,9558
6508: 5917,5421,6018,9644
8205: 8878,9120,9919,8429,8499,8701
848: 996
5873: 5683,5776,5973,5680,6541,6071
7858: 6405
9810: 9244,3373,10010,9659,9675,9398
7646: 6847,6653,9355,6371,6077
3559: 9535,3262,3755,4139,2870,4045
5256: 9404,5355,9350,5051,6339
7248: 7929
6531: 6906
9947: 9375,9834,9693,9870,10032,9994
858: 
10030: 8304,9857,9340,9789,9762,8450
6118: 6416,9583,9861
861: 864
4057: 3860,4255,4165,4367,4463,4164
9387: 9125,9126,9548,9501,9507,9558
864: 861
8962: 
9528: 9247,9372,9295,9427,884,9918,9414
9375: 9396,9597,9947,9834,9582,10032
9282: 9459,9483,9521,9734,9524
10041: 9990,9815,9957,10038
9442: 4343,4139,9591,9422,9256,9462
9049: 
872: 1019,9551,9257,1512,1340,1178
6906: 6531
874: 801,1263,1027,1025,359,1864
9270: 9760,9736,9821,9276,9830,9719
5338: 5121,5023,9503,5031,5421,9562
4870: 4470,4867,4968,4773,4771
9019: 9407,7723,7888,8867,9444,9661
4330: 4123,4232,3715,9935,9955
7518: 
4123: 4330,4030,3820,3819,3715,9955
7555: 9436,7550,8333,7723,7888,7721
9591: 9442,4139,3755,9582,9422,10032
884: 1197,672,9642,9427,9528,9414
9262: 4331,4115,9328,9935,9569,4336
886: 614,965
9710: 9695,9848,10019,9936
888: 
4470: 4870,4867,4569,4269,4566,4771
890: 
9707: 9421,1025,9829,9655,9760,1027
892: 1197,672,9461,9323,9393,9263
9598: 9383,9547,9275,9589,9923
3615: 3712,4232,3715,2743,3222,3713
9504: 9307,9564,9217,8879,9219,9560
5775: 5287,5680,5970,5678,9406,6350
9558: 9387,9501,9507,9802
9999: 9866,10027
6387: 6481,9274,6003
9831: 9963,9651,10022
9419: 9284,9904,9260,9628,8076,7913
902: 
5970: 9512,5774,5678,5676,9406,5775
8631: 8565,9509,9449,9596,8694,8632
10027: 9866,9887,9999,9646
6204: 5710,9898,6967
9335: 9296,9722,9813,9645,9709,9246
9471: 9867,9343,9614,9306,9305,10035
9472: 9687,9953,9729,7617,10024
910: 1367,630,1449
9835: 9852,9754,7300,9915,6849,9738
9091: 9092
9856: 9956,9934,9843
9808: 10017,9985,9574,9604,9632,9302
9604: 9350,5150,9632,9302,9808
6266: 6072,5975,6265,6461,5978,6460
5180: 4880,5281,5478
7743: 7318,7402,7314,8770
9126: 9125,9387,8885,9039,9501,9085
4719: 4611,4606,4725,4716,4811,4710
9567: 9749,9546,9615,9560,9239,9242
4616: 4405,4514,4307,4611,4725,4626
923: 9948
7470: 8356,7207,7558,7383,9563,8811
9351: 9535,9541,9555,1756,9579,9411
10040: 9907,9782,9580,9460,9626,368
927: 9245,9635,1075,1473,1228
9403: 3184,2148,9322,9287,9313,9502
5192: 
9796: 9485,9697,9759,9704,9790,9679
9789: 10039,9762,9727,10030,9939,8450
9530: 9264,9291,9635,9495,1148,1228
9764: 5613,5509,5508,9696,9724,9801
5931: 5332,5633
9950: 9699,9837,9329,9775
9187: 
9611: 2800,9445,9566,2893,9428,2895
9477: 8565,9509,9467,9290,9453,7811
9921: 9897,9766,9876,9922,9890
2526: 2153,1542,1709,2244,2906
3991: 3990
3027: 3713,3805,3612,2928,2742,3121
943: 1097
944: 
5995: 9299,9639,6385,6093
4858: 5062,4660,4855,4757,4548,4655
7383: 8867,9563,7641,7470,7207,7380
3251: 3448,3153
9981: 9832,9587,9702
3838: 3835,2858,3646
9439: 1881,1622,9676,9468,9991,9527,9473
9715: 9250,9279,9902,9903,9296,9722
4155: 9489,9256,3953,4255,4146,4347
7150: 7847,7325,7505,7417,6682,6586
5633: 5931
8499: 8429,8211,8056,9079,8878,8205
6323: 6219,6226
7992: 8225,8150,8309,8301,9752,9857
959: 965,1042
6460: 6077,6645,6266,6265,6461
9250: 9715,9279,2818,2538,9902,9481
9923: 9933,9809,9598,9547,9589
4271: 4475,4169,4072,4677,4069
9269: 4323,4320,4218,9392,9483,9521
965: 959,886
2224: 2225,2407,2410,1855,2135,2044
7649: 7565,7478,7899,8498,8210,7733
9902: 1991,2538,9903,9715,9250
9812: 9264,9291,9980,9743,9514
5678: 5581,5676,5970,5287,5775,5084
3674: 3774,3471,3572,3772,9261
972: 
973: 758,563,760
9249: 9562,9429,5123,9360,9583,9784
9800: 9787,9892,9634,9976,8984,9450
7787: 7865
8867: 7383,9563,7641,9444,9019,7723
978: 1367,630,1052,501,1286
3224: 3628,3421,3531
980: 9339,3485,1295,2802,3482,3385
9876: 9927,4030,9922,9955,9921,9766
7558: 7560,7973,8356,7470,8811
5683: 5776,5873,5287,5680,5186,5585
9720: 2826,9708,9813,2926
8705: 8064,8707,8292,8766,8703,8991
9366: 9337,9590,9248,9430,9259,9553
9930: 9926,10043,9919,9971,8429,8496
5031: 9503,9454,5138,5121,5338
8470: 
10009: 6585,9880,10012,9517,6871
8807: 8917
8950: 8841,9046
9451: 2280,2189,9954,2098
9046: 8950
4266: 4269,4566,4164,3665,4068,4168
996: 848,1069
9381: 9716,9641,9391,9864
4783: 5578,5281
5355: 9404,5256,9909,9265,6338
5536: 
9630: 9361,9542,9747,9986,9572,9327
7855: 
9536: 9268,9298,9577,2815
9320: 9254,9409,9443,9342,9397
5000: 5202,5204
1006: 1078
2844: 
10016: 9847,9494,9914,6007,9898,9906
7719: 7885,8042,9346,8333,8262,9376
8891: 9005,8779
5093: 5194
7570: 7569,7737,6576,6671,7739,7821
1013: 1251,9741
1014: 
4232: 3712,3715,3615,4330,4115,9935
6583: 9631,6100,9517,6585,6389,7836
9039: 9130,9894,8885,8990,9126,9085
9872: 6047,5959,6337,9658,9873,9964
1019: 9551,872,9748,9405,9819,1340
9344: 9505,8663,9395,9271,9875,9740
9349: 9568,9423,9391,9864,9688
9811: 9863,9673,9794,9827,9749,9858
3373: 9244,9810,10010
9602: 5138,4826,9280,9266,9523,9454
1025: 9421,9707,874,1027,359,9371
8199: 8695,8044
1027: 874,801,9276,9760,9707,1025
2987: 3372,2609,2893,3176,2895,9662
9997: 3073,9510,9286,9742,2777,9862
7885: 7965,8042,7719,8333,8046,7721
3803: 4314,4004,3506,9357,3907
8261: 8119
5207: 6797,5104,9384
3385: 3683,3482,980
7060: 7417,6967,5710,6784,9525,9518
3805: 3027,3612,2540,3412,3121,3810
10018: 9549,9755,9985,9871,9820
5841: 
2944: 3137,3234
7417: 6682,6967,7060,9525,7150,7505
10038: 9957,10041,3733,3731
1042: 959
9323: 9393,9580,1197,892,1118,9946,9369
1044: 1616,1617,1446
4347: 4146,4450,4155,4255,4458,4463
5585: 5389,5186,5683,5876,5776
3839: 3646
2649: 9319,2826,1820,3025,2744
9334: 9448,9617,9356,9917,9938,9353
9862: 9671,9970,9286,9997,9742,9845
3680: 3284,3982
1052: 762,501,1286,978
9978: 9966,9927,9766
9731: 9924,9859,9759,9961,9816,10021
9721: 9959,9751,9718,9929
5776: 5683,5876,5973,5873,5585,5975
9775: 9329,9416,9699,9950,9791,9345
7942: 7952,7279
9634: 8046,9892,9800,9625,9976
6930: 6927,9550,6832,6932,9499,7110
9361: 2666,9542,9630,9669,1747,9747
9214: 9114,9074
9279: 9715,9250,9481,9296,9254,9443
9641: 9625,9976,9391,9739,9381
5177: 6062,5965,4876,4979,5574
5598: 5400,5697
1067: 1805,1894
1068: 709
1069: 996
7888: 9407,9019,7723,7555,8126,7721
1071: 9495,1901,1148,1987,1553
6847: 7646,9355,6658,6371,6564,9588
9742: 9997,2201,2777,2584,9862,9671
9890: 9921,9897,10028
1075: 2551,927,1473,2554
1076: 1477
4336: 9734,9569,9262,4331,9521
1078: 1006,1152
9649: 9284,9904,9875,9795,8075,8383
4852: 5159,4855,4849,5150,4950
9292: 9378,9640,9691,9889,8984,9545
2341: 1542,1978
9963: 9942,9651,9831,9735,9457,10022
2940: 3037
7932: 7770,9842
9571: 9556,10003,9982,9824,10005,10039
7775: 7428
8170: 7765,7340,7929
1089: 
5274: 5475,5574,4969,5070,5269,5672
9607: 5672,6629,9377,9638,9308
1092: 
5421: 5917,6508,6018,5338,9562,5123
9583: 9452,9360,9249,6118
9683: 8015,7934,9842
9746: 9298,9380,9757,9958,2251
1097: 943
9322: 3184,9403,3279,2800,9445,9287
2288: 
2212: 2595,2030,2689,2305,2691,2492
2742: 2744,2928,9913,2743,3027,3713
9512: 5970,5774,6724,9543,9540,9406
4569: 4470,4867,4367,4565,4566,4665
9452: 9678,9360,9583
9341: 9644,9896,9432,9914,9685
4665: 4462,5163,5064,4661,4867,4569
4939: 4736
9751: 9877,9670,9959,9721,9718
9939: 9285,9789,9727,8450
4072: 4177,4073,4074,4271,4169,4069
9780: 9895,2362,9840,9937,9905,9606
3776: 3774,3471,3777,4280
9314: 9347,9989,7542,10015,9783,9687
2689: 2595,2030,2212,2403,2033,2407
9927: 9876,3635,4030,9978,9966,9766
4703: 5007,5010,4809
5664: 5572,5466,9578,9455,5964,5564
1118: 9879,9414,1197,9323,9946
9514: 9388,9321,9812,9264,9488
9237: 9217,9120,8701,9640,9420,9307
6249: 6437,6055,9725,9817
9760: 9736,9270,9276,1027,9707,9829
9624: 9319,9333,2733,2738,9491,1820
1124: 372
9610: 9827,9618,9564,9613,9546
9791: 834,9345,9775,9699,9657,9883
2967: 2866,2968,2772,3460,3166,2391
5348: 5551
9125: 9242,9387,9126,9548,8885,9615
9441: 9853,9804,9590
3279: 3184,9322,10001,2800,10010
1132: 1211,9273,217,366
2584: 3072,2777,2974,2201,2778,9742
7176: 7179,7777
2403: 1592,2033,2036,1855,2689,2407
1136: 1297,1375
6280: 5495,6375,6848,5792,6376
9345: 834,233,9791,700,9416,9775
8373: 9752,10003,9982,8710,8372,8225
6474: 7130,6665,7125,7565,7569,6576
9402: 9465,9944,9643,10034,9354,9499
9289: 8186,7375,7009,9705,9486,9534
9887: 9866,10027,9799,9689,9646,9599
2752: 9654,9841,2655,2848
1145: 
3612: 3027,3713,3805,3712,4010,3810
3210: 4306,3903,2822,9397,4004
1148: 1071,9495,1901,9530,1556,1228
9759: 9924,9731,9816,9485,9796,9790
9777: 4839
7532: 6639,6358,6915,9310,7095,9458
1152: 1477,1078
9956: 9856,9674,9586
9447: 9998,9373,9434
9991: 9468,9272,9706,9515,9439,9676
9690: 9763,9695,10034,9944
9958: 9757,9818,2536,9380,9746,2165
4491: 
9532: 9659,10033,2770,9675,9510,9286,9479
6265: 6266,6072,6639,7095,6460,6645
4650: 4757,9538,4642,4444,4448,4548
4871: 5475,4969
9678: 9452,9360,10025,9480,9711
9589: 9326,9273,9383,9598,9923,9809
9355: 6847,7646,9588,9252,9478
8838: 8835,8841
9456: 9378,9277,9545,9828,9984,9686
8990: 9038,8885,8989,8991,9130,9039
1169: 1251,9741,1170
1170: 1169
2983: 3072,2974,3079,2509,2699,3372
9326: 9273,9589,217,9383,9907,9793
9369: 9946,616,9323,9580,9626
9805: 9773,6731,9647,9650,9967,6448
4192: 4293,4292
7062: 7156,7419
9167: 10014,9166
1178: 1506,1340,872,1512,1592,1594
9457: 9735,9466,9559,9531,9963,9942
1180: 9586,9281,1263,1428,1261
5302: 5403,5304,5613,5400
9357: 4004,3803,3506,9761,9342,9397
9704: 3526,3818,9790,9796,9679,3321
4773: 4675,4677,4771,4876,4870,5475
2321: 9663,1611,1782,9758,2511,2231
9330: 9313,9433,9526,9370,9506,9570
8333: 9436,7555,9346,7885,7719,7721
6084: 5789,5887,6564,6085,9379
3330: 
3643: 
9975: 9725,9817,10006
6105: 5408,9684,5813,5904
2662: 2758,2953
5852: 5455
6896: 6516
2655: 2752
1197: 884,892,672,9323,9414,1118
1198: 9247,9295
5250: 5451,5249,5452
2244: 1709,2526,1973,2336
3628: 3224,9520,3421,3226
6226: 5826,5725,6323
3079: 2136,2600,2509,2693,2983,2974
9980: 9743,9363,9812,9291
8766: 8703,9081,7902,8292,8705
6886: 6696,6884,7163
6900: 
9263: 9393,9460,9803,9446,892,9461
9475: 9278,9384,6797,5211,9432
4789: 4891
1211: 1132,750,366,1698,9806,9869
9865: 9757,9818,1630
4655: 4548,4559,4661,4858,4660
9017: 8861,9983
2669: 
1216: 840
9875: 9795,9740,9271,9344,9649,9904
8451: 9692,9750,8301,8376,9336
10031: 9880,10012,9714,9779,9753,9977
9919: 9930,9926,8429,8701,9889,8205
9966: 9978,3733,9927
9839: 9603,9920,9650,9773
9828: 9739,9545,9450,9456,9984,9681
2199: 2015,1841,2293
1225: 1987,9557,9365,9470,1991,2253
7086: 9725
7152: 6969,9373,6403,6507,9998
1228: 1473,1556,9530,9635,927,1148
9303: 9449,9885,9453,9852,9754,9509
3771: 3772,9364,9261,3670,4073,4074
9462: 9489,9256,9422,10000,9442,9797
7542: 9314,9989,7014,7794,9687,7617
2870: 3460,4045,9535,9541,3559,2772
9511: 9601,9309,9575,9278,9908,9384
5910: 6682,6967
8186: 7380,7375,9289,7641,7550,9534
8710: 8513,8372,8296,9317,8373,9982
1238: 9254,9409
9313: 9502,9433,9330,9526,9287,9403
1240: 
4521: 4104,4525,4307,4314,4427,4322
9005: 8891,8779
3486: 100,9259,2333
9254: 9320,9409,9443,9481,9279,1238,3205
9556: 9317,9297,9629,9571,9982,10005
1246: 1494
9932: 9744,9756,10036,10011,3255,3947
3678: 3778,3777,3380,4081
10023: 1756,9327,9542,9965,9671,9970
9901: 6338,6335,9658,9305,10035,9941
1251: 1169,9741,1013
3646: 9888,3839,3838,2858,9682
6622: 6902
9438: 9661,9767,9407,9892,9787,9854
8225: 7992,8150,8372,7909,8373,9752
8274: 
8917: 8807,8805
4997: 
4605: 4603,4809,4501,4504,4606
7478: 7565,7649,8358,7564,7125,8210
1261: 1428,1861,1512,1180,9281,9257
9420: 9378,9640,9277,9237,9307,9613
1263: 874,801,1180,1428,1864
8126: 8046,9892,7721,9407,7888
9307: 9564,9613,9504,9217,9237,9420
4839: 9777,4941
7002: 7184
3184: 9403,2148,9322,3279,9244
5774: 9512,5970,6724,5578,5870,5676
1270: 359,1436,1951,1864,1525
6645: 6460,7019,6077,6916,6265,7095
9493: 1716,2170,9577,9358,2818,9268
9643: 9310,9508,9936,10034,9354,9402
9548: 9125,9387,9615,9863,9507,9672
9846: 7389,7564,9754,9738,7563,9885
9600: 9130,9894,9127,8707,9297,9629
10039: 9789,9762,9727,9571,10003,9824
3641: 3545,3448,3151
3533: 3434
4255: 3860,4057,3953,4155,4347,4463
5917: 6508,5421,5413,5417
8619: 8861,8801,8683
3898: 3998,3701,1732,3502,3897
9874: 9737,9669,9665,9899,9747,9774
4694: 
1286: 754,1052,1367,978
2808: 2336,2524
7996: 8076,7668,7494,7318,7581,8222
9395: 9505,9344,9712,9740
7119: 6931,7117,7298,8356,7560
9537: 9803,9446,9338,9781
9601: 9724,9309,9511,9575,9860
4891: 4789
9343: 9867,9471,9614
1295: 9440,9969,2802,980,9339
4284: 4285
1297: 1136
9360: 9452,9678,9583,9480,9249,9429
9935: 9328,9814,9955,4232,4330,9262,4115
2881: 2411,2311,2693,2685,2778,2585
9505: 9344,8663,9395,9359,8596,9712
8921: 9024,8972
9321: 9388,9514,9788,10002
6507: 6405,9373,7152
2974: 3072,2983,2584,2693,3079,2778
2758: 2662
10001: 2895,9662,9822,2800,10010,3279
9857: 10030,9752,7992,8301,9762
9566: 9445,9611,9428,9324,9431,9315
2609: 2987,3372,2893,2699,2512,2057
4603: 4605,4399,4501,4498
1312: 1729
9713: 3928,9957,3722,9520,9516,9990
1314: 
9408: 9352,9482,4849,4641,9574,9302
4292: 4192,4393
8383: 9448,9617,9649,9795,8075,7579
9712: 9359,9386,9505,9395
3819: 2836,3517,3222,3715,4123,3820
4968: 4870,4867,5064,4969,5167
9410: 9578,9455,9367,9394,9533,9311
4855: 5159,5062,4858,4852,4955
7670: 6389,7142,7319,6100,7050
9525: 9559,9518,7417,7060,7505,9466
5389: 5390,5585
3367: 3670,2776,4068,4169,4168,4073
1327: 
9130: 9039,9600,9894,8991,8707,8990
5361: 5755,9394,5163,5064,5754,5167
10004: 9770,9612,9934
4559: 4548,4655,4448,4450,4458,4462,4661
7935: 8015,7934
3166: 3860,3856,3460,2967,2391,4165
7353: 
2842: 
2492: 2691,1747,2305,2212,9737,9669
9996: 9858,9794
2540: 9717,9700,3412,3121,3805,3607
9729: 9705,9486,7617,9472,10024,9928
1340: 1506,9399,1178,1019,872,9819
4399: 4397,4298,4501,4498,4603
6448: 6823,6541,6071,9805,6731
9519: 8450,9594,9340,9285
10033: 9659,9532,9595,9619,9463
9588: 9379,9593,9252,6564,6847,9355
5304: 5300,5613,5509,5400,5302
9424: 3849,3552,3837,9621,9418,9772,9374
9468: 9991,9272,700,9439,9473
6022: 6316,5129
4687: 
9527: 2057,9428,9324,1881,9439,9473
6964: 6585,6871,8526,7836,9623
4081: 3778,3678
9295: 9528,9247,9918,1527,9758,1198
9276: 9674,9830,9760,9270,801,1027
4642: 4650,4757,9538,9573,4641,4955
9024: 9069,8868,8921
3774: 3776,3674,3471,3772,4280,3874
9864: 9688,9916,9995,9349,9381,9716
3701: 3998,3504,3898,3502,2822
6902: 6622
8391: 
9685: 9847,9914,9278,9908,9432,9341
9842: 7934,9683,7932
9338: 9446,9537,251
5214: 5413,5009,5211,5215,5417
1367: 630,910,978,1286,754,1449
3506: 3803,9357,9761,9700,3907,3607
10005: 9824,9664,9556,9629,9571,9960
9737: 9415,9669,9665,9874,2305,2492
5281: 5578,5870,5478,5180,4783
6695: 6598,6696
8479: 8338,8737,8540
5390: 5389,5587,5490,5688
1375: 1461,1136
3818: 3526,9704,3928,3722,3321,3821
2286: 2194
9596: 8694,9971,9368,8631,9497
9881: 9492,9581,9995,9653
6662: 7563,6284,6665
5121: 5215,5417,5338,4929,5138,5031
9437: 9592,9336,9893
5123: 9249,9562,5421,6018,9668,9784
1384: 1549
7965: 7885,8042,8046,9568,9625,9391
6009: 6784,6011,9666,6984,9518,9400
1387: 1984,2072
3722: 3928,9713,9957,3818,3731,3821
5813: 6105,9684,6007,5904,5804
9478: 9467,7298,9355,9252,9290
5649: 
1392: 1995,1729
9561: 7360,9301,6915,9667,10019,9508
9274: 6481,6387,6093,6003,9299,9253,9631
3458: 9986,9774,3849,9374,9425,4141
7679: 8460,7680
5010: 4703,5007,4809,4710
10028: 9825,9897,9890
3025: 3119,2926,2826,2649,2744,2928
9302: 9604,9408,4849,9808,9574
9521: 9282,9483,9269,4323,4331,4336
3545: 3641,3448
5663: 5856,5765,9490,6244,6047,6337
3715: 4232,3615,3222,3819,4330,4123
9385: 9370,9900,9807,9288,9300
6682: 7417,6967,5910,7252,6586,7150
8343: 
9949: 3450,9931,9888,9682
9070: 
5104: 5204,5207
4131: 
9587: 9836,9702,9981,9423
9277: 9378,9420,9456,9613,9686,9618
1414: 
6376: 5792,6280,6848,7300,6849
5225: 
3137: 2944
9883: 9657,834,9791,9807,9698
1419: 
1420: 
1421: 2119
8658: 
9809: 9923,9273,9589,424
9415: 9737,9665,9251,9637,2305,9283
9079: 8058,8499,8056,8878,9238
9646: 9513,9887,10027,9599
9535: 9541,9351,9555,3559,3262,2870
1428: 1861,1261,1180,1263,1951,1864
4141: 9572,9609,3850,9986,3458
9779: 9627,5801,9753,9977,10031
9329: 9416,9775,9565,9487,9837,9950
9694: 9312,9886,9832
7865: 7787
8905: 8904
9460: 9393,9580,9263,9446,10040,9782
1436: 1951,1270,1525,1950,1867,2133
4045: 3856,2870,3460,3559,4343,4139
8211: 8429,8499,8056,8496,8498,8636
2198: 2015,2293,2481
7146: 6586,7145,7413,7325
2595: 2689,2212,2407,2410,2691,2311
7988: 8513,8372,7913,8075,7909
9836: 9587,9702,9426,8262,8033,9423
9319: 9333,2649,9585,9624,1820,2744
9734: 9569,4336,9282,9524
1446: 1617,1044
7673: 7839,8596,7413,7757,8386,8081
9301: 9561,7360,9603,9773,6731,9667
1449: 754,1367,910,1619
6804: 6805,6520
4146: 4450,4347,9331,9489,4155
9869: 9487,9806,1211,9974
9497: 9584,8811,7973,9596,9368
9769: 9656,9728,9736,9823,9829,9798
5163: 4665,5064,4661,4660,5755,5361
4716: 4719,4725,4823,4811,4826,9280
9708: 9903,1553,9720,9722,9813
8679: 8550,8799
5920: 6421,6326,6420
6629: 5672,9607,5574,5965,6348,9308
1461: 1375
9469: 9801,9417,9309,9908,9847,9494
5736: 
5478: 5281,5870,4880,5180,6062,6631
9508: 9310,9643,9936,10019,9561,6915
9658: 6335,9901,9872,6337,9941,9873
9666: 6009,6011,9979,9726,6984,9849
9763: 9690,9944,9993,9347,9989
4314: 4004,3803,3907,4427,4104,4521
2523: 3489,2902,2710
9860: 9696,5201,5202,9724,9601
8498: 8210,8636,7649,8211,8056,7733
1473: 1556,2733,1228,927,1075,2738
9325: 9398,9476,9608,9463,9364,9261
9489: 4155,9256,9462,9797,9331,4146
9077: 8928,9119
1477: 1152,1076
9547: 9275,9598,1616,9923,9933
2693: 2881,2411,2600,3079,2778,2974
7870: 8265
7434: 9977,9636,9253,9880,9631,9517
7265: 7354
1483: 
9606: 9389,9267,2362,9780,9905
3777: 3778,3678,3380,3578,3776,3471
4876: 4677,4773,4979,5475,5177
1487: 9730,1739
8076: 7996,7668,7913,7494,9260,9419
8356: 7026,7470,7207,7119,7117,7558
7839: 7673,9359,8596,7757,8597,9544
3835: 3838,2858
7033: 6849,9738,7563
3713: 3027,3612,2742,2743,3712,3615
1494: 1246
9074: 9214
9858: 9996,9827,9811,9794
1497: 1931,2483
9268: 3301,9536,9577,9493,1716
7581: 7318,7402,7142,7319,7996,7668
5408: 6105,9684,5508,9417,5403
9392: 9633,4218,4427,9269,9483
2511: 2326,2231,1782,2321,2136,2509
9784: 9861,9726,9249,5123,9668
1504: 1849,1583,1759
9544: 9778,9386,9952,8597,7839,9359
1506: 9399,1340,1178,1592,2033,1676
3448: 3545,3641,3251
9802: 9507,9558
9754: 9835,9852,9738,9303,9885,9846
1510: 
2761: 3153,3743,2389
1512: 1861,1261,872,1178,1594
2968: 2967,2866,9619,2580,3464,2391
3294: 3295
3471: 3774,3776,3674,2896,3578,3777
6916: 7019,6645,7095,9458,6927,9550,6749
9516: 9520,9713,9990,9771
8015: 7935,7934,9683
9682: 2858,9949,3646,9888
9990: 10041,9815,9771,9516,9713,9957
5159: 5062,4855,4852,9533,9311,4950
7794: 7195,7014,7542,7009,9705,7617
6481: 6480,6387,6767,6093,9274,6003,6483
9372: 9528,9247,9427,1525,1867
1525: 9371,9427,740,359,1436,1270,1867,9372
9435: 9647,9540,9943,9638,9308,9543
1527: 2047,1782,2044,9758,9295,2225
9376: 9426,8262,9413,9484,9346,7719
1529: 9933,1873,424
10010: 3373,9810,9822,10001,9675,3279
9483: 9282,9459,9521,9269,9633,9392
1532: 1619
5403: 5302,5613,5508,5408
9674: 9276,9830,9956,9586,801
4177: 4072,4074,3874,4069
9577: 9298,9380,9358,9268,9536,9493
9910: 5942
5978: 6461,5882,5876,5587,6266,5975
9515: 9706,1698,9565,9806,9991,9272
8879: 8987,9238,9217,9504,9219
9461: 892,672,9496,10037,9803,9263
1542: 2153,2526,2341
7505: 7847,7150,7417,9525,7675,9466
9258: 9412,9573,9513,9723,9498,9538
9102: 
9970: 9862,9671,1756,10023,9411,9845
9364: 3771,9261,9608,9325,3670
9739: 9450,9828,9641,9976,9681
1549: 1721,1384
9374: 9425,9332,3849,3837,9424,3458
9968: 9265,9306,9549,9909
3947: 2024,9283,3255,9932,9756
1553: 9708,9903,1987,1071,1901
9735: 7675,9466,9457,10022,9963,9952
4525: 4521,4307,4529,4322,4937,4626
1556: 1473,2733,1228,1901,1148,1727
1557: 1995,9745
9732: 334,9850
7973: 7558,7811,7560,8565,9497,8811
2274: 
8787: 
6969: 7152,6403,6781,9998
3837: 3849,9424,9374
9421: 9707,1025,9655,9496,9642,9371
9859: 9924,9731,9554,9961,2554,9491
8296: 8995,8222,8513,8710,9317
4069: 4271,4177,4072,4677
9689: 9799,9797,10000,9838,9866,9887
2231: 2326,2511,2236,1611,2321,2234
8995: 8579,8770,8296,9127,9317,9297
1571: 1572,9730
1572: 1571,1740
9915: 7123,7300,9593,9622,9835,9852
10032: 9422,9994,9375,9947,9582,9591
5882: 6461,5688,6658,5978,6371,5587
8471: 
9851: 93,133,33
9916: 9864,9688,9995
3550: 3940,3444
5508: 9764,5613,9801,9417,5403,5408
9884: 9848,9667,9603,6155
9924: 9731,9859,9759,9491,9333,9485
1583: 1504,1849,1759,3450
6927: 6930,9550,6932,6916,6749
5551: 5348,5849,5848
9253: 7434,9636,9299,9274,9631
4448: 4450,4444,4650,4548,4559
9745: 2364,9882,1557,10008
2225: 2224,2410,2047,1527,2044,2411,2600
7765: 8170
5455: 6140,5852
1592: 2403,2033,2036,1594,1506,1178
9705: 7009,9486,9729,7617,7794,9289
1594: 1592,2036,1950,1861,1512,1178
2272: 
9892: 8046,8126,9634,9407,9438,9787,9800
9480: 10025,9294,9503,9429,9678,9360
9564: 9307,9613,9504,9560,9610,9546
5194: 5093,5295
9490: 6339,6244,9539,9367,5663,5765
9166: 9167
9971: 9596,8694,9368,9930,10043,8496
8614: 8677
8419: 8970,8485,8417,8346,8555
8794: 
9458: 7095,9354,7532,9310,6916,9550
9342: 9761,9246,9320,9443,9397,9357
2311: 2881,2411,2595,2410,2685,2691
4087: 
9431: 9288,9464,9324,9566,9300,9315
1611: 9663,2321,2234,683,9962,2231
5581: 5678,5676,4986,5084
6077: 6460,7019,6645,6461,6371,6653,7646
9157: 8978
6371: 6461,5882,6658,6077,6847,7646
1616: 1044,9547,9933,1873
1617: 1446,1044
7184: 7002
1619: 1532,1449
2776: 3670,3367,4068,9608,2580,3464
9486: 9705,9729,9289,9390,9928,9534
1622: 1881,9439,9676,2234,2236
4950: 9311,9539,5051,5159,4852,5150
5964: 5961,5564,5664,5572,9362
5572: 5664,5466,5269,9377,5964,9362
5269: 5572,5466,5070,5274,5672
9145: 
3934: 
8636: 8632,8498,8210,8694,8211,8496
1630: 9865
9662: 2895,9822,10001,2987,3176,3073
8677: 8614,8676
8861: 8619,8683,9983,9017
9484: 9390,9928,9733,9346,9376,9413
5051: 4950,9539,9350,5150,5256,6339
3460: 3856,2870,4045,2967,2772,3166
3464: 3665,2391,2968,2580,2776,4068
4941: 9868,4839
9929: 9348,9718,9721
9348: 9266,9523,9718,9929,9703
5848: 5849,5551,6041
4514: 4301,4405,4616,4306,4104,4307
5202: 5000,5201,9860
2512: 2699,2326,2236,1881,2609,2057
9723: 9513,9258,9412
8075: 7909,7579,9284,9649,7988,8383
9749: 9567,9546,9615,9827,9863,9811
9848: 9667,9884,10019,9710
8346: 8417,8485,8419
8392: 
9894: 9130,9039,9600,9629,9960,9085
10015: 9347,9314,9783
5328: 5426,6219
9494: 10016,9847,9417,9469,9684,6007
7761: 8006,8005
7110: 7198,7460,7292,6930,6932,7026
10042: 9920,9529,9362
8597: 7847,7757,7675,7839,9544,9952
9863: 9811,9673,9749,9615,9548,9672
4332: 3733,3731,3821,3517,3820,3635
3295: 3294
4462: 4665,4661,4458,4565,4559
4004: 4314,3803,9357,3210,4306,9397,4104
7680: 7679
9318: 9960,9501,9085,9664
1666: 9677
9612: 9770,10004,9551,9257
9824: 9664,10005,9571,10039,9727
9998: 9447,6969,9373,7152
7380: 8186,7375,7292,7207,7383,7641
9680: 6041,9652
6932: 6927,6930,6934,7117,7110,7026
9520: 3628,9516,3727,3928,9713
6671: 6483,6672,7739,6767,7570,6576
9700: 2540,9717,9709,9761,3506,3607
1676: 794,9382,1506,9399,2033,2030
9518: 9525,9559,9400,6784,6009,7060
9750: 9692,8451,9293,9340,9594
7163: 6884,6886,6978
6011: 6784,6009,9666,9911,9979
5961: 5964,5564,5856,6349
9549: 10018,9755,9909,9968
9510: 3073,9286,9997,9822,2770,9532,9675
10043: 9930,9926,9971,9368,9767,9660
7428: 7775
8020: 
2483: 1497
5300: 5304,5200,5509
9776: 9873,9964,9792,6055,9817,10006
9976: 9641,9625,9634,9800,9739,9450
9798: 9781,10037,9656,9769,9829,9655
9792: 9873,9776,9941,9992,10006
3151: 3641
8978: 9157
2251: 9298,9746
4849: 4641,4955,9408,4852,9302
6672: 6483,6671,7050,7739,7319,7141
1698: 9706,9515,1706,750,1211,9806
7311: 7742,7141,7314
9931: 2578,9949,9888
9434: 9373,6405,9447
9896: 9341,9644,9911,9914,10020,9906
9409: 9320,9254,1238,3502,2822
7723: 9019,7888,8867,7641,7550,7555
9353: 9334,9356,9917,9592
1706: 9706,1698,616,750,1793,10026
6516: 6896
9517: 9631,6583,7434,9880,6585,10009
1709: 2244,2153,2526
9993: 9465,9944,9763,9989,7014,7010
8599: 8163
10020: 5710,9906,9896,9911
2551: 1075,2459,718,9554
2848: 2752
10026: 1793,683,9962,9946,616,1706
1716: 9493,2170,9268,3204,3207,3205
9623: 7836,9260,6964,8526,9616,9628
3743: 3741,2389,2761
9399: 1506,1340,9500,9819,9382,1676
9730: 1571,1487
1721: 1549,1805
9907: 10040,9782,9793,9326,217,368
9465: 9402,9944,9993,6832,9499,7010
8593: 8661
9994: 9422,10032,10000,9838,9947,9870
9827: 9610,9749,9546,9858,9811
1727: 2826,1820,1901,1556,2733
9252: 9593,9588,9355,9478,9290,9622
1729: 1312,1392
6307: 6598
4165: 3665,2391,3860,4057,3166,4164
1732: 3204,3400,3207,3897,3898
9906: 10020,10016,9914,9896,9898
9573: 9258,9412,9538,4642,9352,4641
9238: 8987,8879,8061,8058,9079,8878
9741: 1251,1169,1013
6338: 6335,9901,5355,9265,9305
6564: 5887,6084,6658,6847,9379,9588
1739: 1487,1740
1740: 1572,1739
9801: 9417,9469,9724,9309,9764,5508
8119: 8261,7880
9085: 9960,9501,9318,9039,9894,9126
9866: 9887,10027,9999,9838,9689
4115: 9262,4331,3712,4232,4010,9935
9248: 9590,9366,9430
1747: 2685,2691,2492,9669,2666,9361
9961: 9389,9267,9554,9731,9859,10021
9590: 9337,9366,9248,9441,9804
7937: 
6967: 7417,6682,7060,5910,6204,5710
9818: 9757,9958,9865,2536
9813: 9335,9722,9708,9720,9645,2926
9814: 9328,9922,9935,9955,9825
3297: 
1756: 9579,9327,10023,9970,9351
9825: 10028,9328,9814,9897
6047: 9872,5959,6337,5663,5856
1759: 1504,1583
9627: 9779,9639,9977,9636
8485: 8273,8346,8419
6335: 6338,9658,9901,6244,6337
7945: 8026
9821: 9736,9823,9270,9719
9245: 9635,927,9363,9552,718
9799: 9797,9689,9331,9887,9522,9599
7191: 
9495: 1071,1148,9488,9530,9264
6425: 6419
9331: 9799,9797,9489,9522,4146
5186: 5086,5287,5084,5683,5585
5870: 5578,5281,5478,6631,5774,6724
9011: 
4169: 4475,4271,4168,3367,4073,4072
2576: 2387
9529: 9920,9362,10042,9377,9638,9943
7252: 5804,9768,6682,6586
8358: 9449,9885,7564,8632,8210,7478
6541: 6071,6448,9967,6350,5680,5873
9944: 9465,9402,9993,10034,9763,9690
4675: 4677,4773
1782: 2047,1527,9758,2321,2136,2511
5727: 5331,6028,5329,5826
2509: 2136,3079,2699,2326,2511,2983
9940: 9788,2072,10002,1892,9316
8663: 9505,9344,8081,8596,9616,9271
2305: 794,2030,2212,9415,9737,2492
9790: 3526,9704,9759,9816,9796
6517: 6709,9855
2815: 3301,9536,3497
9576: 9255,9251,3255,9878,3942
3821: 4332,3731,3818,3722,3321,3517
1793: 10026,683,9706,1706,9676
9794: 9811,9673,9858,9996
9119: 9077
3497: 2815,3301,3400
3940: 9891,3550,3444
8674: 8675
9628: 9616,9271,9260,9623,9904,9419
9615: 9749,9567,9242,9125,9548,9863
9332: 9374,9425,9620,9772,9396
8616: 
7437: 
9592: 8376,9336,9356,9437,9353
1805: 1067,1721
9635: 9245,927,9363,9530,9291,1228
9692: 8451,9293,9786,9750,9336,9893
9959: 9721,9524,9459,9751,9670
6912: 
9290: 9622,9453,9252,9467,9478,9477
2240: 2896,2678,2148,9502,3578,3185
5680: 5287,5775,6350,6541,5683,5873
9946: 9369,9323,9879,1118,10026,9962
3670: 2776,3367,3771,9364,4073
2895: 9662,10001,2987,2893,2800,9611
2336: 2808,2906,2244,1973,2524
9620: 9772,9332,9396,9834
5699: 5801
8844: 
1820: 2826,1727,2733,9319,2649,9624
9619: 9608,9463,2580,10033,2866,2968,9595
9449: 9303,9885,8358,8631,9509,8632
9642: 9371,9427,9421,9496,884,672
5975: 6266,6072,5876,5776,5973,5978
9953: 9472,9687,9833,9783
8904: 8905
9543: 6348,9308,9512,6724,9435,9540
7757: 7847,7325,8597,7413,7673,7839
5804: 7252,9768,5813
9443: 9320,9254,9279,9296,9246,9342
9684: 6105,5408,5813,9417,9494,6007
9647: 9435,9540,9943,9650,9967,9805
1833: 1921
9296: 9335,9722,9715,9279,9443,9246
2685: 2691,1747,2881,2311,2666,2585
5904: 5801,9753,6105,5813,9768
9560: 9219,9239,9564,9504,9567,9546
1838: 9765,9677,1841
4444: 9522,9498,4448,4650
2678: 2240,2896,3572,9244,2148,9476
1841: 1838,2199
9768: 5804,7252,5904,9753,9714
9255: 9576,9251,9878,9500,9637,9382
3502: 3207,9409,3701,3898,2822
5009: 5211,5214,5007,6797
3145: 
9819: 9972,9500,9748,1019,9399,1340
6155: 6537,6437,6347,9884
1849: 1504,1583,2119
9554: 9389,9961,2551,2554,9859
9817: 9975,9725,10006,9776,6055,6249
7778: 7354
8318: 8667
9552: 9363,9245
1855: 2135,2133,2403,2036,2407,2224
2772: 2967,2866,9541,9605,2870,3460
3552: 3849,9899,9424,9756,2024,9621
5725: 5826,6226,5329
6480: 6481,6767,6093,6385,6284,7130
3037: 2940
1861: 1428,1261,1512,1951,1950,1594
6018: 6508,5421,5123,9401,9668
9854: 9787,9691,9767,9438,9926,9889
1864: 359,1951,1270,874,1263,1428
9719: 9830,9821,9270
9726: 9861,9784,9979,9668,9666,9849
1867: 2135,2133,1436,1525,9247,9372
3849: 9899,3552,3837,9424,9774,3458,9374
5070: 5754,4969,5167,5274,5466,5269
9563: 7383,8867,7470,9584,8811,9444
8042: 7965,7885,7719,8262,9568,8033
9574: 10017,9808,9482,9408,9302
1873: 1616,1529,9933
5007: 4703,5010,5009
9850: 334,9732,446
8033: 9568,9423,8262,8042,9836
9631: 6100,6583,9517,7434,9253,9274,6003
5331: 5727,6028,5230
9847: 10016,9494,9914,9685,9908,9469
9778: 9386,9544,9952,10022
1881: 9439,1622,2512,2236,2057,9527
9908: 9278,9309,9511,9469,9847,9685
8555: 8417,8970,8419
7565: 7649,7478,7899,7125,6474,7569
9239: 9219,9194,9560,9038,9567,9242
6915: 9561,7360,6358,7532,9310,9508
10013: 9352,9482,9412
7081: 7342
9578: 9455,9410,9367,5664,5765,5564
2643: 2459,718,9882,9895
9264: 9812,9530,9291,9514,9495,9488
1892: 9940,2072
2926: 9645,3119,3025,9720,2826,9813
1894: 1067,1984
9747: 9986,9774,9669,9874,9361,9630
9614: 9343,9471,9306
5295: 5395,5194
9261: 3771,9364,9325,9476,3572,3674
2806: 2151
4641: 4849,4955,9573,4642,9352,9408
1901: 1071,1148,1556,1553,1727
9744: 9932,9756,10036,9912,9621
10036: 9932,9744,9891,10011
9394: 5755,5361,9533,5754,9455,9410
3119: 9645,2926,3025,2928,9717,3121
3820: 4123,4030,3517,3819,4332,3635
5876: 5776,5585,5587,5975,5978
9503: 9454,5031,5338,9480,9294,9429
1909: 
9660: 9661,9767,9584,9444,9368,10043
5497: 
9882: 9745,10008,2643,9895,9840
7389: 9846,7564,7125,7563,6665
9637: 794,9382,9255,9251,9415
2459: 2643,718,9895,2362,2551
8265: 7870
1917: 
9352: 9482,9408,10013,9412,9573,4641
6984: 9849,9648,6009,9666,9400,9785
6326: 6421,5920
1921: 1833
9954: 2098,9451
8044: 8199
9346: 9436,8333,9390,9484,9376,7719
9928: 9390,9484,9733,9486,9729,10024
9911: 9644,9896,9979,9401,10020,6011
9969: 1295,9440,9698,9900,9807
4809: 4605,4606,4703,5010,4710
5792: 6376,6280
6978: 7163
1931: 1497
9849: 6984,9648,9701,9861,9726,9666
9654: 2752,9841
4320: 9269,4323,3810,3412,4218
2822: 3210,3903,3502,9409,3701
2194: 2286
9982: 8373,10003,8710,9556,9317,9571
9853: 9657,9441,9698,9804
5200: 9696,5201,5300,5509
3635: 9927,3733,4332,4030,3820
4606: 4611,4719,4504,4605,4809,4710
4450: 4448,4146,4347,4458,4559
5452: 5250
7340: 7929,8170
9112: 8627
4083: 3982,3983
5475: 5274,4871,5574,4773,4876,4969
9038: 8885,8989,8990,9194,9239,9242
2744: 2928,2742,9913,9319,2649,3025
1950: 2036,1594,1861,1436,1951,2133
1951: 1436,1270,1864,1428,1861,1950
5746: 5942
8676: 8675,8677
9845: 9479,9411,9862,9970,9286
9722: 9296,9335,9813,9708,9903,9715
9312: 9694,9886,9951,9733,9413
4955: 4849,4641,4757,4642,4855
3226: 3727,3628
6483: 6672,6671,7050,6481,6767,6003
3990: 3991
6062: 5965,6631,5177,4979,4880,5478
7314: 7311,7742,7141,8292,7402,7743,8064
2271: 1996
8222: 8296,7318,7996,7494,8513
9534: 9436,7550,9486,8186,9289,9390
4307: 4104,4521,4525,4514,4616,4626
8236: 7836,9260,6389,7142,7668
9661: 9767,9660,9438,9444,9407,9019
3772: 3771,3774,3674,4074,3874
8620: 
5424: 5129
8683: 8805,9983,8801,8861,8619
1973: 2524,2244,2336
9679: 9304,9796,9697,9704,3321,2836
5395: 5295,5495
2524: 1973,2336,2808
5426: 5328,6219
1978: 2341
3795: 3400
4168: 4475,4169,3367,4068,4269,4266
7579: 8075,7909,9448,8383,7911,8150
6709: 6517,9855
9626: 750,368,9580,10040,9369,616
1984: 1387,1894
4937: 4823,4626,4525,4529,9877,9280
9675: 9659,2770,9532,9510,9822,9810,10010
1987: 1225,9365,1071,1991,1553
9492: 9881,9581
4458: 4565,4463,4450,4347,4559,4462
8046: 8126,9892,9634,7721,7965,7885,9625
1991: 2538,9902,2253,1225,1987
9401: 9979,9668,6018,9644,9911
9260: 8236,9623,9628,8076,7668,9419
9885: 9449,9303,8358,9754,9846,7564
1995: 1392,1557
1996: 2271
9388: 9514,9321,10002,9557,9365,9488
4661: 4462,4665,5163,4655,4559,4660
3733: 4332,3731,10038,3635,9966
9605: 9479,9411,9541,2866,2772,9595
2896: 2240,3572,2678,3578,3471
2002: 2090
8667: 8318
9426: 8262,9376,9413,9886,9836,9702
7095: 9458,6639,7532,6265,6645,6916
6848: 7123,7300,6085,6375,6280,6376
5973: 5776,5873,6071,6163,6072,5975
3656: 3262,3755,9582,9609,3850,9597
4501: 4298,4504,4399,4603,4605
9453: 9290,9622,9852,9509,9477,9303
9487: 9565,9806,9869,9837,9974,9329
9837: 9974,9487,9329,9950
8056: 8211,8499,8498,8058,7733,9079
9280: 4826,9602,4716,4937,4823,9877,9266
2015: 2199,2293,2198
2236: 2326,2512,2231,2234,1881,1622
4134: 
5613: 9764,5509,5508,5304,5403,5302
9328: 9814,9935,9262,9569,9825
4301: 4405,4514,4306,3903
3412: 2540,3805,4218,3607,4320,3810
2022: 2578
6416: 6118,6421
2024: 9283,3947,9756,9665,9899,3552
9753: 5801,5904,9779,9768,10031,9714
2666: 9361,9542,2685,1747,9965,2585
10017: 9808,9985,9871,9574
3434: 3533
9498: 4444,9522,9599,9513,9258,9538
2030: 2689,2212,2033,2305,794,1676
9354: 9458,9310,9643,9402,9550,9499
2571: 2196,2476
2033: 2403,1592,1506,1676,2030,2689
7520: 7080
8701: 9889,9919,8205,9120,9237,9640
2036: 2403,1592,1950,1594,1855,2133
6797: 5207,5009,5211,9475
4548: 4655,4559,4448,4650,4757,4858
9766: 9921,9927,9876,9978
8426: 8688,9653
3928: 9713,3722,3727,9520,3526,3818
9905: 9780,9937,9606
2770: 9532,9675,9510
2044: 2047,1527,2135,9247,2225,2224
9595: 2866,9479,9605,10033,9619
6420: 5920
2047: 1782,1527,2044,2225,2136,2600
7010: 7195,7014,9465,9993,6832,7198
9568: 9349,8033,7965,8042,9391
2738: 2554,9491,1473,2733,9624
9582: 3755,3656,9375,9597,10032,9591
5138: 4826,9602,4929,5121,9454,5031
10019: 9848,9667,9561,9710,9508,9936
5287: 5775,5084,5680,5678,5186,5683
9687: 9472,9953,9314,7542,9783,7617
8210: 8632,8498,8636,8358,7649,7478
2057: 9527,9428,2512,1881,2609,2893
6639: 6163,6358,7532,6072,6265,7095
6871: 8386,8526,7145,6964,10009
8338: 8479,8737,8540
9973: 9823,9728
9804: 9440,9698,9853,9441,9337,9590
9698: 9440,9969,9804,9853,9883
9793: 9907,9782,9383,9326
7682: 
9639: 5995,9299,9627,9636
7739: 6672,6671,7570,7821,7742,7141
7780: 
7880: 8119
4367: 4565,4463,4057,4566,4164,4569
6598: 6307,6695
2072: 9940,9788,1387,1892
3982: 4083,3680,3983
9807: 9900,9385,834,9883,9969
9194: 9219,9239,8987,9037,9038,8989
7821: 7901,7902,7570,7737,7739,7742
8496: 8429,8211,8694,9971,8636,9930
4986: 5581,5084,5086
2253: 1991,2538,9470,1225,2721,2165
9613: 9307,9564,9277,9420,9610,9618
8928: 9077,9235
9380: 9298,9577,9746,9958,9358
9762: 10039,9789,9752,10003,9857,10030
2743: 9304,3222,2742,9913,3713,3615
9406: 9967,6350,9512,5970,9540,5775
6749: 6931,7019,6916,6927
7125: 7389,7564,6665,6474,7565,7478
6140: 5455
9782: 9907,10040,9793,251,9460
2090: 2002
6805: 6804
9903: 9708,1553,9902,9715,9722
4771: 4773,4269,4475,4470,4870
8805: 8683,8801,8917
7460: 7110,7198,7292,7195,7009,7375
9838: 9994,10000,9870,9866,9689
9455: 9578,9410,9394,5754,5664,5466
2098: 9954,2188,2280,9451
3207: 3502,3205,1716,3204,1732
9382: 9637,794,1676,9500,9399,9255
3340: 
9557: 1225,9365,10002,9388,9316,9470
9256: 9489,4155,9462,4343,9442,3953
2411: 2881,2311,2693,2225,2410,2600
7318: 7402,7743,7581,7996,8222
2721: 9358,2818,2165,2538,2253
5765: 5663,5856,9578,9367,9490,5564
9834: 9375,9396,9947,9620,9693
9758: 1782,1527,9295,9918,9663,2321
5750: 6041,9652
9185: 
9368: 9596,9971,9584,9497,9660,10043
9761: 9709,9246,9342,9700,3506,9357
9069: 9024,8868,8812,8981
4867: 4470,4870,4968,4569,4665,5064
9933: 9923,1529,9547,1616,1873
8429: 8211,8499,8496,9930,9919,8205
9879: 9918,9414,1118,9946,9663,9962
2119: 1849,1421
6041: 5750,9652,9680,5848
9538: 4650,4642,9498,9258,9573
7123: 6848,7300,9915,6085,9379,9593
10002: 9940,9788,9388,9321,9316,9557
9522: 4444,9498,9599,9799,9331
4880: 4979,5180,6062,5478
6349: 6347,5761,5961,5959
9937: 9780,9840,9905
4285: 4284
7439: 
3741: 3743,2389
9960: 9085,9318,9894,9629,9664,10005
6337: 6047,9872,6244,5663,6335,9658
2133: 1867,1855,2135,1436,2036,1950
7342: 7081
2135: 1867,1855,2133,9247,2224,2044
2136: 2600,3079,2509,2047,1782,2511
7117: 6934,7119,6932,8356,7026
5672: 6629,9607,5274,5574,5269
9728: 9656,9769,9973,9823
3421: 3224,3628
9411: 9479,9605,9845,9970,9541,9351
8981: 9069
9668: 9979,9401,6018,5123,9726,9784
5676: 5678,5581,5578,5970,5774
9633: 4529,4322,9392,9459,9483,9670
6767: 6480,6481,7130,6576,6483,6671
4725: 4611,4719,4716,4616,4823,4626
2148: 3184,9403,9502,2240,2678
7911: 9448,9356,7579,8150,8309
5509: 9764,5613,5200,9696,5300,5304
2151: 2806,2902
9934: 9856,9770,10004,9843
2153: 2526,1542,1709
9445: 2800,9566,9611,9315,9287,9322
6219: 6323,5328,5426
9774: 9747,9986,3458,9874,3849,9899
9665: 9415,9737,9874,2024,9283,9899
9373: 7152,6507,9447,9998,9434
4757: 4650,4642,4548,4955,4858
8061: 8987,9238,8058,7979,9037,9081
9702: 9836,9587,9886,9426,9832,9981
7847: 7150,7325,7505,7757,8597,7675
9986: 9747,9774,3458,9630,4141,9572
9555: 9535,9351,9609,9579,3262
2165: 2721,9958,2536,9470,2253
9541: 9535,9351,9411,9605,2870,2772
4293: 4192,4393
9337: 9590,9366,9440,9804,9339,9553
9506: 3482,9570,9433,9330,502,3284
2170: 9493,1716,9481,2818,3205
9727: 10039,9789,9824,9939
2234: 683,1611,2236,2231,1622
6731: 9805,9773,6823,6448,7360,9301
9688: 9864,9916,9349,9423
6421: 6326,5920,6416
3284: 3680,9506,3482,502
9384: 9278,9475,5207,9511,9575
4387: 4287
5754: 5070,5167,5361,9394,9455,5466
5230: 5331
5640: 
4811: 4929,4710,4719,4716,4826
8841: 8950,8838
9706: 9515,1706,1698,1793,9676,9991
9832: 9981,9694,9886,9702
9841: 2752,9654,2658
9951: 10024,9733,9312
2188: 2098,2280
2189: 2280,9451,2468