9266: 9348,9523,9877,9280,9602,9454
9886: 9832,9694,9312,9413,9702,9426
9339: 9337,9804,4891,9440,4697
9882: 9895,9745,9840,9474,9245
9378: 9420,9277,9292,9640,9456,9545
9556: 9629,10005,9571,9297,9982,9317
9762: 9752,10039,10003,9789,9857,10030
3486: 9865,9837,9487,9933,9974,9940
4811: 9409,9397,9602,9503,5138,9454
9361: 2509,2778,9747,9758,9630,9542
5975: 5882,9379,9355,7360,9805
8475: 
9376: 9346,9484,9836,9426,9423
10012: 10009,9880,10031,9768,7847,6682
9954: 2806,9474,9451,9973,9948,9745
9562: 9249,9784,9429,3903,5138
9512: 6085,9406,9543,5870,6348,9540
9482: 9352,9408,9574
10017: 9574,9808,9985,9871
10007: 8695,9983
9833: 9783,9910,9687,9953
10011: 9878,9576,9891,9925,9932,10036
9394: 9605,9541,2968,9533,9410,9619,9455
9721: 9751,9777,9718,9929
5403: 9977,9636,9627,9846,9639,5792
9962: 10026,9439,2609,9663,9879,2699
9590: 9337,9804,9441,9248,9366,9430
9690: 10034,9695,9989,9347,9763,9944
9354: 9550,9499,9465,9310,9402,9458
9568: 9391,9349,9423,7383,9625
9990: 9815,9516,9771,10041,9713,9957
9774: 9874,9747,9425,9899,9669,9986
9768: 9684,10031,9753,9714,10012,6682
9848: 9776,10019,9710,5564,9964,9884
9958: 9298,9746,9865,9380,9818,9757
9890: 9921,9897,10028
9294: 9503,9480,9454,9523,10025,9703
9663: 9918,9879,2509,2778,2699,9962
9392: 9633,9483,9459,9700,9761,9269
9451: 9730,9973,9948,9954
40: 
6085: 9696,9860,9915,9512,9406,5870
9533: 2968,4057,9311,9394,9410
9362: 9529,9377,10042,9398,9244,9476
9782: 9907,9338,9537,9460,9446,9273,10040
9265: 4950,9909,9490,9305,9901,9968
9317: 7988,9982,7318,8885,9556,9297
9588: 9252,9622,9593,5775,9967,9379
9834: 9396,9620,9693,9947,9375
9746: 9441,9298,9958,9657,9757,9853
7988: 9982,8225,9317,9617,7318,9795
9633: 9392,9459,9761,9357,9280,9670
9280: 9877,9357,9602,9670,9633,9266
9322: 9607,9403,9445,9611,9810,10001
9645: 9709,9335,9813,2649,3119,9717
9295: 9528,9427,9758,9247,2778,9918
9607: 9322,9403,9810,9377,9638,9308
9796: 9679,9704,9790,9485,9759,9697
9530: 9291,9389,9554,9495,9264,2733
9469: 9494,9847,9309,9801,9753,9417
9935: 2928,9304,9955,9814,9328,9262
9945: 9719,9826,9821,9730
9779: 5408,10031,9417,9977,9627,9880
9914: 9494,9847,9685,9341,10016,9896
9851: 9732,9850
9943: 9529,9638,9435,9650,9920,9647
4893: 9337,9553
9374: 9665,9772,9424,9332,9899
9631: 9271,9616,7146,9517,9274,9253
9855: 6695
9566: 9324,9464,9431,9445,9611,9315
9829: 9760,9707,9736,9270,9655,9798
9434: 9447,9711,9373
9683: 9842,9293,9594
9709: 9645,9335,9717,9246,9296,9700
4891: 9969,9440,9339,9432,9475,4697
9519: 9285,10030,9340,9594,9842
9928: 9413,9733,9486,9534,9484,9390
9325: 9398,10033,9463,9364,9476,9261
9854: 9691,9787,9889,10043,9767,9926
9508: 9643,9310,9301,9561,7360
10023: 9970,9579,9327,9542,9671,9965
9398: 9659,10033,9325,9244,9476,9362
9765: 3743,9677
9699: 9345,9791,9775,9329,9950,9883
9629: 9556,10005,9297,9600,9894,9960
9415: 9737,9251,9637,9372,2685
9510: 9822,9997,9662,9675,9286,9862,10010
9814: 9825,9328,9955,9922,9897,9935
5640: 
9766: 9921,9922,9927,9978,9876
9691: 9854,9787,9889,9292,9800,9450
9922: 9921,9897,9766,9955,9876,9814
9853: 9657,9441,9746,9440,9698,9804
9617: 9938,9448,10029,9795,7988,8225
7318: 8770,9649,9795,7988,9317,8885
9880: 10009,9517,10012,9779,10031,9977
9698: 9969,9440,9657,9883,9853,9807
9787: 9854,9691,9438,9767,9634,9800
3321: 9704
9931: 9949,9891,9888
9738: 5408,9764,9754,9835,9846,9627
9279: 9481,9254,9250,9715,9443,9296
9907: 9782,9338,9326,9589,9273
9754: 9852,9835,9303,9738,9846,9885
9819: 9399,9500,9972,1592,9748
9857: 8309,9356,9340,9762,9752,10030
9565: 9329,9806,9515,1793,9487,9775
9918: 9663,9879,9414,9528,9295,2778
9788: 9547,9321,9933,10002,9940
8225: 7988,9982,9617,9448,9752,10003
9426: 9836,9702,9413,9376,9484,9886
9722: 9903,9715,9708,9720,9335,9813
4083: 9259,9430,3701,3502,3903,9668
9660: 10043,9767,9661,9444,9584,9368
9761: 9633,9392,9700,9342,9246,9357
9852: 9754,9835,9303,9915,9622,9593
9456: 9545,9984,9277,9378,9686
9858: 9827,9811,9996,9794
6682: 7847,9359,9768,9466,9714,10012
9724: 9309,9601,9696,9860,9764,9801
10010: 9810,9244,10001,9510,9822,9675,9659
9609: 9591,9582,9327,9572,9555,9579
9729: 9705,9486,7617,9472,10024,9733
9405: 9257,9748,9949,9551,9612,9682
9878: 9576,9255,10011,9972,9925,9500
4485: 9807,9570,9900,9969,9384,9475
9589: 9326,9598,9907,9273,9809,9923
9514: 9388,9321,9743,9812,9488,9264
9964: 5754,5564,9792,9873,9776,9848
9713: 3722,9816,9520,9516,9990,9957
9838: 9870,9994,9887,9866,9689,10000
9899: 9874,9774,9425,9665,9374,9332
9982: 7988,8225,9317,10003,9556,9571
4463: 9350,5064,4146,9522,9799,9331
9490: 9367,9578,4950,9265,9901,9658
1729: 
9245: 9980,9363,9552,9474,9895,9882
9467: 9563,9477,9478,9458,9550
9974: 9809,9933,9869,9806,3486,9487
9868: 
141: 
9884: 9261,9603,5564,10019,9848,9667
9572: 9630,9327,9986,9582,9609,9597
5564: 9364,5754,9964,9261,9884,9848
1793: 9806,9565,9515,9626,9706
3119: 9717,2649,9913,2928,9645
978: 
9431: 9464,9288,9566,9315,9300
9619: 9463,9608,9455,9394,9605,9595
5870: 9433,6348,9575,6085,9860,9512
10040: 9273,9869,9626,9460,9782,9580
9407: 9892,9438,9563,7811,9661
10033: 9398,9532,9659,9595,9325,9463
9401: 9726,9979,9668,9553,9259,9911
9441: 9298,9248,9746,9853,9590,9804
9536: 9268,9358,9380,9577,9298,9248
9708: 9722,9903,9365,9720,1553,9470
9644: 10020,9911,9341,4697,9896
9382: 9399,9500,9255,9637,2305
9246: 9342,9443,9296,9709,9700,9761
9985: 9632,9808,10017,9871,10018,9755
9957: 3715,9990,10038,10041,3722,9713
9578: 9367,9490,9410,9872,9455,9658
10002: 9818,9316,9940,9388,9321,9788
9606: 9905,9780,9635,9267,9389,9961
9692: 9293,9786,9893,9336,9750
9630: 9327,9572,9986,9542,9747,9361
9421: 2305,9371,9655,10037,9496
9983: 8044,9987,10007
9292: 9691,9889,9640,9450,9545,9378
9485: 9924,9759,9796,9585,9333,9697
9324: 9566,9428,9473,9527,9464,9611
9319: 2649,9585,9333,9720,9624,9813
9446: 9461,9460,9263,9803,9782,9537
10005: 9556,9629,9571,9824,9960,9664
9495: 9365,9488,9264,9530,1553,2733
9413: 9312,9928,9733,9484,9886,9426
9843: 9934,9856,9956,9770,9586,9281
9523: 9348,9266,9294,9454,9703
9736: 9821,9823,9270,9829,9798,9769
9648: 9400,9666,9701,9518,9849,9559
9751: 9721,9777,9718,9959,9877,9670
9332: 9396,9620,9772,9374,9425,9899
9601: 9724,9309,9908,9511,9575,9860
9253: 9274,9299,9636,9517,9631
9581: 9492,9844,9681,9653,9881
9596: 9971,8631,9368,9639,5792,9497
9259: 9366,4083,9430,9553,9401,9668
9895: 9882,9840,9780,9635,9363,9245
7570: 9919,9640,9260,8496,9504,9307
9367: 9490,9578,9410,9539,9311,4950
9258: 9723,9412,9513,9538,9498,9573
9299: 6385,9274,9253,9639,9636,8631
9893: 9437,9336,9831,9651,9692,9786
9433: 9313,5870,6348,9330,9506,9575
9950: 9657,9757,9883,9329,9837,9699
9450: 9545,9828,9800,9691,9292,9739
9741: 9912,9744,10036
9881: 9716,9653,9581
9700: 9392,9761,9709,9269,9717,9246
9650: 9773,9805,9920,9943,9967,9647
9126: 7581,9600,8885,9297,9387
9669: 9758,2685,9247,9874,9774,9747
9369: 9323,9580,9946,9626,9991,9706
9976: 9634,9800,9625,9391,9641,9739
9385: 9345,9791,9288,9300,9900,9370
9662: 9510,9822,9997,9742,2609,9428,9527
8807: 
2778: 2509,9361,9758,9295,9918,9663
9870: 9947,9994,9838,9999,9693,9866
9815: 9990,9771,10041
9586: 9281,9276,9674,9843,9956,9830
9961: 9554,9859,9606,9267,10021,9389
10000: 9797,9462,9994,9838,9422,9689
9583: 9452,9785,9360,9861,9249,9701
9849: 9648,9666,9701,9726,9979,9861
9269: 9521,9717,9483,9392,9700
9941: 9792,9873,9658,10035,9901,9992
9908: 9309,9601,9511,9685,9278,9847
9920: 9773,9650,9529,9943,10042,9839
9569: 9825,9328,9734
9544: 9917,9386,9952,9712,9359,9988
9484: 9376,9346,9390,9928,9413,9426
9529: 9377,9362,9943,9638,10042,9920
9997: 9510,9822,9662,9742,9671,9862
9656: 9728,9769,9793,9781,9338,9537
9681: 9641,9653,9739,9828,9844,9581
9887: 9513,9866,9646,9838,9599,9689
9604: 9632,9808,4448,9302,9350,4146
9749: 9863,9615,9811,9546,9567,9827
9716: 9864,9995,9381,9653,9881
9470: 9902,9577,9557,9365,9903,9708
9515: 9565,1793,9272,9706,9416,9775
5064: 9539,9350,4463,9331,4057,9311
9677: 3743,9765
9769: 9656,9728,9736,9823,9781,9798
9462: 9797,9489,10000,9422,9442,9256
9261: 9476,9603,9884,9325,9364,5564
9248: 9441,9298,9268,9536,9590,9430
9970: 10023,9579,9351,9671,9845,9862
9965: 2699,9742,9671,9542,2509,10023
9667: 9301,9561,9839,9603,9884,10019
9461: 9263,9446,9496,9803,9642,9393
9593: 9622,9588,5775,9915,9406,9852
7775: 
9373: 9678,9711,9452,9998,9434,9447
9723: 9258,9412,9513,9646
9570: 4485,9900,9370,9330,9506,9384
9594: 9340,9750,9293,9683,9842,9519
9637: 9251,9415,9255,9382,2305,9372
2305: 9371,9421,9372,9382,9637
9971: 9930,9596,8631,9368,10043,9926
9575: 9511,9506,5870,9433,9860,9601
9830: 9719,9826,9841,9956,9586,9276
9445: 9322,9403,9611,9566,9315,9287
9673: 10014,9863,9672,9811,9794
9612: 9770,10004,9551,9257,9405
9516: 9990,9771,9713,9520
10035: 9305,9901,9471,9941,9867,9992
7899: 9567,9219,9081,9079,9419,9560
9406: 6085,9915,9512,5775,9540,9593
9824: 9727,10039,10005,9571,9664
10006: 9817,9725,9992,9867,9680,9975
9822: 9510,9997,9662,9675,9428,10010,10001
10031: 9768,9753,9417,9779,9880,10012
9917: 9353,9386,9544,9988,9938,9334
9478: 9467,9477,9458,5882,9355,9290
9832: 9886,9694,9702,9981
9257: 1592,9748,9405,9770,9612,9281
9296: 9443,9246,9715,9709,9335,9279
9862: 9845,9286,9970,9671,9510,9997
9582: 9375,9591,10032,9609,9597,9572
9874: 9774,9899,9665,9737,9669,2685
9827: 9858,9610,9546,9749,9811
9791: 9699,9345,9385,9883,9807,9900
9344: 9271,7146,9505,9740,9395,9875
9418: 9772,9424,9621
9486: 9705,9289,9729,9534,9928,9733
9357: 9280,9602,9342,9633,9761,9397
2609: 9962,9439,2699,9742,9662,9527
9592: 8309,9356,9353,9437,9336,9334
9949: 9551,9931,9682,9888,9405
9921: 9922,9897,9766,9890
9969: 4891,9440,9698,4485,9807,9475
9546: 9560,9564,9567,9827,9610,9749
9909: 4950,9265,9404,9549,9755,9968
9793: 9656,9728,2806,9383,9338,9326
9481: 9279,9254,9250,3701,9493,3502
10037: 9655,9781,9798,9496,9803,9421
9494: 9914,9847,9469,10016,9684,9753
6695: 9855
9960: 9318,9894,9629,10005,9664
9794: 9996,9858,9811,9673
9727: 9824,10039,9789,9939
9979: 9401,9726,10020,9911,9666,9849
9726: 9401,9979,9668,9861,9784,9849
10042: 9529,9362,9476,9603,9839,9920
9473: 9324,9527,9439,9676,9464,9468
9538: 4448,9302,9498,9573,9258,9408
9613: 9420,9277,9564,9307,9618,9610
9686: 9618,9456,9277
9801: 5408,9764,9724,9309,9469,9417
10029: 9740,9395,9988,9617,9938,9795
9307: 9564,9504,7570,9420,9613
9755: 9549,10018,9632,9985,9404,9909
9489: 9797,9462,9331,9256,2968,4057
9682: 9972,9925,9888,9949,9748,9405
9772: 9418,9424,9374,9332,9620
10036: 9932,9744,9891,9741,10011
9836: 9587,9688,9702,9426,9376,9423
9585: 9319,2649,9333,9485,9913,9697
9542: 9630,9327,2509,9361,10023,9965
5754: 9364,5564,9964,9872,9608,9873
9500: 9399,9382,9819,9972,9878,9255
9733: 9312,9928,9413,9486,9729,10024
9567: 9219,7899,9560,9546,9615,9749
9888: 9682,9925,9931,9949,9891
9291: 9530,9389,9635,9812,9363,9264
9712: 7847,9505,9359,9544,9395,9988
5841: 
10025: 9678,9711,9294,9480,9703
9916: 9587,9688,9864,9995
10038: 10041,3715,9966,9957
9428: 9324,9527,9822,9662,10001,9611
9410: 9367,9578,9311,9533,9394,9455
9503: 9294,9480,5138,9454,4811,9429
9411: 9605,9541,9535,9351,9845,9479
9714: 9898,9466,9525,9684,9768,6682
9597: 9375,9582,9396,9425,9572,9986
9580: 9369,9323,9460,9263,10040,9626
9873: 9792,9941,9658,9872,5754,9964
9599: 9522,9799,9689,9887,9513,9498
9803: 10037,9781,9496,9461,9446,9537
9624: 9720,1553,2733,9491,9319,9333
9327: 9630,9572,9542,9609,10023,9579
9875: 9284,9904,9271,9344,9740,9649
9643: 9310,9508,9402,9561,9936,10034
9420: 9277,9613,9378,9640,9307
9753: 9684,10031,9768,9417,9494,9469
9951: 10024,9312,9694
2699: 9742,9965,2509,9663,9962,2609
9778: 9353,9386,10022,9963,9437,9831
9745: 9882,10008,9948,9954,9474
3722: 9713,9816,9790,3715,9957
9744: 9932,9756,10036,9741,9621,9912
7340: 
9926: 9919,10043,9930,9971,9854,9889
9826: 9719,9830,9841,9945,9654
9789: 9762,10039,9285,10030,9727,9939
9912: 9621,9741,9744
9352: 9482,9408,10013,9573
10024: 9951,9472,9729,9312,9733
3345: 
9316: 10002,9380,9818,9388,9577,9557
10003: 9762,9752,10039,9982,8225,9571
9697: 9913,9304,9485,9679,9796,9585
6420: 9777
7581: 9126,8885,8770,9219,9081
9649: 8770,7318,9795,9740,9284,9875
9891: 9931,9925,9888,10036,10011
9720: 1553,9624,9319,9722,9708,9813
9557: 9577,9470,9388,9365,9488,9316
9757: 9950,9657,9865,9837,9746,9958
9911: 10020,9644,9553,9401,9979
9987: 8044,9983
9821: 9736,9823,9270,9719,9945,9730
9792: 9873,9941,9964,9817,9992,9776
9689: 9599,9799,9887,9838,9797,10000
9541: 9394,9605,9411,9535,9256,2968
9628: 9419,9904,9616,9079,9260,9623
6140: 
9289: 9705,9486,9989,9314,9534,9763
9701: 9648,9400,9849,9861,9583,9785
9671: 9742,9965,10023,9970,9862,9997
9748: 1592,9257,9405,9682,9972,9819
376: 
9499: 9550,9354,9465,9436,6916
9584: 9449,9444,9509,9497,9660,9368
9329: 9565,9837,9487,9699,9775,9950
9476: 9261,9603,9398,9325,9362,10042
9929: 9721,9718,9348
9463: 9608,9619,10033,9595,9325,9364
9813: 9645,9335,9720,9319,2649,9722
9330: 9526,9570,9370,9313,9433,9506
9271: 9616,9631,9344,7146,9904,9875
9984: 9456,9545,9828,9844
9276: 9586,9674,9719,9830,9760,9270
9608: 9463,9619,9455,9872,9364,5754
9391: 9349,9568,9976,9625,9381,9641
9249: 9861,9784,9562,9429,9583,9360
9454: 9294,9503,4811,9602,9523,9266
9455: 9608,9619,9394,9578,9410,9872
9379: 9355,5975,9805,9967,9252,9588
9866: 9887,9646,10027,9999,9870,9838
9616: 9271,9631,9274,9623,9904,9628
9668: 9401,9726,4083,9259,3903,9784
9312: 9413,9733,9951,10024,9886,9694
9328: 9814,9825,9569,9935,9262,9734
2364: 
9549: 10018,9755,9909,9968
9444: 9584,9509,9563,9477,9660,9661
9975: 9783,9910,9680,9725,10006,10015
10016: 9906,6009,9896,9494,9914,9684,9898
9311: 4057,9533,9539,5064,9367,9410
9780: 9905,9606,9635,9937,9895,9840
9540: 5775,9647,9435,9543,9512,9406
9802: 9672,9507,10014
9331: 9797,9489,9799,5064,4463,4057
9638: 9529,9377,9943,9607,9308,9435
9752: 9762,10003,9448,9857,9356,8225
411: 
9488: 9365,9495,9264,9388,9514,9557
9760: 9829,9707,9276,9674,9270
9646: 9887,9513,9866,10027,9723
9397: 9320,4811,9409,9342,9357,9602
9759: 9924,9485,9731,9816,9790,9796
9081: 9219,7899,9419,9284,8770,7581
9640: 7570,9919,9889,9292,9420,9378
9900: 4485,9807,9570,9370,9791,9385
9679: 9955,9876,9704,9796,9304,9697
9343: 9867,9680,9471,9614,9652
9847: 9494,9914,9469,9685,9309,9908
9303: 9754,9852,9453,9622,9449,9885
1019: 1340
9555: 9442,9535,9591,9609,9579,9351
9247: 9758,9669,2685,9372,9427,9295
9595: 9532,10033,9605,9479,9463,9619
9968: 9305,9549,9265,9909,9306
10039: 9762,10003,9789,9571,9727,9824
7811: 6916,7383,9550,9407
9255: 9878,9576,9382,9500,9251,9637
9877: 9280,9670,9751,9718,9266
10026: 9962,9439,9879,9946,9991,9676
3820: 
9539: 9350,5064,9311,4950,9404,9367
9309: 9724,9908,9601,9847,9469,9801
9551: 9949,9612,9405
8885: 7581,9126,8770,7318,9317,9297
9885: 9846,5792,9497,9754,9303,9449
9797: 9489,9462,9331,10000,9799,9689
9693: 9999,9834,9947,9870
9341: 9685,9432,4697,9644,9914,9896
9996: 9794,9858
10008: 9948,9745,9840
9517: 10009,9880,9977,9636,9253,9631,7146
3743: 9765,9677
9784: 9861,9249,9562,3903,9726,9668
9942: 9963,9651,9531,9998,9447,9831
9264: 9495,9488,9812,9291,9530,9514
8044: 9987,9983
9448: 9617,9938,9334,9356,8225,9752
9492: 9844,9581
9371: 2305,9421,9372,9496,9642,9427
9973: 9451,9730,9823,9728,2806,9954
5792: 9846,9639,9885,9497,5403,9596
9573: 9538,10013,9258,9412,9352,9408
9988: 9395,10029,9712,9917,9544,9938
9666: 9648,9518,9849,10020,9979,9906
9933: 9809,9974,9923,9547,9788,3486
9938: 9617,9448,9334,9917,10029,9988
9365: 9495,9488,1553,9470,9557,9708
9552: 9275,9980,9245,9383,9474,9598
9300: 9526,9315,9431,9288,9385,9370
9453: 9252,9622,9290,9303,9449,9509
9360: 9452,9583,9249,9429,9480,9678
9799: 9522,9599,9689,9797,9331,4463
9665: 9283,9374,9756,9424,9737,9874,9899
9475: 9432,9278,4485,4891,9969,9384
9432: 9685,9341,9475,9278,4697,4891
9615: 9863,9749,9567,9219,9387,9548
9670: 9877,9280,9633,9459,9959,9751
9561: 9667,9301,10019,9936,9643,9508
9850: 9732,9851
9995: 9864,9716,9916
9408: 9352,9482,9538,9302,9573,9574
9731: 9924,9759,10021,9816,9520,9859
9809: 9933,9974,9923,9589,9273,9869
9839: 9667,9301,9603,10042,9773,9920
9414: 9918,9879,9528,9393,9323,9946
9449: 9584,9509,9453,9303,9885,9497
9496: 10037,9803,9371,9421,9642,9461
9466: 9714,9525,9735,9359,6682,9952
9840: 9895,9882,10008,9937,9780
9711: 9678,9373,10025,9434
9717: 9269,3119,9645,9709,9700
9946: 9369,9323,9879,9414,10026,9991
8770: 9649,7318,9284,9081,7581,8885
9550: 9354,9499,9467,9458,7811
9277: 9420,9613,9378,9456,9618,9686
4498: 3502,3903,9254,9320,9409
9079: 9260,9419,9628,9560,9504,7899
9460: 9263,9446,9782,9580,10040
9777: 9751,9721,9959,6420
9627: 9977,5403,9779,5408,9738,9846
1529: 
9577: 9902,9470,9557,9380,9316,9536,9358
1246: 
9527: 9428,9324,9473,9439,2609,9662
9602: 9357,9280,4811,9397,9454,9266
9524: 9959,9282,9483,9459
9739: 9641,9681,9800,9976,9450,9828
5138: 9503,4811,9409,9562,9429
9359: 7847,9712,6682,9466,9952,9544
9611: 9322,9445,9566,9428,9324,10001
9334: 9938,9448,9917,9353,9356,9592
9785: 9452,9583,9400,9701,9531,9998
9842: 9683,9594,9519
9427: 9528,9642,9295,9371,9372,9247
9320: 9409,9397,9254,9342,9443,4498
9930: 9971,8631,6385,9919,9926,8496
9632: 9808,9604,9985,9350,9755,9404
7880: 
513: 
9828: 9450,9545,9984,9681,9739,9844
9531: 9963,9942,9998,9400,9785,9457
9603: 9476,9261,9884,10042,9667,9839
9353: 9917,9386,9778,9437,9334,9592
9416: 9288,9468,9272,9515,9345,9775
9684: 9768,9753,9494,10016,9898,9714
9652: 9910,9343,9680
9252: 9453,9622,9588,9290,9379,9355
9436: 9993,9499,9465,9346,9390,6916
9805: 9773,9650,7360,9967,9379,5975
9823: 9736,9821,9730,9973,9728,9769
9318: 9894,9960,9558
9286: 9845,9862,9479,9510,9675,9532
9564: 9560,9546,9504,9307,9613,9610
9621: 9912,9744,9756,9418,9424
9903: 9722,9715,9708,9902,9470,9250
6916: 7383,7811,9436,9499,9346
9474: 2806,9954,9383,9882,9745,9552,9245
9871: 9820,10017,9985,10018
9310: 9643,9508,9402,5882,9354,9458
9346: 9376,9484,9390,9436,6916
9902: 9577,9470,9903,9493,9358,9250
3903: 3502,4498,4083,9668,9784,9562
10009: 9880,9517,10012,7847,9505,7146
9545: 9456,9450,9828,9984,9292,9378
9393: 9528,9642,9461,9263,9414,9323
9273: 9869,10040,9782,9907,9589,9809
9525: 9898,9466,9714,6009,9518,9735,9559
9703: 7152,9294,9523,10025
9283: 9665,9932,9756,9576,9737,9251
9278: 9685,9432,9475,9511,9384,9908
9507: 9501,9558,9548,9672,9802
9355: 5882,9379,5975,9252,9290,9478
9366: 9259,9430,9337,9553,9590
9919: 7570,9640,9926,9930,9889,8496
9464: 9431,9468,9566,9324,9473
9807: 4485,9900,9791,9883,9969,9698
9905: 9606,9780,9937,9267
9293: 9692,9750,9594,9683
10014: 9673,9672,9802
9518: 9648,9666,9906,6009,9525,9559
9425: 9774,9899,9396,9332,9597,9986
9479: 9845,9286,9605,9411,9532,9595
4146: 9350,4463,4448,9522,9604
9825: 9814,9328,9569,9897,10028
9267: 10021,9905,9606,9961
9658: 9873,9941,9490,9578,9872,9901
10032: 9375,9591,9582,9947,9994,9422
9756: 9932,9744,9621,9424,9283,9665
9614: 9306,9471,9343
9883: 9950,9657,9699,9791,9807,9698
4448: 9538,9302,9498,9522,9604,4146
9879: 9918,9663,9414,9946,9962,10026
9396: 9834,9332,9620,9425,9375,9597
9991: 9272,9706,9676,9369,9946,10026
10004: 9770,9612,9934
9402: 9643,9310,10034,9944,9354,9465
9404: 4950,9909,9632,9539,9350,9755
9381: 9864,9716,9391,9349,9641,9653
9275: 9980,9552,9598,9923,9547,9743
9587: 9836,9688,9702,9981,9916
10015: 9989,9347,9314,9725,9783,9975
10034: 9936,9690,9695,9643,9402,9944
9844: 9492,9581,9681,9828,9984
9675: 9510,9822,9286,9532,9659,10010
9459: 9633,9483,9392,9959,9524,9670
9687: 7617,9953,9783,9833,9314,9705
9563: 9467,9477,9444,9407,9661
9659: 9398,9532,10033,9675,10010,9244
9953: 7617,9687,9833
9775: 9699,9345,9329,9565,9515,9416
9966: 9927,3715,10038,9978
9977: 5403,9636,9627,9779,9880,9517
9898: 9714,9525,10016,6009,9684
9537: 9782,9338,9781,9803,9656,9446
9773: 9650,7360,9805,9920,9301,9839
5332: 
9657: 9950,9757,9883,9853,9746,9698
9618: 9686,9277,9613,9610
9767: 9660,10043,9661,9438,9854,9787
9672: 9863,9507,9548,10014,9673,9802
9904: 9419,9284,9875,9628,9271,9616
9764: 5408,9738,9801,9696,9724,9835
8658: 
9308: 9435,9543,9502,9607,9403,9638
9702: 9587,9836,9426,9886,9832,9981
9763: 9993,9534,9944,9989,9690,9289
9281: 9586,9674,9770,9843,1592,9257
9676: 9991,9272,10026,9439,9473,9468
9298: 9441,9248,9746,9958,9380,9536
9447: 9434,9373,9942,9651,9998
9678: 9711,9373,10025,9480,9452,9360
9377: 9529,9362,9638,9810,9244,9607
9956: 9843,9856,9586,9830,9841
9409: 9320,4811,9397,4498,5138
9955: 9679,9876,9922,9935,9304,9814
9750: 9340,9594,9336,9293,9692,8309
9740: 9395,10029,9344,9875,9649,9795
9994: 9947,9870,9838,9422,10032,10000
9251: 9737,9415,9637,9576,9255,9283
9694: 9886,9832,9951,9312
9718: 9751,9721,9877,9348,9929
3545: 
9579: 10023,9970,9351,9609,9327,9555
9287: 9526,9315,9403,9445,9502,9313
9653: 9641,9681,9716,9381,9881,9581
9605: 9394,9541,9411,9479,9619,9595
9422: 9994,9591,10032,9462,10000,9442
2685: 9669,9247,9737,9415,9372,9874
9386: 9917,9353,9952,9544,9778,10022
9288: 9431,9468,9416,9345,9385,9300
9522: 9599,9799,4448,9498,4146,4463
9867: 9343,9680,10035,9471,10006,9992
9861: 9249,9784,9726,9701,9849,9583
1592: 9257,9748,9281,9674,9819
9634: 9800,9976,9625,9892,9438,9787
9923: 9809,9933,9598,9589,9275,9547
3502: 4498,3903,3701,9481,9254,4083
9728: 9656,9769,9793,9823,9973,2806
9358: 9268,9536,9493,9902,9577
9250: 9279,9481,9902,9903,9715,9493
9543: 9308,9435,9502,6348,9540,9512
1006: 
9535: 9555,9442,9256,9351,9541,9411
9685: 9432,9341,9278,9908,9914,9847
9297: 9556,9629,9317,9126,9600,8885
9468: 9464,9288,9416,9272,9676,9473
9388: 9321,9514,9488,10002,9316,9557
9636: 9977,5403,9639,9517,9299,9253
9696: 6085,9860,9915,9724,9835,9764
9429: 9249,9562,9503,9480,5138,9360
645: 
2928: 9913,9935,9304,3119,9262
9493: 3701,9268,9358,9902,9481,9250
9554: 9491,9859,9961,9530,9389,2733
9967: 5775,9647,9650,9805,9379,9588
9894: 9318,9960,9600,9629,9501,9558
9342: 9443,9246,9761,9320,9397,9357
9845: 9286,9862,9479,9970,9351,9411
9948: 10008,9451,9954,9745
9715: 9722,9903,9335,9279,9250,9296
9816: 3722,9713,9520,9790,9759,9731
9978: 9927,9966,9766
9333: 9319,9585,9491,9924,9485,9624
9438: 9407,9892,9767,9661,9634,9787
9509: 9449,9444,9584,9453,9290,9477
2658: 
9301: 9667,9561,9839,9773,7360,9508
9511: 9506,9575,9384,9278,9908,9601
9526: 9315,9287,9300,9330,9370,9313
9776: 9710,9848,9792,9964,9817,6249
9559: 9457,9735,9648,9400,9518,9525
9372: 2305,9371,9415,9637,2685,9247,9427
9370: 9570,9900,9385,9526,9300,9330
9443: 9342,9246,9296,9279,9254,9320
9623: 9260,8496,6385,9274,9616,9628
9314: 9989,10015,9783,9687,9705,9289
9818: 10002,9380,9316,9940,9865,9958
9260: 9079,8496,9623,7570,9628,9504
9758: 9669,9247,9747,9295,2778,9361
3701: 9268,9493,9481,4083,9430,3502
7439: 
9989: 9347,10015,9314,9690,9289,9763
9502: 9308,9543,9403,9287,9313,6348
9642: 9528,9427,9393,9371,9496,9461
2733: 1553,9624,9530,9554,9491,9495
9285: 10030,9519,9789,9939
9506: 9511,9575,9384,9330,9570,9433
9480: 9294,9503,9429,9360,9678,10025
9808: 9632,9604,9985,9302,10017,9574
9364: 5754,5564,9463,9608,9325,9261
9924: 9485,9759,9731,9491,9859,9333
9811: 9863,9749,9827,9858,9794,9673
9626: 10040,9369,9580,9706,1793
9491: 9554,9859,9924,9624,2733,9333
9560: 9564,9546,9504,9079,9567,7899
9661: 9660,9767,9563,9444,9407,9438
9256: 9442,9535,9489,9462,2968,9541
9770: 9612,10004,9843,9934,9257,9281
9812: 9980,9363,9291,9514,9743,9264
9384: 9511,9506,4485,9570,9475,9278
9771: 9815,9516,9990
9786: 9692,9651,9893
7152: 9703
9326: 9598,9589,9793,9383,9907,9338
9532: 9659,10033,9595,9286,9479,9675
9654: 9826,9841
9651: 9942,9447,9893,9831,9786
9695: 9936,10034,9690,6249,9710,9347
9925: 9682,9972,9888,9891,9878,10011
9290: 9453,9252,9355,9477,9478,9509
9934: 9843,9856,9770,10004
9244: 9810,10010,9398,9659,9377,9362
707: 
9952: 9386,9544,9466,10022,9735,9359
9963: 9942,9531,10022,9457,9778,9831
10018: 9549,9755,9985,9820,9871
9869: 9273,10040,9809,9974,9806
9513: 9887,9646,9723,9258,9498,9599
9315: 9526,9287,9300,9566,9431,9445
10013: 9412,9352,9573
9458: 9467,9478,9310,5882,9550,9354
9437: 9893,9336,9831,9353,9778,9592
2509: 2778,9361,9542,9663,2699,9965
9576: 9878,9255,10011,9932,9283,9251
9440: 4891,9969,9698,9853,9339,9804
9889: 9854,9691,9292,9919,9640,9926
9340: 9750,9594,8309,9857,10030,9519
9274: 6385,9299,9253,9616,9631,9623
9892: 9407,9438,7383,9634,9625
9395: 9740,10029,9988,9712,9505,9344
7383: 6916,7811,9892,9568
9349: 9391,9568,9423,9688,9864,9381
6348: 9313,5870,9433,9543,9502,9512
10001: 9810,10010,9822,9428,9322,9611
9403: 9607,9322,9445,9287,9308,9502
9350: 9539,5064,4146,4463,9632,9604,9404
9380: 9818,9316,9577,9298,9958,9536
9981: 9832,9587,9702
9896: 10016,9906,9341,10020,9644,9914
10022: 9457,9735,9963,9386,9952,9778
9571: 9556,10005,9982,10039,10003,9824
9272: 9991,9706,9676,9515,9468,9416
9735: 10022,9457,9559,9466,9525,9952
9430: 9366,4083,9259,9248,3701,9268,9590
9863: 9615,9749,9672,9811,9548,9673
9337: 9339,9553,9590,9804,9366,4893
9219: 9567,7899,9081,7581,9615
9521: 9269,9262,9282,9734,9483
10028: 9897,9890,9825
9435: 9308,9543,9943,9638,9647,9540
9986: 9630,9572,9774,9747,9425,9597
9635: 9606,9780,9895,9363,9291,9389
3715: 9927,9966,9957,10038,3722
9622: 9453,9252,9588,9593,9852,9303
10019: 9710,9848,9884,9667,9561,9936
9610: 9827,9613,9564,9546,9618
9465: 9354,9499,9402,9993,9436,9944
7360: 9773,9805,9301,9508,5882,5975
8309: 9857,9356,9592,9336,9340,9750
9804: 9337,9339,9590,9853,9441,9440
9906: 10016,6009,9896,10020,9666,9518
9356: 8309,9857,9592,9448,9334,9752
9347: 9989,10015,6249,9725,9690,9695
1553: 9720,9624,2733,9365,9495,9708
9399: 9382,9500,9819,9707
760: 
9864: 9716,9995,9381,9688,9349,9916
9574: 10017,9482,9408,9302,9808
9992: 9817,10006,10035,9792,9941,9867
9743: 9547,9321,9514,9275,9812,9980
9783: 9833,9910,9975,10015,9314,9687
9910: 9783,9833,9652,9975,9680
9706: 9991,9272,9369,9626,9515,1793
9664: 10005,9824,9960
4697: 9432,9341,4891,9339,9644
9452: 9583,9785,9360,9678,9373,9998
6385: 9274,9299,9930,8631,8496,9623
9390: 9346,9484,9993,9436,9534,9928
9304: 9913,2928,9935,9697,9955,9679
9806: 9565,1793,9869,9974,9487
9348: 9523,9266,9718,9929
6009: 10016,9906,9518,9898,9525
9800: 9634,9976,9691,9787,9739,9450
9457: 10022,9735,9559,9400,9963,9531
9417: 10031,9753,9469,9779,5408,9801
9959: 9524,9459,9670,9751,9777
9254: 9279,9481,9443,3502,4498,9320
9423: 9349,9568,9376,9836,9688
9655: 10037,9798,9829,9707,9421
9781: 10037,9798,9803,9656,9769,9537
9412: 9723,9258,10013,9573
9639: 5792,5403,9636,9596,8631,9299
9859: 9554,9491,9961,10021,9924,9731
9338: 9782,9907,9537,9656,9793,9326
9795: 9649,7318,9740,10029,9617,7988
9817: 6249,9725,10006,9992,9792,9776
9936: 10034,9695,10019,9710,9561,9643
9901: 10035,9305,9265,9490,9941,9658
9705: 9486,9289,9729,9314,7617,9687
9980: 9275,9812,9363,9552,9245,9743
7617: 9687,9953,9705,9729,9472
9306: 9305,9471,9968,9614
9620: 9834,9396,9332,9772
9737: 9251,9415,9283,9665,9874,2685
10021: 9267,9520,9859,9961,9731
9534: 9993,9763,9486,9289,9928,9390
9313: 9433,6348,9526,9287,9330,9502
9383: 2806,9474,9793,9326,9598,9552
9497: 9885,5792,9449,9584,9596,9368
8496: 9260,9623,9930,6385,7570,9919
9263: 9461,9460,9446,9393,9323,9580
9913: 2928,9304,9697,2649,9585,3119
9268: 3701,9536,9493,9358,9248,9430
9742: 2699,9671,9965,2609,9997,9662
959: 
9363: 9812,9980,9245,9895,9635,9291
9674: 9586,9281,9276,1592,9760
9641: 9681,9653,9739,9391,9976,9381
9284: 9419,9904,9875,8770,9649,9081
9730: 9451,9973,9945,9821,9823
9553: 9337,9366,9259,9911,4893,9401
9483: 9392,9459,9269,9521,9282,9524
9939: 9789,9285,9727
9439: 9962,10026,2609,9676,9473,9527
9937: 9840,9905,9780
9915: 6085,9696,9406,9593,9852,9835
9798: 9655,10037,9781,9829,9736,9769
8695: 10007
9725: 9817,6249,10006,9975,9347,10015
9998: 9942,9531,9452,9785,9373,9447
9734: 9282,9328,9569,9521,9262
9944: 9993,9763,10034,9690,9402,9465
9932: 9744,9756,10036,9576,10011,9283
9345: 9699,9791,9385,9775,9288,9416
9487: 3486,9837,9974,9329,9806,9565
9972: 9682,9925,9748,9878,9500,9819
9704: 9679,9876,9796,9790,9927,3321
9336: 9893,9437,9692,8309,9592,9750
9820: 9871,10018
10043: 9660,9767,9971,9368,9854,9926
7146: 9271,9631,9344,10009,9517,9505
9400: 9648,9701,9785,9457,9559,9531
1340: 1019
9625: 9634,9976,9892,9391,9568
2968: 4057,9533,9489,9256,9394,9541
9865: 3486,9837,9818,9940,9757,9958
9389: 9291,9530,9606,9635,9554,9961
9897: 9921,9922,9890,9814,9825,10028
2806: 9954,9383,9474,9973,9728,9793
9305: 10035,9901,9471,9968,9265,9306
9501: 9387,9507,9558,9600,9894
9680: 9343,9867,10006,9910,9652,9975
9872: 9578,9608,9455,9873,9658,5754
9860: 6085,9696,5870,9575,9724,9601
5408: 9779,9764,9738,9801,9417,9627
9302: 9538,4448,9408,9574,9808,9604
9810: 10010,9244,10001,9607,9322,9377
9351: 9970,9579,9555,9535,9411,9845
4950: 9265,9404,9909,9539,9367,9490
9368: 9596,9971,9584,9497,9660,10043
9547: 9321,9788,9743,9275,9933,9923
9477: 9563,9467,9478,9290,9444,9509
9947: 9870,9994,9693,9834,9375,10032
7847: 9712,9505,9359,6682,10009,10012
10030: 9285,9519,9857,9340,9762,9789
9856: 9843,9934,9956
861: 
4057: 2968,9311,9533,9489,9331,5064
9387: 9501,9548,9126,9600,9615
5882: 9355,5975,7360,9310,9478,9458
9548: 9387,9507,9863,9615,9672
9528: 9642,9427,9393,9295,9918,9414
9375: 9582,10032,9597,9834,9396,9947
9282: 9734,9521,9483,9524
10041: 10038,9815,9990,9957
9442: 9555,9535,9256,9422,9591,9462
9049: 
9321: 9388,9547,9514,9788,9743,10002
9876: 9955,9679,9704,9927,9922,9766
9323: 9369,9580,9946,9393,9263,9414
9270: 9736,9821,9276,9719,9829,9760
9747: 9774,9758,9669,9630,9986,9361
9940: 10002,9818,9788,3486,9865
9790: 3722,9816,9759,9704,9796
9600: 9126,9629,9297,9501,9387,9894
9719: 9830,9826,9945,9276,9821,9270
9927: 3715,9966,9978,9876,9704,9766
9505: 7847,9712,10009,9344,7146,9395
9591: 9582,10032,9609,9422,9555,9442
9520: 9713,9816,9516,10021,9731
9262: 9521,2928,9935,9328,9734
9424: 9772,9418,9621,9756,9665,9374
9710: 9776,10019,9848,6249,9936,9695
10020: 9644,9911,9979,9906,9896,9666
9647: 5775,9967,9540,9943,9435,9650
9732: 9850,9851
9707: 9829,9760,9399,9655
9837: 3486,9865,9487,9329,9950,9757
9598: 9326,9589,9383,9275,9552,9923
9498: 9538,4448,9258,9513,9522,9599
9504: 9560,9564,9307,7570,9079,9260
5775: 9967,9647,9540,9406,9588,9593
9558: 9501,9507,9318,9894
9999: 10027,9693,9866,9870
9841: 9830,9826,9956,9654
9831: 9893,9437,9963,9942,9651,9778
9419: 9284,9904,9628,9079,7899,9081
9688: 9587,9836,9349,9423,9916,9864
9846: 9885,5792,9754,9738,5403,9627
8631: 9930,9596,9971,9639,6385,9299
10027: 9999,9866,9646
2649: 9319,9585,9913,9645,9813,3119
9335: 9645,9709,9813,9722,9715,9296
9471: 10035,9305,9306,9614,9343,9867
9472: 10024,7617,9729
6249: 9817,9725,9776,9710,9347,9695
9835: 9754,9852,9696,9915,9764,9738
9993: 9436,9534,9763,9944,9465,9390