14621: 13123
28593: 
13143: 14831,15231,15456,14646,13163,15342
14985: 14848,15135,13551
12849: 13800,13722
28616: 15561,15629,14662,13338
14328: 13181,14805,15619,14950,14546
15299: 
15380: 13169,13328,13968,12914,13484
15145: 13326,13089,13817,12978,15348,13309
13511: 14618,12912,13386
13765: 13674
14273: 14502,15541,14198,14599,14446,12885
15510: 14287,12859
14172: 
15340: 14061,13396,12841,14768,13617
13959: 14727,15033,14813,13048,13137
14722: 12886,13574,13402
15448: 
13438: 13821,15229,14733,13526
14250: 
13724: 
13533: 13348,15627,15133,13263,12916
12829: 14214,14431,15760,15079,15399,14882
12939: 
12855: 14729,14705,15514,14641,14869,14777
14343: 14927,13078,13623,15063,14756
13151: 
13942: 13103,15337,14430,14655,15295,12922
15785: 14391,13982,15307,14679,14555
13420: 14675,12837,14701,13569
13886: 14272,14146,14714,14401
14390: 28589,13211,13330,15357,14094
14436: 15703,13478,13927,15177
13061: 
14824: 15565,14627,15803,14678,13702
15666: 13011
13488: 12906,12900,15800,13848,13293,14376
14556: 13347,13392,14629,14817,13531
14112: 13230,15239,13786,13951
13025: 14392,15273,14268,14764,13290
13894: 15116,13996,13449,15522,13634
13263: 14181,13830,12916,14310,13533,15133
12840: 15489,14590,13053,14710,13387
14405: 13643,13825
14881: 13910,13414,13090,14020,14854
15804: 
13753: 13121,14124
14598: 14762,13670,14374,14645,14928,15085
15338: 13517,15379,13727,14741,15189,14512
14998: 15237,14157
14252: 13497,14346,12990
14488: 
15372: 15654,13736,13650,15096,14567,15670
15484: 28572
15779: 14417,12954,14210,14391,14679,28171
14108: 15777,13125
13302: 13327,15138,14323,13403,13032,13738
15116: 13894,13996,15409,15425,14797
14833: 14174,14522,13085,13339,12824
15737: 28634
15482: 14274,14081,14220,13185,14866
12958: 14636,13938,15103,13181,15567,13454
15178: 13937,13812,13336
15254: 13048,13137,13869,13491
13948: 15244,13400,13807,13841,14699
14438: 15142,13020,14611
14923: 14741,15189,14222,15287,13835,14367
15373: 15087
14809: 
14802: 15686,12819,15067,13021,14575,14106,13342
13070: 
15519: 28535,13579,14944,14768,15740,15702
15363: 13413,14411,12883,14748,15689
15792: 12971,14182,12917,15641,14728,14543
14683: 13232,13299,12965,13522,13189,14063
14079: 15370,15315
15791: 13586,13672,13019
14024: 14817
15721: 15258,15327,14588,13233,14119,15732
12911: 15259,13595,14470,14832,15142
15760: 13655,15079,13360,13118,12829,15399
15698: 
14920: 13549,14583,13261,14377,13958
14650: 13756,15673,15280,13793,14427
15002: 
15244: 13400,15622,13948,13841,14221,13761
14178: 14037,13919,15739,15253,14463
15730: 
15150: 
14893: 13917,14341,13493,15059,14754
15332: 14752,13591,13067,15374,13340
15296: 14175,14424,13581,14371,14569,14022
13814: 13449,14327,15404,15697,14668,13996
14323: 15107,13403,15148,15138,13302
14369: 14883,14209,13916,14827,15180,13503
14361: 13140,13670,13336
15293: 14665,14199
13301: 13951,14340,15182,13786,15415
14921: 15797,14561,13731
15092: 14311,13513,14132,15544,15255,13741
15201: 13315,15556,14415,14966
13808: 13836,14354
14929: 15383,15810,13257,13031
14999: 14053,15342,14831,13344,13099,15657
15024: 14349,15464,15236,14115,13139,15568
12932: 14799,14007,14714,15089,14233
13297: 12834,14549,15659,14926,14546
15745: 15361,13317,14508,13030,15213
14391: 13982,14728,15785,14679,15779,14210
15688: 13883,14578,14551,15285,13740
13010: 15064
14186: 
15403: 14169,13581,13340,13448,14752,15782
14808: 
13553: 14415,13689,14642
14742: 
14585: 
15343: 14253,15112,14533
13793: 14768,15280,13617,14650,15740,14427
13952: 14241,15736
13414: 14881,13910,13090,13075,13580
13938: 14636,15704,12958,15567,13964,15642
13222: 13501,14205
14594: 15592,15603,14812,14584,14578
13281: 12871,15486,14398,14097,15273
15589: 14215,13713,14810,13620,14113
12994: 14238,13825,13643,13926,13205
14666: 
12990: 13497,14252
15427: 13981,13735,15486,14398
13181: 14328,14805,15619,15103,14636,12958
13503: 15249,15180,14827,15017,14850,14369
15370: 13425,15310,14079
13646: 
14828: 12847,13658,14641,14363,14715,14705
14489: 15172,15678,12931
13278: 14302,13069,13355,14196,15602,14297
13446: 15107,13024,13540
13267: 15310,12876
12936: 
14448: 
14606: 14414,12964,15031,12929
15139: 13349,14397,14137
15061: 13716,14321,14574,13927,13478
15761: 13557,14275
14898: 14626,13674,14852,14044
14812: 15603,14594,14584,14790
14428: 15009
13873: 
14003: 13977,13166,14857,14542,15598,12955
13119: 
14949: 
15420: 14764,13639,15590,14286,14753
13833: 13556,12888,13622,13229,13073,15093
14835: 13791,14382,15604,15163,14821
13248: 15595,13865,14028,14523,13546,28647
14477: 13006,13168,14090,13593,13889,13955
14532: 12881
12965: 13299,14683,15191,13345,15067,13189
15418: 15488,13004,14947
15253: 15739,13332,14178,14519,14463
15645: 13419,13401,13671,13322,15781
13684: 15078,12919,13351,14855
15654: 13736,15372,13737,14842,15096,15220
14587: 15393,15575,15429,15707,13760
12896: 13100,13121,13860
15557: 14928,15085,14001,15225,15205
15506: 14215,13109,12963,14113,13928
15151: 14569,13365,14371,15020,14041
13924: 28622,14863
14364: 13659,14491,13268,13532,15251
15432: 14993,13043,15182,13274,13607,15097
13976: 
13286: 13661,13018,14440,15111
13583: 14225
13702: 13527,14678,14824,15803,13869,13701,14620
13044: 13057,14340
14912: 15195,28587,12818,13291,14187
14351: 
14642: 13553,13689
14684: 15095
14179: 14105,14622,13613,15311
15238: 12868,13466,13903,14416,12831,13124
15434: 15060,13735,15769,15316,15486
15071: 13819,14941
13124: 14782,12831,15491,15238,13723,14416
14543: 13982,14728,15641,14298,15792
13839: 15099,15576,13975,14025,13416
15608: 13665,13442,13177,15596,15770
13299: 13232,14683,12965,14437,15191,13647
14214: 12829,14431,13218,14882,15045
14322: 14843,14304,15159,12814,14133
15261: 15264,13567,15271,13764
12814: 14322,14843,15551,15531,13269,14133
14027: 13050,15447,14564,13247,13655,15079
14338: 15810,13257
14601: 
15573: 13085,12949,14181,13830,14075
13398: 
14559: 13645,14925
15579: 15381,13994
12838: 
14751: 13026,14066,14721,15317
13957: 
14861: 14168,14862,12874,15041
13708: 15620,15388,15235,14894,15313,13759
14926: 13719,13297,15659,14954
13230: 14112,15239,13786,13630,13233,12962
13930: 13382,15064
15530: 14161,14915,14138
15590: 15420,14134,13700,14753
13496: 15169,14821,15163,14290,15181
13794: 13073,13450,13303,15050
14496: 15251
14134: 13700,14965,15590,13429,14753
13928: 15193,15506,13874,14113
15669: 15090,15198,14494,12913
15801: 
15662: 14539
13781: 
12826: 15212,14701,14677,13856,14873
14939: 13822,13064,14054,14041,15409,14797
12919: 13255,15078,13684
14535: 14933,15651,13139,12948,14115,14987
13240: 13314,14691,14145,13558,15234,15746
15390: 
13266: 14156,14260,13824,14615
28642: 28651
13361: 13590,14654,15511,14967,14964
14798: 15601,13162
13841: 14408,14699,15244,13948,13854,14221
15538: 
14990: 12860,14249,13462,14884,14321
14063: 14950,13997,14683,13522,15753
14580: 
14226: 15503,13650,15065,15584,15412
13690: 14635,13373,15298,13333,15766,15291
14624: 15775,13198
13732: 13379,13315,15556,15632
13994: 15579
13936: 13276,13884,14085,13413
15755: 
13899: 13610
13096: 15286,15277
15731: 13640,14841,14996,15169,13117
15246: 13179,12996,15355,13913,14076,13238
14429: 13162,13284,14143,15676
13085: 15573,12949,14522,14833,12824
12979: 14971,13261,14377,14163,15620,13283
14301: 13391,13082,13123,14407
13463: 12815
13442: 13665,15608,14350,13184,13177,15695
14844: 14977,14274
13421: 14160,13785,13008
13212: 13590,15377,15789,14577,13597
14354: 14765,15323,13808
14696: 14697
13213: 15665,13949,13710,13701,14620,15279
14944: 15519,13579,14768,14061,15716,15159
13147: 15240,14850,13107,15069,14781,14281
14706: 14658,15462,14736,13026,14721,15001
15562: 28648,28559,14961,12952,15725,14716
15309: 15268,15329,13809,13078
14877: 13548,14070,15395,13256,13374,14801
12931: 13570,13972,15678,15276,14489,14695
15051: 14090,12854,13362,15715
13848: 14283,13636,13293,14376,13488,14858
15050: 14126,13794,14160
15115: 13613,14147,15567,15401,15642
13544: 13099,12978,15657,13226,15143,12967
13743: 14440,15490,15111,14315,15088,14969
15406: 15781,13797,12908,13671,15455,12998
12886: 14722,13574,15772,12930,15162
14350: 13077,13860,14487,15695,13442
15750: 13534,13752,13319,13890
15278: 15615,15535,15720,14572,14774
13277: 14491,14426,13268
15534: 
13319: 13752,14980,15750
13174: 
13412: 15136,15144,14055,14892,13832
14483: 14020,14615,14156,14099,12867
13911: 13432,15412,14567,13879,14724,14644
13562: 
14143: 14429,14974
13458: 
14309: 13712,13552,15027,15644,15504,15808
13520: 14008,14188
14237: 
15091: 15160
14952: 15673,15392,14239,15280
13173: 13369,15433,13384,14050
13378: 14557,14904,14235,14694,14280
14359: 15710,14459,15572,14243
15322: 14170,15679,15798,13377
13889: 14090,12854,14477,13955,15215
13823: 13473,14435,13037
12839: 15574,14763,15141
15057: 13879,14724,13585,13528,14659,15345
14554: 12985
14403: 15036,13782
15400: 
14236: 
12864: 
14304: 14322,15159,13579,12865,14672
13809: 14927,13078,13395,14109,15309
14685: 13155,13626
14730: 13428,13178,15129,14625,14481
13822: 14939,13064,14054,13868
15308: 14486,15206,15685,13228,14289,15194
15089: 13141,14335,14007,15218,12932
13858: 13664,13027,15252,12968,15401,14147
14497: 15217
14410: 13145,15643,15717,13548,14070,13262
28557: 15472,15759,12953,13734,14016
15142: 14536,14438,13020,12911,13595
15732: 13233,14119,12962,15471,15721,13487,13227
13003: 14976,15360,14045,13550
15441: 14057,14541,14137,14298,14397,14555
14246: 15210
14933: 14535,15651,12980,12948,14816,15072
15257: 12951,13863,13452,14603,15647
14784: 13986,13196,14367
15344: 13241,15328,15099,13975,13179,14444
14860: 15229,13854,13012,14221,13439
15576: 13839,13975,14982,14025,13851
15141: 14618,12839
13104: 13847,13890
13657: 15391,14000
13595: 15259,12911,14078,15142,14536,15410
14121: 14525,15473,13369
14851: 14356,13313,15694,14734,13683
14148: 15652,14371,13619,14014,14175
13311: 14292,14840,14757,12960,14872,14053
13329: 15709,13280,13032,14458,14144,14457,14506
12823: 14870,14746,14039,15593,14538
13759: 13958,15807,14894,13708,15235,13905,14906
13764: 15368,13451,15261,15264
15326: 12914,13484,14813,14600,15033
13790: 14118
14050: 13047,13173,15389
15614: 14558
14185: 13210
14637: 13661,13018,14936,13110,15119,13040
13209: 14552,14542,15527,15598,15498,13877
15460: 28613,12848
14434: 15762,13304
13483: 
15492: 14888,14899,15124,13925,15058,14693
14800: 15055,14334,14370,13042,15243
12948: 13127,12980,12816,14987,14933,14535
13223: 
13260: 15042,15714,15179,14785,13800
15140: 15774,14329,15000,14755
13236: 15294,15793,13354
14291: 15036
15291: 13333,13690
13666: 
14028: 13248,15595,15316,12871,28647,14097
13161: 14144,14457,15267
13373: 15298,13690
14663: 15621,15773,13947,14522,12949
13476: 13536
13847: 13104,14651,14102
14692: 15351,14563,15123,15209,14082
13272: 15610
13134: 13369,13682
13953: 13046,13072,14402,12892,13154,14254
14276: 14935,14667,14277,13175,14963,13331
13303: 13898,14505,13720,13450,13794,14126
15794: 13845,15572,14009,14073,14285
14414: 14606,12964,13534,13752
15099: 13839,13975,15344,13179,15355,13416
13034: 15197,15802,13772,15691
13917: 14341,15417,14893,14754
14064: 13201
14626: 13804,13589,14836,14898,13674,14852
14476: 12897,14313,13963,13872,13495,14299
14900: 28609,15442,12935,13813,13971,15446
14609: 
13693: 15649,15599
15456: 13455,14646,13629,13773,15231,13143
14384: 13036,14903,14690,12887
15533: 
13850: 
14997: 
13596: 13041,15014,14537,14088
28535: 15519,13579,15702,15004,12865,14498
13117: 13900,15784,14353,14996,15731,13640
15149: 13512,14883,13916,15126,14207,13485
14336: 14400,13529,13323,15153,14339,14957
14461: 15281,13521,15319,15481,14085
14149: 15120,13357,14311,14098
14381: 28520,15162,15772,13598,13160
15605: 13882,13779,14823,14355
14963: 14503,13331,14608,13175,14276,13335,13656
15385: 12983,14171,14375
15148: 15138,13024,14323,13251,13431
15726: 13835,14367,15738,14738
15412: 13911,13432,14567,14226,13650
15490: 13743,14440,14315,13289
15640: 12850
13347: 14556,13392
15073: 15435,14718,15346,15048,14213,13640,28550
13960: 13561,13978,14975,13925,13388,14693
15102: 14698,13131,15700,15428,15171,14171,14375
13768: 14778,14034
15725: 15685,13228,14716,14069,12952,15562
14916: 13136,14471
13087: 15086,14485,15429,15453,15763
14515: 
13056: 15531,13269,14439,14942,13007,15130
13598: 15772,12930,14157,14381
13874: 13620,14113,13928
28587: 12818,14912
15143: 14512,13226,14190,13544,12967,15741
13309: 15348,13341,12967,12978,15145,15617
14564: 13149,15734,13050,14027,13747
14310: 12998,13195,13263,13830,15133
14899: 15492,14888,15124,12863,15700,15428
15575: 14587,15429,12822,15707,14547,13474
15255: 13771,15544,15092,13513
13588: 14096
14528: 15054
13385: 
14788: 14625,13002,14481,14702,14002
13121: 12896,12880,13753,14732
14229: 13762,14826
14007: 13108,14714,15218,15089,12932
14511: 13132,15038,15081
14367: 13835,15726,15287,13986,14784,14923
13789: 13667,13972,15217
14491: 14426,13268,13532,13277,14364
14523: 14092,13248,13865,14413,13867,13546
13118: 13360,15771,15447,13158,13655,15760
15532: 14550
13428: 14730,13178,14269,13680,15129
12916: 14181,13263,13533,15722,12987,15010
13640: 14213,15731,14841,13117,15784,14718,15073
13785: 14965,14160,13421
15239: 13230,14112,14114,13630
15088: 13219,14969,13192,13743,15111,14029
15437: 
13170: 13239
13585: 15057,13879,13271,15347,15558,14659
14469: 13493,13235,14073,15683
14593: 13093,15180,14209,14545,14302,15580
14813: 15326,14627,13959,15033,13137
12873: 14036,14902
13436: 14823,13779,14924,15216
13896: 13015,13663,15663,14409,13828,13023,14395
14445: 13582,14974,15811,12941
14256: 13387,14581,13141
13058: 15539,13097,14766,14474,15328
13866: 14744,14643,13407,15337,12984,14531
28609: 14900,12935,15446,15536,12893
15529: 13649
13897: 15521,15411,14846,13718
13852: 14303,15611,14799,15381
15193: 13928
14278: 14740
13063: 14412,15230
13867: 14413,15247,13321,14092,15335,14523
14736: 15586,14308,15462,14706,15001
14040: 13140,14723
14234: 15598,15498,12955,13804,13589,13608
13719: 14524,14926,14546,14805,14819
15388: 13708,15620,13283,15170,15436,15313
15376: 
14721: 13026,14751,14658,14706
14019: 
15584: 13944,15770,15596,15065,14226
15284: 
14140: 13532,28607
13755: 
13426: 
13368: 28643,15397,28595,15080,14454,12885,15386
14647: 
14217: 14415,13689
13526: 14109,15075,13438,15229,14733,13395
12964: 14606,14414,15371,13066,14839
14544: 15664,13014,15131,15032,13470
12848: 14015,14770,28613,15460
14864: 13036
13189: 13021,15753,14683,12965,15067
14401: 12881,14908,13979,13886
13250: 13878
13359: 14188,13563,14306
14372: 
15772: 13598,12930,12886,14381,15162
12942: 14597,14804
14039: 15012,12823,15593
14577: 15612,14193,13597,13212,15203,15789
13993: 15485
28607: 14426,13532,14140
14379: 14017,14207,12995,13560
14331: 15196,12915,14978,14984
13776: 13120,14038,12915,14984,13108
14286: 13639,14910,15682,12888,15420
13475: 13158,12969,15423,15320,13909,12903
14688: 13966
14212: 
15682: 15339,13556,12888,14910,14286
13163: 14931,15474,14757,14646,13143,15342
14002: 13963,14788,13002,14702,14313,14885
13546: 13243,15289,28647,14523,13248,14413
15213: 12953,14279,13030,15361,15745
15120: 14149,13357,13741,14634,13891
15636: 15161
13796: 15439,15068,14341,15059
14988: 13907,15018,15549,15570,15417
13674: 13765,14626,14836,14898
15524: 14773,13915,13392
13978: 13960,13561,14423,14849,14975,14095
15025: 14956,14125,12991
12961: 12977,13542,13769,15479,12947
12827: 14540,13004,14934,13575
15509: 15728,13469
14474: 14766,14602,13058,15539
13407: 13077,13480,13866,14744,14531,15695
13454: 15567,15401,15103,13806,12968,12958
13459: 13098,15540,15445,14420,13405,13707
13062: 15426,14406,13606,14173,13721
13317: 15361,15745,14629,13316,15658,13531
13760: 15795,15481,13191,15186,15393,14587
13607: 13274,13227,15097,15471,13015,15432
13739: 13366
15415: 13274,13227,13786,12962,13301
13926: 13185,13205,14238,12994,15739
15716: 14607,13445,14061,14944,14843,15159
15041: 14862,14861
15158: 14098,28371,13375,14853,12860,13542
14513: 15047,15357,15674,15011
13704: 15408
15268: 15309,13404,15329
13273: 13013
13179: 12996,15246,14444,15344,15099,15355
15582: 14238,13825,14582,13578,13919
13166: 14003,13154,13977,13216,14254,12955
14008: 14670,13520
14610: 14619,13974,15135
13235: 13350,13493,14469,14194,15548
13356: 
13821: 13438
14590: 12840,13387
15128: 
13774: 
13934: 15305
13132: 15738,14511,15038
13505: 
15558: 15275,13271,13585,14659
13148: 15130,13007,15599,13782
15473: 13504,15749,15554,15414,14121
13629: 15505,14076,15456,13455,13773,15083
14289: 14422,13068,13228,15308,15501,15194
14374: 13851,15646,14598,14758,14645
13842: 
15160: 15091
15383: 14929,13031
15771: 13360,13118,13158,12969,13733,12975
13434: 14510,14972,13844,15068,14897,15206
14962: 13964
13372: 14360,15090
13972: 13570,12931,13667,13789,14695,15217
14708: 14110,15259,14078
15374: 13067,15563,13326,15332,13340,14424
14001: 14928,15557,15735,14271,13207
14295: 13662
14620: 13701,13527,13702,13616,13213,15665
13920: 15251
14480: 14874
14487: 13673,13184,14732,14350,13860
14943: 15267,12853,13353
15485: 12875,13993,15101
13923: 13304,13967,14392
15438: 
15369: 15812
13798: 15547,15044,13528,13035,13863,14603
13128: 13086
12941: 14948,15811,14974,14445
15252: 13664,13027,13858,12908,14995,12998,15133
15712: 13088,15626
15108: 
15335: 15656,14092,13219,13192,13867,13321
13455: 15456,14646,15594,13913,13629,14076
14257: 12918,14669,14223
14415: 14217,13553,15201
13363: 
12918: 14257,14669,13691,14574
14518: 14806,13921
13495: 12959,15671,15752,14299,12897,14476
14834: 13711,15516
14131: 15223,14634,14871
12978: 13099,13544,13817,15145,13309,12967
15265: 28634,13784,13186
14560: 
14454: 15080,14446,12885,13623,13368
14785: 13828,13260,13800,14571
14820: 13462,14589,13771,13513,14884
14083: 15705,15161
28572: 15484
12878: 15805,15191,15211,15048,13525,13345
14941: 14015,28613,13576,15071,13819
13205: 13926,13185,12994
13534: 15750,14414,13752
13300: 
15199: 
13861: 
13758: 
14242: 14162,14745,13225
13316: 14629,13961,15658,13915,13317
14038: 14710,14680,15708,12915,13776
15163: 14835,14821,13496,14290,13540
12828: 14791,14653,13043
15402: 14664
13456: 
13204: 15606,13191,12845,14945,14129,15186
15626: 13088,15522,15712
15466: 14156,15167
13176: 14393
13164: 13706,14815,13656,14608,13750
13820: 14607,15551,14305,14316,15349
15277: 13096
12999: 
15601: 14084,13756,14798,13162
13540: 13024,14290,15030,15163,13446
13551: 14117,14985,14848
14581: 14256,15245
13197: 13906,15367,15680,13722
13594: 14412
14101: 14773
13699: 15410,14568,15693,14876
13086: 13128
14703: 13005
14855: 13477,14760,13684,14918
13490: 13382
15190: 14206,14267
14076: 13629,15505,13238,15246,13913,13455
13541: 12950,14216,13471,13492,15360
14228: 14386,14152,15207
12857: 14907,13569,14668,13612,14873
13180: 14966,15715,15632
13357: 14149,15120,14964,14098,28371,15511
14472: 
15414: 12899,15554,15290,15749,15473
13111: 13386,14058,15314,15146
14555: 15307,14298,14057,15441,13982,15785
13389: 15461
14892: 15121,13832,12928,13412
15685: 15725,13228,14716,14069,13844,15206,15308
13967: 13052,14392,13923
13435: 15788,15345,13801,14724,14450,14644
14506: 14905,14189,14457,13280,13329
14905: 14506,14517,13280,13997,12834
13254: 
14267: 15190,14206,15188
14902: 14582,13578,14036,12873
13200: 15187
13282: 13935,15518,13103,14655,13530,15110
13031: 15114,12820,15383,14929,15691
14277: 14276,14935,15729,12971,13175,15323
13752: 13066,13319,14414,13534,15750
14956: 13571,15025
13269: 15531,13056,15551,14439,12814
13987: 15571
13891: 14967,14964,15122,14634,15120
13898: 14505,13303,13440,15058,13450,14749
15743: 14285
14146: 14984,13108,14714,13886
15634: 15161,14324,13717,15679
14072: 12842,13294,14373
14129: 14318,15186,12822,15707,14945,13204
13076: 14091,15639,12862,13312,14565,14777
14465: 14091,12862,13675,13275,13703,12847
14068: 15667,15281,13884,13950
15200: 14319,13673,15615,15535
15454: 13206
13973: 28618,15233,15802,13615,13411
14974: 12945,14143,12941,14184,14445
13451: 13764
13612: 13856,13187,14873,15697,13157,12857,14668
13663: 13015,13896,15097,14395,15543
13313: 13642,14851
14938: 
14772: 15677,15361,12953,12944,15472
12974: 15758,15202
15364: 13962,14945,13900,14318,12825
14499: 15147,14342,15242
13098: 13459,13215,15540
14883: 13512,14369,14209,15149,13539,13916
13055: 13498,13292
15315: 14419,14079
15027: 14309,13552,15019,13054,14240,15504
13107: 14782,13457,15069,14281,14992,13147
15468: 13469,13999,14948
13473: 13823,14455
14307: 13252,15574
13744: 13138,12913,14011,14986,14680
14021: 13224,15039,13288,14686,13322,15781
13472: 
12903: 15232,13909,13002,12969,13475
15266: 14810,15703,14208,15459,14638
13557: 15761,15279,15300,15655
12867: 14099,13090,14483,13106
14829: 
14931: 13163,15474,14709,13393,14646,15594
13039: 15305,14913,14174
13802: 12900,15800,14605,15464,15809,14552
15435: 14718,15346,15073,15211,15048,13406
28371: 14098,15158,13375,15377,13357,15511
13244: 
14566: 15285,13017,13740,14719,13100
13477: 14855
12890: 14996,13998,14837,13464,14891,14353
15351: 14316,14692,14563,15123,15109,14305
15498: 14234,15598,13209,13877,14433,13608
14057: 14541,15441,15307,14555,15184
15355: 13409,13913,13416,15099,13179,15246
13523: 14803,14449,14856,15250,12846,14978
14520: 
12938: 15681
13754: 14652,14288
13422: 13615,13411,13105
15631: 
13487: 15663,15082,13285,14119,15732,15471
13631: 
15086: 13087,14485,15393,15155,14411
13400: 15244,15622,13948,13807,13792,14444
13482: 15648
15055: 14800,13970,14334,15588,15790,14142,14370
14747: 13207,15287,14872,15205,14222
13905: 14906,13054,14894,12972,13759
14049: 13524,15765,12861,13709,14530,15208
15545: 14031,13110,14425,28640,12863,14888
13059: 13256,12868,15555,14729,13903,12926
15787: 14551,14584,14578
15396: 13035,15275,15366,12951,13863
13522: 15709,13280,13232,14683,14063,13997
13548: 14877,14070,14410,13625,14801,13262
15625: 14337,15433,14681,14796,13384
13773: 13172,15083,13629,15456,15231,14259
13065: 13688,13516,13508,14739
13131: 14698,15102,14171
15494: 13304,14262
15258: 15721,14196,15327,14588,15208,12861
14222: 14741,14923,14872,15287,14747
13844: 14069,13042,14972,13434,15685,15206
14283: 13848,13636,14376,15580,13069,14227
14080: 
14189: 14506,14517,14457
13383: 
14047: 
13619: 14148,15652,13341,14014,15617,14327,15404
13745: 
15497: 13922,15288,13371,13000,13633,14691
13215: 13098,13405
14980: 13066,13319,14155,15134,13169
14945: 15364,13676,13962,12845,13204,14318,14129
15526: 
15796: 15502
15488: 12901,15418,13004
14235: 15444,15184,13885,13378,14904
13283: 15620,15388,14422,15501,14163,12979
13518: 15647
14458: 13032,13738,14144,13353,13329
13908: 15042,14409,13895,14005,13415,15082
12822: 14318,14129,15707,14089,15575,14547
15004: 13644,13352,15564,15727,15702,28535,14498
15602: 13895,14297,13069,13278,13415,14227
15646: 13851,14374,14758
14245: 
15003: 14479,13479,15783,14123,15623
12898: 
14346: 14252
13168: 28628,13006,14477,13593,13014
14264: 
13083: 
15780: 
14694: 14845,13378,12997
14034: 14755,13768
12950: 13541,13636,13471,14858,14164,13492
15764: 
12843: 15542,14649,14700,15671,15752,13826
15006: 13071,13849,28618,13411,13105
15336: 
14412: 13063,15230,13594
14337: 15625,14681,14417,12954,12899
14689: 13906,13834
15058: 13440,14693,15492,15124,14749,13898
12953: 15213,15361,14772,28557,15472
14719: 15609,12880,14566,13100
15365: 
15619: 13181,14328,15753,14950,15103,15699
14846: 13897,15521,13683,14356,14623
13515: 14205
13310: 28553,13292
14984: 14146,12915,14331,13776,13108
14416: 13723,28598,28644,28591,13466,15238,13124
14749: 15171,14087,15124,15058,13898,14505
15297: 13995
15307: 13885,14679,14555,14057,15785,15184
14840: 14292,13311,13727,14872,14741
28620: 28645
15553: 
13625: 15069,14781,14801,13548,13262,13001
12910: 
14755: 15000,15140,14034,13249
12915: 15196,15708,14331,14038,13776,14984
14541: 14057,15441,14137
13275: 12921,13530,13703,14465,12847,13658
15223: 14131,14867
14740: 14278
15727: 15740,15702,14427,15004,15564
13416: 13409,15355,15099,13839,14025,14673
15198: 14494,15669
14757: 13163,15474,15225,12960,14053,15342,13311
15305: 14748,13394,15263,13039,13934
14718: 15435,15346,15073,15784,13640,15113
15800: 13488,12900,13802,14552,15527,13293
14249: 12860,15479,14990,13716,13305,14421
15095: 14684,15007
13969: 15226,13904,14347
14533: 15105,15343
14700: 12843,15542,14649,13558,28558,15746
13390: 14482,14442,13813,13931,15446
13763: 
15146: 12912,14016,15314,13386,13111
13227: 13274,13607,15415,15732,12962,15471
12816: 15270,13145,15643,13127,12948,14987
13066: 13752,14980,12964,14839,14155
15813: 14901,13698,15624
14388: 15684,13577
14330: 12883,15407,14628,15263
13687: 13431,13133,28550,15181,14213,14841
15706: 13862,14727,13048,12966
13106: 13580,12867
14300: 15304
13778: 14230,15611
14723: 14040
14756: 15063,13628,15175,14343,13623,15076
14191: 15616,13601,13153
14059: 
15610: 13272,13610
13812: 15178,13843,14271,12989
15323: 14765,14354,13836,15729,14277
13600: 
14099: 12867,14483,14156
14380: 
15224: 14635,13016,14932,13453
14221: 13439,13761,13841,15244,13854,14860
12901: 15488,13113,14130
13259: 15192,13566,14896,14139
15264: 15261,13444,15368,13764
15697: 15741,15617,13157,13612,14327,13814,14668
13190: 
14572: 15720,13665,13184,15278,15535
13492: 14005,14164,12950,13541,15179
14009: 15548,14630,14073,13845,15794
14698: 13131,15102,15013,15700
14111: 
15749: 13504,15473,12889,14557,15414
13293: 13848,13488,15800,15527,15015,14858
15641: 12957,12917,13611,15792,14543
14446: 14454,12885,13623,14198,14273,14927
12970: 13294,15303
13221: 14142,14914,14370,14633,13165,13510
14206: 15190,14267
14165: 13242,15458,15362
13566: 15192,13259,13060,14896,12870
15195: 14912,14529,14187
15762: 14434
15330: 
13825: 15582,14238,12994,14405,14582
14825: 14091,15639,13675,14958
14303: 15611,13852,14335
14922: 13742
14485: 15086,13087,14411,15763,15689,14153,14576
15156: 15012,14378,13933,13726
15537: 
13320: 14168,14558
13226: 14512,15143,14292,13727,13544,15657
13601: 14191,28298,12982
13956: 15214
15077: 28589,13554,13264
13818: 14878,14793
13836: 15729,13808,15323
15176: 
14676: 14658,15462,15592,15603
14195: 13330,14088,15222,14180
15617: 15697,15741,13309,13341,12967,13619,14327
15348: 13309,13341,14014,15563,13326,15145
15059: 13350,13493,13796,15068,14893
13188: 15748,14220
13417: 
15183: 
13761: 14221,13439,13991,15244,15622,13238
14274: 15482,14081,14844,14220
14853: 14884,14311,14098,15158
15465: 15503,13638,15065,15747,13767,14761
15623: 15320,14123,13909,14479,15003,15129
14794: 13045,15802,13615
13471: 15015,14344,14858,12950,13541,15360
15483: 13295,14648,13323,14389
12960: 14872,15205,14757,15225,13311
13080: 14420,15808,12851,14783,15540
14646: 15456,13455,15594,13163,14931,13143
14015: 12848,14941,14770,13914,13576
14613: 14866,13332,14519
13402: 13114,14722
14411: 15155,13413,15363,15086,14485,15689
13718: 28618,15233,13897,15521,13507,15411
14630: 14009,15548,13022,14163,14971,13845
13656: 14815,13335,14466,14963,14608,13164
14292: 13311,14840,13727,14053,15657,13226
13654: 
15644: 14309,15504,14420,15808
14142: 13221,15790,15241,14914,14370,15055
14527: 
15011: 13564,14418,14513,15674,13116
14774: 13271,13508,15720,15278
14136: 
13726: 13933,13521,15156,14378,15606,15319
15684: 15301,14388,13577
13314: 13240,13633,14691,15234,14345,13318
15233: 13973,28618,13718,13507,15197
13846: 
12837: 13420,14675,14701,13199,15226
13022: 15501,15194,14163,15548,14630,14971
13199: 12837,15226
15455: 12998,13195,13671,15406,15621
14743: 12836,14394,15215
13602: 13784,13681,14875
14787: 13937,13843
13397: 15352,13939,13152
13113: 12901
12998: 15455,14310,13195,15406,12908,15252
13931: 14035,13813,13203,14042,13390,14442
13351: 13684
13854: 15229,14860,13841,14408,14221
12969: 13158,13475,15232,12903,15771,13733
28639: 15021,13882
15433: 15625,12899,15554,13384,13173
14874: 14480
12928: 14055,14892
14398: 13052,15427,13281,15486
14268: 14711,14097,13639,13025,15273,14764
14734: 15694,13257,13642,13486,14851
13589: 13804,14626,14836,13216,14234,12955
15789: 12977,15203,13375,15377,13212,14577
13007: 14942,15649,13056,13148
12984: 13103,15337,14308,13866,14643,15518
14253: 15343
15550: 15767,15021
15489: 12840,13932,14360,13053
13219: 15088,14969,14661,13192,15656,15335
14623: 13509,13016,14356,14846,14932
14517: 14905,14189,12834,12985
15045: 15312,15022,14052,14214,13218,14882
13618: 13709,14530,13560,14687
13470: 14315,15577,15032,15664,14544
12897: 15358,14313,14476,14767,13495,12959
12831: 14782,13457,13124,12868,13374,15238
13285: 13895,14297,15327,14119,13487,15082
13837: 14887,14953,14158,13712,14640,14783
15552: 15036,15130,14154
13705: 12902
14538: 12845,15593,14746,12823,13676
14352: 
15806: 14396,13089,14838,28643,15397,13591,13067
14399: 
13202: 
13591: 15332,14752,15386,28643,15397,15806,13067
14839: 14155,12964,15371,13066
14552: 14542,15527,13209,15809,13802,15800
13154: 13977,13166,13046,13953,14402,14254
14233: 14272,14799,12932
15164: 28622,14863,14030
14318: 14129,12822,15707,15364,14945,12825
14261: 28539,14547,14089,15346,13406,13288
14565: 28584,13312,12844,14869,14777,13076
15319: 15606,13191,13521,13726,14461,15481
15770: 13944,13946,15584,15608,15596
14530: 13709,13618,13560,12995,13524,14049
14371: 14148,15652,15296,14175,15151,15020
13664: 13858,15252,13348,15133,14147
14168: 14861,13320
14760: 15023,13795,13717,15035,14918,14855
15361: 13317,15745,12953,15213,15677,14772,13531
14850: 15240,15017,13147,14281,14827,13503
14494: 12913,14011,15303,15198,15669
15656: 14092,15335,13777,28628,13219,14661
14832: 13020,14470,13338,12911
14761: 13604,13767,15503,15096,15465,14120,15220
14639: 15786
15110: 13530,13703,14066,13282,13935,14325
14435: 13823
15475: 14592,15757
15034: 13902,14103,13723,15520,15491,13831
13409: 15355,13913,13416,13393,14673,15594
13713: 14208,14421,12947,14215,15589,14810
14762: 13670,14598,14758
15493: 
15234: 14919,15746,15053,13240,13314,13318
15481: 15795,13760,14085,13191,15319,14461
13749: 15450,15544,15508
13027: 13858,15252,14575,14995,12968
13970: 15055,14334,15588,14586,14332
13011: 15666
13819: 15071,28613,14941
15342: 14999,14053,13163,14757,14831,13143
13443: 14591,13555
14115: 13715,15236,14987,14535,13139,15024
28613: 15460,12848,14941,13819
15325: 14145,14814,15480,14526,13694,13371
15334: 14114,14687,13630,13709,14588,15208
15166: 13870,15692,12986,15419,13337
14551: 15787,15609,15688,14578,13740
14216: 13541,14976,15714,15680,15179
15692: 15166,13870,14579,15318,13337
15109: 12992,15351,15123,13396,14305,13445
14819: 12856,14805,13719,14524,14636,15704
14360: 13372,15090,13943,15489
13613: 15115,14622,15642,14179
15270: 13145,12816,13736,13737,13265,13127
14026: 15063
15286: 13096
15056: 14176,15630,15394,12874
15404: 14327,13814,15652,13619,15425,13996
14162: 14745,15375,14242,14032
15500: 
12959: 13495,15752,12897,14767,28559,15118
15426: 14786,13062,13606,13907,15018
13902: 13538,14103,15034,15126,13831,13485
13682: 14525,13134
13694: 15399,14526,13360,12975,15480,15325
13572: 
14293: 13186
14505: 13898,13303,13720,14749,14087
13336: 15735,14271,14361,13140,15178
14209: 14883,14369,13539,15180,14593,14545
13947: 14153,14913,14576,15773,14663,14522
12869: 
14321: 13716,15061,13462,14574,14990
14377: 12979,13261,15620,15235,13958,14920
14547: 28539,13474,14261,12822,14089,15575
14114: 15334,14687,13630,15239
15249: 13093,15180,13503,15017,12906,13081
14596: 14219,15112
14504: 14993,13043,13057,15768,14791
15594: 13455,14646,13409,13913,13393,14931
15228: 
12992: 15109,15387,15123,13396
12940: 
13521: 13933,13726,15319,15281,14461
15422: 
14644: 15670,14450,13911,14567,14724,13435
13824: 14468,14451,14615,13266
13024: 14290,13540,15107,13446,13431,15148
15677: 14817,14772,13531,15361,13252
13869: 13701,15803,13702,13137,15254,13491
15591: 
15773: 15621,14663,13401,15763,13947,14576
15599: 13782,13214,13693,13148
15133: 13533,13348,14310,13664,15252,13263
13239: 13170
14830: 13742,28651,13988
15271: 14973,15261,13567
15222: 14195,14180,15276,13570
13321: 15247,13867,13192,15335,13095,14423
14392: 13025,15273,13967,13923
15226: 13969,13199,12837
13662: 13433,14295
14770: 13914,12848,14015
15765: 13524,13355,12861,14545,14049,13539
14894: 15313,13770,12972,13708,13905,13759
13835: 15726,14367,15189,14923,14475
14668: 14907,12857,15697,13612,13449,13814
14224: 14907,13569,13634,15375
28605: 
14953: 13837,14158,14339,14404,14640
14578: 15688,14584,15787,14551,14594
28595: 28643,15397,28649,13368,14599,28641,12885
14896: 13060,12817,14886,13259,13566
13167: 14232,13155
14484: 
15185: 
14054: 14939,13822,13365,14041
14837: 13995,13711,14382,14891,12890
15504: 14240,15062,14309,15027,15644
13918: 13543,14946,14456
13486: 13642,14597,14734,13257
14500: 15416,13122,15547,15633,12943,13696
13127: 12980,14509,12948,13265,15270,12816
14525: 13682,14121
14219: 14596
15040: 14536,14611,13479,14023
14284: 
13194: 
15478: 15517,14631,13979,14803,14449
15114: 12820,13031,15521,13507,15691,15197
12904: 
13468: 
15119: 14031,13110,13661,14637
14713: 13547,15105
14569: 15151,13365,13992,14022,15296,12877
14852: 13136,13804,14626,14898,13608
14385: 
14442: 14329,13390,13931,15028,15774
12914: 15326,13484,15380,13968,14627
14744: 15723,13866,14643,13017,13480,13407
28611: 14160,14965
13388: 13440,14693,13229,13960,13622,13561
13296: 
15443: 
14763: 12944,15472,15759,12839,15574
13123: 14621,14407,14301
13478: 14436,13305,13716,15061,13927
14711: 14268,14097,13639,14910,28647
14130: 12901
14707: 14056
14419: 14648,15315
14074: 
14634: 14131,15120,13891,15122
15048: 15435,15073,15211,28550,15805,12878,13525
13494: 
14443: 15137,15734,15585,13609,13101
14895: 15736,12830,14514
13797: 15406,15781,12908,14686,12819,14995,14106
13169: 15380,13328,14980,14155,15134
14934: 15021,13882,12827,13575,14355
14314: 15384,14375,14087
13324: 14281,14827,14992,15126,13831,13916
14818: 14702,14726,14983,14914,14633
12846: 15000,14482,14329,14856,13523,14449
13892: 13041
14660: 15549
14139: 15157,14886,13672,13259,13586
14060: 
14870: 14951,14746,12823,15661
13072: 15072,13953,13193,14816,12892
14821: 15169,13496,14835,14382,15163,13998
13419: 13401,15645,15453,28539,13474,13322
15023: 14760,13795,13717,14368,13334
15313: 14894,13770,15170,14979,13708,15388
15014: 13041,13596,13009,13211,13330,14088
13135: 14863,13692,14030,14042
14816: 13193,14150,12980,14933,15072,13072
13587: 15177
14177: 14617,15028
14748: 15305,15689,13394,15263,15363,12883
15511: 13361,13357,14964,28371,15377
28298: 14176,12982,13601,13306,14467
13009: 15014,13211
13632: 
13484: 15326,12914,14651,15380,14600
12830: 14366,14895,12833
15260: 
13249: 14755,14449,14631
14141: 
14887: 13837,14158,14906,15807,13712,13552
13932: 15489,15046
15042: 13908,13260,14409,14005
14102: 13847,15008
14656: 
12824: 14075,13376,14833,13085,14991
15328: 15344,13241,13058,13097,14013
13961: 13316,14062,13915,15101
13633: 13314,14691,15497,15288,14981,14345
15094: 13888
13146: 
13225: 14225,14242
14370: 13221,14142,14800,15055,13510,15243
12847: 14828,13658,14641,13275,14465,12862
14227: 14164,13415,13069,14283,13636,15602
12997: 14280,14694
13344: 14396,13817,14831,13990,14999,13099
14383: 
13981: 15427
13630: 14114,15334,14588,13230,15239,13233
13211: 28589,14390,13009,15014,13330
15029: 
14884: 14853,13462,14820,12860,14990
13075: 13183,15127,13414,13855
13734: 14279,15104,13545,28557,14016
15790: 14142,15241,15588,13731,15055
13766: 
13440: 15058,13388,13450,14693,13229,13898
14004: 13071,13849,13333,15766,14362
13571: 14956,13509
28650: 14413,15247,14849,13243,13561,12934
13415: 14005,14164,14227,13895,15602,13908
14116: 14492
15767: 15550
13885: 15307,14679,14235,13984,14904
14033: 15681
14710: 13053,14038,12840,13120,13387
14244: 14067
14781: 15069,13625,13001,15240,13147,14968
15155: 13413,14411,15795,15393,15086
13578: 14582,14902,15582,13060,12817
13992: 14569,13365,12877,14792,13210
14667: 14276,14935,12954,14210,13331,14681
14592: 15475,15607
13817: 14396,13089,13344,13099,12978,15145
15766: 13333,13453,14635,13690,14004
15076: 14955,14930,15080,13623,14756,15175
13210: 14185,13992,14792
14492: 14116
15288: 12821,13922,15497,13633,14678,14981
14568: 15410,13699,13652,15585
14025: 13851,13839,15576,13416,14673,14645
14464: 
15637: 
14023: 14479,15040,13500,13479,13680
13133: 13251,13431,13687,28550,15805,13647
14791: 14653,12828,14504,13270,15768
12913: 14494,15669,13943,13744,14680
14879: 13955,15769,13006,13777,15595,13865
15503: 14226,13650,15096,15465,15065,14761
13512: 14883,15149,13539,14207,12995,13524
15774: 15028,14329,14442,15140
13986: 14784,12989,15287,14367
15049: 12882
15467: 
14662: 14470,13338,28616,13605
14466: 14815,13335,13656,14553
15664: 13014,14544,14315,13470,14969,14661
14164: 14005,13415,14227,13492,13636,12950
14051: 12909,14982
14437: 13232,13299,13251,13327,15138,13647
13652: 13479,14536,14568,15585,15783
13944: 15770,13946,15584,15347,13432
12868: 13256,13059,13374,15238,13903,12831
13203: 14042,13931,15028
15638: 
14865: 
13067: 15374,13326,13089,15806,15332,13591
14847: 15665,13949,14201,14240,15062
13360: 15771,13118,15760,12975,15399,13694
12882: 15049
14618: 15141,13511,12912
13990: 14831,15231,14259,14396,13344,14838
14498: 12865,14122,15702,28535,15004,13644
14686: 13224,15039,14021,12819,15781,13797,14106
14150: 14604,13193,14816,13801,12980,14509
12894: 15502,13725
14281: 14827,13324,14992,13107,14850,13147
13354: 13564,13116,13236,15793
14396: 13089,13344,14838,13817,15806,13990
15321: 
13094: 
13413: 15155,14411,15363,13936,13276
14746: 14951,14870,12823,15724,14538
13535: 15756
14728: 14391,13982,14543,12971,15792,14935,14210
15629: 28616
15066: 
13042: 14069,15243,13844,14800,14334,14972
13175: 14765,14276,14277,13335,14963
13998: 12890,14996,14382,15169,14821
15220: 14120,13115,14761,15096,15654,14842
15650: 
15394: 15630,15056
15096: 15503,13650,14761,15220,15654,15372
15036: 15552,14403,14260,14291
15413: 28584,12844,13074,13941
13862: 15706
15069: 13625,14781,14801,13107,13457,13147
28622: 14863,15164,13924
15486: 13281,12871,15434,13735,15427,14398
13826: 14632,12946,15752,15118,12843,14649
14163: 13022,15501,14630,13283,14971,12979
13126: 
13637: 
13307: 12852
13255: 12919,14306
15391: 13657,14652,15701
13017: 14566,15285,13100,14744,13480
13345: 15686,13525,15067,15191,12878,12965
14867: 14132,15223
13057: 13044,15182,14993,14504,15768
14258: 15495,12905,15162
13004: 14540,12827,15488,15418,14947
15728: 15509,13469
15248: 
15407: 12883,14330,14628,14750,13276
15424: 
14213: 13640,14841,13687,28550,15073
13939: 13397
12921: 14655,13275,13530,15295,15713,13658
15337: 13103,13942,14430,12984,14531,13866
28651: 28642,14830
15717: 13145,14410,14357,13737,14842,14070
15491: 14782,13124,13723,15034,14992,13831
13507: 15521,15114,15197,15233,13718
14495: 13988
15431: 13621
14053: 14999,15342,14757,14292,13311,15657
13510: 13165,14961,13221,14370,15243,12952
15693: 14110,14078,15410,13699
13570: 13972,12931,15560,15222,15276,13667
14715: 14363,13604,13767,15713,14828,13658
15741: 15697,15617,13157,15143,14190,12967
13177: 15695,14430,14531,15608,13442,15596,13217
14512: 13226,15143,14190,13727,15379,15338
15571: 13987,14320
12832: 13444
13537: 14452,13696,12943
12835: 14571,15174
14457: 14144,13161,13329,14506,14189
14930: 15076,14955,13448,15175,13082,15782
15235: 13708,15620,14377,13958,13759
13635: 15505,13991,13857,15541,15083
28640: 15013,12863,14031,15545
13406: 15435,15346,15211,14261,15039,13288
13964: 14962,15642,13938,15704
13366: 13739,13787
13737: 15654,13736,14842,15270,13145,15717
15135: 13974,14610,14985
15681: 12938,14033
15147: 14499
13068: 14422,14289,15436,13228,14940,14478
15585: 13609,15783,14568,13652,15137,14443
15719: 15174,13023,14395,13945
13709: 14530,13618,14049,15334,14687,15208
14716: 15685,15725,13228,14940,28648,15562
13268: 14491,13277,14364
13678: 13264
15280: 13617,15528,13793,14952,15673,14650
14797: 15409,15116,14939,13064
13966: 14688
15539: 13058,13097,14602,14474
14090: 15051,13593,12854,13889,14477
14455: 13473
12986: 15419,15166,15349
13084: 13888
14086: 15398
13019: 12887,14516,15791,14973
13810: 
13032: 13738,14458,13327,13302,15709,13329
15247: 14413,28650,13867,13321,14849,14423
14210: 15779,12954,14391,14728,14935,14667
13195: 15455,14310,12998,15621,12949,13830
13138: 13744,12935,14986,15708,12893
14901: 15813,14561,15624
13101: 13609,14251,14443,15734,15457,13050
15295: 13638,15713,12922,13942,12921,14655
12930: 15772,13598,12886,13574
14297: 13895,15602,13285,13278,14196,15327
14408: 13841,14699,14769,13854
15035: 15078,28646,15600,14760,13795
13697: 14919,28558,15053,13770,12972,13730
14382: 14835,13791,14837,13998,14821
28558: 14919,15746,13697,14649,14700,13730
15353: 15168
13012: 13439,13857,15229,14860,15075,14502
14251: 13609,13101,15320,14123,15457,15423
15350: 
13305: 15703,13478,13716,14249,14208,14421
13543: 13918
13340: 13581,15403,15332,14752,15374,14424
14652: 13754,14000,15391
13051: 
13445: 14607,14305,15716,15109,14061,13396
13901: 14970,15566
15612: 14577,14193,13597,13246,15711
15718: 
13140: 14361,14040,13336
15520: 13723,28598,14103,15034
14671: 15172,15294
14936: 14029,13095,13018,14637,13040,14095
13218: 14214,14431,14155,13328,15312,15045
15620: 13708,15388,15235,13283,12979,14377
15398: 14086,13757,13605
14871: 13816,13005,14131
14329: 14482,14442,15774,15140,15000,12846
15593: 12845,14538,12823,14039,14378
13332: 15739,15253,14613,14866,14519
13469: 15509,15728,15468
14424: 15296,14175,15374,15563,13581,13340
14056: 14707
14769: 14408
15667: 14068,15281
13410: 12917
14649: 12843,14700,14632,13826,14979,28558,13730
14886: 13672,12817,14896,14139
14758: 14762,15646,14665,14374
14340: 13951,13301,15182,13044
13580: 13106,13414,13090
15540: 13098,13459,14420,13080,14501
13679: 12817,14690
12899: 15554,15414,14417,15290,14337,15433
14691: 13240,13314,13633,13371,14145,15497
13701: 13869,13710,14620,13702,13213,13491
15384: 14314
13556: 15339,12934,15682,12888,13833,13622
12963: 12859,14193,15506,13109
13843: 13812,14787
15444: 14235,15184,14845
13411: 13615,13422,13973,28618,15006,13105
14519: 12875,14613,15253,13332,14062
15072: 13046,13072,14816,14933,15651
13621: 14452,15581,15431
13816: 14871,13005,15122,15618
13827: 14845
15290: 28171,13984,14417,12889,12899,15414
14690: 13672,13679,14384,12887
14243: 14359
13481: 
14031: 13110,15119,15545,28640
14996: 12890,13998,15169,13117,14353,15731
13353: 14144,12853,14943,15267,14458
13178: 13428,14730,14269,14726,13677,14481
12875: 15485,14519,14062,15101
15329: 14733,13395,15309,15268
15256: 14773
14032: 15522,13634,14162,15375
15085: 14928,15557,14598,13565,14645
13791: 14835,14382
13395: 15329,14733,13526,14109,13809
14672: 14451,14133,14304,12865
13563: 13359,15600,15078
28550: 13133,13687,14213,15073,15048,15805
13965: 
14183: 
13747: 13247,15371,14564,15031
15542: 12843,14700,12925,15671,14814,13558
12912: 15146,14016,15759,13386,14618,13511
15352: 13397,13152
14645: 14673,13565,14025,14374,14598,15085
28643: 15397,28595,13368,15806,15386,13591
14012: 15440
13198: 14624
13444: 15264,15359,12832
15611: 14303,13852,13778
28575: 
13396: 14061,15340,15109,12992,13445
14199: 12909,15293
13245: 
14537: 13041,13596
14714: 14007,14146,14272,13886,12932
13079: 13156
15445: 13714,14959,14420,13707,13459
15781: 15406,13797,13322,14021,14686,13671,15645
13575: 14917,14368,14355,14934,14540,12827
13291: 12818,14912
13887: 
13538: 13902,14103,14017,13485
15317: 14325,14958,14066,14751
14557: 12889,13378,14904,14280,15749
28629: 
14514: 13362,14895
14006: 14793,14312,14878
13231: 
14991: 13339,12824,13376,13237
15192: 13030,13259,13566,12870
14125: 13509,13016,15025,12991
15196: 15708,12915,12893,14331,15536,15250
14471: 14044,14916
14011: 14494,15303,14986,13744
14778: 13768,14631
15065: 15596,15747,15584,14226,15503,15465
15399: 14526,13694,14882,15760,13360,12829
13460: 13914,14878
14395: 13023,13663,13896,13945,15543,15719
14196: 15258,15327,13355,12861,13278,14297
13925: 14975,14425,13960,15492,14888,14693
15700: 15013,12863,14899,14698,15102,15428
13985: 
13125: 15777,14108
14702: 14818,14788,14481,14002,14885
14614: 
15267: 14943,14144,13161,13353
14285: 15743,15794,15572
13565: 13393,14673,14645,15085,14709
14194: 14486,13350,13235,15194,15548
15736: 14895,13952
15508: 13749,14223
12954: 14417,15779,14210,14667,14337,14681
13449: 13814,14907,14668,13894,13996,13634
15687: 13253
14215: 15506,13109,15589,13769,13713,12947
13014: 15664,14544,28628,13168,14661
14122: 12865,14498,13910,14854
15600: 14924,28646,13563,15078,15035
14296: 
13038: 
13738: 13032,14458,13403,12853,13302
13519: 13660,12891
14842: 15654,13737,13115,14357,15220,15717
15551: 14607,13820,14843,12814,13269
14595: 
15469: 14725
13479: 13652,14536,15040,14023,15003,15783
14231: 13668
15459: 14638,15703,15177,15266
14928: 15085,14001,15557,13670,14598,15735
13159: 12907
14841: 14213,15731,13640,15169,15181,13687
15043: 15030,14970
13499: 13380
14806: 14518
14433: 14045,13608,13550,15498,14344,13877
15707: 14318,14129,15186,12822,14587,15575
15170: 14478,14632,14979,15436,15313,15388
28589: 13554,14390,15077,13211,15357
15118: 28648,28559,12959,15752,13826,12946
15231: 14831,13990,13143,14259,15456,13773
14948: 14994,12941,15468
15618: 14967,15122,13816,15301
13527: 14678,13702,14981,13616,14620
13295: 15483,13425
13623: 15080,14454,14446,14343,14927,14756,15076
14062: 13418,12875,14519,13961
13769: 12977,15203,12961,12947,14215,13109
14725: 12876,15469,15341,13425
14616: 13346
14522: 14174,14833,13947,14913,14663,13085
14959: 13714,15445,15062,15300
15377: 28371,13375,13212,15511,15789
13191: 15606,15319,13204,15186,15481,13760
15554: 12899,15414,15433,15473
13380: 13499
14175: 15296,14424,15563,14014,14148,14371
15052: 
12817: 13060,14896,13578,13679,14886
13581: 14169,13340,15403,15296,14424,14022
13050: 15457,15447,14027,13101,14564
13857: 13012,13439,13991,13635,14502,15541
15709: 13280,13522,13329,13327,13032,13232
14807: 12851,13323,15153,14389,14501
15208: 15258,14588,13709,12861,14049,15334
13868: 13822
13569: 14907,12857,14224,14873,14701,13420
14503: 14963,13331,14608,14796,14681
15205: 12960,14872,15557,15225,14747
15527: 14552,13209,15800,13293,15015,13877
13099: 13544,12978,15657,14999,13344,13817
14013: 13792,14766,13241,15328
14817: 15677,14556,14024
14218: 
13237: 13430,14991,13376,13461
15428: 15171,15700,14899,15124,15102
15366: 12993,15275,15396,12951
13342: 15699,13806,14802,13021,14575
14843: 14322,15159,12814,14607,15551,15716
15523: 
15236: 13715,14115,13001,14349,14968,15024
15214: 13956
15744: 
15241: 15790,14142,14914,13645,14983
14095: 14975,13040,13095,14936,14423,13978
14918: 14760,13717,14855
15037: 14077
15386: 14752,13591,15080,28643,13368,14955,13448
14232: 13167,13142
14287: 15510,13246
13677: 14726,14925,13178,14269
15742: 
15333: 13037,13584
14394: 12836,14743
13447: 
13554: 28589,15077,13264,15047,15357
13233: 15732,12962,13630,15721,14588,13230
13464: 15724,14891,12890,13881,14353
13655: 15760,15079,15447,14027,13118
13029: 
13624: 15367
15169: 14821,13496,14996,13998,15731,14841
15210: 14246
14573: 14282
15705: 14083
15740: 15727,15702,14427,14768,13793,15519
15615: 15278,15535,15200,13688
12917: 15641,13410,15792,14182
13542: 12977,12961,15158,13375,12860,15479
13530: 12921,14655,13275,15110,13703,13282
14107: 
15652: 14148,14371,13619,15404,15020,15425
15661: 14870
14118: 13790
15314: 15368,13545,15146,13111
15528: 15280,13617,14117,12841,14239
13604: 14363,14715,13767,14761,14120
13767: 14715,13604,14761,13638,15713,15465
13653: 
13208: 13153,13695
14804: 14270,12942
13561: 13960,13622,13978,28650,14849,12934,13388
14574: 13691,12918,14321,15061
14402: 12892,13953,13154,14254,14456
15763: 13401,15453,13087,14485,14576,15773
13427: 14389,14501
14269: 13428,13178,15269,13677
28641: 14599,13172,14259,15397,28595,28649,14838
13403: 15107,15566,14323,13302,13738
15567: 13454,15401,13938,12958,15115,15642
15701: 15391
14643: 15723,13866,14744,15586,14308,12984
15587: 
13683: 15521,14846,15694,14356,14851,12820
14077: 15037
15778: 14404,13549,13751
28634: 15737,15265,13186
13196: 14784
13735: 15434,15060,15427,15486
13348: 13533,15627,15133,13664,14622,14147
14935: 14276,14667,14277,12971,14728,14210
14775: 
13387: 14256,14710,12840,14590,13120
14635: 15224,13690,15008,15298,15766
14648: 15483,14389,14419
15216: 14924,13436,14188
15675: 
14732: 14124,13121,13860,14487
15429: 14587,15575,13474,13087,15453
15046: 13932
12865: 14498,14122,28535,13579,14304,14672
14753: 13429,15590,14071,15420,14134
14982: 13815,14051,15576
13182: 14737,13871
14456: 14254,14402,13918
14759: 14682,13577,15301,13590,14654
13271: 14774,15347,13508,15558,13585
13334: 14324,14947,14540,14368,15023,13717
14771: 13246,14682
12920: 13788,13258
14599: 13172,28641,14273,15541,12885,28595
12825: 14089,15113,15364,13900,15784,14318
13060: 12817,14896,13578,13566
12892: 14402,15416,13122,13072,13953
14345: 15496,13616,13318,13314,13633,14981
14316: 15351,15419,13820,14305,15349
12906: 13488,12900,13081,15249,13093,14376
14263: 
14767: 13165,14961,15358,12897,12959,28559
14729: 12855,15514,14869,12926,13059,15555
13568: 13381,13399
14739: 15275,13065,12993
14174: 14522,14833,14913,13039,13339
14570: 
15294: 13236,15793,14671
14279: 15213,13734,13030,15104
15093: 13073,12888,13833,13700
12907: 14280,13159
12833: 14966,14366,12830
14738: 15283,13929,15726,15738
15547: 15633,15044,13798,12943,14603,14500
13636: 14283,13848,14858,14164,14227,12950
14849: 14413,15247,28650,14423,13561,13978,12934
13700: 14134,12888,15590,15093
14366: 12830,12833
12975: 13733,15306,15480,13360,15771,13694
13287: 13864,12853
13498: 13055
13875: 
15799: 
13152: 13397,15352
15784: 13117,13900,13640,12825,15113,14718
15060: 15434,13735
14353: 13117,13900,13464,12890,14996,13962
13394: 15305,14748,15689,14153,14913
14670: 14008
12860: 15479,14990,14249,14884,15158,13542
14695: 13972,12931,15217
15259: 12911,13595,14078,14470,14708
12819: 15686,14802,13224,14686,13797,14106
13448: 14955,14930,14752,15386,15782,15403
12836: 13614,14743,14394
12966: 13048,15706
13681: 13602
15411: 13897,13358,28618,13718,13071
13560: 14530,13618,14379,12995
13171: 
15103: 15699,13806,13181,15619,13454,12958
12902: 13045,13705
13855: 13423,13075
15356: 13775,14441,13129
14811: 13929,15672,15597,15212
14553: 14466
15283: 14738,13929,14677,14475
15757: 15475
13331: 14503,14963,14276,14667,14681
14020: 14615,14854,14483,14451,14881,13090
14334: 14800,13970,15055,13729,13042,14972
15514: 14729,14705,12855,13893,15165,15555
13863: 12951,15257,15396,13035,13798,14603
15670: 14450,14644,13265,14567,13736,15372
15382: 
13907: 14988,15018,14994,15811,15426
14968: 14349,12973,14781,15236,13001,15240
12956: 
13878: 13250,12937
15292: 
15651: 14933,14535,13139,13046,15072,13648
13658: 14828,12847,12921,13275,15713,14715
14633: 13221,14914,14818,15358,14885,13165
15354: 15106
14940: 13228,14716,28648,14478,12946,13068
15708: 15196,12915,12893,13138,14038
14803: 13523,14449,14978,14908,15478,13979
13599: 13536
15375: 14162,14745,14224,14032
13355: 15765,12861,14545,14302,13278,14196
12859: 12963,15711,15510
14145: 14814,13558,15325,13371,13240,14691
14127: 13750,14365,14608,14796
15480: 15306,12925,12975,13694,14814,15325
13882: 15605,15021,28639,14934
14133: 14672,14322,12814,14468
13002: 14788,14625,13909,12903,14002
13028: 
13141: 15089,14335,14256,15245
12968: 13806,14575,13027,13858,13454,15401
13035: 15396,14659,13528,13863,13798
14152: 14228,14550
12926: 13074,13903,28584,14869,14729,13059
12973: 14349,14605,14968,15240,15017,13081
13698: 15624,14406,15813,13999,14173
12982: 28298,14176,13601
15699: 15103,13806,13342,13021,15753,15619
13716: 14321,15061,14249,13305,13478
13851: 14025,14374,15646,15576
14558: 15614,13320
13916: 14883,14369,15149,14827,13324,15126
14188: 13359,13520,15216
14169: 13581,15403,15782,14055,15144
14526: 15399,13694,13371,14882,13000,15325
15015: 14344,13471,13877,14858,15527,13293
13906: 14689,13197,14976,15680
14046: 14180,15678,14094,15674,14418
14493: 
14508: 13840,12870,14037,13030,15745
15028: 15774,14617,13203,14177,14442
14426: 14491,13277,28607
14507: 13680
14423: 13095,15247,13321,14849,14095,13978
15691: 13772,15114,13031,13034
15405: 15690
15436: 14422,13068,14478,15170,15388
14655: 12921,13530,13282,13103,13942,15295
15107: 15566,14323,13446,13403,13024
13040: 14975,14425,14095,14637,14936,13110
13284: 13162,14429,15564,15676
14420: 13080,15808,15644,15445,13459,15540
14084: 15601,14704
13489: 
15516: 15724,14891,14834,13711,14951
14161: 15530,13343
15596: 15065,15747,13217,13177,15608,15770,15584
15090: 15669,13372,14360
15463: 
13288: 15039,14021,13406,28539,14261,13322
15754: 
15714: 15680,13722,15179,14216,13260,13800
14925: 14726,13677,13645,14559,14983
14799: 12932,14233,13852
15808: 14420,13080,13712,14309,15644,14783
15583: 
14061: 15340,13396,14768,15716,13445,14944
15622: 15244,13400,12996,13761,13238
15389: 14050
13528: 15057,13035,14659,15345,15044,13798
12957: 15641,13611
14782: 13107,13457,12831,13124,15491,14992
28618: 13973,15233,13718,15411,13071,15006,13411
13376: 14200,12824,14991,13237
13648: 14857,15568,15651,13139,13046,13977
13531: 15677,14629,15361,13317,14556
13401: 13419,13671,15645,15453,15763,15621,15773
15081: 15672,14511
13461: 14432,13237
13276: 13936,13950,13413,15407
14815: 13656,14466,13706,13164
13408: 
15653: 13668,13921,15304
15129: 13428,14730,14479,15623,14625
14509: 13127,12980,14450,13265,13801,14150
15471: 15732,13487,15663,13607,13227,13015
13711: 14834,13995,14837,15516
14375: 14314,15102,15171,15385,14171
14098: 28371,15158,14311,14149,13357,14853
14373: 13692,14030,14072
13207: 12989,15287,14747,14001,14271
13922: 12821,15497,15288,13000,15022,14052
15686: 12819,13525,13345,14802,15067,13224
13977: 14003,13154,13166,13046,14857,13648
14124: 14732,13753,13234
28619: 15359
12884: 13945
13547: 14713,13576
14975: 14425,13040,13925,14095,13960,13978
13156: 13079
14282: 14573
14393: 15668,13176
13045: 14794,12902
14450: 15670,14644,13265,13435,13801,14509
14275: 13491,13710,15761,15279
14404: 14339,15778,13549,14953,14158
14976: 13003,15360,14216,15680,13906
12935: 28609,15442,14900,14986,13138,12893
15689: 14748,13394,14411,15363,14485,14153
13777: 15656,14092,28628,13006,14879,13865
14854: 14020,14122,14451,14881
14325: 13675,14958,15317,14066,15110,13703
14549: 14950,13997,13297,12834,14546
14502: 14273,15541,13012,13857,14198
13815: 14982
15063: 13628,14756,14343,13078,14026
14344: 15015,13471,13877,14433,13550,15360
13929: 15283,14738,15672,15212,14811
15560: 13570,13667
13728: 12879
12905: 14258
13740: 14566,15285,14551,15609,15688
28625: 
14417: 15779,12954,15290,28171,14337,12899
14305: 14607,13820,13445,15109,14316,15351
14478: 14632,15170,12946,14940,15436,13068
13228: 15685,15725,14716,14940,15308,14289,13068
13018: 13661,13286,14637,15111,14029,14936
14201: 15019,15569,15496,14847,14240
14965: 14134,28611,14160,13785
15635: 14362
14679: 13885,15307,14391,15785,15779,28171,13984
15301: 15684,14967,15618,14654,14759,13577
14727: 13959,15033,15706
15419: 12986,13337,14316,14563,15166
15659: 13297,14926
14631: 15517,15478,14449,13249,14778
14653: 14791,12828,13787
14071: 14753,14717
14992: 14281,13324,13831,13107,14782,15491
13742: 14830,14922,15026
28559: 28648,15562,15118,14961,14767,12959
14439: 15349,14942,13269,13056
12820: 15114,13031,15694,15521,13683
13974: 15135,14610,14848,14082
15068: 13796,15439,14510,13434,14897,15059
14432: 13339,13461
15788: 13435,15345,13801,15633,15044,14604
13144: 
14627: 15565,14824,13968,12914,14813
15026: 13742
15311: 15010,14179
15251: 13920,14364,14496
14548: 
13206: 15454
14058: 13111
15810: 14338,14929
14705: 12855,15514,14828,14641,14363,15165
13304: 13923,15494,13290,14434
14917: 28646,13575,14355,14924,13795
14298: 13611,14397,15441,13982,14543,14555
13870: 15166,15692
14441: 15356,13129
14363: 14715,13604,14828,14705,14120,15165
13465: 15458,13242
14407: 13123,14301
14312: 14006,14793
15137: 15202,14443,15734,14876,15585
13579: 15519,28535,14944,14304,15159,12865
14271: 13336,15735,14001,13812,12989,13207
13659: 14364
13318: 14345,15496,13314,15234,15053,15569
15016: 
12934: 15339,13556,28650,14849,13243,13622,13561
15287: 12989,13207,14747,13986,14923,14222,14367
14793: 14006,14312,14878,13818
14872: 12960,15205,14747,13311,14840,14222
13109: 15506,14215,15203,13769,14193,12963
14612: 
14546: 13719,14549,13297,14328,14805
14752: 15332,15386,13591,13448,13340,15403
13550: 14433,14045,14344,13003,15360
15084: 13064
15074: 
14170: 15322,15679
13298: 
14866: 14613,15482,14081,13185,13332
13261: 14971,12979,14377,15282,14920,14583
14029: 13095,14936,15111,15088,13192,13018
13995: 14837,15297,13711
15513: 
14876: 15137,13699,15758
15123: 15351,14692,14082,15109,12992
15269: 14269
14780: 
14897: 14486,15206,13434,15068,13350
14220: 13188,15482,14274
14421: 14208,13713,12947,15479,14249,13305
13089: 14396,14838,13817,15806,13067,13326,15145
13430: 13237,13788
14035: 13813,13931,13971,13692,14042
13795: 15023,14760,28646,14917,14368,15035
14589: 13462,14820,13771,14669
13950: 13276,14068,13884,14750
15250: 14856,15536,15196,13523,14978
13016: 13509,14125,14623,12991,14932,15224
14357: 13893,13115,14842,14070,15395,15717
13491: 14275,15254,13869,13710,13701
14272: 13886,14233,14714
15154: 
14462: 13150
13941: 28591,13466,13074,15413
15786: 14639
14777: 14565,14869,13076,12862,14641,12855
14085: 15795,15481,14461,13936
14674: 
13982: 14391,14728,15785,14543,14298,14555
13669: 
13945: 15543,14395,15719,12884
13232: 13299,14683,14437,13327,15709,13522
12925: 15306,15480,15671,14299,14814,15542
15101: 14773,13915,12875,15485,13961
12952: 14069,15243,14961,13510,15562,15725
13695: 13153,13306,13208
12987: 13258,15722,12916,15010
15397: 28643,28595,28649,13368,28641,14838,15806,13591
15153: 14336,13323,14339,14807,12851,14640
13130: 
13485: 14017,14207,13538,13902,15126,15149
14810: 15266,14208,13713,15589
14365: 13750,14127,13047
13441: 
15668: 14393
14103: 13538,13902,15034,15520
13627: 
13642: 14597,13486,13313,14734
13071: 14004,15006,13849,15411,13358,28618
14016: 15146,12912,13734,13545,28557,15759
14629: 13316,13317,14556,13392,13531
14294: 
14978: 14908,15250,14331,14803,13523
13888: 15094,13084
13256: 13059,12868,13374,15555,14877,15395
14542: 14552,13209,14857,15809,14003,15598
15564: 15004,13352,13756,15727,13284
14238: 15582,13825,12994,13926,13919
13129: 15356,14441
13425: 15370,13295,14725
13513: 14311,15092,15255,14820
13081: 12906,12900,15017,12973,14605,15249
15127: 13075,13183,13644,13352,13910
12879: 13728
15038: 14511,13132
15179: 15714,14005,13492,14216,13260
14444: 13179,12996,13792,15344,13241,13400
15803: 14824,13702,13137,13869
13315: 15556,15201,13732
13229: 13440,13388,13622,13833,13073
13405: 14720,13707,13459,13215
14187: 13506,15195,14912
15242: 14342,14717,14989,14499
14951: 14870,14746,15516
14888: 15492,14899,15545,14425,13925,12863
15100: 14682,13577
12853: 13287,14943,13738,13353
12852: 13307
13102: 15362
13879: 15057,14724,13585,15347,13911,13432
14440: 13743,15490,15111,13286
13005: 13816,14871,14703
15312: 15022,13968,15045,13218,13328
14977: 14844
14470: 14662,13757,14832,15259,12911
14766: 14473,14474,13058,14013
15759: 14763,28557,15472,12912,14016
12927: 13883,15592,15462,15586
13675: 14325,14958,13703,14091,14825,14465
15807: 13958,13759,14906,14887,14158
14132: 15450,14867,15544,15092,13741
12841: 14117,15528,15340
14093: 
13243: 13546,15289,14413,28650,15339,12934
12991: 15008,15025,14125,13016
13672: 14886,14690,14139,13586,15791
14607: 15551,13820,14305,15716,13445,14843
13160: 14381
15574: 12839,12944,14763,14307,13252
13241: 15344,15328,14013,13792,14444
15440: 14012
15566: 15107,13403,13901
13431: 13251,13133,13687,13024,15181,15148
13364: 
13369: 13173,14121,13134
13393: 14673,13565,13409,15594,14931,14709
14117: 13551,12841,14239,15528
13467: 
13968: 15312,15022,15380,13328,12914,15565,14627
15012: 15156,14039
28171: 15290,13984,14679,14417,15779
13238: 15505,14076,15622,12996,15246,13761,13991
14529: 15195
14801: 15069,13625,13374,14877,13548,13457
13386: 13111,15146,12912,13511
14561: 15588,13731,14901,14921,14586,15624
14203: 
14255: 
15401: 15567,13454,12968,13858,15115,14147
13720: 14505,13303,14126,14735
14838: 14396,13089,15806,28641,13990,14259,15397,28649
13501: 13222,14205
14193: 15612,14577,15203,13109,12963,15711
28644: 13723,28598,14416,28591,13466
15194: 13022,15501,14486,15308,14194,14289
14389: 13427,14501,14807,15483,14648
13775: 15356
14005: 14164,13415,13492,13908,15042,15179
14409: 13908,15042,15663,15082,13896,13828
13000: 14526,13371,14882,14052,13922,15497
13975: 15099,13839,15576,15344
15598: 14234,15498,12955,14003,14542,13209
13611: 14298,14397,13349,12957,15641
13912: 
14823: 13436,15605,13779
14100: 14731
15458: 13465,14165
15621: 15773,14663,13401,13671,15455,13195
14677: 15283,12988,13856,12826
15152: 
13555: 13142,15613,13443
15776: 13921,15304
13258: 15722,12987,14200,12920
13346: 14616,13584
12871: 15316,13281,15486,14028,14097
14326: 13088
14836: 13589,14626,13216,13674
14091: 15639,13076,14825,14465,12862,13675
12995: 14379,14207,13512,14530,13560,13524
14138: 12856,15530
13871: 13182
14795: 12929
13559: 
14022: 14569,13581,15296,12877,15144
14262: 15494
14463: 13418,15253,14037,14178,13840
15735: 13336,14271,13670,14928,14001
12955: 14234,15598,14003,13166,13216,13589
15022: 15312,13968,14052,15045,12821,13922,15565
13786: 13230,14112,12962,13951,13301,15415
14075: 12824,15573,14181,15722
13073: 13794,15093,13833,13450,13229
13741: 15120,14132,15092
15710: 14459,14359,15572,15282,14583
15639: 14091,13076,14825,13312
14651: 15134,13847,14600,13484
14563: 15351,14692,15209,14159,15419
13806: 15103,15699,13342,12968,14575,13454
13457: 13107,14782,12831,13374,15069,14801
14348: 
14641: 14828,12847,12862,14777,14705,12855
14166: 
13872: 13733,15306,15232,13963,14476,14299
13497: 14252,12990
15357: 15674,28589,13554,14390,15047,14513,14094
14927: 14343,13809,14109,14198,14446,13623
15007: 15095,14880
13668: 14231,15653
14764: 13290,15420,14268,13639,13025
13312: 14565,12844,15639,13076
14826: 14229
14155: 14839,13066,14980,14431,13218,13169
13381: 13568,13399
14425: 14975,13040,13925,13110,15545,14888
14157: 14998,13598
13880: 
12876: 15310,14725,15341,13267
13838: 
13727: 14292,14840,14741,14512,13226,15338
13900: 13117,15784,14353,15364,13962,12825
15535: 15278,15615,13184,15200,14572
15442: 14900,12935,14986,12842,13971
15237: 14998,15461
15416: 13122,14500,14452,13696,12892
15188: 14036,14267
14545: 15765,13355,14209,13539,14593,14302
13493: 13350,15059,13235,14469,14893
13935: 13282,15518,15001,13026,14066,15110
15126: 13324,13831,13902,13485,15149,13916
15122: 13891,14967,15618,14634,13816
13370: 
28553: 13310
15121: 14892,13832
15606: 13191,15319,13204,14378,12845,13726
15202: 15137,15734,15758,12974,13149
15106: 15354
14891: 13464,15724,15516,14837,12890
15758: 12974,15202,14876
13338: 14662,28616,14832
14919: 28558,15234,15746,13697,15053,13730
28628: 13006,13168,13014,14661,15656,13777
15098: 12976
15499: 
14473: 14766,13437,15274,13573
14030: 13692,14373,15164,13135
15502: 15796,12894
13165: 14961,13510,14767,13221,14633,15358
15633: 15547,15044,15788,14604,13122,14500
14571: 13800,14785,13023,12835
14582: 14902,13578,15582,13825
13392: 14556,13347,15524,14629
14983: 13645,14726,14925,14818,15241,14914
13782: 15599,13148,14403
12962: 13233,15732,13230,13786,15415,13227
15300: 15279,13557,13949,15062,13714,14959
13962: 15364,13676,14945,13881,13900,14353
13989: 
14176: 28298,12982,15630,14467,12874,15056
15446: 14856,15536,13813,28609,14900,13390
13474: 28539,14547,15575,15429,13419,15453
13339: 14991,14432,14174,14833
15536: 14856,15446,15250,28609,15196,12893
14622: 13613,14147,13348,15627,14179
13352: 15004,13644,15564,15676,15127
14885: 15358,14313,14702,14633,14002
14089: 12825,15113,12822,15346,14547,14261
14957: 14400,14336,13529
13590: 13212,13361,14654,14759,14682,13597
14202: 13834
15609: 14719,14551,13740
15517: 14631,15478,13979,14204
15318: 15207,15692
15075: 13526,14109,14198,15229,13012
13921: 15776,14518,15653
13514: 28638
13614: 12836,13362,12854
15281: 14461,13884,13521,14068,15667
14459: 15710,14359
15392: 14952
14147: 15115,14622,13664,13858,15401,13348
13617: 14768,15280,15528,13793,15340
12880: 14737,14719,13100,13121
13864: 13287
15451: 
13717: 15023,14760,13334,15634,14918
14041: 15020,15409,15151,13365,14939,14054
14190: 14512,15143,15379,15741,13157,13187
15078: 15035,13684,15600,13563,12919
14733: 15329,13395,13438,13526
12976: 15098
14119: 15732,15721,15327,13285,13487
13149: 14564,15202,15734
13078: 14343,13809,15309,15063
14712: 
14693: 13440,15058,13388,13925,13960,15492
15782: 14055,14930,13448,14169,15403
14731: 14100
15578: 
12881: 14401,14532,14204
13780: 
13558: 14145,14814,15542,14700,13240,15746
14158: 14887,13837,14953,15807,13549,14404
15581: 13621,14946
15104: 15157,14279,13734
14045: 14433,13608,13550,13136,13003
15768: 13603,13270,13057,14504,14791
13262: 13715,13001,13548,15643,14410,13625
15167: 14018,15466
14265: 
15713: 15295,13638,12921,13658,14715,13767
12856: 14819,15704,14138
14632: 14478,15170,13826,14979,12946,14649
13186: 14293,15265,28634,13784
15203: 12977,13769,15789,14577,14193,13109
13830: 14181,13263,14310,13195,15573,12949
13184: 13673,14487,13665,14572,13442,15535
15568: 14857,15809,13648,13139,15024,15464
14406: 13698,14586,14173,14332,13062
15168: 15353
15417: 13917,14341,14988,15018
13729: 14332,13721,14334,14510,14972
13274: 13607,15415,13227,15097,15182,15432
14831: 13990,15231,13143,14999,15342,13344
12861: 15765,13355,14049,15258,14196,15208
15797: 14921
12854: 14090,15051,13362,13614,13889
28584: 14565,12844,14869,15413,13074,12926
13813: 14035,13931,13971,14900,13390,15446
15793: 13236,15294,13354
14207: 14379,14017,13485,12995,13512,15149
15010: 15311,12916,15627,12987
13328: 15380,13169,13218,15312,13968
14889: 
15676: 12945,13284,14429,13352,13183
14288: 13754
13030: 15192,14508,12870,15745,14279,15213
13552: 13712,14309,15027,14906,13054,14887
15082: 13487,15663,13895,13285,13908,14409
13091: 
14347: 13969
15263: 15305,14748,12883,14330
15569: 15019,14201,14010,15053,15496,13318
15070: 14789
13015: 13663,13896,15471,15663,13607,15097
13142: 13555,14232
14604: 13193,14150,15788,13801,15633,13122
13586: 15791,13672,14139,15157
14397: 14298,13611,13349,15139,15441
15802: 15197,13034,13973,14794
15177: 13587,14436,15459
13706: 13164,14815
15515: 
14773: 15101,15524,14101,15256
15525: 
13253: 15687
13784: 13602,15265,13186
15021: 28639,14934,15550,13882
14073: 14009,14469,14197,15794
12889: 14557,14904,15290,13984,15749
14915: 15530,14524,14954
15211: 15435,15048,13406,12878,13224,15039,13525
13362: 14514,13614,15051,12854
15470: 
14845: 14694,13827,15444
14786: 15426,13721,15439
13641: 13564,14418
14386: 14228,14638
15548: 14009,14630,14194,13235,13022
14247: 
14602: 14474,15539
13251: 13431,13133,15148,15138,13647,14437
15221: 15173,14704
15556: 13315,15201,14966,13732,15632
15347: 13271,13944,13946,13432,13879,13585
15696: 
13289: 14315,15577,15490
13325: 
15671: 13495,15752,14299,12925,12843,15542
15430: 15630
12981: 
15769: 13955,14879,15215,15434,15316
14687: 14114,15334,13709,13618
15809: 14857,15568,15464,13802,14552,14542
13500: 14611,14023
13584: 15333,13346
14586: 15624,14406,15588,14561,13970,14332
14069: 13042,15243,12952,13844,15685,15725
14661: 13219,14969,15664,13014,28628,15656
13020: 14832,15142,14438
14248: 
14510: 14972,13434,13729,13721,15439,15068
13257: 15694,14734,13486,14338,14929
15360: 14976,13003,14344,13471,13550,13541
13884: 15281,14068,13936,13950
13033: 
15368: 15314,13764,14657,15264
14418: 13641,13564,15011,15674,14046
15047: 14513,13554,15357
13834: 14689,14202
14964: 13891,14967,13357,13361,15511
13779: 15605,13436,14823,14355
14182: 12971,15792,12917,15729
14037: 14178,14463,14508,13840,12870
14605: 14349,12973,15464,12900,13802,13081
13685: 
14254: 13216,14456,13953,14402,13154,13166
14479: 14023,15003,15129,15623
14036: 15188,14902,12873
13116: 13564,15011,13354
13650: 14226,15503,15096,15412,14567,15372
15310: 12876,15370,13267
13509: 14125,13016,14623,13571,14356
13220: 13423
14167: 
15053: 14919,15234,13697,12972,13318,15569,14010
13183: 13075,15127,12945,15676
13876: 
13429: 14989,14753,14134,14717
14909: 
15462: 14658,14706,14676,15592,12927,14736
12883: 14330,15407,15363,14748,15263
12989: 13207,15287,14271,13812,13986
15555: 13256,13059,14729,15514,13893,15395
13375: 28371,15158,15377,12977,13542,15789
13330: 14195,14088,15014,14390,13211
14311: 15092,13513,14149,14853,14098
13703: 13275,13530,15110,13675,14325,14465
14126: 15050,13303,13720
15607: 14592
14137: 14541,15441,15139
14447: 
13913: 13409,15355,15246,14076,13455,15594
15720: 13665,14572,15278,13946,14774
15679: 15322,14170,15798,14324,15634
14814: 14145,13558,15325,12925,15480,15542
15695: 13177,13077,14350,13407,14531,13442
15367: 13197,13624
14430: 13942,15337,14531,13177,12922,13217
12943: 13452,14603,15547,14500,13537,13696
13811: 
14332: 13729,13721,14586,14406,13970
13145: 15270,15643,14410,12816,15717,13737
13306: 13153,13695,28298,14467
15207: 14228,15318
14534: 
15409: 15020,14041,15425,15116,14939,14797
14659: 13035,15558,15057,13585,13528
13937: 15178,14787
15067: 15686,13345,14802,12965,13189,13021
13432: 13911,15412,13944,15347,13879
14467: 14862,12874,28298,14176,13306
13480: 13077,13407,13017,14744
13105: 15006,13849,13422,13411
15275: 14739,15558,15366,15396
14584: 14790,15787,14812,14594,14578
15172: 14489,14671,15756
14378: 15156,15593,13726,15606
15165: 13893,14120,13115,14363,14705,15514
13689: 14217,13553,14642
13525: 15686,13345,15211,15048,12878,13224
13308: 
14123: 15320,15623,15003,13609,14251,15783
14636: 13938,15704,12958,13181,14805,14819
14482: 14329,13390,14856,15000,12846
13532: 14491,14364,28607,14140
13157: 15697,15741,14190,13612,13187
13335: 13656,14466,13175,14765,14963
15245: 14581,13141
15395: 14877,14070,13893,14357,13256,15555
15673: 14952,15280,14650
15274: 14473
15379: 12988,13517,15338,14512,14190,13187
15030: 15604,15043,14970,13540
13915: 15101,15524,13316,13961
15197: 13034,15802,15114,13507,15233
15753: 13189,13021,14063,14950,15699,15619
14223: 15508,14257,14669
13158: 12969,15423,13475,15447,15771,13118
12929: 14606,15031,14795
15678: 14046,15276,12931,14489
13110: 14031,15119,15545,14637,14425,13040
13100: 12896,14719,12880,14566,13017
15597: 15672,14811
14583: 14920,13261,15282,15710
15680: 15714,13722,14216,14976,13906,13197
13108: 14007,15218,13776,13120,14984,14146
12877: 15136,15144,14569,13992,14022,14792
14600: 14651,15326,13484
15627: 13533,13348,14622,15010
14776: 15613
15476: 
13980: 
15795: 15481,13760,14085,15393,15155
15184: 14235,15444,14057,15307
14490: 
15518: 13282,13935,15001,14308,13103,12984
15711: 12859,15612,14193,13246
13327: 15138,13302,13032,13232,14437,15709
15339: 13556,12934,15682,13243,15289,14910
15097: 13274,13607,13015,13663,15432,15543
13054: 13905,14906,12972,15019,14010,13552,15027
14960: 
13582: 14184,14445,13423,15570
14240: 15504,15062,15019,14201,14847,15027
13082: 15175,14930,14301
15464: 14349,14605,15024,15568,15809,13802
14539: 15662,14460
15219: 
13783: 
14501: 14389,13427,14807,12851,15540
14208: 14421,13713,13305,15703,14810,15266
13379: 13732,15032,15577
13365: 14569,15151,13992,14041,14054
14449: 14803,13523,12846,13249,14631,15478
15161: 15634,15636,14083
14156: 13266,14615,14483,14099,15466
13616: 14345,15496,13527,14981,14620,15665
13037: 13823,15333
14875: 13602
14658: 15462,14706,14676,14721
14946: 13918,15581
15811: 14994,12941,14445,13907
15694: 14734,13257,14851,12820,13683
13466: 28591,13074,13941,13903,15238,14416,28644
13592: 
13391: 14301,13628
13639: 14268,14711,14910,14286,14764,15420
14724: 15057,13879,13911,14644,13435,15345
14180: 14046,15276,14094,14195,15222
13404: 15268
13909: 15320,15623,14625,13002,13475,12903
13193: 14604,14150,14816,13122,13072
14932: 13358,13453,13016,14623,15224
15080: 14454,13623,13368,15076,14955,15386
14400: 14336,14339,13751,14957
13046: 15072,13953,15651,13648,13154,13977
15144: 15136,12877,13412,14055,14169,14022
14611: 13500,14438,15040
14413: 15247,28650,13867,14849,14523,13243,13546
12842: 14072,13692,13971,15442
13155: 14685,13167
14979: 14632,15170,14649,15313,13770,13730
14987: 13715,14115,15643,12816,12948,14535
14362: 15635,14004,13849,13333
12993: 15366,14739
15276: 14180,15678,15222,13570,12931
13807: 13792,13573,14699,13400,13948
15182: 13301,14340,13274,13057,14993,15432
15018: 13907,14988,15426,15417
15218: 14007,13108,13120,15089
13845: 15794,15572,15282,14009,14630,14971
15775: 14624,14591,13626
13597: 15612,14577,13212,13590,14682
15008: 12991,14102,14635,15298
14110: 14708,14078,15693
13322: 28539,14021,13288,13419,15645,15781
14198: 14109,15075,14273,14502,14927,14446
14908: 14978,14803,13979,14401
14638: 15459,15266,14386
13136: 14852,14045,14916
13439: 13012,14221,13761,13991,13857,14860
12996: 13179,15246,14444,15622,13238
13903: 13466,13074,12926,13059,12868,15238
15604: 15030,14835
13264: 13678,13554,15077
15565: 14627,14824,15022,13968,12821
15630: 15394,15430,14176,15056
13860: 13077,14350,12896,14732,14487
14969: 13219,15088,14661,14315,15664,13743
15359: 28619,14043,13444,13567
15381: 15579,13852
15191: 15805,12878,13647,13299,12965,13345
15189: 14741,14923,13835,13517,15338,14475
14989: 13429,15242
13115: 13893,14120,15165,14357,15220,14842
15544: 14132,15450,13749,15255,15092
12988: 13517,15379,14677,13856,13187
14768: 13617,13793,14061,15340,15740,15519,14944
14270: 14804
14848: 14985,13974,13551,15387
15212: 12826,13929,14811
13433: 13662
13801: 13435,15788,14450,14509,14604,14150
13954: 15079,13247,15371,14431
14097: 14268,14711,14028,13281,12871,28647
14591: 13443,15775
14765: 13175,14354,15323,13335
15570: 13582,14988
15039: 13224,14021,13288,14686,15211,13406
13139: 14535,15651,14115,15024,15568,13648
13246: 14771,15612,15711,14287
12863: 28640,15013,15700,15545,14888,14899
13294: 12970,14072
14827: 14281,13324,14850,14369,13916,13503
13577: 14759,15684,15301,14388,15100
14106: 14575,14995,14686,12819,14802,13797
15117: 
14018: 15167
15079: 13655,15760,13954,14027,13247,12829
13910: 14881,13414,13644,14122,15127
15603: 15592,14812,14594,14676
13644: 15004,13352,14498,15127,13910
14981: 13527,14678,15288,13633,14345,13616
15132: 
13069: 14302,15580,13278,14283,15602,14227
13671: 13401,15645,15406,15781,15621,15455
14597: 13642,13486,12942
14910: 14711,13639,15289,15339,15682,14286
12933: 
15461: 13389,15237,13574
15595: 13248,13865,14028,14879,15316
14890: 
13721: 13729,14332,14786,13062,14510,15439
14181: 13263,13830,12916,15573,14075,15722
13001: 13715,15236,13262,13625,14781,14968
13805: 
14576: 13947,14153,14485,15763,15773
28646: 14917,14924,15600,13795,15035
13326: 13067,15374,15563,15145,13089,15348
13090: 14881,13414,14020,13580,12867
15505: 13635,13629,14076,13238,13991,15083
14779: 
13074: 13466,13941,13903,12926,28584,15413
15447: 15457,13050,14027,13158,15423,13655,13118
13367: 
15181: 14290,13496,14841,13431,13687
14970: 13901,15043,15125,15030
15672: 15081,15597,13929,14811
15495: 14258,28520,15162
13696: 13537,14452,12943,15416,14500
15408: 13704
13787: 14653,13366
13242: 14735,13465,14165
15660: 
15496: 14345,13616,13318,15569,14201,15665
13667: 13789,13570,13972,15560
28598: 13723,15520,14416,28644,28591
14200: 13376,13258,13788
13333: 15766,15291,13690,14004,14362
12909: 14199,14051
14873: 13612,13856,12826,14701,12857,13569
12908: 15406,13797,14995,12998,15252
14230: 13778
13712: 14309,13552,14887,13837,15808,14783
14914: 13221,14142,15241,14633,14983,14818
14266: 
13539: 13512,14883,14209,13524,15765,14545
14259: 13990,15231,13773,13172,28641,28649,14838
14299: 13495,15671,14476,13872,15306,12925
15019: 15569,14201,14010,13054,14240,15027
13622: 13561,13556,12934,13833,13388,13229
15229: 13854,14860,13438,13012,13526,15075
14911: 14973,13940
15487: 
14995: 14575,14106,13797,12908,13027,15252
12951: 15257,13863,15366,15396
14701: 12826,14873,13569,13420,12837
15613: 14776,13555
15285: 14566,13017,13740,15688,13883,15723
14704: 15221,14084
13859: 
13904: 13092,13969
15738: 13132,15726,14738
14431: 12829,14214,13218,13954,14155
14066: 13026,14751,13935,14325,15317,15110
15064: 13930,13010
14070: 14877,13548,15395,14357,14410,15717
14521: 
15783: 15585,13609,13652,13479,15003,14123
15171: 15428,14749,14087,15124,15102,14375
15522: 13634,14032,13894,15626
15521: 13897,13507,13683,14846,15114,12820,13718
13828: 14785,13023,14409,13896
15173: 15221
14204: 15517,12881
13524: 15765,14049,12995,13512,13539,14530
14735: 13242,13720
13680: 13428,14507,14023
13736: 15654,15372,13737,15670,13265,15270
13201: 14064
13593: 14090,15131,13168,14477
14856: 15446,15536,15250,14482,12846,13523
14536: 15142,15040,13595,13652,13479
13762: 14229
13549: 14920,14158,14404,15778
15062: 14240,15504,14847,15300,14959
12818: 28587,13291,14912
13323: 14336,13529,15153,14807,15483
15162: 14381,12886,15772,14258,15495
14120: 13115,15165,15220,14363,13604,14761
13673: 13184,14487,13234,15200
13649: 15529,13088
14783: 12851,14640,13712,13837,13080,15808
15577: 13289,13470,13379
13162: 13284,14429,14798,15601
15302: 
13606: 14173,14994,13062,15426
15450: 14132,15544,13749
14958: 13675,14325,15317,14825
15346: 15435,14718,15073,13406,14089,15113,14261
15083: 13773,13172,13635,13629,15505,15541
14862: 14467,12874,14861,15041
14128: 
13337: 15419,14159,14579,15166,15692
12947: 14421,13713,15479,13769,12961,14215
15734: 15137,15202,14443,13101,13149,14564
14427: 15740,15727,13793,13756,14650
15457: 13050,15447,13609,14251,13101,15423
13122: 15416,14500,15633,14604,13193,12892
14789: 15070
13192: 13219,15088,15335,14029,13095,13321
15378: 14358
13502: 
14654: 13361,13590,14967,15301,14759
12815: 13463
14355: 14917,13575,14934,15605,13779
14241: 13952
13343: 14161
15704: 14636,13938,12856,14819,13964
13670: 14762,14598,14361,14928,15735
14154: 14260,14468,15531,15552
15452: 
15262: 14317
15304: 14300,15776,15653
15546: 13279
15113: 14089,12825,15784,14718,15346
13112: 
15186: 14129,15707,13191,13204,13760
14579: 14159,14550,13337,15692
15206: 14897,14486,15308,13844,13434,15685
13137: 13048,15254,14813,15803,13959,13869
14302: 15580,13069,13278,14593,13355,14545
14972: 14510,13434,14334,13729,13042,13844
12862: 14091,13076,14465,12847,14641,14777
15111: 13743,14440,15088,13286,13018,14029
13021: 13189,15753,14802,15067,15699,13342
13951: 13301,14340,14112,13786
14697: 14696
13983: 
15240: 15017,14850,13147,14781,12973,14968
15642: 13964,15567,13938,15115,13613
15674: 15357,14513,14046,14094,15011,14418
13350: 13493,15059,13235,14897,14486,14194
13722: 15714,15680,13197,13800,12849
14468: 14154,14260,13824,14133
12874: 14467,14862,14176,15056,14861
14625: 14788,13002,14481,14730,15129,13909
14082: 13974,14692,15123
12844: 28584,13312,14565,15413
14481: 14788,14625,14730,13178,14726,14702
15588: 14561,13731,14586,15790,13970,15055
13849: 14004,13071,15006,13105,14362
12922: 15295,13638,13942,14430,15747,13217
13214: 15599
14475: 13517,15189,13835,15283
13856: 13612,13187,14873,12988,14677,12826
15423: 13158,13475,14251,15320,15457,15447
13943: 12913,14360,13053,14680
14043: 15359,13567
14868: 
13453: 13358,14932,15224,15766
15479: 12860,14249,13542,12961,14421,12947
13832: 14892,15121,15136,13412
15217: 14497,13972,13789,14695
15702: 15740,15727,15519,28535,15004,14498
13933: 13521,13726,15156
14225: 13225,13583
14067: 14244
15273: 13025,14392,13281,14268
15054: 14528
13006: 28628,13168,14477,13955,14879,13777
14550: 14159,15532,14152,14579
15748: 13188,13748
28591: 13466,13941,28598,14416,28644
15174: 15719,12835,14562
15131: 15715,15032,13593,14544
15306: 13733,13872,12925,12975,15480,14299
15279: 15300,13557,13710,13213,13949,14275
14675: 13420,12837,14745
14109: 13526,15075,14198,13395,13809,14927
14619: 14610
14608: 14503,14963,13656,13164,13750,14127
12967: 13309,13544,12978,15143,15741,15617
14317: 15262
14699: 13841,14408,13807,13948
13026: 14066,14751,14721,14706,13935,15001
15665: 13213,14847,13949,15496,13616,14620
14567: 13911,15412,13650,15372,15670,14644
13216: 14254,13166,12955,13589,14836
13890: 15750,13104
14486: 14897,15206,15308,14194,13350,15194
14280: 12997,13378,14557,12907
15282: 13845,15572,14971,13261,14583,15710
15105: 14533,14713
14750: 13950,15407
15812: 15369
13840: 14508,14037,14463,13418,15658
12945: 15676,14974,13183,14184
14986: 15442,12935,14011,13138,13744
14858: 15015,13471,13848,13636,13293,12950
13252: 14307,15677,12944,15574
15798: 13377,14324,15322,15679
15751: 
13097: 13058,15539,15328
13008: 14160,13421
13628: 15063,14756,15175,13391
15272: 
13996: 13894,15116,13449,13814,15404,15425
14192: 
13692: 14373,14030,13135,12842,14035,13971
15187: 13200
14994: 14948,15811,13606,13907
14342: 15242,14499
14822: 
13529: 14336,13323,14957
15421: 
13756: 15601,14650,14427,15564
12887: 13019,14384,14690,14516
13714: 15445,14959,15300,15655,13707
14950: 14063,14549,13997,15753,14328,15619
13382: 13930,13490
13043: 14993,14504,15432,12828
13804: 13589,14626,14234,13608,14852
12900: 13488,12906,13802,15800,13081,14605
15134: 14651,14980,13169
14878: 13460,14006,14793,13818
14678: 13527,13702,14981,12821,15288,14824
14805: 13181,14328,13719,14546,14636,14819
13751: 15778,14400
15138: 15148,13327,13302,14323,13251,14437
13634: 15522,14032,13449,14907,14224,13894
14341: 13917,15417,14893,13796
13371: 14526,13000,14145,15325,15497,14691
13715: 15236,13262,14115,14987,13001,15643
14947: 14324,13334,15418,14540,13004
14973: 14911,15271,13019
13399: 13568,13381
14869: 28584,14565,14777,14729,12855,12926
12949: 13085,15573,14663,13195,13830
13788: 12920,14200,13430
14197: 15683,14073
13999: 14173,15468,13698
15180: 15249,13093,14593,13503,14369,14209
14562: 15174
15561: 28616,13605
15044: 15547,15633,13798,13528,15788,15345
13423: 13855,13582,14184,13220
28649: 15397,28595,13172,28641,14259,14838
13893: 13115,15165,14357,15514,15555,15395
14745: 14162,15375,14242,14675
15739: 15253,13332,13926,13185,14178
15559: 
13770: 14894,15313,12972,13730,14979,13697
14144: 13161,14457,13353,15267,14458,13329
14184: 13582,12945,14974,13423
12944: 14763,15472,14772,13252,15574
14669: 12918,14257,14223,14589
13603: 13270,15768
13881: 13676,13962,13464,15724
14524: 13719,14954,14819,14915
13052: 14398,13967
14628: 14330,15407
13660: 13519,12891
14993: 14504,13043,15432,15182,13057
12885: 14454,14446,14273,14599,28595,13368
13114: 13402
12888: 13556,15682,13833,14286,15093,13700
13049: 
13661: 13286,13018,14637,15119
14042: 13203,13135,14035,13931
14859: 
15449: 
15001: 13935,15518,14706,14308,14736,13026
15320: 14123,15623,13909,14251,15423,13475
13279: 15546
15746: 14919,28558,15234,13558,14700,13240
13506: 14187
13647: 15805,15191,13251,13133,13299,14437
15020: 14041,15409,15425,15652,14371,15151
13120: 13776,14710,13387,13108,15218
14105: 14179
12937: 14460,13878
13771: 15255,14589,14820
13280: 15709,13522,13329,14506,14905,13997
13036: 14384,14864,14903
13605: 15561,15398,14662
14315: 13289,13470,15664,13743,15490,14969
14160: 28611,13421,14965,15050,13785,13008
14904: 12889,13378,14557,13885,14235,13984
13053: 14710,14680,13943,12840,15489
14094: 14180,14046,14390,15357,15674
12923: 
13803: 
13374: 13256,12868,14877,13457,12831,14801
14017: 14379,14207,13485,13538
13799: 
13536: 13599,13476
13688: 13065,15615,13508
13676: 13962,14945,13881,12845,14538
13270: 13603,15768,14791
15663: 13487,15082,15471,14409,13015,13896
14603: 12943,13452,15257,13863,15547,13798
13290: 14764,13025,13304
14942: 15649,13007,14439,13056
15303: 14494,14011,12970
14790: 14584,14812
15358: 12897,14313,14885,14633,13165,14767
15175: 13628,14756,15076,14930,13082
15752: 13495,12959,15671,15118,12843,13826
13516: 13065
12845: 15593,14538,13676,14945,15606,13204
13730: 13770,14649,14979,14919,28558,13697
14368: 13575,14540,13334,15023,13795
14081: 15482,14274,14866
14924: 15600,15216,13436,28646,14917
13865: 13248,15595,14879,14092,13777,14523
14673: 13393,13565,14645,14025,13409,13416
13988: 14495,14830
14796: 14503,15625,14681,14127,13384
13377: 15798,15322
13731: 15588,14561,14921,15790
14588: 15258,15721,15208,15334,13630,13233
14913: 13947,14153,13394,13039,14174,14522
13358: 14932,13453,15411,13071
14737: 13182,12880
14339: 14404,14953,14400,14336,15153
13172: 14599,13773,28641,15083,15541,14259,28649
13626: 15775,14685
15643: 13145,14410,12816,13715,13262,14987
14665: 15293,14758
14205: 13515,13222,13501
14954: 14524,14926,14915
13384: 13047,14796,15625,15433,13173
13092: 13904
12891: 13660,13519
14065: 
15501: 13022,15194,14163,14422,14289,13283
14356: 14851,13509,14623,13683,14846
13418: 14463,14062,13840,15658
15112: 15343,14596
15549: 14660,14988
12893: 15196,15708,28609,12935,13138,15536
13077: 14350,13860,13480,13407,15695
12850: 15640
13979: 15517,15478,14803,14908,14401
15227: 
14260: 14154,14468,15036,13266
13946: 13944,15770,15720,15347
15124: 15492,14899,15058,15428,15171,14749
15531: 13269,13056,12814,15130,14154
15683: 14197,14469
14044: 14898,14471
13958: 15807,13759,15235,14377,14920
15000: 14755,12846,14482,14329,15140
13023: 13828,14395,13896,14571,15719
15572: 13845,15794,15282,14285,15710,14359
14211: 
13829: 
15690: 15405
14010: 15019,15569,15053,12972,13054
14682: 14759,13590,15100,13597,14771
12983: 15385,14171
15345: 13435,15788,15057,14724,13528,15044
15657: 13099,13544,14999,14053,14292,13226
15009: 14428
13088: 15626,15712,13649,14326
14092: 15656,15335,13777,14523,13865,13867
13574: 12886,14722,15461,12930
13504: 15749,15473
13883: 15688,12927,15285,15586,15723
12872: 
15507: 
14335: 15089,13141,14303
13153: 13306,13695,13208,14191,15616
15215: 13955,15769,14743,13889
14937: 
14792: 15136,12877,13992,13210
15087: 15373
15586: 14308,14736,13883,12927,15723,14643
14319: 15200
13564: 13641,15011,14418,13354,13116
14151: 
13608: 14433,14045,14234,15498,13804,14852
13723: 28598,15520,14416,28644,13124,15491,15034
15298: 13373,15008,14635,13690
15722: 13258,12987,14181,12916,14075
14313: 15358,12897,14476,14885,13963,14002
14088: 14195,13330,15014,13596
14906: 13905,13054,15807,13759,13552,14887
14087: 15171,14749,14505,14314
13576: 14015,14941,13547
13750: 14127,14365,14608,13164
13831: 13324,14992,15126,15491,13902,15034
15362: 14165,13102
13517: 12988,15379,15338,14475,15189
14104: 
15632: 15032,15556,14966,13180,13732
13984: 15290,28171,13885,14679,12889,14904
13707: 13405,13714,15445,13459
14961: 13165,13510,14767,12952,15562,28559
13292: 13055,13310
15159: 14322,14843,14304,15716,13579,14944
15230: 14412,13063
14955: 15076,14930,13448,15080,15386
14617: 14177,15028
13772: 15691,13034
14907: 12857,14224,13569,14668,13449,13634
14078: 15259,13595,14708,14110,15693,15410
15439: 13796,15068,13721,14786,14510
14055: 15782,12928,14169,15144,13412
14333: 28638
14880: 15007
15031: 14606,12929,13747
14966: 13180,12833,15556,15201,15632
13757: 13013,15398,14470
14153: 13947,14913,14576,14485,15689,13394
15563: 15374,13326,15348,14014,14175,14424
13940: 14516,15512,14911
14516: 13940,15512,12887,13019
15616: 14191,13153
15724: 13464,14891,15516,14746,13881
14640: 12851,14783,13837,14953,15153
15225: 15474,14709,14757,15557,12960,15205
28539: 14547,13474,14261,13322,13288,13419
14239: 14117,14952,15528
15655: 13557,13714
13341: 15348,13309,14014,15617,13619
13234: 14124,13673
15232: 12903,13963,12969,13733,13872
12980: 13127,14509,12948,14150,14816,14933
14754: 13917,14893
15425: 15020,15409,15652,15404,15116,13996
15349: 14439,14316,12986,13820
14657: 13545,15157,15368
15393: 14587,15795,13760,15155,15086
15647: 13518,15257,13452
14358: 15378
15125: 14970
15541: 14273,14502,13857,13635,14599,13172,15083
12851: 14807,14640,14783,13080,15153,14501
15410: 13699,14568,13595,14078,15693
13150: 14462
15387: 12992,14848
13349: 15139,13611,14397
13450: 13440,13073,13794,13898,13303
13620: 13874,14113,15589
13610: 13899,15610
15316: 12871,15769,15434,15595,14028
15013: 28640,12863,15700,14698
14171: 12983,15385,13131,15102,14375
15324: 
14863: 28622,13135,15164,13924
15130: 13148,15531,13056,15552
14096: 13588
13048: 13137,15254,13959,15706,12966
14306: 13255,13359
15243: 14069,13042,12952,14370,14800,13510
13800: 14571,12849,13260,15714,13722,14785
28491: 
14376: 14283,13848,13093,13488,12906,15580
15649: 14942,13007,13693
15592: 15603,14594,12927,15462,14676
14290: 13024,13540,15181,15163,13496
14327: 13814,15404,15697,15617,13619
13041: 15014,13596,13892,14537
13638: 15295,15713,12922,15747,13767,15465
14452: 13537,13696,13621,15416
13651: 15005
13615: 13422,13411,13973,14794
13247: 13747,15371,14027,15079,13954
15005: 13651
14882: 15399,14526,13000,12829,14214,14052,15045
13064: 14939,13822,15084,14797
14575: 14995,14106,14802,13806,13342,12968,13027
12924: 
14135: 
15624: 13698,14586,14901,15813,14561
13895: 15602,14297,13285,13415,15082,13908
13792: 14013,13807,13241,13400,14444
13691: 14574,12918
12866: 13686
14387: 
13462: 14589,14820,14884,14321,14990
14048: 
13645: 14559,14983,14925,15241
15747: 15596,15065,13217,13638,12922,15465
14664: 15402
14159: 14550,14579,14563,13337
13949: 13213,14847,15665,15279,15300
13508: 13271,14774,13065,13688
15331: 
15703: 14436,13305,14208,15459,15266
14052: 15022,15045,14882,13000,13922
14717: 15242,14071,13429
12972: 14894,13770,13697,15053,14010,13905,13054
13919: 14178,15582,14238
14967: 13891,14964,15122,15618,15301,13361,14654
13686: 12866
28638: 13514,14333
13748: 15748
15580: 14302,13069,13093,14593,14283,14376
13093: 15249,15180,14593,12906,15580,14376
12971: 15792,14182,15729,14728,14935,14277
14173: 13606,13999,13698,14406,13062
13013: 13757,13273
13971: 14035,13813,13692,12842,15442,14900
13185: 13926,13205,15482,14866,15739
13567: 15261,15271,14043,15359
13927: 15061,14436,13478
15756: 13535,15172
15289: 13243,13546,28647,14910,15339
12985: 14517,14554
15628: 
13746: 
13955: 15769,14879,15215,13889,13006,14477
15715: 15131,13180,15051
12834: 13297,14517,14905,14549
13217: 15596,15747,14430,13177,12922
15033: 13959,14727,15326,14813
14422: 14289,15436,13068,15501,13283
12895: 
14451: 14672,13824,14020,14615,14854
12977: 13542,15203,13769,12961,15789,13375
15209: 14692,14563
13991: 13439,13761,13857,13635,15505,13238
15648: 13482
14540: 12827,13004,13575,14368,13334,14947
13095: 14029,14936,14423,13192,13321,14095
14113: 13620,13874,15506,15589,13928
12946: 14478,14632,13826,28648,15118,14940
14453: 
14720: 13405
13643: 14405,12994
13609: 15585,14251,15783,13101,14443,14123,15457
14324: 13334,14947,15798,15679,15634
14349: 12973,14605,14968,15024,15464,15236
15474: 13163,14931,14709,14757,15225
15477: 
14014: 15348,13341,15563,14175,14148,13619
14308: 15586,14736,14643,15518,15001,12984
15512: 14903,13940,14516
15723: 14744,14643,13883,15285,15586
15453: 13419,13401,15763,15429,13474,13087
15729: 13836,12971,14182,15323,14277
13665: 15720,14572,15608,13442,13184
13545: 14657,13734,15314,14016
14971: 12979,13261,13022,14163,14630,13845,15282
15204: 
14903: 15512,14384,13036
14741: 15189,14923,14222,14840,13727,15338
15658: 13316,13418,13840,13317
13914: 13460,14770,14015
15341: 14725,12876
13963: 15232,14002,14313,14476,13872
15543: 13945,15097,13663,14395
15157: 14139,13586,15104,14657
15777: 13125,14108
13047: 13384,14050,14365
13103: 13942,15337,12984,13282,15518,14655
14531: 15337,14430,13866,13407,13177,15695
15136: 12877,15144,13412,13832,14792
13853: 
15805: 15191,12878,13647,13133,28550,15048
13452: 12943,14603,15257,15647
13224: 15039,14021,14686,15211,15686,12819,13525
14709: 14931,15474,15225,13393,13565
14460: 12937,14539
13997: 14063,14950,14549,13280,13522,14905
13187: 13612,13856,14190,12988,15379,13157
14615: 14020,14483,14451,13824,13266,14156
12870: 14508,14037,15192,13030,13566
15733: 
28520: 14381,15495
15017: 15240,14850,12973,15249,13503,13081
13877: 15015,14344,15527,13209,15498,14433
13265: 15670,14450,13736,15270,13127,14509
15327: 15258,15721,14196,14297,13285,14119
13437: 14473,13573
14681: 14337,15625,14667,12954,14503,13331,14796
13424: 
14726: 14925,13677,13178,14983,14481,14818
13733: 13872,15306,12975,12969,15232,15771
15371: 13247,13747,12964,13954,14839
13725: 12894
14320: 15571
14000: 14652,13657
13573: 13437,14473,13807
12821: 13922,15288,15022,15565,14678
14680: 13053,14038,12913,13943,13744
15032: 15131,15632,13379,13470,14544
13710: 13701,13213,14275,13491,15279
14857: 15568,15809,13648,14003,13977,14542
12858: 
15472: 12944,14763,28557,15759,12953,14772
28645: 28620
28647: 13546,15289,13248,14028,14711,14097
28648: 15562,28559,15118,14716,14940,12946
28652: 