9266: 9877,9718,9348,9280,9602,9523
9886: 9694,9832,9702,9836
6467: 6371
3: 23
9378: 9292,9237,9640,9277,9545,9456
5: 
4797: 4697
6185: 6283,6282
8579: 8513,8710,8296,8770,9127,8995
8704: 8365,8766,8824,8703,8881,9081
10: 9851,60
8276: 8422,8046,8624,8044,7965,8199
8460: 9735,7679,7759,8005
10012: 10009,9880,9714,10031
7073: 6982,6983,7164
9562: 9429,5136,5338,5129,5327,9249
3451: 3156,3550,3255,3942,3452,3847
6262: 6163,6165,6358
18: 
3625: 3822,3826,3425,3722,3526
8158: 8727,7918,7668,7996,9260
10011: 9891,10036,3641,3545,3742,9932
22: 23,50
23: 3,22
5930: 5931,5928,5332,6028,6128
9962: 9663,9879,10026,9946,823
5277: 5278,5177
27: 56
5688: 
6147: 6437,6244
30: 60
4104: 4004
7801: 7876,7954,7877,7719,8042
33: 62,133
34: 135
7009: 7014,6916,7008,7010,7103
9294: 9523,9454,9703,10025,9480,9503
3904: 3903,4004,3803
4306: 4305,4307
39: 40
40: 39
6085: 6084
42: 9850,9732
7085: 6628,9817,9964,6246,9776
7319: 7231,7318,7494,7581
9265: 6140,6336,9306,9305,6139
46: 81
8878: 8820,8984,8636,8701,8499,8983
6884: 7160,6886,7070,7163
7345: 7431,7344,7080
50: 22
4010: 4216
3665: 3664,3464,3666,3764,3765
7890: 7558,8560
9645: 9717,9709,9335,9813,1820
8540: 8338,8479
56: 27
57: 91
8960: 8619,8861,8743,9017
9001: 9091,9092,9170,9049
60: 30,10
9945: 77,9826
62: 33,133,134,135
9914: 9685,9341,9896,9906,10016,9847
64: 275
9943: 9920,9650,9638,9529,9435,9647
66: 386,387,334,446
8150: 8227,7992,7909,7911,8225
8661: 9988,8593
9855: 6712
6593: 6204,7252,6398,7066
9829: 9655,9707,9736,9798,9760
5611: 5710
73: 336,283
8144: 8219,8221,8143,7742,7741,8066
8175: 9842,9683,8097
4677: 
77: 9826,9945,115
7744: 7743,7988,7579
3789: 
6658: 
81: 46
9398: 9810,9659,9244,9463,9325,9476
9765: 9677,1579,1836
4637: 4838,4839
8120: 7962,8616,7884,8042,9625
6244: 6337,6437,6242,6436,5956,6147
3445: 
7207: 7118,7209,7974,7117,7380,7383
6403: 9627,6974,6207,6209,6307,6405
4949: 5051,4845,5150,4849,4950,4852
91: 57
9922: 9876,9955,9814,9921,9897
93: 133,175
9617: 8382,8455,8453,9448,9334,9938
4480: 4580,4481
9880: 10009,10012,7434,9977,9517,10031
3897: 3997,3898,3998
9787: 9691,9800,9634,9438,9892,9854
99: 275,438,499
100: 2333,1623,980,181,2428
9738: 9846,9754,9835
7979: 7899,8058,7818,8061,8363
4459: 4263,4364,4260,4354,4463,4458
5490: 5390
6100: 6003
7162: 6979,6978,7161
8587: 8776,8716,8655,10030,8891,8779
9918: 9528,9295,9414,9663,9879,9758
9788: 9940,10002,9321
4393: 4293,4292,4493,4494
6703: 9847
7902: 8292,7821,7737,7901,8291,7903
5400: 5300
6576: 6480,6575,6671,6672
115: 77,116
116: 115
4720: 4730,4725
118: 307,309
4565: 4566,4667,4364,4463,4665
3513: 3514,3417,3316,3412
121: 168,127
9609: 9572,1497,9579
4427: 4331,4320,9269,4322,9392
5422: 5224,5520,5125,5225,5621,5424
9878: 9925,9972,9255,9500
126: 167
127: 121,168,9547
8478: 8475,8677,8614
9964: 9872,6248,6246,9776,9873,7085
6437: 6337,6244,6147,6148,9872
131: 323,220
6021: 6022,6219,5722,5724,6118,5920
133: 93,33,62,134,175
134: 176,175,133,62,135
135: 34,62,134
5211: 5110,5312
4343: 3951,4146,9256,4045,4139,9442
9467: 8356,8357,9478,9477,9290
9974: 9869,9837,9487
9868: 4840
141: 
7181: 
9572: 9986,9609,9327,9579,9630
5564: 5466,5664,5663,5754,9455,5662
6461: 6556,6462
146: 
3540: 3246,3345
7837: 7587,7836,8236,8386,8526
149: 
150: 
6462: 6461
9407: 9661,9438,9892,8688,9019,8866
8882: 8989,8991,8824,8938,8705,9037
4660: 4865,4664,4658,4661,5062,4964
155: 251,156,157,9803,10037,9496
156: 155,251,157,811,886,417
157: 9446,9803,888,155,156,417
9644: 9911,6038,9401,9341,9896
159: 
8463: 8168,8318,8603,8667
6712: 9855,6617
9957: 10038,3434,9713,9990,10041,3335
163: 208
7850: 7769,7936,7767,7601
6003: 5904,6004,6100
4529: 4322,9392,9633,4525,4630
167: 126
168: 121,127
6248: 9964,9872,6246,6148,6439
7934: 7935,8015,7771
9485: 9585,9697,9759,9796
9324: 9464,9431,9527,9473,9428,9566
6007: 6105
8521: 8451,8230,8450,8654,8589
175: 176,134,93,133
176: 134,175,323
9413: 8262,9426,9312,9733,9484,9376
9843: 9934,9856,9956,9586,9281,9770
9523: 9454,9294,9703,9266,9348,9602
7217: 7128,7127,7393
181: 2151,9403,9502,980,100
5084: 5185
8018: 7855,7937
6068: 5970,6067,5873,6165
185: 228
9581: 8485,9653,9881,9492,8681
187: 283,285
9259: 982,9430,9553,9366,1295
5453: 5253,9968,9909,5251,9306,9614
9027: 8495,9157,8627,9112
9367: 9578,9311,9539,9490,5951,6144
8799: 8481,8679,8480
9299: 9274,9253,9636,9639,7252,7066
7007: 9550,9458,7095,7532,6916,7008
9433: 9502,9330,9313,9506,1539,1133
8380: 8307,8451,8453,8383,8382
5724: 5426,5424,5722,6021,6219
4579: 4580
6067: 5970,6068,6256,6350,6165,6164
9232: 9987,9211
9650: 9920,9943,9773,9647,9805
8450: 8715,9132,8654,8230,8378,8521
9669: 9747,9874,1583,9737,9361
3731: 3932,3829,3734,3729,3634
8625: 8352,7888,8560,8867,9563
206: 362,309
5451: 5250,6238
208: 163,426,9275
8462: 8163,7763,8599
9870: 9994,9947,9693,9838
9815: 10041,9990,9771
3663: 3166,3664,3564,3763
6071: 6072
10000: 9797,9689,9994,9462,9422,9838
7080: 7344,7520,7345
8005: 8389,7761,7759,8460
217: 1045,9326,371
9941: 9792,9992,9901,9658,10035,9873
3627: 3227,3431,3425,3628,3531,3727
220: 131,323
9569: 4132,9262,4336,9328
5167: 4968,4969,5064,5266,5069
7901: 7818,8291,7735,7819,7737,7902
4736: 4837,4939
7292: 7462,7293,7631,7550
9656: 537,602,9769,9728,416
9681: 9828,9739,9984,9844
228: 185
6375: 6376
6617: 6712
9716: 9381,9864,8343,8620,9995,9653
9470: 1306,1225,1145,9316,9557,716
233: 9883,9345,9416,700,9272,9969
5064: 4964,4865,4867,4968,5167
9677: 9765
5329: 5327,9583,5331,5725,5727
237: 
238: 338,288
7130: 7039,7396
240: 344,291
9965: 2664,9742,1756,9671,10023
9667: 9561,9301,9603,9884,10019,9848
243: 
9593: 9379,9252,9588,9622,9915
245: 
246: 
247: 301
9570: 9506,1295,9900,9330,9370
5312: 5413,5211
7145: 7325,7146,7413,6964
251: 155,156,9496,811,672,9642
5150: 5051,4845,4949,5154,5148
7393: 7565,7217,7735
9830: 9956,9719,9270,9674,9276
7692: 7344,7520,7521
6238: 5452,5451
5251: 5353,5352,9968,5453,9614
7560: 8208,7298,7386,7646,9355,9478
7939: 
7899: 7733,8058,7979,7650,7735,7818
4323: 4118,3915,4117,4328,4331,4320
3755: 3956,4053,3850,3656,3856
10006: 9975,9792,9776,9817
8808: 8919,8274,8908,8271,9102
8153: 8152,8154,8230,8304,8307
5224: 5322,5520,5422,5123,5124,5125
7974: 7207,7209,8208,7383,7811,8357
8304: 8230,8378,8228,8152,8153,8376
9257: 9551,1261,948,9281,9612,9770
7721: 7719,7885,7548,7638,7804
5856: 5951,6047,5662,5663,5761,5957
5710: 5611,5709
7631: 7877,7713,7548,7462,7292,7550
274: 
275: 99,438,498,64
8881: 8703,8639,8704,8879,8987,9081
9418: 9912,9621,9424
278: 387
8292: 7902,8142,7903,8365,8766
7836: 7670,7667,7587,7837,8236
4405: 4305
6264: 6358,6359
283: 187,288,73,336
7777: 7268,7176
285: 338,187
9909: 9968,9549,9755,9404,5453,5253
4117: 4115,4323,4218,4318,4320
288: 283,238,336
3487: 3486,3586
4196: 4197
291: 344,240
3786: 3686,3787
3907: 
3983: 4083,3982
9979: 9911,9668,9726,9666,9401
5965: 5868,6062,6631,6349,5964
8417: 8681,8419,8806,8555
7884: 7885,8042,8120,9625,8121,7965
299: 408,411
5715: 5813
301: 247
8976: 8982,10007,8813,8869,9063
10029: 9740,9795,8455
7772: 
9755: 10018,9549,9985,9632,9404,9909
4702: 
307: 118,309
9772: 3536,9424,9332,9620
309: 362,206,118,307
6339: 6242,9490,6436,6338,5852
9585: 9485,9697,9333,9319,9913
312: 370
6934: 7026,6932
9500: 9382,9399,9878,9819,9972,9255
9733: 9928,9484,10024,9951,9413,9312
316: 9275,9598,426,370
9888: 2576,9931,9682,2387,9949
3452: 3847,3947,3451,3555,3255,3552
4068: 4168,4069,4169
7344: 7692,7520,7080,7345,7521,7431
10025: 9711,9294,9703,9480,9678
7929: 7765,8170,7340,7248
323: 131,220,176
9428: 1622,9611,1291,9527,9324,9566
8609: 
4156: 4057,4255,4260
8779: 9004,8718,8587,8655,8835,8891
9714: 9768,10031,9753,10012
329: 1881,9611,9445,9322,502
5505: 5604,5504
9873: 9964,9872,9776,9658,9792,9941
7079: 
9803: 9446,157,9537,9781,10037,155
334: 387,66,446
9327: 1844,9579,9572,9630,9542,1846
336: 73,288,283
3998: 3997,3897,3898
338: 285,238
3856: 3656,3559,3755,3956,3857
4826: 4730,4934,4823,4819,4821
341: 1215,1297,1216,9248,1136,9430
4504: 4605
343: 455,397
344: 291,240
7550: 7467,7638,7292,7293,7631,7548
346: 519,648,650,647
9926: 9767,10043,9854,9930,9889,9919
9826: 77,9945
4298: 4399,4197
9912: 9744,9621,9418
7733: 7899,8058,7649,8498,8056
10024: 9928,9733,7791,9729,9472,9951
7618: 7942,7279
9316: 1145,709,9940,9557,10002,9470
7831: 7579,7911,7405,7832,7913
9697: 9585,9485,9913,9796,9679,9304
8137: 8213,8211,8431
358: 529,730,807,808
359: 1108,9371,9427,1187,1185,1110
360: 
4486: 4485,4385
362: 309,206,420
7876: 8333,7954,7801,8033,7962
5983: 
9987: 9232
366: 750,679,9626,368,424
6849: 6941,6848,7033,6662
368: 9907,487,9626,10040,366,424
3850: 3651,3552,3849,3656,3755
370: 312,426,316
371: 424,487,9383,217
372: 897,9809,9273,1124,1202,1282
9701: 5633,5931,9849,9648
8591: 8589,9356,8590,8654,9592,8658
9748: 9819,9972,943,1097
376: 433,492
9499: 7276,9354,9402,7098,9550
9584: 9368,9497,9660,8811,9444,9563
8947: 9046,8999,8949
9476: 3168,9261,9398,2777,9244,9325
5204: 5104,5304
382: 561,499
383: 694,902,762
384: 838,839,566,768,565
385: 
386: 66,447
387: 278,334,66
9608: 9463,9325,9364,2110,9619,2392
8654: 8450,8715,8590,8521,8589,8591
390: 449
4354: 4450,4349,4459,4458
6163: 6165,6164,6448,6262,6358,6357
9379: 9593,7562,7813,9588
394: 
395: 641,514
5124: 5031,5136,5123,5023,5224,5125
397: 343,455
5761: 5765,5959,5957,5958,5663,5856
6575: 6576,6671
6696: 6886,9764,6695
9444: 8867,9019,9563,9584,9660,9661
402: 521,523,519
403: 9474,523,9948
7103: 7195,6832,7010,7009,7014
405: 
9540: 9435,9647,9543,9512,9406,9967
407: 410,411
408: 299
5044: 9408,9352,9573,4641,4944,5047
410: 407
411: 407,299
412: 413
413: 412
3953: 3956,3957,4053,3951,4155,4057
9397: 1238,2170,9357,9409,9342,9320
416: 477,808,9656,602,9769
417: 886,157,888,889,156
418: 546,609,743,744
9900: 834,9807,9385,9370,9570
420: 480,362,544
9235: 8982,9071,8928
8560: 7558,8352,8625,8811,8497,7890,9563
8868: 9024,9069,8812
424: 371,368,487,366
4683: 4582,4783
426: 208,316,9275,370
5504: 5604,5505
3683: 3684,3782,3783
6744: 7019,6651,6930,7020
430: 972,686,827
7548: 7877,7631,7550,7638,7719,7721
8481: 8679,8480,8799
433: 437,376,492
3531: 3628,3335,9713,9520,3627,3431
8389: 7761,8005,8163,8599
9309: 9469,6419,9601,6510,9724,9801
437: 433,498
438: 99,275,499,498,559
5868: 5965,6062,5672,5870,5966
5928: 5230,5331,5332,6028,5930
9693: 9947,9870,9834
442: 504,568,511,634
6418: 
10008: 9840,9745,9882
6854: 
446: 334,66,447
447: 386,446
448: 
449: 390
450: 700,9272,9515,910,512,1060
9448: 8451,8453,9617,8589,9356,9334
8066: 8146,8145,7742,7825,8221,8144
453: 
454: 456
455: 343,397
456: 454
4845: 4949,5150,4849,4944,5047
5374: 5274,5375,5573,5572
7609: 7161,7070
9938: 9334,9917,9617,9988
4007: 4108,4006
6388: 6291,6483,6389,6387
9300: 9385,9431,9288,9315,9526,9370
4502: 4501,4603
7293: 7117,7380,7292,7550,7467
466: 874,9674,9276,730,1027
467: 666,475,531,535
5650: 5550,5649,5750,9652
9432: 9685,9341,6421,6327,6038,9278
8987: 9122,8879,9219,8881,9081,9193
9670: 9751,9959,9633,9459,4836,4630
472: 473,537
473: 472
9995: 9653,9881,9864,9716,9916
475: 467,666,535
9171: 9173
477: 416,808
8703: 8363,8639,8881,8061,8704,8365
9414: 9918,9528,9879
480: 420,544,609
4667: 4566,4565,4665,4766
9466: 7675,9525,9559,9457
3847: 3452,3947,3451,3942
484: 546,609,544
485: 746,9461,612,890
6284: 6283
487: 368,9907,9383,424,371
4494: 4393,4493
3782: 3683,3783
4498: 4497,4397
491: 687,619
492: 559,687,376,433
6590: 6588,6973,6784,6688,6781
9037: 9081,9193,9161,8824,8989,8882
8662: 8081,8596,8527,9616,8729,8663
7952: 7190,7279,7191,7791,9472
8422: 8688,8046,8276,8624,8126
498: 437,275,438
499: 99,438,559,755,382
9524: 9282,9459,9734,9959
501: 1052,762,978
502: 9322,980,2148,329,1623
9359: 9386,9712,9544,8729,9505
504: 698,442,634
8627: 8495,9027,9112
9785: 9531,7062,7155,7680,9400
6585: 6586
9427: 672,740,9642,359,9371,1110
3763: 3764,3663,3664
6784: 6590,6973,6688,9274,9631
511: 568,768,442,634,9869
512: 910,630,838,839,9515,450
513: 
514: 395
9531: 9785,9400,9559,9457
5027: 4821,4929,5036,5121,5023
6055: 6056,6441,5957,5958,6249,6052
518: 645,647,649
519: 346,648,402
9652: 5750,6041,9680,5650
521: 523,402,584
9436: 8033,9390,9346,9534,8186,8333
523: 521,402,9948,403
9823: 807,9769,9728,876,9973
4074: 4073
9286: 9845,9479,9862,9997,9532,9510
527: 9495,1148,9488,997,9365,1227
9621: 3444,9756,9912,9744,9418,3339
529: 358,730,807,661
3482: 3383
531: 535,467
7209: 7207,7118,7974,7119,7386,8208
9310: 9354,9643,9508,7092,9458
3686: 3586,3786
535: 531,467,475
3903: 3904,4004,3803
537: 602,472,9656
5047: 9302,5044,9408,4944,4845
9393: 9323,9461,9263,9580,9460
4840: 9868,4941
541: 9446,9338
7804: 7723,8126,7721,7885,8046
5573: 5572,5672,5374,5375,5475,5574
544: 480,420,609,484
7825: 7743,7488,7742,8146,8066
546: 609,678,484,418,744
5826: 6028,5727,6128,6121,6126,6226
8919: 8866,8274,8808,9892,9102,9634
9464: 9431,9324,9288,9473
3431: 3627,3227,3327,3230,9520,3531
8163: 8006,7763,8389,8599,8462
9293: 9750,9692,9786,9594
10014: 9226
7179: 7176,7268
9425: 9374,9332,3942,9396,9597
4700: 
5543: 5837,5639
9209: 
559: 492,687,438,499,755
4590: 
561: 382,758,760
9756: 3444,9621,3742,3839,9932,9744
563: 760,973,1125,694
564: 697,1060,9807,834,9339
565: 566,384
566: 568,768,565,384
9396: 9620,9375,9425,9332,9582,9597
568: 566,511,442
7195: 6832,7103,6926,7014,7371,7283
9211: 9185,9232
9404: 9632,9350,9755,9909,5253
4929: 5142,5036,4934,5141,4821,5027
6618: 6138
8989: 8882,8990,8991,9037,9161,9194
7198: 7460,7199,7545,6926,7019,6927
10034: 9643,9402,9936,9695,9944,9465
9844: 9681,9984
8550: 8679,8412,8192
9459: 9282,9483,9524,9633,9670,9959
8707: 8369,8440,8439,8219,8507
6357: 6639,6548,6358,6163,6448,6823
9659: 9398,9810,10033,9675,9463
5398: 5298,5497
584: 521
7247: 7340,7249,7248
9977: 7434,6405,9779,9880,10031
9898: 9906,10016
588: 783,645
4630: 4836,4527,4529,9633,9670
5332: 5230,5928,5931,5930
9657: 9883,9698,9853
9618: 9277,9420,9613,9686
9767: 10043,9926,9854,9660,9661,9438
9672: 9548,9507,9802,9863,9673
9904: 9649,9875,9419,9628,9271,9284
596: 599,664,733
7050: 7141
9308: 6629,9607,6820,9638,9435,9543
599: 596,664,666
5916: 6117,6215,5917
9281: 9586,801,9843,9770,9257,948
602: 537,9656,416
9298: 9536,9577,9746,9380
6148: 6249,6437,6248,7086
5755: 9533,9394,5361,5363,5657
9377: 9638,9529,9362,6537,6441,9607
5513: 5413
4256: 4349
609: 546,484,480,544,418
9114: 9214,9072,9187
9740: 9395,10029,9344,9795,9875
612: 888,889,890,485,614
9251: 9637,9255,9283,9576,9415
614: 9323,889,612,965,966
9718: 9266,9877,9348,9751,9721,9929
616: 750,679,1196
3986: 4087
9287: 9445,9315,9526,9313,9322,9403
619: 755,686,491,687
8688: 8422,8624,9019,8866,9407
9422: 9442,9462,10032,9591,9994,10000
5887: 5886
8968: 8683,8861,9018,9983
4260: 4263,4459,4156
6586: 6585,6588,6682
9867: 9343,9471,10035,9992
3589: 3489
9127: 8995,9600,8770,8579,9130,8830
7003: 7092,7002,6912,6915,7532
630: 910,512,838
9170: 9133,9091,9001,9049
7641: 8352,7888,7555,7470,7557,7723
9358: 9380,1303,9577,9493,1302
634: 442,504,511
6548: 6639,6358,6357,6359,6550,6549
6813: 6904,6720,7083
6256: 5970,6067,6062,5966,6350,6348
4815: 4917,4918,4817,4915
9297: 8995,9600,8888,9317,9556,9629
640: 
641: 395
9636: 9299,9253,9639,9627,7434
9696: 9724,9764,6984,9860,6507,6308
9429: 9480,9503,9360,9562,5338,9249
645: 518,783,588
5307: 
647: 650,649,346,518
648: 346,519,650
649: 650,647,518
650: 647,649,346,648
4269: 4369,4168
8718: 9004,8779,8655,9750,9005,9340
4319: 4218,4318,4211,4216,4314,4422
4331: 4427,4320,9269,4323,4328,4330
8378: 8230,8304,8376,8449,8450,9132
7936: 7850,7769,7770,7771
7625: 9705,9729,9472,7627,7368,7191
4442: 9498,9522,4650,4338,4438,4644
9509: 9303,9449,9477,9453,8565
3717: 3715,3817,3517,3519,3818,3820
661: 9270,731,876,529
6537: 6155,6056,6441,6347,9377,9607
9526: 9330,9313,9370,9300,9315,9287
664: 596,599,666,733
8748: 8555,8807
666: 467,475,599,664
9370: 9330,9526,9300,9385,9900,9570
3792: 
6121: 5922,5725,5826,5727,6122,6126
670: 9760,1027,9707,1347,1105
8565: 8497,8282,7973,9449,9509
672: 9427,740,9642,251,811,884
7913: 8075,7832,7831,7911,7993
8029: 7703,7870,7787
6091: 6188
9989: 7942,8020,9993,9347,9763,9314
9502: 181,2151,9403,9433,9313,1539
678: 546,746,744
679: 616,750,366,9369,9626
4388: 4288,4287,4387
9133: 9170,9049
8526: 8527,8386,9623,7837,8727,8236
683: 9663,1698,1611,1784
3712: 4115,3711,3713,3810
8006: 8163,7763,7248
686: 619,430,827,758
687: 492,559,491,755,619
9491: 9624,9333,2554,2366,2463
5185: 5186,5084,5285
4318: 4218,4319,4115,4117,4216
4897: 4997
9770: 9612,10004,9934,9843,9281,9257
4139: 3949,4045,4141,9442,9591,4343
694: 383,563,1125,902
9771: 9516,9990,3330,9815
9786: 9893,9692,9293
697: 564,1060,700,9440,9969
698: 504
7742: 7400,7741,7488,7825,8144,8066
700: 450,9272,233,697,1060,9969
8527: 8386,8526,9623,8662,8081,9616
9695: 9690,9710,9936,10034,9944
9925: 9878,9972
704: 
8242: 8391,8318,8667
6290: 6387,6291
707: 
9952: 9386,8597,9544,9735,9778,10022
709: 1145,1068,9316,9818,9940
710: 781
5086: 5087,4986,5186
9513: 9646,9723,9498,9599,9258,9538
8365: 8704,8766,8291,8292,8703
7312: 7400
7325: 7145,7146,7413,7673
716: 997,1071,9365,9557,1225,9470
6028: 5826,5727,6128,5331,5928,5930
718: 1075,1312,9635,1076,9245,927
8874: 8630,9070,9236,9157,9976
9889: 9919,9926,9854,9691
9340: 9750,9004,8718,9285,9594,9519
722: 789
723: 792
724: 9382,9399,1340,1506,1676,794
8081: 8662,8160,8596,7839,8527,8386
4918: 4917,5018,4815,4817,4823,4819
6348: 6724,6350,6062,6631,6820,6256
728: 943,10004
729: 1097,1019,9405,1510,872,1178
730: 358,529,466,9276
731: 9821,661,733,876
3517: 3222,3321,3519,3615,3715,3717
733: 876,9973,596,664,731
10022: 9778,9831,9963,9735,9952
5220: 5121,5123,5322
9272: 450,700,9565,9515,233,9416
7832: 7494,7405,7831,7913
9430: 982,1136,9259,9366,9248,341
7455: 9951,7791,7540
740: 9427,672,1034,884,1111,1110
5958: 5761,5959,5957,6155,6056,6055
6724: 6350,6348,6820,9543,6541,9512
743: 9338,418,745,744
744: 746,745,418,546,678,743
745: 746,744,743,9338,890
746: 745,744,485,678,890
6405: 9977,6403,6307,6598,9779
9622: 9290,9453,9252,9593,9915,9852
7279: 7952,7791,7942,8020,7618
750: 616,679,366
7413: 7325,7145,7670,7673,7587
6637: 6541,9512,9406,6448,6911,6823
8309: 9284,8383,8076,9419,8154
754: 1282,1281,9273,1045,9326
755: 619,559,687,499
9356: 8589,8591,9448,9334,9353,9592
3826: 3925,3625,3727,3929,3425,3829
758: 973,827,686,561,760
6072: 5975,6071
760: 563,561,973,758
9217: 9420,9307,9120,9238,9218,9640
762: 977,1052,902,383,501
9992: 9792,9941,10035,9867
9743: 9812,9980
9783: 10015,9687,9953,9314,9833
8179: 
5023: 5121,5123,5027,5036,5124,5031
768: 566,511,9869,384,839
7348: 7259,7349
6665: 6759
5266: 5462,5267,5657,5363,5167
9390: 9436,9346,9534,9486,9928,9484
9304: 9679,2841,9913,9697,2745,2840
774: 9536,9268,1216,840,989
7289: 7462,7023,7110,7200,7375
4823: 4719,4817,4826,4918,4819
6931: 6930,7020,6932,7022
7818: 8061,7901,8291,7735,7899,7979
9417: 9494,9684,9801,9469
8984: 8878,8820,8695,8983,8821
781: 710
5113: 5214,5013
783: 588,645
9781: 9798,9803,9537,10037
785: 923,848
7141: 7231,7142,7050
787: 858,1006
8395: 
789: 722,860
5495: 5594,5395
9936: 9710,10019,9643,9508,10034,9695
792: 793,723
793: 792
794: 1676,1762,9637,9382,724,1095
4328: 4123,4329,4323,4331,4330
796: 
8480: 8481,8799
9060: 8962,9011
10021: 9731,9267,9961
4643: 4947,4438,4642,4853,4855,4955
801: 9586,9281,874,1025,1105,948
9383: 9589,487,371,9326
8273: 9102,8485,8271,8346,9140
5574: 5475,5573,5672,5870
6941: 6849,6848,7033,7123,7300
9913: 2744,9319,9585,9697,2745,9304
807: 9823,9769,808,358,529
808: 477,416,807,9769,358
6389: 6388
9363: 9635,9291,9980,9245,9552
811: 886,251,156,672,884,959
4626: 4725,4621,4525,4527,4729
9284: 8309,8383,9419,9649,9904
5352: 5353,5251,9968
9553: 834,9339,9337,9366,9259
4263: 4364,4260,4459,4164
8376: 8301,8649,8449,8228,8304,8378
3810: 3809,3711,3712
6832: 7195,7103,6926,6927
6180: 6278
6316: 6223,6122,6022,6219,9475,6320
6315: 6118,6018,6410,9384,6508,9575
823: 1444,1529,10026,1362,9962
6651: 6556,6744,6930
7819: 7735,7569,7737,7901
5327: 9249,5328,5329,9562,5129,5725
827: 1048,973,758,686,972,430
8372: 8647,8225,8222,7909,8710
5476: 5475
9972: 9748,9819,9878,9925,9500
6093: 5995
7118: 7207,7209,7119,7117
9820: 9871,10018
834: 9900,9553,9339,564,9807
835: 910,1060
6904: 6813
7300: 7563,7475,7562,6941,7033,7123
838: 384,839,630,512
839: 838,384,768,9806,9515,512
840: 1216,9248,9441,9590,774
7601: 7767,9434,7850
5013: 5113
8058: 7899,7733,7979,8056,8213
9305: 9306,9471,9265,9901,6139,10035
9501: 9558,9128,9126,9387,9318
6508: 9575,9860,6315,6410,6797,6984
7516: 7775
848: 996,785
5873: 5871,5774,5970,6068
7858: 6969,7152,7156
9810: 9398,9659,9822,10010,9244
7646: 6939,7122,7298,7560,9355
9111: 8921
5256: 5054,9539,5051,5154,5355
7248: 8006,7249,7247,7340,7929
6531: 6906
9947: 9994,9870,9693,9375,9834,10032
858: 860,787,1006
10030: 9789,9762,9857,8587,8776
860: 858,789
861: 864,933
3994: 4094
3684: 3683,3783
864: 861,1087,933
8962: 9060,9010
9528: 9918,9295,9414,9247,9372
8964: 9011,9059
9282: 9459,9483,9524,9521,4336,9734
10041: 9815,9990,10038,9957
9442: 9462,9422,9591,4139,4343,9256
8431: 8430,8137,8361,8499,9079
872: 1510,1682,1427,9551,729,9405
3675: 
874: 466,9674,1027,9586,801,1105
7083: 6720,6813
876: 733,9973,9823,731,661
7386: 7298,7119,7209,8208,7560
9019: 9444,8867,8688,9661,9407
6862: 6954,6768,6769
7518: 6979
4123: 3922,3821,4328,4329,3819
7555: 7467,7638,7470,7723,7641
9591: 9442,9422,10032,4141,9582,4139
884: 1034,959,811,672,740
6128: 6028,5826,5930,6226,9784,9861
886: 811,1042,417,889,156,966,959
4385: 4284,4285,4485,4486
888: 889,612,890,9446,157,417
889: 888,612,614,886,417,966
890: 888,612,746,745,485
9707: 9421,9655,9829,9760,670
892: 965,966,1042,1276,1196
6716: 6622
3615: 3612,3713,3514,3222,3517,3715
6582: 6583
5775: 5676,5774,5776
897: 9809,372,972,9933,1048,1124
9999: 9866,10027
5839: 5933,5337,5536,5736
9831: 9778,10022,9963,9651
4440: 4548,4650,4338,4444,4345,4448
902: 1125,1124,1202,383,694,762
5970: 6068,6067,6256,5871,5966,5873
8228: 8227,7992,8152,8301,8376,8304
3425: 3423,3627,3227,3526,3826,3625,3727
9067: 
9335: 9296,9722,9813,9246,9645,9709
9471: 9306,9614,9305,10035,9867,9343
9472: 9729,7625,7952,7191,7791,10024
910: 630,512,450,835
9835: 9915,9852,9738,9754
9091: 9001,9092,9170
6320: 6414,6416,9475,6223,6316
9808: 9302,9604,10017,9574,9985,9632
9604: 9302,5247,9808,9632,9350,5148
6266: 6265
4644: 4853,4654,4442,4650,4438
5278: 5277,5177,5379
4573: 4574,4675
4719: 4716,4817,4823,4616
9567: 9162,9239,9615,9560,9546,9749
4616: 4514,4725,4621,4719
923: 785
7470: 7383,7557,7380,7467,7555,7641
9351: 9970,9411,9555,9535,9541
10040: 9626,9580,9460,9782,368,9907
927: 1228,1307,9530,9635,1075,718
6188: 6091
929: 1477,9882,9745,1078,1152
9796: 9790,9759,9704,9485,9697,9679
9789: 10030,10039,9762,9727,9939
9530: 1228,927,9264,9635,9291,9495
933: 864,861
5931: 5930,5332,5633,9701
9950: 9775,9329,9699,9837
936: 
9611: 9428,1622,1881,9566,9445,329
938: 
939: 9741,1014,1013
5375: 5374,5274,5573,5475
941: 1248
6763: 6669
943: 10004,728,9748,1097
944: 
5995: 6093
4842: 
7383: 7470,7557,7380,7207,7974,7811
948: 9257,1261,9281,801,1025,1180
9981: 9832,9702,8189
3838: 3940,3835,3842,3741,3550
7160: 6884,6695,6886,9768
8069: 7909
4155: 4057,4255,4347,3953,3951,4146
7150: 7238,6967,6966,7060,7417
5633: 5833,9701,5533,5931
8499: 8361,8701,8636,8430,8431,8878
6323: 6223,6126,6037,6226,6420
4934: 4826,4730,4936,5141,4821,4929
959: 1193,884,811,886,1042
5481: 5480,5581
5807: 5709
3925: 3826,3929
4346: 4349,4347,4241,4240,4345
5110: 5211,5009,5010
965: 966,892,614,9369
966: 965,892,889,614,886,1042
7649: 7565,7478,8498,7733
9902: 9715,9903
9812: 9264,9514,9743,9291,9980
5678: 5776,5578
3674: 3774
972: 430,9933,1048,827,897
973: 1048,827,758,563,760,1125
9249: 5327,9429,9360,9562,9583
9800: 9691,9787,9634
8655: 8587,8716,8898,8779,8718,9005
977: 1052,762,1202,1203,1286
978: 1052,501,1367
7741: 7311,7400,7742,7905,8144,8143
980: 9322,502,181,9403,100,1623
9876: 9766,9922,9927,3635,9955
982: 1136,9259,9430,1057,1295,1134
5683: 
9720: 9708,9813,2642,2639,1820
8705: 8507,8938,8142,8766,8824,8882
9366: 9337,9590,9553,9248,9259,9430
9930: 8426,8425,9971,10043,9926,9919
5031: 5124,5136,5338,5036,5138,5023
989: 1545,1066,1216,9268,774,1297
10009: 10012,9880,9517,7156
6056: 6155,6055,6537,6441,5958
5956: 6144,6047,6242,6244,6052
9451: 2280,2189,2098,9954
6911: 6731,6823,6912,6637,9406,6910
4266: 4367,4165,4166
996: 848,1069
997: 1071,716,9365,527,1553,1227
4783: 4683
5355: 5154,5151,5256,5455,5852
3822: 3625,3722,3922,3821,3928
3661: 3363,3460,3364,3860
6759: 6665
9536: 9298,9268,9577,774
9320: 9342,9443,9409,9254,9279,9397
5000: 
1006: 1078,787,858
1007: 1395
10016: 9847,9914,9906,9898
1009: 1159,1240
8891: 8835,8587,8779
5093: 5194,5092
7570: 7821,7569,7737,7396,7309
1013: 939,1170,1169
1014: 939,9741
8191: 9426,9836
6583: 6582
7023: 6932,7022,7110,7289
9872: 9964,6248,9873,9658,6337,6437
1019: 1097,729,9819,9399,1340,1178
7462: 7289,7292,7375,7631,7713
4006: 4007
9811: 9863,9749,9673,9827,9858,9794
4029: 4030,9935,9262
9602: 5142,9280,5141,9266,9523,9454
1025: 1347,1105,1263,801,948,1180
8199: 8343,8908,8044,8276,8624,8274
1027: 9760,670,466,874,1105
7022: 7023,6932,7110,6931,7020,7199
8271: 8485,8908,8620,8808,8273
7885: 7884,7721,8042,7804,7965,8046
3803: 3903,3904
8261: 8119,7880,9376,8262,8110
5419: 5421,5818
1034: 1272,884,740,1111,1035
1035: 1436,1438,1272,1034,1111,1270
5294: 5194,5295,5395
10018: 9549,9755,9985,9871,9820
5841: 
7707: 7780,7703,7870,7451
7539: 7452,7780,8336,7451
10038: 3434,3533,9957,10041
1042: 886,966,892,1193,959,1276
1043: 1527,9758,1611
1044: 1362,1045,1281,1364,1446
1045: 217,9326,1281,754,1044
5585: 
3839: 3742,3741,3743,3444,9756,3835
1048: 973,827,972,897,1125,1124
9334: 9917,9353,9938,9448,9617,9356
9862: 2666,9997,9742,9671,9845,9286
3680: 
1052: 977,762,501,1367,1286,978
6303: 9639,7252,6204
9731: 10021,9961,9924,9859,9816
9721: 9751,9959,9718,9929
5776: 5678,5775,5876
1057: 9506,1295,982,1133,1709,1134
7877: 7631,7713,7548,7954,7801,7719
8146: 8222,8145,8066,7743,7825,7988
1060: 564,697,450,700,835
4978: 4979
7309: 7398,7396,7570
6441: 6056,6055,6537,6249,7086,9377,9362
9641: 8121,8044,9391,9381,8343
5177: 5277,5278
1066: 1545,989,9493,1067,9268
1067: 1066,9493,1302,1716,1805
1068: 1145,709,9958,9818,9380,1303
1069: 996
7888: 7641,8352,8625,7723,8126
1071: 997,716,1225,1721,1553,1387
6847: 6939,7123,7122
9742: 2664,9965,1756,9671,1747,2666,9862
9890: 9921,9897,10028
1075: 718,1312,1307,927,1473,1392
1076: 1152,9245,1477,718,1312,1644
9066: 
1078: 1006,9745,929
1079: 1396,9905,9780,2362
1080: 1395,1651,1483
5621: 5620,5722,5520,5422,5424
3764: 3763,3664,3665,3765
9963: 9831,10022,9651,9942
6270: 
7932: 7770
9571: 10039,9824,10005,9982,9556,10003
1087: 864
8170: 7929,7765,7425,9998
1089: 
5274: 5374,5375
9607: 6629,9308,6537,6347,9638,9377
1092: 1170,1169
5421: 5419,5322,5520,5620
9583: 5331,9360,9452,9249,5329
1095: 1421,9415,9637,1762,794
9746: 9757,9958,9298,9380
1097: 729,1019,9405,943,9748
9322: 980,502,9445,9287,329,9403
7562: 7563,7475,7300,7813,9379
7903: 8064,8142,7821,7739,7902,8292
8869: 9063,8813,8976
9512: 6541,6637,9406,6724,9540,9543
4569: 
9452: 9678,9360,9583
1105: 1347,1025,874,670,1027,801
4665: 4462,4463,4667,4565,4664,4766
4939: 4736
1108: 359,9371,1347,1263,1185
8369: 8770,8440,8707,8219,8221,8296
1110: 1111,1351,359,9427,740,1187
1111: 1270,1351,1110,740,1034,1035
7599: 
7756: 7839,8386
6414: 6421,6416,6320,6510,6512
9927: 9966,9978,3734,3635,9876,9766
4703: 
5664: 5466,5564,5663,5765,5668
1118: 1276,1196,1197,9372
9514: 9264,9812,9488,9388,9321
8208: 7560,7386,7209,7974,8357
6249: 6052,6148,6055,6441,7086
9760: 670,1027,9736,9707,9829
7200: 7953,7375,7460,7630,7110,7289
1124: 1125,902,1202,1048,897,372
1125: 902,1124,1048,973,563,694
9791: 9775,9699,9345
3842: 3646,3450,3741,3057,3838
5348: 5551
5092: 5192,5093
9441: 9853,9804,9590,840
1131: 1619,1132,1369,9676,9706
1132: 1131,9676,1290,1211,9439
1133: 1539,1973,9506,1057,9433,1709
1134: 1709,1375,1057,982,1136
4853: 4644,4757,4654,4438,4643,4855
1136: 982,9430,341,1215,1375,1134
6280: 
9345: 9883,233,9416,9775,9791
8373: 8647,8225,8227,8943,8301
7127: 7037,7128,7217
9402: 9354,9643,10034,9465,9499,7276
5951: 6144,5856,6047,9578,5662,9367
4345: 4241,4444,4450,4346,4440,4448
6939: 7122,7646,6847,7298
1145: 1068,709,9316,1303,1306,9470
3612: 3711,3713,3615,3514
6626: 6906
1148: 9495,527,1228,1472,1227,1556
9759: 9790,9796,9485
9777: 4839
7532: 6915,7095,7003,7007,9458
1152: 1076,9245,9552,1477,929
9956: 9830,9674,9856,9843,9586
9447: 9998,9373,9434
9991: 9468,9676,9706
9690: 9695,9944,9763
9958: 9757,9746,9818,9380,1068
4491: 4391,4390
1159: 1009,1240,1314
6265: 6359,6266
4650: 4548,4440,4338,4442,4644,4654
4871: 4872,4870
9678: 9452,10025,9711,9480,9360
9589: 9383,9923,9809,9273,9326
8830: 9130,8886,8770,8440,8708,9127
8838: 8837,8835,8841
9456: 9686,9984,9545,9378,9277,9828
8990: 8989,8991,9039,9038,9194,8885
1169: 1170,1092,1013
1170: 1092,1169,1013
8727: 7918,8236,8158,8526,9623,9260
9326: 1045,217,9589,9383,9273,754
7092: 7003,7360,7002,9561,9310,9508
9805: 7184,9650,9647,9967
4192: 4293,4292
7062: 7152,7155,7156,7419,9400,9785
8453: 8380,8451,9448,8382,9617
1178: 1592,1340,729,1019,1510,1767
9457: 9559,9531,9466
1180: 1514,1428,1025,1263,1261,948
5302: 5403,5202,5201
9357: 9397,1238,9342,1399,9761
9704: 9790,9796,9679,2938,3327,3333
4773: 
1185: 1187,1600,1263,359,1108,1514
6058: 6349,5964,6347,5959,5961,6155
1187: 1602,1600,1185,359,1351,1110,1687
6084: 6085
7276: 7099,9499,9402,7617,9465,7190
9140: 8970,8419,8273,8346
9975: 10006,9725,9817
6105: 6007
1193: 1439,1272,959,1042,1276
5852: 6338,5455,6336,5355,6339
6896: 6708,6516
1196: 1276,1118,892,616
1197: 1524,9372,1272,1118,1438
1198: 1527,9247,9295,1610,1525
5372: 5370,5467,5571,5668
7328: 7757,7503,7238,7847,7505
3628: 3729,3531,3335,3627,3727,3829
1202: 902,1124,372,1282,977
1203: 1282,1281,977,1364,1286
9980: 9291,9363,9743,9812
8766: 8704,8365,8824,8292,8705
6291: 6388,6290,6387
6900: 
9263: 9461,9393,9460
9475: 9384,6022,6316,9511,6320
4789: 4891,4890
1211: 1290,1706,1132,1291,9527,9439
9865: 9818,9757
4655: 4658,4858,4548,4553,4757,4654
7237: 7238
1215: 341,1297,1136,1375,1800,1461
1216: 9248,840,774,341,1297,989
9875: 9649,9795,9904,9271,9344,9740
8451: 8307,8380,8453,8521,9448,8589
10031: 9714,9753,9977,9779,10012,9880
5125: 5129,5225,5124,5136,5224,5422
9966: 9927,3634,9978,3533
9839: 10042,9920,9773
9828: 9450,9739,9681,9545,9456,9984
8821: 9236,8695,8984,8983,9070,9292
1225: 1306,1806,9470,1071,716,1721
7086: 6439,6249,6148,6441,9362
1227: 1472,1810,997,1148,527,1553
1228: 1307,927,9530,9495,1148,1556
9303: 9449,9509,9453,9852,9754,9885
3771: 3772
9462: 9442,9422,9256,9797,10000,9489
7542: 7627,7368,7014,7102,7283
7052: 7670
9511: 9601,6510,9384,9475,9575
5910: 6009
8186: 7953,8032,9534,8031,9436,8333
8710: 8513,8579,8647,8372,8995,8888
1238: 9397,2170,9357,1732,1399
9313: 9330,9526,9287,9403,9502,9433
1240: 1009,1159
4521: 4314,4525,4415,4514,4621
3734: 3932,3731,9927,3634,3635
5283: 
5447: 5548,5647
9556: 9317,9982,9297,9629,9571,10005
1246: 1494
4236: 3934
1248: 941
10023: 9970,9965,9671
9901: 6335,6139,9658,10035,9305,9941
1251: 
3646: 3842,3450,3741,3743,3449,3153
6622: 6902,6716
9438: 9661,9407,9892,9767,9854,9787
8225: 8647,8372,8373,7909,8227,8150
8357: 7811,8356,9467,7974,8208
8917: 8916,8807,8805,9018
4997: 4897
7440: 7353,7265,7352
7478: 7564,7565,7649
1261: 9551,9257,948,1180,1428,1427
9420: 9217,9307,9613,9640,9277,9618
1263: 1347,1025,1108,1180,1514,1185
8126: 7723,7804,7888,8422,8046
8278: 8867
4839: 9777,4838,4637,4941
8178: 8101
7954: 7876,8333,7801,8032,7877,7713
8336: 8265,7451,7539,9694
1270: 1111,1351,1035,1436,1777
6645: 6549,6917,7010,6550
1272: 1193,1439,1034,1035,1438,1197
9643: 9310,9354,9508,9402,10034,9936
9548: 9672,9507,9615,9242,9125,9863
9846: 9738,9754,9885,8694
1276: 1196,1118,1042,892,1193
10039: 9824,9571,10003,9762,9727,9789
3641: 3052,3448,3347,10011,3545
3533: 10038,3434,9966,3634
4255: 4155,4057,4347,4156,4349
1281: 1203,754,1045,1044,1364
1282: 1203,754,372,9273,1202
4364: 4263,4459,4463,4565
9874: 9747,9669,9774,9899,9665,9737
4694: 
1286: 1449,1367,1203,977,1052
8449: 8649,8376,8378,9752,9132
7996: 8075,8076,7668,8158
9395: 9740,9505,9344,9712
1290: 1706,1620,1211,1704,1132
1291: 9527,1706,1211,1793,9428,1622
9601: 9511,6510,9575,9860,9724,9309
4891: 4789,4890
9343: 9867,9614,9471
1295: 9506,1057,9570,982,9259
4284: 4285,4385
1297: 341,1215,1216,1545,989,1461
9360: 9480,9429,9452,9678,9249,9583
9935: 9955,3733,4029,4030,9262,9328,9814
3932: 3829,3731,3734,3929,3635,3733
9505: 8729,8663,9344,9712,9359,9395
1302: 1384,1548,1549,9358,9493,1067,1805
1303: 9358,1145,1068,1384,1306
4582: 4481,4683
7425: 7428,9373,7765,8170,9998
1306: 1806,1225,9470,1303,1145,1384
1307: 1228,927,1075,1556,1473,1727
8143: 8219,8144,7905,7741,8439,8064
6683: 6682,6871,6588,6967,6781,6966
6283: 6282,6185,6284
4603: 4502
1312: 1729,1075,718,1076,1644,1392
9713: 9516,9520,9990,3531,3335,9957
1314: 1159
9408: 5044,9352,9482,9574,9302,5047
4216: 4211,4010,4319,4318
8383: 9284,8309,8154,8307,8380
9712: 9386,9359,9505,9395
3819: 3915,3817,3820,4123,3821
8943: 9317,9982,8373,8301,8649
5036: 5142,4929,5138,5027,5023,5031
8659: 
7670: 7836,7052,7413,7587
5594: 5495
7190: 7952,7191,7617,7099,7276
1326: 
1327: 
6628: 7085,9725,9817
5361: 5060,5163,5159,5363,5755
6246: 9964,6248,6439,7085
4559: 4448,4553,4462,4458,4661
7935: 8015,7934,7771
6706: 6516,6514
4872: 4871,4771
6201: 
1336: 1502,9283,1504,9415
9996: 9858,9794
3586: 3686,3487,3486
6038: 6326,6327,9401,9644,9432,9341
1340: 1592,1178,1506,1019,724,9399
5833: 5633,5335,5533,5536,5933
6448: 6163,6164,6541,6637,6823,6357
9519: 9594,9340,9285
9008: 
9588: 9355,9252,7475,9379,9593
5304: 5204
1347: 1025,1105,1263,670,1108
9468: 9991,9676,9439,9473
6022: 6021,9384,6219,9475,6118,6316
4687: 4585
1351: 1111,1270,1110,1187
5901: 5801,5902
9193: 9081,9037,9161,8987,9219,9239
9295: 9918,9528,9247,1198,9758
9276: 466,9674,9270,730,9830
5889: 5789
9024: 9069,8868,8921
3774: 3674,3874
5601: 
3701: 3700
5392: 
1362: 1044,10026,1446,823,1529
9685: 9432,9914,9341,9278,9908,9847
1364: 1532,1446,1203,1281,1044
9338: 743,745,9446,541,9537
6278: 6180
1367: 1449,1369,1286,1052,978
9012: 9059
1369: 1449,1367,1619,1131,9706
7008: 7009,6916,7098,7007,9550
5281: 5180
6695: 6598,6696,9753,7160
8479: 8338,8737,8540
5390: 5389,5490
1375: 1134,1136,1215,1800,1542
3818: 3820,3722,3526,3421,3519,3717
7763: 8006,8163,8462,8008
9596: 8496,8205,8631,9368,9497,9971
9881: 9995,9653,9581,9492
6662: 6849
5121: 5220,5123,5023,5027
9437: 9893,9353,9592,9336
4078: 4179
1384: 1302,1549,1303,1306,1806
7965: 8121,8044,7884,7885,8046,8276
6009: 6010,5910
1387: 2074,1553,1897,1071,1984,1721
3957: 3956,3953,3858,3857,4057
5813: 5715,5812
4483: 
5649: 5550,5548,5650
1392: 1557,1816,1729,1075,1312,1473
9561: 9301,9667,7360,7092,10019,9508
9274: 9299,9253,7066,6688,6784,9631
1395: 1080,1007
1396: 1079,9780,1561,1562
5010: 4910,5110
10028: 9825,9890,9897
1399: 2822,1732,1238,9357,2728,9761
9302: 5047,5247,9604,9808,9408,9574
9521: 4330,4232,9269,4336,9282,9483
3545: 3742,3641,3448,3449,10011
5663: 5664,5564,5662,5856,5765,5761
3715: 3817,3717,3517,3713,3615
6126: 6223,6122,6323,6121,5826,6226
1406: 1573,1572,1571
4493: 4393,4494
9949: 2669,9682,9931,9888
9070: 8630,8874,8425,8695,8821,9236
5104: 5204
4131: 
1412: 1841,1666
9277: 9640,9378,9420,9456,9686,9618
1414: 1418,1417,1500
6376: 6375
6327: 6420,6326,6038,6421,6416,9432
1417: 1418,1414
1418: 1414,1417
1419: 1502,9283,9665
1420: 1500
1421: 1095,1504,1762,1849,2028
8716: 8587,8776,8655,8590,8898
9809: 897,372,9273,9923,9933,9589
9415: 1095,9283,9251,9637,1336
4438: 9538,4642,4442,4644,4853,4643
9646: 10027,9513,9723,9887,9599
1427: 1682,872,9551,1261,1428,1512
1428: 1180,1514,1261,1427,1512,1513
4141: 9582,9597,3946,3949,4139,9591
9779: 6598,9977,6405,10031,9753
9329: 9775,9950,9837,9565,9487,9416
7905: 7398,7739,7311,7741,8064,8143
7865: 7787
8905: 8904
9460: 10040,9580,9782,9263,9393
1436: 1035,1438,1270,1778,1777
4045: 3949,4139,4053,4343,3951
1438: 1035,1436,1272,1197,1524
1439: 1193,1272
7146: 7325,7145,6964,6871,6966
8008: 7682,7763
7988: 7743,7744,8146,8222
9836: 7958,9702,9587,8191,9886
1444: 1698,823,1529
6212: 6797,6984,6209,6507
1446: 1532,1364,1362,1044,1529,1616
7673: 7587,7325,7413,7757
7037: 7127,7128
1449: 1367,1369,1286,1532,1617
5142: 4929,5036,9602,5138,5141,9454
4146: 4343,3951,9256,4155,4347,4240
9869: 9974,768,511,9806,9487
9497: 9584,9368,8811,8282,9596,8631
9769: 807,9823,9728,9656,416,808
5163: 5361,5060,5062,5363,4964
4716: 4719,4817
9708: 2451,9720,9903,9722,9813
8679: 8550,8412,8481,8799
5920: 6118,6018,5819,5722,6021
6629: 9607,6820,9308,6349,6347,6631
1461: 2156,1800,1215,1297,1545,1630
9469: 6419,9309,9801,9494,9417
5736: 5337,5839,5637
9236: 8821,8874,9070,9450
9508: 9310,9643,9561,7092,10019,9936
9658: 9901,6335,6337,9941,9872,9873
9666: 9726,9849,9648,9979
9763: 9347,9690,9993,9944,9989
4314: 4521,4422,4211,4319,4415
6439: 7086,10042,6248,6246,9362
9860: 6508,9575,6984,9601,9724,9696
1472: 1901,1810,1899,1227,1148,1556
1473: 1727,1307,1075,1816,1392
9325: 9463,9608,9364,9398,9476,9261
9489: 4241,4444,9462,9256,9331,9797
9077: 8928,9119
1477: 929,9882,9895,1076,1152,1644
9071: 10007,9235,8928
6733: 6549,6917,6731,6639,6915,7095
7870: 8029,7703,7707,8265,7451
7434: 9977,9253,9636,9517,9880
7265: 7354,7440
1483: 1651,2361,1080,9905
9606: 2363,2552,9389,9267
3777: 3678,3776,3778
7396: 7130,7569,7570,7309
1487: 1738,1739
1488: 1729,1562,1557
3639: 3345,3643,3248
7839: 7757,7503,7756,8386,8160,8081
3835: 3838,3940,3837,3839,3741,3444
7033: 6941,6849,7563,7300,7389
3713: 3711,3612,3615,3715,3712
1494: 1246
9074: 9214,9072
9858: 9827,9811,9996,9794
1497: 2483,1755,9609,9579,1931
9268: 9536,9577,774,1066,989,9493
7581: 7582,7668,7319,7231,7494
1500: 1420,1414
9392: 4529,4322,9633,4427,9269,9483
1502: 1336,1419,9665,9737,1759
5722: 5621,5424,5724,5920,6021
1504: 1421,1336,1759,1849,1760
9544: 8597,8457,9386,9359,9952
1506: 1592,1340,724,1676,1853
3448: 3052,3641,3449,3251,3545
9802: 9672,9507,9558
9754: 9738,9846,9885,9852,9835,9303
1510: 872,729,1178,1594,1767
5548: 5447,5649
1512: 1772,1513,1428,1682,1427
1513: 1772,1512,1514,1428,1600
1514: 1180,1428,1263,1600,1185,1513
3471: 3571,3372,3470,3373
6916: 7009,7008,7095,6917,7010,7007
8213: 8502,8137,8058,8363,8639
8015: 7935,7934
6720: 6813,7083
9990: 9516,9713,9771,9815,10041,9957
5159: 5361,5060,4957,4856,5157
7794: 7711,7371,7545,7630,8031,9289
6481: 6385,6480
1524: 9247,1197,9372,1438,1525,1608
1525: 1867,1610,1608,9247,1524,1198
5966: 5871,5870,5868,6062,5970,6256
1527: 1198,1043,1610,1782
9376: 8261,9484,9346,8262,9413
1529: 1444,823,1362,1446,1616
10010: 2973,10001,9822,9810,9244
9483: 9282,9459,9269,9521,9392,9633
1532: 1364,1446,1449,1617,1616
5403: 5302
3858: 3860,3857,3957
4177: 4278
9577: 9298,9536,9268,9380,9358,9493
8457: 8387,9544,8161,8160,8596
5370: 5372,5467,5269,5171
1539: 1133,1973,2151,9502,9433,2061
8879: 9122,8987,8502,8639,8881,9080
9461: 485,9263,9393
1542: 1800,1375
7505: 7675,9525,8161,7847,7328,7503
9258: 9412,9573,9513,9723,9538
1545: 1066,989,1297,1461,1630
7711: 7794,7371,7283,7627,9705,9289
6514: 6706
1548: 1302,1549
1549: 1302,1384,1548,1806,1893,1805,1894
6478: 
9968: 9909,9549,5453,5352,5251
7431: 7521,7164,7345,7344
1553: 1897,1387,997,1071,1810,1227
9735: 7679,8460,8597,9952,10022
4525: 4521,4529,4626,4621
1556: 1727,1148,1228,1307,1472,1899
1557: 1816,1392,1729,1488
9732: 9850,42
7973: 7811,8356,7558,8497,8565
3765: 3665,3666,3764
1561: 1562,1644,9895,1396
1562: 1561,1729,1396,1488
3837: 3940,3835,3444,3536,3339,9374
9421: 9655,9707,9496,9371,9642
7627: 7542,7368,7711,7283,9705,7625
8296: 8513,8579,8221,8145,8369,8770
4069: 4169,4068
3915: 4323,4118,3819,3817
9229: 9185
8995: 9297,9127,9600,8579,8710,8888
1571: 1572,1406
1572: 1571,1573,1406,1740
1573: 1406,1572
10032: 9422,9591,9375,9582,9994,9947
5882: 
1576: 
9851: 10
9916: 9864,9688,9995
1579: 1836,9765,1838
5508: 5408,5509
4053: 3755,3956,3953,4045,3951
1582: 2387,2576,2483
1583: 1847,9737,1759,9669,1935
5977: 5978,5878
5551: 5348,5849,5848
9253: 9274,9299,9636,7434,9631,9517
4448: 4553,4559,4345,4450,4548,4440
9745: 1078,929,9882,10008
6378: 6474,6282
8282: 8811,8497,8565,9449,9497,8631
5455: 5852,6336,5355,5151,6140
1592: 1340,1178,1506,1767,1855,1853
7638: 7550,7467,7555,7548,7721,7723
1594: 1769,1767,1510,1682,2037,1946
5317: 5417
5087: 5086,4986
9480: 9503,9429,9360,9294,10025,9678
9564: 9504,9560,9546,9307,9613,9610
5194: 5093,5294,5295
1600: 1187,1185,1514,1513,1687
9166: 9167
1602: 1187
8614: 8677,8478
5337: 5536,5736,5839
8794: 
9458: 7007,9550,7532,9310,9354
9342: 9246,9443,9320,9397,9357,9761
1608: 1867,1525,1524,1778
4087: 3986
1610: 1867,1525,1198,1527,1957,1782
1611: 1784,683,1043,9758
4100: 4000,4201
4294: 4293
9157: 8495,9027,8978,8874,9976
6371: 6467,6275
1616: 1703,1617,1532,1446,1529
1617: 1703,1616,1532,1449,1619
3857: 3860,3858,3856,3956,3957
1619: 1704,1131,1369,1703,1617
1620: 1290,1706,1790,1878
9486: 9534,9289,9705,9729,9928,9390
1622: 9428,1881,9611,1291,1793,2056
1623: 2333,100,980,502,2240
5964: 6058,6349,5961,5965,5769
4838: 4837,4637,4839
5269: 5069,5070,5366,5171,5370,5467
7268: 7777,7176,7179
3934: 4236
8636: 8632,8429,8430,8878,8820,8499
1630: 1978,1716,1545,2156,1461
9662: 9822,10001
8677: 8614,8478,8676
8861: 8683,8968,8960,8619,9017,9983
5922: 6121,5725,5426,6219,6122
7946: 8026,7945,8106
7650: 7899
3464: 3664,3665,3564,2873
4941: 4839,4840
9929: 9721,9718,9348
9348: 9266,9718,9929,9523,9703
5848: 5849,5551,6041
5550: 5649,5650,5750
5202: 5201,5302
1644: 1561,1076,1477,1729,1312
9723: 9646,9513,9258
8075: 7996,7913,8076,7993,8074
9749: 9863,9811,9546,9567,9615,9827
9848: 9710,10019,9884,9667
4422: 4314,4218,4319,4322
8392: 8168,8603
1651: 2361,1483,2270,1080,1996
7630: 7460,7545,7794,8031,7953,7200
5328: 5327,5129,5225,5426,5725
9494: 9417,9684,9469
7761: 8389,8005,7759
7110: 7023,7022,7460,7199,7200,7289
10042: 6439,9529,9362,9839,9920
8597: 8387,9544,9735,7679,9952
9863: 9749,9811,9673,9615,9548,9672
4332: 3928,3922,4329,4232,4132,9262
7953: 7200,7375,8032,8186,7630,8031
4462: 4463,4665,4458,4559,4661,4664
4004: 3903,3904,4104
7680: 7155,9785
9318: 9128,9960,9664,9501
1666: 1840,1412
9612: 10004,9770,9551,9257,9405
9824: 10039,9571,10005,9664,9727
9998: 9447,8170,7425,9373,7682
7380: 7293,7117,7207,7467,7383,7470
9680: 6041,9652
8221: 8219,8144,8145,8066,8369,8296
9520: 9516,9713,3327,3333,3431,3531
6671: 6672,6575,6576
9700: 2728,9761,9717,9709,2540
1676: 1762,2030,794,724,1506
9518: 7419,7417,7847,9400,9559,9525
9750: 9692,9005,9293,9340,8718,9594
7163: 6978,7070,6886,9684,6884
6011: 6207,6010,6974
5961: 5571,5668,5765,5959,6058,5964
1682: 872,1427,1512,1594,1946
9510: 2770,9532,9997,2201,9286
8898: 8658,9336,8716,8655,9005
7428: 7425,9373,7775
8020: 7942,9989,9993,7617,7279
1687: 1861,1187,1600
5300: 5400,5200
4369: 4269,4470
5380: 5379,5280,5480
9798: 9781,10037,9655,9829
9792: 9941,9992,9776,9873,10006
3956: 3755,3957,3953,4053,3856,3857
8978: 8630,9919,8495,9157
6215: 5916,6117,6410,6797
4849: 4947,4944,4955,4845,4949,4852
6672: 6671,6576,6767
1698: 1444,683,1784,1873
4585: 4687
9931: 2767,2576,9888,9949,2570
9434: 9373,9447,7601
9896: 10020,9906,9644,9914,9341
1703: 1617,1616,1619,1704
1704: 1619,1703,1290
9353: 9334,9917,9356,9592,9437
1706: 1290,1620,1211,1291,1793,1878
6516: 6706,6896,6708
9517: 9631,9253,7434,10009,9880
1709: 2153,1134,1057,1133,1973
9993: 9944,7617,9465,9763,9989,8020
5148: 5154,5151,9604,5150,9350
3997: 3897,3998
8624: 8422,8688,8276,8199,8866,8274
9018: 8805,8968,8917
8743: 9010,9017,8960
1716: 1978,1890,1630,1067,1803,1805
9623: 8527,8526,8727,9260,9628,9616
3743: 3646,3741,3449,3742,3839
9399: 9382,724,9500,9819,1019,1340
9730: 
1721: 1894,1984,1806,1225,1071,1387
9072: 9114,9214,9074
9465: 9993,9944,7617,9402,10034,7276
8593: 8661,9988
9994: 9947,9870,9422,10032,9838,10000
5902: 5901
1727: 1556,1473,1307,1899,9250
5606: 5705
1729: 1312,1562,1644,1557,1392,1488
6307: 6209,6507,6308,6403,6405,6598
4165: 4164,4166,4266
1732: 2822,1399,1238
9906: 10020,9896,9914,10016,9898
9573: 9258,9412,9538,4642,5044,9352,4641
6926: 7195,6832,6927,7371,7198,7545
5108: 5007
6338: 5852,6336,6339,6436,6335,6139
1738: 1739,1914,1487,1912
1739: 1738,1487,1740
1740: 1572,1739
3929: 3925,3826,3932,3829,4030,3733
8119: 8261,7880,8616,8110,8483
9085: 9128,9126,8885,9130,8886,9894
4211: 4216,4319,4314
4115: 3712,4117,4318
9248: 1216,840,9366,9590,9430,341
1747: 2205,2021,9742,1756,2666
9961: 9389,9554,9267,10021,9731,9859
8908: 8199,8343,8620,8274,8808,8271
7475: 7300,7562,7123,7122,9588
6967: 6781,6966,6683,7060,6969,7150
9818: 9865,9757,9958,1068,709
9813: 9722,9335,9708,9720,9645,1820
9814: 9825,9328,9955,9935,9922,9897
1755: 1497,2483,2767,2672,2578,1931
1756: 9742,9965,1747,9542,1846
9825: 9328,9814,10028,9897
5709: 5807,5609,5710
1759: 1583,9737,1502,1504,1760
1760: 1849,1504,1847,1759,2303
4819: 4821,4823,4826,5018,4918
1762: 1676,2030,794,1095,1421,2028
7945: 8026,7946
9821: 9270,731,9719
9245: 1076,1152,9552,9635,9363,718
3950: 3949
1767: 1769,1594,1855,1510,1592,1178
9495: 1148,527,9264,9488,1228,9530
1769: 1594,1767,1855,2037,2036
9331: 9799,9797,4444,9489,9522,4338
5186: 5185,5086,5287
1772: 1512,1513,1861,1950
9011: 8964,9060
4169: 4069,4168,4068
7066: 6398,6593,7252,9274,9299
9529: 9638,9377,9362,10042,9920,9943
1777: 1778,1270,1436,1864
1778: 1777,1436,1867,1608
6541: 6637,9512,6724,6350,6164,6448
9944: 9993,9465,10034,9695,9690,9763
8145: 8146,8222,8066,8221,8513,8296
1782: 1610,1527,2047,1957
7467: 7550,7555,7638,7293,7380,7470
1784: 1611,683,1698,1873
9940: 9788,709,9316,10002
8663: 8729,9505,9344,8662,9271,9616
8639: 8703,8363,8881,8502,8213,8879
9790: 9759,9704,9796,3333
6517: 6709
1790: 1620,1878
9576: 9283,9251
3821: 3922,4123,3820,3722,3822,3819
1793: 2145,1878,2056,1706,1291,1622
9794: 9858,9811,9673,9996
9119: 9077
3497: 
3940: 3838,3835,3837,3550,9374,3942
6820: 6629,9308,6631,6724,6348,9543
9628: 9271,9616,9623,9419,9260,9904
1800: 2156,1542,1461,1215,1375
9332: 9425,9374,9772,3536,9396,9620
8616: 7962,8120,8119,7880,9625,9568
1803: 1892,1893,1805,1890,1716,2251
9592: 8658,9336,8591,9356,9353,9437
1805: 1893,1803,1067,1302,1549,1716
1806: 1306,1225,1384,1549,1894,1721
9692: 9750,9005,9293,9336,9893,9786
6464: 
8363: 8703,8639,7979,8061,8213
1810: 1472,1901,1227,1553,1897,1987
8142: 8439,8064,7903,8292,8507,8705
5680: 5581
9946: 10026,9879,9962
6139: 9901,6335,9265,6338,6336,9305
8715: 8450,9132,8590,8654,9857,8776
1816: 1557,1392,1473
4910: 5010,4809
5699: 
3809: 3810
1820: 2925,9813,9720,9645,2826
8729: 9505,8663,8662,8596,9359
9449: 9303,9509,8565,8282,9885,8631
9642: 9427,672,9421,9496,251,9371
5975: 5876,6072
9953: 9687,7540,9783,9833,7452,7780
8904: 8905
9543: 9435,9540,6820,9308,6724,9512
7757: 7328,7503,7839,7673
5804: 5705,5904
9443: 9342,9246,9320,9279,9296
1831: 2096,1917
9647: 9435,9540,9943,9650,9805,9967
1833: 1921
9296: 9722,9335,9715,9246,9443
1835: 2199,2015,1841
1836: 1579,9765
9560: 9564,9504,9546,9219,9567,9239
1838: 1840,1579
6768: 6767,6769,6862
1840: 1666,1838
1841: 1412,1835,2199
9768: 9714,9753,7160
9255: 9251,9637,9878,9382,9500
1844: 9327,9579,1931,2022,2389,1846
5009: 5110
1846: 2022,9327,1844,9542,1756
1847: 1583,1760,2024,1935,2303
6510: 9601,9511,6414,6419,9309,6512
1849: 2119,1760,1504,1421,2028
9554: 9389,9961,2364,1915,9859
9817: 6628,7085,9725,9776,9975,10006
7778: 7354
1853: 2033,1592,1506,1855,1943
9552: 1152,9245,9363
1855: 1769,1767,1592,1853,1943
5253: 6140,5453,9404,9909
3552: 3651,3850,3849,3555,3452,3947
4390: 4391,4491
6480: 6576,6385,6481
9226: 10014
1861: 1951,1687,1772,1950
5637: 5736,5837
9854: 9767,9926,9438,9691,9787,9889
1864: 1953,1777
9719: 9830,9270,9821
9726: 9666,9849,9861,9668,9784,9979
1867: 1610,1525,1608,1778
3849: 3552,3850,3947,3946,3949
5070: 5069,5269,4969,5171
9563: 9444,8867,8625,8560,8811,9584
8042: 7719,7884,7885,7801,8120
9574: 10017,9482,9408,9302,9808
1873: 1698,1784
5007: 4907,5108
9850: 9732,42
8074: 7993,8152,8154,8075,8076
9631: 9517,9274,9253,6784
1878: 1793,1706,1620,1790
9847: 10016,9908,9685,9914,6703
9778: 9831,10022,9386,9952
1881: 1622,9611,2056,2057,329
9908: 6425,9278,9685,9847
8555: 8748,8417,8970,8419
7565: 7649,7393,7564,7478
9239: 9567,9162,9219,9193,9161,9560
6915: 7095,7532,6731,6912,7003,6733
10013: 9482,9412,9352
7081: 7342
9578: 9455,5662,9367,9410,9311,5951
1890: 1978,1716,1803,2343,2251
9264: 9812,9514,9488,9291,9495,9530
1892: 1893,1803,2072,2531,2251,2161
1893: 1892,1803,1805,1549,1894,2072
1894: 1984,2072,1721,1549,1806,1893
9747: 9874,9669,9774,9986,9630,9361
9614: 9306,9471,5453,5251,9343
1897: 2074,1553,1387,1810,2165,1987
9261: 2678,9476,9325,9364,2391
1899: 1472,1901,1556,1727,9481
5308: 5408,5207
1901: 1472,1810,1899,1987,1902,9481
1902: 9409,9254,1901,2079,1987
10036: 9891,10011,9932,9744
9394: 5755,9533,9410,5657,5754,9455
1905: 2453,1995,2173
6004: 6003
5876: 5975,5776
9503: 9480,9429,5138,9454,9294,5338
1909: 
9660: 9584,9368,9444,9661,9767,10043
6272: 
1912: 1738,1914
5480: 5280,5380,5481
1914: 1738,1912,2182
1915: 2366,9859,2364,9554,2459,2554
7918: 8727,8236,8158,7667,7582,7668
1917: 1831,2279
9352: 5044,9408,9412,9573,9482,10013
3519: 3421,3224,3321,3517,3717,3818
6326: 6420,6327,6038,9401,6037,9668
1921: 1833
9954: 2098,2010,9451
8044: 8121,7965,9641,8276,8199
6398: 7066,6688,6593
9928: 9733,9484,10024,9729,9486,9390
9911: 9644,9979,9401
9969: 9440,9698,700,9883,233,697
4809: 4709,4910
5792: 5793,5891
6978: 7161,7070,7163,9684,7162
1931: 2578,1497,1755,1844,2389
9849: 9726,9666,9861,9701,9648
5492: 5393
4320: 4331,4427,4117,4323,4218
1935: 2024,2205,2021,1847,1583
4917: 5018,4918,4815,4915
4179: 4078,4280
6207: 6011,6974,6403,6209
5200: 5201,5300
3635: 9955,3733,3932,3734,9927,9876
4606: 4605
4450: 4354,4349,4345,4448
1943: 2311,1855,2033,1853,2218
7340: 7247,7248,7929,7765
9112: 8813,9027,8627
1946: 2037,1682,1594
5475: 5476,5574,5375,5573
9038: 9242,9125,9194,8990,8885
4729: 4527,4725,4626,4730,4936,4937
1950: 1772,1951,1861
1951: 1861,1950
4817: 4719,4716,4823,4918,4815
1953: 1864,2043
9845: 9286,9479,9411,9671,9862,9970
9722: 9296,9335,9813,9715,9903,9708
9312: 9426,9413,9951,9733
1957: 2136,2047,1610,1782
6089: 
6483: 6388,6387
3990: 3991,3989
4990: 4890
7314: 7488,7402
3480: 3382
7962: 8120,8616,7876,7880
9534: 8031,9289,9486,8186,9436,9390
4307: 4306
5379: 5380,5278,5478
5705: 5804,5606
3772: 3771
8620: 8343,8908,9716,9653,8485,8271
5154: 5148,5355,5151,5051,5150,5256
8683: 8801,8805,8861,8968,8619
1973: 1539,1133,2153,1709,2061,2244
9679: 2841,9304,9697,9704,9796,2938
5395: 5295,5294,5495
8916: 8621,8806,8807,8805,8917
5426: 5424,5724,5225,5328,5922
1978: 1890,1716,1630,2156,2249
4766: 4867,4665,4667,4865,4664
4168: 4068,4169,4269
7579: 7831,7744,7405
6709: 6517
9626: 10040,9580,368,679,366,9369
1984: 1894,2072,1721,2074,1387,2253
4937: 9280,4936,4836,4527,4729,9877
9675: 2770,10033,9659
1987: 2079,2165,1897,1901,1810,1902
9492: 9881,9581
4000: 4100
8046: 8422,8276,7885,8126,7804,7965
1991: 9409,2079,2538,2170
9401: 6326,6038,9668,9911,9644,9979
9260: 9419,8727,8158,9623,9628
9885: 9846,9754,9303,9449,8694
1995: 2362,2552,1905
1996: 2272,1651,2270,2271
9388: 9557,10002,9321,9514,9488,9365
4661: 4658,4553,4559,4462,4660,4664
3989: 3990
9605: 2865,9595,2674,9479,9411,9541
3829: 3932,3731,3628,3826,3727,3929
2002: 2090,2182
8667: 8603,8242,8318,8463
9426: 8262,9413,8191,9312
8084: 
6848: 6941,6849
5973: 
3656: 3559,3856,3558,3651,3850,3755
4501: 4502
2010: 2098,9954
9487: 9806,9565,9974,9869,9837,9329
5886: 5887
8056: 8210,8498,7733,8058,8211
2014: 2669,2573,2384,2569
2015: 1835,2199,2293,2198
8483: 8116,8110,9423,8119,7958,9568
4134: 
5613: 5713
9328: 9825,9814,9935,9262,9569
4301: 4201
2021: 2205,1935,9361,1747,9542
2022: 2389,1846,1844
6416: 6414,6421,6320,6420,6327
2024: 2111,2205,1935,1847,2204,2303
5819: 5818,5917,6117,6018,5920
5018: 4917,4918,4819
10017: 9871,9574,9808,9985
2028: 2308,2212,1421,1762,2030,1849
9498: 4442,9522,9599,9513,9538
2030: 1676,1762,2308,2028,2123
9354: 9310,9643,9402,9550,9458,9499
8227: 8150,7992,8228,8225,8373,8301
2033: 1853,1943,2403,2123,2218
7520: 7344,7692,7080
8701: 8361,8499,8983,9120,8878,9237
2036: 1769,2037,2220
2037: 1946,1769,1594,2036
8866: 8919,8274,8688,8624,9407,9892
9766: 9876,9927,9978
8426: 8425,9971,9930,8205,8695
4338: 4440,4650,9331,4444,4442,9522
9905: 1079,9780,9937,1483
2043: 2133,1953,2044
2044: 2135,2043
9595: 2674,9605,9479,2580,9532,2866
6420: 6326,6327,6223,6323,6037,6416
2047: 2136,1957,1782,2228
7010: 6917,6645,7009,6916,7103
9568: 9625,9391,8616,8483,9423,9349
2050: 
9582: 4141,9597,9396,9375,10032,9591
6275: 6371
10019: 9710,9936,9848,9561,9667,9508
5287: 5186
9687: 7540,9953,9314,7942,9783
2056: 2145,1793,1622,1881,2147
2057: 2148,1881,2147,2238
6639: 6548,6357,6731,6823,6549,6733
9007: 
8338: 8479,8737,8540
2061: 2336,2244,2151,1539,1973,2335
9804: 9440,9698,9853,9441,9337,9590
7993: 8152,8074,7911,8075,7913,7992
8846: 8787
3417: 3513,3514,3316,3317,2836
5891: 5792
6223: 6122,6316,6126,6323,6320,6420
7780: 7539,7452,9953,9833,7707,7451
7880: 8119,8261,8033,7962,8616
8982: 8976,8813,9235
8949: 8999,8950,9046,8947
2072: 1894,1984,1892,1893,2161,2253
8837: 8838,8841,8950,9046
2074: 1897,1387,1984,2439,2253,2165
9194: 9038,9242,9161,8989,8990,9162
7821: 7570,7737,7739,7902,7903
8496: 8205,9596,8631,8429,8694
4986: 5086,5087
2079: 2441,2165,1987,1902,1991
9613: 9420,9307,9564,9618,9610
8928: 9077,9235,9071
9380: 9358,9746,9958,9298,9577,1068
9762: 10003,9752,9857,10039,9789,10030
8106: 7946
9205: 9145
6749: 
7125: 7564,7302
6140: 5253,9265,5455,6336
5653: 5552,5849
2090: 2002,2272
6805: 6804
9903: 9715,9902,9722,2451,9708
4771: 4872
8805: 8801,8683,9018,8916,8621,8917
6588: 6590,6586,6683,6781
2096: 1831,2188
9455: 9578,5662,9394,9410,5754,5564
2098: 2188,2010,9954,2280,9451
7667: 7836,7142,7582,7918,8236
2100: 
7099: 7102,7276,7368,7190,7191
9557: 10002,9388,9316,9470,716,9365
9256: 4343,4146,9442,9462,4241,4240,9489
9122: 8879,8987,9219,9080,9218,9504
7318: 7494,7405,7319
8938: 8507,8705,8882,8991,8708
4002: 
9834: 9620,9375,9947,9693
9758: 1043,9918,9295,9663,1611
2110: 9619,2866,2390,9608,2392
2111: 2024,2205,2204,2666,9997,2201
9368: 9584,9497,9660,9596,10043,9971
9761: 9700,9357,9342,9246,1399,9709
8110: 8483,8262,8119,8261,7958
4867: 4870,4766,4865,5064,4968
9933: 972,9923,897,9809
8429: 8632,8694,8636,8496,8205,8820
9879: 9663,9962,9946,9918,9414
2119: 1849,2212,2303,2305
6041: 5750,9652,9680,5848
9538: 4438,4642,9513,9498,9258,9573
8387: 8597,8457,7675,8161
2123: 2403,2030,2033,2308
9522: 4442,9498,9599,9331,9799,4338
4880: 
6349: 6058,5964,6347,5965,6631,6629
9937: 9840,9905,9780
3514: 3513,3417,3222,3612,3615
8681: 8346,8417,9581,8419
7813: 7563,7562,9379,7302
2131: 
8382: 8455,9617,9649,9795,8380,8453
2133: 2043,2224,2225
7342: 7081
2135: 2044,2136
2136: 2047,1957,2135,2228
7117: 7293,7380,7026,7207,7118
5672: 5573,5572,5574,5868,5870
9728: 9823,9769,9656,9973
3421: 3519,3224,3226,3818,3526
9411: 9845,9479,9970,9351,9541,9605
8981: 9069
9668: 6037,9784,9726,6326,9401,9979
4821: 4819,5027,4826,4934,4929
2145: 1793,2056,2236,2147
6767: 6768,6672
2147: 2236,2238,2145,2056,2057
2148: 2057,502,2424,2240
7911: 7831,7913,8150,7992,7993
5509: 5609,5410,5508
2151: 181,9502,1539,2335,2061
6117: 5916,6215,5917,5819,6018,6410
2153: 1709,1973,2244
9445: 9566,9315,9287,9611,329,9322
6219: 6021,6022,5724,5922,6122,6316
2156: 1800,1461,1978,1630,2249
8219: 8221,8144,8143,8439,8369,8707
9373: 7428,7425,9447,9998,9434
4757: 4853,4654,4858,4655,4855,4856
8061: 7818,8291,7979,8703,8363
2161: 2253,1892,2072,2531
7847: 9518,7417,7238,7328,7505,9525
5933: 5839,5536,5833
9555: 2957,2858,9351,9535
2165: 2079,2441,1987,2074,1897,2439
9541: 9535,2962,9351,9411,2865,9605
4944: 4947,4641,4849,5044,5047,4845
7488: 7314,7825,7400,7742
8621: 8916,8801,8805
2170: 9397,1238,1991,9409,2538
7867: 8023
7791: 7952,7279,9472,7455,9951,10024
2173: 1905,2453,2451,2643
5247: 9302,9604
6421: 6414,6416,6327,9278,6512,9432
6549: 6917,6645,6733,6639,6548,6550
9384: 6022,9475,6118,6315,9575,9511
4387: 4388,4287
4865: 4660,4664,4867,4766,5064,4964
5410: 5509
5640: 5639
2182: 1914,2002
8230: 8304,8378,8153,8307,8521,8450
9706: 9991,9676,1369,1131
2185: 
4890: 4990,4891,4789
9951: 7455,7791,9733,10024,9312
2188: 2098,2096,2280
2189: 2280,9451,2468
4322: 4529,9392,4427,4422
9727: 9939,10039,9824,9789
9638: 9529,9377,9607,9308,9943,9435
2193: 2194,2285,2284
2194: 2193,2285,2286
5769: 5964
2196: 2476,2571,2384
6983: 6982,7073,7164
2198: 9682,2015,2293,2481
2199: 1835,2015,1841,2293
9838: 9866,9994,9870,9689,10000
2201: 2111,9997,9510
7199: 7460,7198,7019,7020,7022,7110
6912: 6731,6911,6910,7002,7003,6915
2204: 2395,2303,2111,2024
2205: 2111,2024,1935,2021,1747,2666
9493: 1066,1067,9268,9577,9358,1302
3643: 3639,3347,9891
8999: 8949,8947,9092
6797: 6212,6984,6215,6410,6508
3991: 3990,3891
9959: 9670,9751,9721,9459,9524
2212: 2492,2308,2028,2119,2400,2305
9598: 316,9275,9547
3898: 3897,3998
7503: 7328,7757,7839,7505,8161,8160
6018: 6118,6315,5920,6410,5819,6117
7767: 7601,7850,7769
2218: 2033,2311,1943,2403
4444: 4241,4345,9489,9331,4440,4338
2220: 2036
6688: 6398,9274,6590,6784
9463: 9325,9608,10033,9398,9659,9619
8064: 8439,8142,7903,7739,7905,8143
2224: 2225,2133
2225: 2224,2133
4580: 4480,4579
9185: 9211,9229
2228: 2136,2047,2321
5207: 5308
9364: 9325,9608,9261,2968,2391,2392
2231: 
5214: 5113,5215
4947: 4641,4849,4944,4643,4642,4955
2234: 2326
8211: 8430,8358,8210,8056,8137
2236: 2147,2145
9986: 9572,9747,9774,9630
2238: 2147,2057,2424
9403: 181,9502,9287,9313,9322,980
2240: 2424,2148,1623
9852: 9915,9835,9453,9622,9303,9754
7156: 7155,10009,7858,7152,7062
4697: 4797
2244: 2336,2061,1973,2153,2526
5478: 5379,5578
6165: 6163,6164,6068,6067,6262
6164: 6163,6165,6448,6350,6067,6541
8440: 8369,8770,8707,8708,8830
2249: 2156,1978,2341
9915: 9852,9835,9593,9622
2251: 2531,2530,1890,1892,1803,2343
3742: 3545,3839,9932,10011,3743,9756
2253: 2439,2161,1984,2072,2074
7176: 7179,7268,7777
7937: 8018
4197: 4196,4298
6436: 6339,6242,6338,6335,6337,6244
9997: 2666,9862,2111,2201,9286,9510
9361: 9630,9542,9747,9669,2021
9774: 9747,9874,9899,9986
9278: 6425,9908,6512,6421,9432,9685
8116: 8483,9423,7958,9587,8741
7389: 7033,7563
9527: 1291,9439,9473,1211,9324,9428
4654: 4644,4757,4853,4548,4650,4655
7336: 
8386: 8527,8526,7756,7837,7839,8081
9877: 9266,9718,4836,9751,9280,4937
9661: 9438,9407,9444,9019,9660,9767
2270: 1651,2361,1996,2271
2271: 2270,2272,1996
2272: 1996,2090,2271
4288: 4388,4287
2274: 2371
9446: 157,541,9803,9537,9338,888
4709: 4809,4710
9699: 9775,9950,9791
8630: 8978,8874,9070,8425,9919
2279: 2559,1917
2280: 2189,9451,2188,2098
9984: 9456,9686,9828,9681,9844
9481: 9279,9250,1901,1899,9254
7855: 8018
2284: 2193,2285
2285: 2193,2194,2286,2284
2286: 2194,2285
7521: 7431,7344,7692
2288: 2380
4073: 4072,4173,4074
9982: 8943,9317,9556,8649,9571,10003
5129: 5125,5225,5136,9562,5327,5328
8333: 7876,7954,8032,8186,8033,9436
2293: 2199,2015,2198
5201: 5202,5200,5302
7259: 7348
7587: 7673,7837,7413,7836,7670
9861: 9726,9849,6128,9784
6512: 6425,9278,6510,6414,6421,6419
7352: 7353,7440
7152: 7858,7060,6969,7062,7156,7419
6226: 6037,9784,5826,6128,6126,6323
9895: 1477,9882,9840,1561,9780
2303: 2204,1847,2119,1760,2024,2305
9793: 9782,9907
2305: 2400,2119,2212,2395,2303
3506: 
7419: 9518,7417,9400,7060,7152,7062
2308: 2492,2212,2028,2030,2123
3558: 3656,3559,3458,2964,3262,3651
7958: 9587,9836,8262,8116,8110,8483
2311: 1943,2218
5727: 6028,5826,5329,5331,6121,5725
8787: 8846
8824: 8704,8766,8705,9081,9037,8882
9894: 9960,9629,9130,9600,9128,9085
5657: 5462,5266,5754,5363,5755,9394
3491: 
9892: 9438,9407,8866,8919,9787,9634
7682: 8008,9998
7452: 7539,7780,7540,9953
2321: 2228
7668: 7581,7582,7918,8158,7996
4173: 4072,4073
3526: 3818,3722,3421,3425,3625
5338: 5031,5136,5138,9503,9429,9562
2326: 2234
7002: 6910,6912,7003,7360,7092
4837: 4736,4838
9784: 6037,9668,6226,6128,9726,9861
7283: 7711,7371,7014,7195,7627,7542
7026: 6934,7117
4955: 4855,4957,4947,4849,4643,4852
2333: 100,1623,2428,2616
8264: 8474
2335: 2523,2151,2524,2336,2061
2336: 2524,2061,2244,2335
6098: 6196
9653: 9995,9881,9716,8620,8485,9581
9840: 9937,10008,9882,9895,9780
4836: 4527,4630,9670,9751,4937,9877
2341: 2249
4497: 4498,4397
2343: 1890,2530,2251
8867: 9444,9019,8278,9563,8625
5837: 5639,5543,5637
6350: 6724,6348,6067,6256,6541,6164
8391: 8242
9319: 2649,2744,9913,9624,9333,9585
9365: 997,716,9557,9388,9488,527
9504: 9564,9560,9218,9122,9219,9307
4870: 4867,4968,4871
4030: 3928,4029,3929,3733,9935,9262
9450: 9828,9739,9976,9236,9545
9290: 9477,9453,9622,9252,9478,9467
8026: 7946,7945,8101
8542: 8544,8675,8674
9960: 9894,9629,9664,9128,10005,9318
9439: 9527,9473,1132,9468,9676,1211
5249: 5250,5552
9616: 9628,9271,8527,9623,8662,8663
2361: 1651,1483,2270,2363
2362: 1995,2552,1079,2363
2363: 9606,2361,2362,2552
2364: 2453,9554,2643,2459,1915
8031: 9534,9289,7794,7630,7953,8186
2366: 1915,9924,9859,2554,9491
7557: 7383,7470,7811,7558,7641,8352
9237: 9292,9640,9378,8701,8983,9120
3722: 3818,3820,3526,3822,3625,3821
6984: 6797,6212,6508,9860,6507,9696
2371: 2274
2372: 2942
4330: 9521,4232,4328,4329,4331,9269
9336: 9592,8898,8658,9437,9893,9692
6359: 6265,6550,6264,6548,6358
8631: 8496,9596,8282,9449,9497
9344: 9505,8663,9271,9875,9395,9740
9615: 9567,9162,9242,9863,9749,9548
3787: 3786
2380: 2288
7771: 7935,7934,7936,7770
3559: 3656,3856,3558,3262,3460
3486: 3487,3586
2384: 2573,2571,2196,2014
9575: 6508,9860,6315,9384,9601,9511
7014: 7009,7195,7103,7542,7283
2387: 2481,1582,2576,9888
5725: 5922,6121,5327,5328,5329,5727
2389: 2022,1844,2578,1931
2390: 2110,2866,2674,2772,2870
2391: 2968,2872,9364,9261,2873,2776
2392: 2968,2110,9608,9364,2967
9725: 6628,9817,9975
4292: 4192,4393
2395: 2204,2305
6932: 7023,7022,6931,6934
3458: 3555,3257,2964,2963,3651,3558
9988: 8661,8593,9917,9938
4642: 9538,4438,9573,4947,4641,4643
2400: 2305,2492,2212,2585
9620: 9396,9375,9834,9772,9332
5746: 5942,5647,5943
2403: 2586,2123,2033,2218
9932: 3742,10011,10036,9744,9756
10004: 9612,943,9770,9934,728
7402: 7743,7314
2407: 
8244: 
2409: 2410
2410: 2411,2409
2411: 2410,2412
2412: 2411
8513: 8579,8710,8296,8222,8145
9686: 9456,9984,9277,9618
2415: 2416,2509
2416: 2415,2511
6682: 6871,6683,6586
6419: 9469,9309,6510,6425,6512
3729: 3628,3335,3434,3731,3634
7135: 
7354: 7265,7778
6917: 6549,6645,6733,7010,7095,6916
8797: 
2424: 2240,2238,2148
7545: 7460,7198,7630,6926,7794,7371
8835: 8891,9004,8779,8838,8841
3971: 4072
2428: 2523,2333,100,2616
9269: 4331,4427,4330,9521,9392,9483
9453: 9477,9290,9622,9852,9303,9509
9619: 2110,2866,2580,10033,9463,9608
9806: 9565,9487,9515,9869,839
5948: 
3651: 3552,3850,3458,3555,3656,3558
9648: 9701,9666,9849
9330: 9526,9313,9370,9506,9570,9433
9600: 9297,9127,8995,9130,9894,9629
9866: 9838,9999,9689,10027,9887
2439: 2534,2253,2074,2441,2165
7456: 7098,7102
2441: 2079,2165,2439,2534,2536
5452: 6238,5250
10015: 9783,9347,9314
4915: 4917,4815
10035: 9901,9471,9305,9867,9941,9992
8222: 8146,8145,7988,8513,8372
8301: 8649,8376,8373,8227,8228,8943
8028: 
4979: 4978
10043: 9767,9926,9368,9660,9971,9930
2451: 9708,9903,2173,2643,2642
8291: 7818,8061,7901,7902,8365
2453: 2364,1905,2173,2643
9306: 9614,9471,9305,5453,9265
3434: 10038,3533,9957,3729,3335,3634
3805: 
9709: 9717,9645,9246,9335,9700,9761
9063: 8869,8976,10007
2459: 2643,2642,2551,2554,2364,1915
2460: 
9323: 614,9393,9580,9369
5870: 5871,5966,5672,5574,5868
2463: 2738,2553,2551,2554,9624,9491
9694: 9886,9832,8336
5774: 5676,5775,5871,5873
9478: 9355,9252,7560,9467,9290
9807: 9385,564,9900,834
2468: 2657,2189,2658
9736: 9760,9829
8032: 7953,7375,8186,8333,7954,7713
9782: 9793,10040,9460,9907
9856: 9934,9843,9956
9921: 9890,9897,9922
5578: 5478,5676,5678
7540: 9687,9953,7455,7452
2476: 2196,2571
5389: 5390
6387: 6290,6291,6483,6388
4271: 
4514: 4616,4415,4521,4621
2481: 2387,9682,2198
9635: 9291,9363,9245,927,9530,718
2483: 1497,1755,1582,2767,2576
8076: 7996,8075,8074,8309
10001: 10010,2778,2584,9822,9662
5230: 5928,5332
9546: 9564,9560,9567,9827,9610,9749
9827: 9610,9858,9546,9749,9811
7743: 7825,7744,7402,8146,7988
5812: 5713,5813
6196: 6098
2492: 2308,2212,2586,2400,2585
4858: 4658,5062,4655,4757,4856,5060
8346: 8681,8485,8273,9140,8419
5393: 5492
4463: 4462,4665,4458,4364,4459,4565
4553: 4448,4559,4548,4658,4661,4655
9917: 9334,9353,9938,9988
9551: 9257,1261,9612,9405,872,1427
7375: 7953,7200,8032,7289,7462,7713
7252: 6303,9639,6593,6204,7066,9299
6886: 6696,9684,6884,7160,7163
9280: 4936,4937,5141,9266,9877,9602
5697: 5598
4391: 4390,4491
9673: 9863,9811,9672,9794
8921: 9111,9024,8972
9049: 9001,9133,9170
2509: 2415
2510: 
2511: 2512,2416
2512: 2511
2513: 
5138: 5142,5036,9454,5031,5338,9503
7460: 7198,7199,7545,7630,7110,7200
5069: 5070,5269,5366,4969,5167
9587: 7958,9702,9836,8116,8189,8741
10027: 9646,9887,9999,9866
7249: 7247,7248
5322: 5224,5520,5220,5123,5421
8152: 7993,8074,8153,8154,7992,8228,8304
3982: 4083,3983
2523: 2428,2335,2524
2524: 2336,2523,2335
8470: 
2526: 2244
8356: 7811,8357,7973,9467,9477
7070: 6978,7161,7163,6884,7609
8741: 9587,8116,8189,8192
2530: 2531,2251,2343
2531: 2530,2251,1892,2161
9271: 9628,9616,8663,9344,9875,9904
9126: 9128,8885,9085,9387,9501
2534: 2439,2441,2536
8776: 8587,8716,9857,8715,8590,10030
2536: 2538,2534,2441
9775: 9950,9329,9699,9345,9416,9791
2538: 2536,1991,2170
3812: 
2540: 2824,2921,9700,2728,9717,2825
9473: 9527,9439,9468,9464,9324
8023: 7867
9899: 9665,9874,9774
5713: 5812,5613
3583: 3385
9773: 9920,9650,9839
8262: 9426,9413,8261,9376,7958,8110
9080: 9238,9079,9218,8502,9122,8879
9069: 9024,8868,8812,8981
7164: 7431,7073,6983
2551: 2459,2642,2554,2639,2738,2463
2552: 1995,2362,9606,2363,9389
2553: 2738,2463,9624,3025,2830,2649
2554: 2459,2551,2366,1915,2463,9491
4072: 4073,4173,3971
4336: 4132,9569,9521,4232,9282,9734
9674: 466,874,9276,9830,9956,9586
5180: 5281
2559: 2279
6974: 9627,6403,6011,6207
4969: 4968,5167,5069,5070
5141: 9280,4936,4934,5142,4929,9602
8358: 8430,8211,8210,8632
6062: 5965,5868,6631,5966,6348,6256
4730: 4826,4720,4934,4725,4729,4936
9214: 9114,9072,9187,9074
9559: 9518,9400,9531,9525,9466,9457
9545: 9292,9378,9450,9828,9456
2569: 2573,2014,2669
2570: 2669,9931
2571: 2573,2384,2196,2476
8485: 8271,9581,8620,9653,8273,8346
2573: 2571,2384,2014,2569
5942: 5746,9910
6804: 6805,6519,6520
2576: 2767,9931,9888,2387,1582,2483
9273: 9809,372,9589,9326,1282,754
2578: 1931,1755,2672,2389
9423: 8116,8483,9568,9688,9349
2580: 2770,10033,9532,9595,9619,2866
7719: 7721,8042,7801,7877,7548
5345: 
9247: 1524,9372,9528,9295,1525,1198
2584: 2680,2585,2778,10001
2585: 2584,2680,2492,2586,2400
2586: 2403,2492,2680,2585
5818: 5917,5419,5620,5819
9004: 8779,8718,8835,9340,8841,9285
5359: 5157,4950,9533,9410,9311,5054
7675: 7505,9525,8161,9466,8387
5417: 5317
4807: 4707
4876: 
7400: 7311,7312,7742,7741,7488
2595: 2689
5157: 5359,4950,4852,4957,5159,9533
9162: 9567,9239,9615,9161,9242,9194
6460: 
8475: 8478
2600: 2695
9857: 9752,9762,8715,9132,10030,8776
8632: 8429,8694,8636,8430,8358
8121: 8044,7965,9641,7884,9625,9391
7368: 7627,7542,7099,7102,7191,7625
9218: 9238,9080,9122,9217,9307,9504
9375: 9396,9620,9834,9582,9947,10032
3874: 3774
8192: 8189,8741,8550,8412
2609: 2703,2610,2704
2610: 2609
9374: 9425,9332,3942,3940,3837,3536
7909: 8069,8225,8372,8150
2613: 
9671: 2664,9742,9965,9862,10023,9970,9845
7311: 7400,7741,7398,7905
2616: 2710,2333,2428
4481: 4582,4480
9744: 9912,10036,9932,9756,9621
4349: 4450,4354,4256,4346,4255,4347
6242: 6339,9490,6436,6144,5956,6244
9859: 2366,1915,9924,9554,9961,9731
9649: 9795,9875,9904,9284,8382
4527: 4836,4630,4729,4626,4937
9942: 9651,8599,9963
4893: 
5366: 5069,5269,5462,5466,5467
3450: 3842,3646,3054,3153,2858,3057
4399: 4298
8430: 8211,8358,8431,8632,8636,8499
8474: 8264,8737
6631: 5965,6062,6349,6629,6820,6348
4964: 5064,5062,4660,4865,5163
9369: 679,9323,9626,9580,965
3928: 4332,4030,3822,3922
9532: 2770,2580,9510,9286,9479,9595
9046: 8947,8837,8950,8949
5793: 5792
3412: 3316,3513
2639: 2733,9720,2642,2551,2738
6520: 6519,6804
7723: 8126,7804,7555,7638,7641,7888
2642: 2643,2459,2551,2451,9720,2639
2643: 2459,2642,2173,2364,2453,2451
7703: 8029,7870,7707
5917: 5818,5819,5916,6117
3485: 3386
9010: 8743,9016,8962
3670: 3571
2649: 2744,9319,2553,9624,3025,2650
2650: 3025,2649,2744,3027,2742
6927: 7019,6832,6926,7198
7770: 7932,7769,7936,7771
5520: 5224,5322,5422,5421,5620,5621
4458: 4462,4463,4354,4459,4559
2655: 2657,2752
8991: 8989,8882,8990,9039,8708,8938
2657: 2655,2468,2658,2752,9841
2658: 2657,2468,9841
9629: 9960,9894,9297,9600,9556,10005
8455: 8382,9617,9795,10029
9250: 9279,9481,1727
2662: 2758,2951,2953
8820: 8878,8695,8984,8205,8429,8636
2664: 9742,9965,9671
5267: 5462,5266
2666: 9862,9997,1747,2111,2205,9742
9599: 9498,9522,9799,9646,9513,9887
9488: 9264,9514,9388,9365,9495,527
2669: 2014,9949,2569,2570
9167: 9166
6556: 6461,6651
2672: 2767,1755,2578
4329: 3922,4123,4328,4332,4330,4232
2674: 2865,9595,9605,2866,2390,2772
8811: 8497,8282,8560,9563,9584,9497
7569: 7570,7737,7396,7819
9291: 9635,9363,9980,9264,9812,9530
2678: 3168,9261,2776,3367
3700: 3701
2680: 2584,2585,2586,2685
2681: 2778
8599: 9942,8389,8163,8462
9431: 9464,9324,9288,9300,9566,9315
9610: 9827,9613,9564,9546
2685: 2680
4968: 4969,5167,4867,4870,5064
6598: 9779,6695,6307,6308,6405
9315: 9566,9445,9287,9431,9300,9526
2689: 2595
9314: 9687,9347,7942,9989,10015,9783
2691: 2787
7739: 7398,7905,7821,8064,7903
2693: 
5943: 5647,5746
2695: 2600
9654: 2752,9841
2697: 2698
2698: 2699,2697
2699: 2698
6122: 6223,6316,6126,5922,6121,6219
7713: 7877,7631,7375,8032,7462,7954
3949: 3950,4045,4139,3849,4141,3946
2703: 2609,2704,2799
2704: 2609,2703,2799,2800
3423: 3227,3425
9558: 9501,9387,9507,9802
9337: 9366,9590,9804,9440,9553,9339
3502: 
4470: 4369
2710: 2616,2806
5424: 5426,5724,5422,5225,5621,5722
3891: 3991
4094: 3994
9059: 9012,8964
2715: 
9948: 523,403,9474
5062: 4658,4858,4660,5060,5163,4964
3860: 3858,3857,3661
2719: 2815
4641: 4947,4944,9573,4642,5044
2721: 
4907: 5007
8812: 9069,8868
4201: 4100,4301
8154: 8152,8074,8153,8309,8383
5581: 5680,5481
6507: 6209,6307,6308,6212,6984,9696
2728: 9700,2822,1399,2824,2540
4287: 4288,4388,4387
9976: 9450,9739,8874,9157
5466: 5664,5564,5462,5754,5366,5467
4164: 4165,4263
2733: 2639,2925,2738,2830
5413: 5312,5513
9910: 5942
6982: 7073,6983
5533: 5335,5833,5633
2738: 2553,2463,2551,2639,2733,2830
9244: 2777,10010,9398,9810,9476
9967: 6910,9647,9540,9406,9805
9292: 9237,9378,8983,8821,9545
2742: 2743,2745,2650,2744,3027,2836
2743: 3127,3126,2742,2745,2840,2836
2744: 2649,9319,9913,2650,2742,2745
2745: 2743,2742,2840,2744,9913,9304
7210: 7298
5192: 5092
6966: 6967,6871,6683,7146,7150
8160: 8081,8596,7503,7839,8161,8457
9005: 9750,9692,8655,8898,8718
9187: 9114,9214
2752: 9654,9841,2655,2657,2848
5789: 5889
9603: 9301,9667,9884
2755: 2852
9632: 9404,9350,9604,9808,9755,9985
5225: 5129,5125,5422,5328,5426,5424
2758: 2951,2662
9751: 9670,9959,9721,4836,9877,9718
7737: 7821,7569,7570,7819,7901,7902
2761: 3054,3153,3251
10037: 9655,9496,9798,9781,9803,155
6781: 6967,6588,6590,6973,6683,6969
9385: 9807,9300,9288,9900,9370
9705: 9729,7625,7627,7711,9289,9486
8784: 8844
2767: 2576,9931,2483,1755,2672
9594: 9519,9750,9293,9340
8647: 8225,8372,8373,8710,8888
2770: 2580,10033,9532,9510,9675
7942: 9989,8020,7279,9687,7618,9314
2772: 2964,2963,2865,2674,2390,2870
9490: 6339,6242,9539,9367,6144
8658: 9592,8898,9336,8590,8591
5765: 5761,5959,5664,5663,5668,5961
2776: 2873,2678,2391,3367
2777: 3071,9244,3072,3168,9476,3169,3170
2778: 2973,10001,2584,2681,2879
9832: 9694,9886,9702,9981
6550: 6359,6548,6549,6645
5280: 5480,5380
8502: 8213,8639,9080,9079,8879
6144: 5951,6047,5956,9367,6242,9490
9173: 9171
9289: 9534,8031,9486,7711,7794,9705
9307: 9420,9217,9613,9218,9564,9504
2787: 2691
9416: 9345,233,9565,9775,9329,9272
7122: 6939,7123,7646,6847,7475
4166: 4165,4266
7020: 6930,6931,6744,7019,7199,7022
6078: 6077
8507: 8938,8705,8439,8142,8707
5467: 5372,5370,5269,5366,5466
9102: 8273,8919,8808,9634
5462: 5267,5657,5266,5754,5366,5466
6204: 6593,6303,7252
5904: 6003,5804
2799: 2895,2703,2704,2896,2800
2800: 2896,2704,2799
9412: 9258,9573,10013,9352
2802: 
7360: 7092,7184,7002,9561,9301
5871: 5870,5966,5774,5970,5873
8674: 8542,8675
2806: 2902,2710
9801: 9724,9764,9469,9309,9417
2808: 
9624: 9333,9491,2553,2463,2649,9319
4855: 4957,4856,4955,4757,4853,4643
9663: 683,9879,9962,9918,9758
4057: 4155,4255,3957,3953,4156
9550: 7098,7007,9458,9354,7008,9499
3607: 
2815: 2719,2912
5041: 
9333: 9624,9491,9319,9585
2818: 
3980: 4081
5662: 9578,9455,5564,5663,5951,5856
4081: 3980
2822: 1732,1399,2728
5801: 5901
2824: 2540,2728
2825: 3116,2826,9717,2540
2826: 3116,2825,2925,1820
3711: 3612,3713,3810,3712
10026: 9946,1362,9962,823
9837: 9974,9487,9950,9329
2830: 3025,2928,2733,2738,2553,2926
9586: 9281,801,9956,874,9674,9843
5171: 5070,5269,5370
4888: 
9871: 10017,9820,10018,9985
9386: 9712,9359,9952,9544,9778
2836: 3317,3027,2743,2742,3417
8236: 8727,7918,7836,7667,7837,8526
6425: 9278,9908,6512,6419
9525: 7675,7505,9466,9518,7847,9559
2840: 2743,3127,2745,2937,9304
2841: 2937,9679,9304,3230,3226
2842: 
7155: 7156,7680,7062,9785
2844: 2942
9780: 1079,1396,9905,9895,9937,9840
2846: 
5552: 5249,5849,5653
2848: 2752
9739: 9450,9828,9681,9976
8589: 8591,9356,8451,8521,9448,8654
6335: 9901,6139,9658,6338,6436,6337
2852: 2755,2853
2853: 2852
10002: 9557,9388,9321,9788,9940,9316
9454: 9523,9294,5142,9602,5138,9503
9597: 4141,9582,3946,9425,9396
9737: 1583,1759,9665,1502,9874,9669
2858: 3054,3450,3057,9555
9350: 9632,9404,9604,5148,5151
5587: 
4707: 4807,4605
3778: 3678,3777
3727: 3826,3627,3425,3628,3829
9267: 9389,9961,9606,10021
2865: 2674,9605,2962,9541,2772,2963
2866: 2110,9619,2390,2580,9595,2674
9132: 8450,8715,8449,8378,9752,9857
5572: 5573,5672,5374,5571
9161: 9193,9037,8989,9162,9239,9194
2870: 2390,2964,3262,2772
9634: 9787,9800,8919,9892,9102
2872: 2968,2391,3264,2873,3166,3564
2873: 2776,2391,2872,3564,3464
4415: 4314,4521,4514
9729: 9705,7625,9472,9486,9928,10024
8950: 8841,9285,8837,9046,8949
9535: 2962,9541,9351,2957,9555,2961
9254: 1902,9409,9279,9481,9320
2879: 2974,2778,2973
8495: 9027,9157,8978,8627
2881: 
9435: 9647,9540,9543,9638,9308,9943
4305: 4306,4405
2884: 
7439: 
4280: 4179
2887: 2983
2888: 
5363: 5361,5163,5755,5657,5266
2890: 2891,2986,2987
2891: 2890,2987
7398: 7309,7739,7905,7311
2893: 
7451: 8265,8336,7707,7539,7780,7870
2895: 2799,2896
2896: 2800,2895,2799
5151: 5154,5148,5355,9350,5455
5609: 5509,5709
9753: 9768,9714,10031,9779,6695
8412: 8550,8679,8192
2901: 2902
2902: 2806,2901
9372: 9247,1197,1524,1118,9528
2904: 
9973: 733,876,9823,9728
2906: 
9381: 9349,9864,9716,9391,9641,8343
9252: 9355,9478,9588,9593,9290,9622
2909: 
4118: 4323,3915
3571: 3471,3572,3670
2912: 2815
6731: 6911,6823,6912,6639,6915,6733
9924: 2366,9859,9731,9816
9764: 9724,9696,9801,6308,6696
6010: 6009,6011
10007: 8976,9063,9071
9665: 9899,1502,1419,9874,9737
9275: 316,9598,9547,208,426
10003: 9752,9762,9982,8649,10039,9571
2921: 2540
5641: 
7231: 7141,7142,7319,7581,7582
9349: 9381,9864,9423,9391,9568,9688
2925: 2733,1820,2826,2926
2926: 3119,2925,2928,2830
7039: 7130
2928: 3025,2830,2926,3119,3121
5676: 5774,5775,5578
9542: 9630,9361,9327,2021,1846,1756
8265: 8336,7451,7870
9683: 9842,8175
9864: 9381,9349,9716,9916,9688,9995
9092: 9091,9001,8999
3951: 4343,4146,4045,3953,4053,4155
9710: 10019,9936,9848,9695
2937: 2841,3127,2840,3224,3226
2938: 9704,9679
9424: 9772,3536,3339,9418
2940: 3038,3037
5571: 5668,5961,5372,5572
2942: 2844,2372
6653: 
2944: 3041,3137,3234
2945: 
8841: 8950,9285,8835,9004,8837,8838
7128: 7217,7037,7127
9734: 4336,9282,9524
8676: 8544,8675,8677
9565: 9806,9487,9515,9329,9272,9416
2951: 2758,2662,2953,3144,3242
8498: 8210,8056,7649,7733
2953: 3144,2951,2662
9724: 9764,9696,9801,9860,9601,9309
8806: 8807,8417,8916
9262: 4132,9569,4332,4029,4030,9935,9328
2957: 3057,9555,9535,3156,2961
9897: 9890,9921,9922,9825,9814,10028
7564: 7125,7478,7565
4621: 4725,4626,4521,4525,4514,4616
2961: 3257,3255,2957,9535,2962
2962: 9535,9541,2865,3257,2961,2963
2963: 2964,2772,2962,2865,3458,3257
2964: 3262,2772,2963,3458,2870,3558
9819: 9748,9972,1019,9399,9500
9405: 1097,729,9612,9551,872
2967: 2968,3264,2392,3363
2968: 2391,2872,3264,2392,9364,2967
8708: 8991,9039,8938,8440,8830
7787: 7865,8029
9590: 9337,9366,9804,9441,9248,840
8694: 8632,8429,9846,9885,8496
2973: 10010,2778,2974,2879,3071
2974: 2879,2973,3071
4108: 4007
7679: 9735,8460,8597
9479: 9845,9286,9411,9532,9595,9605
9691: 9787,9800,9854,9889
9978: 9966,9927,9766
10005: 9824,9571,9556,9960,9629,9664
6385: 6481,6480
2982: 2983,3079
2983: 2982,2887
9711: 10025,9678
2985: 2986
2986: 2890,2985,3084,2987
2987: 2986,2891,2890,3084
6052: 6249,6047,5956,5957,6055
5647: 5943,5447,5746
5878: 5977
7437: 7349
4485: 4486,4385
9288: 9464,9431,9300,9385
7184: 9805,9301,7360
4240: 4241,4146,9256,4347,4346
9655: 10037,9421,9707,9496,9829,9798
3678: 3777,3578,3778
9484: 9928,9733,9390,9346,9413,9376
5136: 5124,5031,5338,9562,5129,5125
9387: 9126,9125,9507,9558,9501
6669: 6763
9757: 9746,9958,9818,9865
5298: 5398
3733: 3635,9955,9935,3929,3932,4030
9985: 10018,9755,10017,9871,9808,9632
9270: 9821,661,9830,9719,9276
6564: 
5598: 5697
4397: 4497,4498
6118: 6315,6018,5920,6021,9384,6022
9016: 9010,9017
5394: 
7102: 7099,7098,7456,7542,7368
6282: 6283,6185,6378
7558: 8352,8560,7557,7811,7973,8497,7890
4950: 5359,5157,4852,5051,4949,5054
8737: 8338,8479,8474
5959: 5765,5761,5958,5961,6155,6058
9640: 9237,9378,9277,9120,9420,9217
5752: 
9321: 10002,9388,9788,9514
5123: 5220,5121,5023,5124,5224,5322
8885: 9126,9085,8990,9039,8886,9038
8844: 8784
3025: 2928,2830,2650,2553,2649
9537: 9446,9803,9338,9781
3027: 3121,3317,2836,2650,2742
7238: 7237,7150,7417,7847,7328
7019: 6744,6927,7020,7198,7199
4367: 4266
7371: 7711,7794,7283,7195,6926,7545
4675: 4574,4573
9625: 9391,9568,8120,8616,7884,8121
5668: 5571,5961,5664,5372,5765
9496: 10037,9421,9655,155,251,9642
9238: 9080,9079,9218,8361,9120,9217
3037: 3038,2940
3038: 2940,3037
8801: 8683,8805,8621,8619
8343: 8199,8908,8620,9641,9381,9716
3041: 3137,2944,3138,3236
3504: 
7353: 7352,7440
8970: 9140,8419,8555
3045: 3246,3048
9797: 9331,9799,9689,10000,9462,9489
9389: 9554,9267,9961,2552,9606
3048: 3045,3246,3248
9630: 9361,9542,9986,9572,9747,9327
6554: 
6155: 6056,6537,5959,5958,6058,6347
3052: 3641,3448,3151
8497: 8811,8565,8282,7973,7558,8560
3054: 2761,3153,2858,3450
8471: 
7191: 7190,7952,7099,7368,7625,9472
3057: 2957,2858,3842,3450,3156
7119: 7386,7118,7209
9406: 6637,9512,9540,9967,6910,6911
3922: 4123,3821,4329,3822,4332,3928
8596: 8662,8160,8081,8457,8729
9547: 9275,9598,127
9317: 8943,8888,9982,9556,9297
4664: 4660,4865,4462,4665,4661,4766
5604: 5504,5505
6708: 6896,6516
9145: 9205
6973: 6590,6784,6781,6969
9637: 9251,9255,9382,1095,9415,794
5849: 5848,5551,5552,5653
3071: 2777,2973,2974,3072
3072: 3073,3071,2777,3170
3073: 3072,3170
4510: 4611
8544: 8676,8675,8542
9391: 9625,9568,8121,9641,9381,9349
8590: 8715,8654,8591,8776,8716,8658
9970: 10023,9351,9671,9845,9411
3079: 3176,2982
4957: 4855,4856,4955,5159,5157,4852
3081: 3179
5060: 5361,5163,5159,4858,5062,4856
7298: 7210,7386,6939,7646,7560
3084: 2986,2987
9651: 9942,9831,9963
8649: 8301,8376,8449,8943,9982,10003,9752
9795: 9649,9875,9740,10029,8382,8455
7060: 6969,7152,6967,7150,7419,7417
3089: 3090
3090: 3091,3089
3091: 3090
8161: 7675,7505,7503,8160,8457,8387
3093: 
9409: 1902,1991,9254,9397,2170,9320
3095: 
5497: 5398
9283: 9576,9251,1336,1419,9415
3098: 
9339: 834,9553,564,9440,9337
9833: 9783,9953,7780
3101: 
9939: 9727,9789
4241: 4444,4240,4345,9489,9256,4346
3104: 
5957: 5761,5958,5856,6047,6052,6055
3106: 3204
9285: 8841,8950,9004,9340,9519
3444: 9756,9621,3839,3835,3837,3339
9242: 9038,9125,9194,9162,9615,9548
8033: 9436,9346,7876,8333,7880
6410: 6315,6018,6117,6215,6797,6508
5285: 5185
8983: 8701,8878,8984,8821,9292,9237
9341: 9432,9685,9914,6038,9644,9896
8307: 8380,8451,8153,8383,8230
3116: 2826,2825
4285: 4284,4385
4936: 9280,4937,5141,4729,4730,4934
3119: 2926,2928,3121
5754: 5462,5657,9394,9455,5466,5564
3121: 3317,3027,3119,2928
3555: 3458,3257,3255,3452,3651,3552
9822: 9662,10010,10001,9810
5175: 
9882: 1477,929,9895,9745,9840,10008
3126: 2743,3127
3127: 2743,3126,2840,2937,3321,3224
8972: 8921
3795: 
4132: 9262,4336,9569,4332,4232
9887: 9646,10027,9866,9799,9689,9599
7759: 8460,7761,8005
8168: 8463,8392,8603
5353: 5352,5251
7417: 7419,9518,7847,7060,7238,7150
3136: 
3137: 3041,2944,3236
3138: 3238,3236,3041
7775: 7516,7428
6964: 6871,7145,7146
4417: 
9125: 9038,9242,9387,9548,9507
8619: 8960,8801,8683,8861
3144: 2953,3145,2951,3342,3242
3145: 3144,3342,3340
4475: 
9311: 5054,9539,5359,9410,9578,9367
9752: 10003,9762,9857,8649,8449,9132
9676: 9468,9991,9706,1131,1132,9439
9717: 9645,9709,9700,2540,2825
3151: 3347,3052
9506: 1057,9570,1295,9330,9433,1133
3153: 2761,3054,3251,3449,3646,3450
3470: 3372,3471
9883: 9345,233,9657,9698,9969
3156: 3451,3550,2957,3057
5750: 6041,9652,5550,5650
8352: 7558,7641,7888,8625,8560,7557
9419: 9260,9628,9284,8309,9904
7123: 7122,6847,6941,7475,7300
5898: 
6902: 6622
7735: 7819,7393,7899,7818,7901
6358: 6548,6357,6163,6264,6262,6359
5620: 5621,5421,5520,5818
3166: 3663,3364,2872,3264,3564
4293: 4192,4393,4294
3168: 2678,9476,3169,2777,3170
3169: 3168,2777,3170
3170: 2777,3073,3072,3168,3169
8189: 8192,9702,9587,9981,8741
7617: 9993,9465,7276,8020,7190
9549: 10018,9755,9968,9909
4278: 4177
4566: 4667,4565
3176: 3079,3275
7582: 7581,7668,7231,7142,7667,7918
6930: 6931,7020,6651,6744
3179: 3278,3081
5190: 
3741: 3842,3646,3743,3839,3838,3835
8888: 9317,8710,8647,9297,8995
9516: 9713,9520,9990,9771,3333
3184: 
3185: 3284
6519: 6520,6804
9219: 9122,8987,9193,9504,9560,9239
5536: 5337,5335,5833,5839,5933
9955: 3635,3733,9935,9876,9922,9814
9410: 9533,9394,5359,9311,9578,9455
5639: 5837,5543,5640
9907: 368,487,9782,9793,10040
8419: 8970,9140,8681,8346,8417,8555
9246: 9342,9443,9296,9335,9761,9709
8813: 9112,8869,8976,8982
7765: 7929,8170,7340,7425
4548: 4440,4650,4448,4553,4654,4655
3817: 3715,3717,3820,3915,3819
4883: 
3200: 
4083: 3982,3983
5051: 4949,5150,4950,5154,5256,5054
9515: 9806,9565,839,512,450,9272
3204: 3106,3205
3205: 3204
9703: 9523,9294,9348,10025
3207: 3305
9776: 9964,9873,9792,10006,7085,9817
3564: 3664,3464,2872,2873,3663,3166
3210: 3211
3211: 3210
4811: 4710
8603: 8667,8168,8463,8392
3867: 
9842: 8175,9683,8097
9566: 9445,9315,9431,9324,9428,9611
9664: 9960,9824,10005,9318
9923: 9933,9589,9809
7142: 7141,7231,7667,7582
5408: 5308,5508
6954: 6862
3222: 3321,3517,3514,3615
6474: 6378
3224: 3421,3519,3226,3127,2937,3321
6391: 
3226: 3421,3224,2937,2841,3230,3227
3227: 3423,3627,3431,3425,3230,3226
9017: 8743,9016,8960,8861,9983
4085: 
3230: 3327,2841,3226,3227,3431
9920: 9943,9650,9773,10042,9529,9839
6047: 5951,6144,5856,5956,5957,6052
4856: 4855,4957,4757,4858,5060,5159
3234: 2944
6337: 6437,6244,6436,6335,9658,9872
3236: 3238,3138,3041,3137
9301: 9561,9667,9603,7184,7360
3238: 3138,3236
3578: 3678,3577
7161: 6978,7070,7162,7609
9279: 9250,9481,9254,9443,9320
3242: 3342,2951,3144
4710: 4811,4709
9482: 10013,9408,9352,9574
8439: 8064,8142,8219,8143,8507,8707
3246: 3540,3045,3048,3345,3248
8274: 8866,8919,8808,8624,8199,8908
3248: 3639,3345,3048,3246
5054: 9311,5256,9539,5051,5359,4950
7349: 7437,7348
3251: 2761,3153,3448,3449
9919: 9889,9926,8425,9930,8630,8978
9741: 939,1014
3476: 
3255: 3555,3257,2961,3451,3452
5978: 5977
3257: 3458,3555,2961,3255,2962,2963
10033: 2770,2580,9675,9659,9619,9463
4347: 4155,4255,4146,4240,4349,4346
5331: 9583,5928,5329,6028,5727
6979: 7162,7518
3262: 2964,2870,3559,3558,3460
6037: 9668,6226,9784,6323,6420,6326
3264: 2968,2872,2967,3363,3166,3364
3449: 3448,3153,3251,3545,3646,3743
8210: 8498,8056,8211,8358
9698: 9804,9440,9969,9883,9657,9853
9841: 2752,9654,2657,2658
3634: 9966,3729,3434,3533,3731,3734
3270: 
3271: 
9382: 724,9399,9500,9637,9255,794
4852: 5157,4950,4849,4957,4955,4949
9130: 8886,8830,9127,9600,9085,9894
3275: 3176,3373
7494: 7318,7405,7832,7319,7581
9684: 9494,9417,6886,6978,7163
3278: 3179,3279
3279: 3280,3278
3280: 3279
9355: 9252,9478,9588,7646,7560
3666: 3665,3765
6624: 
3284: 3383,3285,3185
3285: 3383,3284
3946: 4141,9597,3947,3849,3949
9362: 9529,9377,6441,6439,7086,10042
5335: 5533,5536,5833
3820: 3818,3722,3817,3717,3819,3821
6969: 7858,7060,7152,6973,6967,6781
9081: 9193,9037,8881,8704,8824,8987
3536: 9772,9424,3339,3837,9374,9332
7302: 7813,7125
3294: 3295
3295: 3294
4658: 4858,4661,5062,4655,4553,4660
3297: 
9474: 403,9948
7811: 8356,8357,7973,7974,7383,7557,7558
4611: 4510
3301: 3400
10020: 9896,9906
9884: 9667,9603,9848
9347: 9763,9989,10015,9314
3305: 3403,3207
3572: 3571
3307: 
6769: 6768,6862
8886: 9130,8830,9039,8885,9085
9533: 5755,9394,9410,5359,5157
5295: 5395,5194,5294
3783: 3683,3684,3782
9039: 8990,8991,8708,8886,8885
9507: 9548,9672,9802,9125,9387,9558
9079: 9238,9080,8431,8502,8361
3316: 3317,3412,3513,3417
3317: 3121,3316,3027,2836,3417
9400: 7419,9518,9559,7062,9785,9531
5215: 5214
4605: 4606,4504,4707
3321: 3222,3517,3127,3519,3224
9633: 4529,9392,9459,9483,4630,9670
9853: 9441,9657,9804,9698
8101: 8026,8178
8770: 8369,8440,8579,8296,8830,9127
3577: 3578
3327: 3230,3333,9704,9520,3431
9440: 9804,9698,9969,697,9339,9337
7098: 9550,7456,7008,9499,7102
3330: 9771
9893: 9437,9336,9692,9786
9346: 8033,9436,9390,9484,9376
3333: 3327,9790,9704,9516,9520
9682: 2198,2481,9949,9888
3335: 3628,3729,3531,9713,3434,9957
7355: 
9627: 6974,6403,9639,9636
9539: 9311,5256,5054,9367,9490
3339: 3536,9424,3444,9621,3837
3340: 3145,3342
8097: 9842,8175
3342: 3242,3145,3144,3340
9579: 9327,1844,9572,9609,1497
3664: 3665,3564,3464,3663,3764,3763
3345: 3639,3248,3540,3246
8695: 8820,8984,8426,8425,9070,8821
3347: 3151,3643,3641,9891
6823: 6731,6911,6637,6448,6639,6357
4218: 4319,4318,4117,4320,4422
6910: 9967,7002,9406,6911,6912
8205: 8496,9596,8429,8426,8820
3489: 3589
6209: 6307,6507,6207,6212,6403
6336: 6338,5455,5852,6140,9265,6139
4232: 4330,9521,4329,4332,4132,4336
9799: 9331,9797,9689,9887,9522,9599
7769: 7850,7936,7767,7770
9688: 9423,9349,9864,9916
9891: 10011,10036,3643,3347
9128: 9126,9085,9960,9894,9501,9318
9983: 8861,8968,9017
9689: 9799,9797,10000,9838,9866,9887
3363: 3661,3460,2967,3264,3364
3364: 3166,3264,3661,3363
6138: 6618
9934: 9856,9843,10004,9770
3367: 2678,2776
9715: 9902,9903,9296,9722
9971: 8426,9930,9368,9596,10043
3776: 3777
8425: 8426,9930,8695,9919,8630,9070
3372: 3470,3471,3373
3373: 3275,3372,3471
8318: 8242,8667,8463
6906: 6531,6626
9120: 8361,8701,9238,9237,9640,9217
6077: 6078
4574: 4573,4675
9371: 359,1108,9421,9427,9642
3380: 
7992: 8227,8150,8228,7911,7993,8152
3382: 3480,3383
3383: 3284,3285,3382,3482
5250: 5249,5451,5452
3385: 3583
3386: 3485
9702: 9587,9836,9886,9832,9981,8189
7095: 6915,7532,6917,6733,7007,6916
7405: 7318,7494,7832,7831,7579
9477: 9290,9453,8356,9467,9509
9639: 6303,7252,9627,9299,9636
6871: 6682,6964,6683,6966,7146
8807: 8806,8916,8748,8917
6308: 6307,6507,9764,9696,6598
6347: 6058,6349,6155,6537,6629,9607
8675: 8544,8676,8542,8674
3947: 3452,3847,3552,3849,3946
3942: 9425,9374,3940,3451,3550,3847
3460: 3661,3363,3262,3559
3400: 3301
7563: 7300,7562,7033,7389,7813
9816: 9731,9924
3403: 3305
3404: 
9580: 9626,10040,9460,9323,9393,9369
8361: 8701,8499,9120,8431,9238,9079
4725: 4626,4621,4616,4729,4730,4720
3550: 3451,3156,3838,3940,3942